"id_turma";"codigo_turma";"id_docente_interno";"id_docente_externo";"observacao";"id_componente_curricular";"nivel_ensino";"campus_turma";"local";"ano";"periodo";"data_inicio";"data_fim";"descricao_horario";"total_solicitacoes";"capacidade_aluno";"tipo";"distancia";"data_consolidacao";"agrupadora";"id_turma_agrupadora";"qtd_aulas_lancadas";"situacao_turma";"convenio";"modalidade_participantes";
"1205342";"01";"5752548";"";"";"51232";"LATO SENSU";"";"Auditório do LAUT";"2014";"1";"2014-01-31";"2014-03-27";"7M2345  7T3456  6N1234 (31/01/2014 - 27/03/2014)";"";"30";"REGULAR";"f";"2014-09-26 10:06:21.559";"f";"";"20";"CONSOLIDADA";"";"Presencial";
"1205342";"01";"21790";"";"";"51232";"LATO SENSU";"";"Auditório do LAUT";"2014";"1";"2014-01-31";"2014-03-27";"7M2345  7T3456  6N1234 (31/01/2014 - 27/03/2014)";"";"30";"REGULAR";"f";"2014-09-26 10:06:21.559";"f";"";"20";"CONSOLIDADA";"";"Presencial";
"1205343";"01";"25444";"";"";"51233";"LATO SENSU";"";"Auditório do LAUT";"2014";"1";"2014-03-28";"2014-05-10";"7M2345  7T3456  6N1234";"";"30";"REGULAR";"f";"2014-09-26 14:35:34.734";"f";"";"0";"CONSOLIDADA";"";"Presencial";
"1207245";"01";"";"96111462";"";"53646";"LATO SENSU";"";"Setor II - Sala C4";"2014";"1";"2014-01-25";"2014-02-15";"7M2345  7T3456";"";"33";"REGULAR";"f";"2015-03-09 16:31:00.04";"f";"";"32";"CONSOLIDADA";"";"Presencial";
"1207246";"01";"23859";"";"";"53643";"LATO SENSU";"";"Setor II - Sala C4";"2014";"1";"2014-03-01";"2014-04-05";"7M2345  7T3456";"";"33";"REGULAR";"f";"2014-07-07 13:56:29.15";"f";"";"40";"CONSOLIDADA";"";"Presencial";
"1207247";"01";"";"96110857";"";"53647";"LATO SENSU";"";"Setor II - Sala C4";"2014";"1";"2014-04-12";"2014-05-17";"7M2345  7T3456";"";"33";"REGULAR";"f";"2014-09-29 10:02:49.182";"f";"";"48";"CONSOLIDADA";"";"Presencial";
"1207248";"01";"26133";"";"";"53948";"LATO SENSU";"";"Setor II - Sala C4";"2014";"1";"2014-05-24";"2014-06-14";"7M2345  7T3456";"";"33";"REGULAR";"f";"2015-02-03 11:10:31.997";"f";"";"40";"CONSOLIDADA";"";"Presencial";
"1215958";"01";"5752192";"";"";"51816";"LATO SENSU";"";"Setor II, Sala H2";"2014";"1";"2014-02-22";"2014-03-15";"7M12345  7T123456";"";"77";"REGULAR";"f";"2014-04-22 15:58:27.655";"f";"";"33";"CONSOLIDADA";"";"Presencial";
"1215958";"01";"5753881";"";"";"51816";"LATO SENSU";"";"Setor II, Sala H2";"2014";"1";"2014-02-22";"2014-03-15";"7M12345  7T123456";"";"77";"REGULAR";"f";"2014-04-22 15:58:27.655";"f";"";"33";"CONSOLIDADA";"";"Presencial";
"1215958";"01";"5752663";"";"";"51816";"LATO SENSU";"";"Setor II, Sala H2";"2014";"1";"2014-02-22";"2014-03-15";"7M12345  7T123456";"";"77";"REGULAR";"f";"2014-04-22 15:58:27.655";"f";"";"33";"CONSOLIDADA";"";"Presencial";
"1216712";"01";"2257775";"";"";"52227";"LATO SENSU";"";"DOD";"2014";"1";"2014-01-16";"2014-02-15";"6N234 (16/01/2014 - 15/02/2014)";"";"12";"REGULAR";"f";"2015-04-29 11:04:18.845";"f";"";"0";"CONSOLIDADA";"";"Presencial";
"1216715";"01";"5752231";"";"";"52088";"LATO SENSU";"";"DOD";"2014";"1";"2014-03-06";"2014-04-06";"7M2345 (06/03/2014 - 06/04/2014)";"";"12";"REGULAR";"f";"2015-04-29 10:59:12.802";"f";"";"0";"CONSOLIDADA";"";"Presencial";
"1216719";"01";"5752718";"";"";"53376";"LATO SENSU";"";"DOD";"2014";"1";"2014-01-10";"2015-04-24";"6M2345  56T3456  5N234";"";"12";"REGULAR";"f";"2015-10-22 11:25:34.357";"f";"";"0";"CONSOLIDADA";"";"Presencial";
"1216719";"01";"5753008";"";"";"53376";"LATO SENSU";"";"DOD";"2014";"1";"2014-01-10";"2015-04-24";"6M2345  56T3456  5N234";"";"12";"REGULAR";"f";"2015-10-22 11:25:34.357";"f";"";"0";"CONSOLIDADA";"";"Presencial";
"1216719";"01";"25957";"";"";"53376";"LATO SENSU";"";"DOD";"2014";"1";"2014-01-10";"2015-04-24";"6M2345  56T3456  5N234";"";"12";"REGULAR";"f";"2015-10-22 11:25:34.357";"f";"";"0";"CONSOLIDADA";"";"Presencial";
"1216719";"01";"5755032";"";"";"53376";"LATO SENSU";"";"DOD";"2014";"1";"2014-01-10";"2015-04-24";"6M2345  56T3456  5N234";"";"12";"REGULAR";"f";"2015-10-22 11:25:34.357";"f";"";"0";"CONSOLIDADA";"";"Presencial";
"1216721";"01";"5753008";"";"";"53412";"LATO SENSU";"";"DOD";"2014";"1";"2014-05-08";"2015-04-24";"7M2345 (08/05/2014 - 24/04/2015)";"";"12";"REGULAR";"f";"2015-04-29 14:39:12.652";"f";"";"0";"CONSOLIDADA";"";"Presencial";
"1217077";"01";"5756336";"";"";"52643";"LATO SENSU";"";"VIDEOTECA 2 BIBLIOTECA CENTRAL ZILA MAMEDE";"2014";"1";"2014-01-27";"2014-02-07";"246N1234 (27/01/2014 - 07/02/2014)";"";"50";"REGULAR";"f";"2014-02-24 11:35:29.781";"f";"";"";"CONSOLIDADA";"";"Presencial";
"1217079";"01";"5752589";"";"";"52645";"LATO SENSU";"";"VIDEOTECA 2 BIBLIOTECA CENTRAL ZILA MAMEDE";"2014";"1";"2014-05-19";"2014-05-30";"2N2341 35N1234";"";"50";"REGULAR";"f";"2014-08-24 21:52:45.374";"f";"";"24";"CONSOLIDADA";"";"Presencial";
"1217080";"01";"5753650";"";"";"52703";"LATO SENSU";"";"VIDEOTECA 2 BIBLIOTECA CENTRAL ZILA MAMEDE";"2014";"1";"2014-02-10";"2014-02-28";"246N1234 (10/02/2014 - 14/02/2014),  246N1234 (24/02/2014 - 28/02/2014)";"";"50";"REGULAR";"f";"2014-06-10 13:39:55.86";"f";"";"24";"CONSOLIDADA";"";"Presencial";
"1217081";"01";"22739";"";"";"52647";"LATO SENSU";"";"VIDEOTECA 2 BIBLIOTECA CENTRAL ZILA MAMEDE";"2014";"1";"2014-03-10";"2014-03-21";"246N1234 (10/03/2014 - 21/03/2014)";"";"30";"REGULAR";"f";"2014-03-30 09:32:55.787";"f";"";"";"CONSOLIDADA";"";"Presencial";
"1217082";"01";"5756357";"";"";"52648";"LATO SENSU";"";"VIDEOTECA 2 BIBLIOTECA CENTRAL ZILA MAMEDE";"2014";"1";"2014-03-31";"2014-04-04";"246N1234";"";"50";"REGULAR";"f";"2014-05-31 18:58:22.554";"f";"";"12";"CONSOLIDADA";"";"Presencial";
"1217093";"01";"5753068";"";"";"52917";"LATO SENSU";"";"Depto. de Oceanografia e Limnologia";"2014";"1";"2014-06-09";"2014-06-12";"234T2345 5T234 (09/06/2014 - 12/06/2014)";"";"26";"REGULAR";"f";"2014-10-15 07:42:19.653";"f";"";"15";"CONSOLIDADA";"";"Presencial";
"1217094";"01";"5751829";"";"";"52918";"LATO SENSU";"";"Depto. de Oceanografia e Limnologia";"2014";"1";"2014-05-12";"2014-05-16";"23456T123456 (12/05/2014 - 16/05/2014)";"";"26";"REGULAR";"f";"2014-06-18 11:13:22.326";"f";"";"30";"CONSOLIDADA";"";"Presencial";
"1217104";"01";"24166";"";"";"53072";"LATO SENSU";"";"Depto. de Oceanografia e Limnologia";"2014";"1";"2014-02-10";"2014-04-11";"23456T2345 (10/02/2014 - 11/04/2014)";"";"26";"REGULAR";"f";"2014-05-09 13:51:30.151";"f";"";"60";"CONSOLIDADA";"";"Presencial";
"1217104";"01";"17897";"";"";"53072";"LATO SENSU";"";"Depto. de Oceanografia e Limnologia";"2014";"1";"2014-02-10";"2014-04-11";"23456T2345 (10/02/2014 - 11/04/2014)";"";"26";"REGULAR";"f";"2014-05-09 13:51:30.151";"f";"";"60";"CONSOLIDADA";"";"Presencial";
"1217104";"01";"22736";"";"";"53072";"LATO SENSU";"";"Depto. de Oceanografia e Limnologia";"2014";"1";"2014-02-10";"2014-04-11";"23456T2345 (10/02/2014 - 11/04/2014)";"";"26";"REGULAR";"f";"2014-05-09 13:51:30.151";"f";"";"60";"CONSOLIDADA";"";"Presencial";
"1217205";"01";"5756291";"";"";"48251";"GRADUAÇÃO";"Campus Central";"3H1";"2014";"1";"2014-01-27";"2014-06-14";"24N34";"28";"45";"REGULAR";"f";"2014-06-20 14:10:17.568";"f";"";"68";"CONSOLIDADA";"";"Presencial";
"1217206";"01";"5756291";"";"";"48252";"GRADUAÇÃO";"Campus Central";"3H1";"2014";"1";"2014-01-27";"2014-06-14";"24N12";"31";"45";"REGULAR";"f";"2014-06-20 14:06:26.829";"f";"";"66";"CONSOLIDADA";"";"Presencial";
"1217207";"01";"26379";"";"";"48565";"GRADUAÇÃO";"Campus Central";"3B3";"2014";"1";"2014-01-27";"2014-06-14";"24N12";"4";"25";"REGULAR";"f";"2014-06-18 09:10:03.497";"f";"";"74";"CONSOLIDADA";"";"Presencial";
"1217208";"01";"18388";"";"";"23495";"GRADUAÇÃO";"Campus Central";"3A2";"2014";"1";"2014-01-27";"2014-06-14";"35M123";"17";"50";"REGULAR";"f";"2014-06-18 09:00:03.199";"f";"";"105";"CONSOLIDADA";"";"Presencial";
"1217209";"01";"18205";"";"";"23533";"GRADUAÇÃO";"Campus Central";"3A4";"2014";"1";"2014-01-27";"2014-06-14";"35M12";"55";"55";"REGULAR";"f";"2014-06-10 09:56:24.147";"f";"";"72";"CONSOLIDADA";"";"Presencial";
"1217210";"02";"18205";"";"";"23533";"GRADUAÇÃO";"Campus Central";"3A1";"2014";"1";"2014-01-27";"2014-06-14";"35N12";"46";"55";"REGULAR";"f";"2014-06-11 20:28:38.822";"f";"";"72";"CONSOLIDADA";"";"Presencial";
"1217211";"01";"21789";"";"";"25518";"GRADUAÇÃO";"Campus Central";"3G3";"2014";"1";"2014-01-27";"2014-06-14";"3M3456 5M56";"20";"50";"REGULAR";"f";"2014-06-20 16:35:18.425";"f";"";"112";"CONSOLIDADA";"";"Presencial";
"1217211";"01";"20811";"";"";"25518";"GRADUAÇÃO";"Campus Central";"3G3";"2014";"1";"2014-01-27";"2014-06-14";"3M3456 5M56";"20";"50";"REGULAR";"f";"2014-06-20 16:35:18.425";"f";"";"112";"CONSOLIDADA";"";"Presencial";
"1217212";"02";"5755887";"";"";"25518";"GRADUAÇÃO";"Campus Central";"3B1";"2014";"1";"2014-01-27";"2014-06-14";"246N12";"20";"50";"REGULAR";"f";"2014-06-15 10:01:18.317";"f";"";"98";"CONSOLIDADA";"";"Presencial";
"1217213";"01";"5756072";"";"";"23577";"GRADUAÇÃO";"Campus Central";"3F4";"2014";"1";"2014-01-27";"2014-06-14";"346T12";"11";"30";"REGULAR";"f";"2014-06-12 23:14:13.544";"f";"";"112";"CONSOLIDADA";"";"Presencial";
"1217214";"01";"5755887";"";"";"25526";"GRADUAÇÃO";"Campus Central";"3B6";"2014";"1";"2014-01-27";"2014-06-14";"35M34";"19";"53";"REGULAR";"f";"2014-06-20 10:24:49.43";"f";"";"66";"CONSOLIDADA";"";"Presencial";
"1217215";"01";"5755898";"";"";"23553";"GRADUAÇÃO";"Campus Central";"3G4";"2014";"1";"2014-01-27";"2014-06-14";"46M56";"23";"50";"REGULAR";"f";"2014-06-13 19:38:03.139";"f";"";"72";"CONSOLIDADA";"";"Presencial";
"1217216";"02";"5756072";"";"";"23553";"GRADUAÇÃO";"Campus Central";"3H1";"2014";"1";"2014-01-27";"2014-06-14";"35M34";"41";"50";"REGULAR";"f";"2014-06-20 10:55:33.666";"f";"";"74";"CONSOLIDADA";"";"Presencial";
"1217217";"03";"5756697";"";"";"23553";"GRADUAÇÃO";"Campus Central";"3C1";"2014";"1";"2014-01-27";"2014-06-14";"35T34";"46";"60";"REGULAR";"f";"2014-06-18 11:13:59.867";"f";"";"72";"CONSOLIDADA";"";"Presencial";
"1217218";"01";"22736";"";"";"25173";"GRADUAÇÃO";"Campus Central";"2H10";"2014";"1";"2014-01-27";"2014-06-14";"35M34";"32";"45";"REGULAR";"f";"2014-06-10 18:30:30.875";"f";"";"72";"CONSOLIDADA";"";"Presencial";
"1217220";"01";"5755981";"";"";"2054963";"GRADUAÇÃO";"Campus Central";"Setor IV - SALA B1";"2014";"1";"2014-01-27";"2014-06-14";"24T56";"3";"45";"REGULAR";"f";"2014-06-14 12:30:11.024";"f";"";"72";"CONSOLIDADA";"";"Presencial";
"1217222";"01";"24793";"";"";"43353";"GRADUAÇÃO";"Campus Central";"Setor IV - SALA I2";"2014";"1";"2014-01-27";"2014-06-14";"35N12";"13";"40";"REGULAR";"f";"2014-06-06 11:43:09.835";"f";"";"70";"CONSOLIDADA";"";"Presencial";
"1217224";"01A";"26522";"";"";"21812";"GRADUAÇÃO";"Campus Central";"Faculdade de Farmácia sala 7B5 e Lab de Imunologia";"2014";"1";"2014-01-27";"2014-06-14";"35N123";"14";"11";"REGULAR";"f";"2014-06-16 22:09:00.449";"f";"1217223";"105";"CONSOLIDADA";"";"Presencial";
"1217224";"01A";"5755763";"";"";"21812";"GRADUAÇÃO";"Campus Central";"Faculdade de Farmácia sala 7B5 e Lab de Imunologia";"2014";"1";"2014-01-27";"2014-06-14";"35N123";"14";"11";"REGULAR";"f";"2014-06-16 22:09:00.449";"f";"1217223";"105";"CONSOLIDADA";"";"Presencial";
"1217224";"01A";"5753585";"";"";"21812";"GRADUAÇÃO";"Campus Central";"Faculdade de Farmácia sala 7B5 e Lab de Imunologia";"2014";"1";"2014-01-27";"2014-06-14";"35N123";"14";"11";"REGULAR";"f";"2014-06-16 22:09:00.449";"f";"1217223";"105";"CONSOLIDADA";"";"Presencial";
"1217224";"01A";"21848";"";"";"21812";"GRADUAÇÃO";"Campus Central";"Faculdade de Farmácia sala 7B5 e Lab de Imunologia";"2014";"1";"2014-01-27";"2014-06-14";"35N123";"14";"11";"REGULAR";"f";"2014-06-16 22:09:00.449";"f";"1217223";"105";"CONSOLIDADA";"";"Presencial";
"1217226";"02A";"21848";"";"";"21812";"GRADUAÇÃO";"Campus Central";"Faculdade de Farmácia sala 7B5 e Lab de Imunologia";"2014";"1";"2014-01-27";"2014-06-14";"35N123";"7";"8";"REGULAR";"f";"2014-06-20 18:22:13.819";"f";"1217225";"111";"CONSOLIDADA";"";"Presencial";
"1217226";"02A";"5755763";"";"";"21812";"GRADUAÇÃO";"Campus Central";"Faculdade de Farmácia sala 7B5 e Lab de Imunologia";"2014";"1";"2014-01-27";"2014-06-14";"35N123";"7";"8";"REGULAR";"f";"2014-06-20 18:22:13.819";"f";"1217225";"111";"CONSOLIDADA";"";"Presencial";
"1217226";"02A";"26522";"";"";"21812";"GRADUAÇÃO";"Campus Central";"Faculdade de Farmácia sala 7B5 e Lab de Imunologia";"2014";"1";"2014-01-27";"2014-06-14";"35N123";"7";"8";"REGULAR";"f";"2014-06-20 18:22:13.819";"f";"1217225";"111";"CONSOLIDADA";"";"Presencial";
"1217226";"02A";"5753585";"";"";"21812";"GRADUAÇÃO";"Campus Central";"Faculdade de Farmácia sala 7B5 e Lab de Imunologia";"2014";"1";"2014-01-27";"2014-06-14";"35N123";"7";"8";"REGULAR";"f";"2014-06-20 18:22:13.819";"f";"1217225";"111";"CONSOLIDADA";"";"Presencial";
"1217228";"05A";"5756367";"";"";"20984";"GRADUAÇÃO";"Campus Central";"Faculdade de Farmácia sala 7B5";"2014";"1";"2014-01-27";"2014-06-14";"2N34 5N1234";"26";"17";"REGULAR";"f";"2014-06-18 14:31:32.048";"f";"1225991";"102";"CONSOLIDADA";"";"Presencial";
"1217228";"05A";"26416";"";"";"20984";"GRADUAÇÃO";"Campus Central";"Faculdade de Farmácia sala 7B5";"2014";"1";"2014-01-27";"2014-06-14";"2N34 5N1234";"26";"17";"REGULAR";"f";"2014-06-18 14:31:32.048";"f";"1225991";"102";"CONSOLIDADA";"";"Presencial";
"1217228";"05A";"5752003";"";"";"20984";"GRADUAÇÃO";"Campus Central";"Faculdade de Farmácia sala 7B5";"2014";"1";"2014-01-27";"2014-06-14";"2N34 5N1234";"26";"17";"REGULAR";"f";"2014-06-18 14:31:32.048";"f";"1225991";"102";"CONSOLIDADA";"";"Presencial";
"1217230";"02A";"5752003";"";"";"20984";"GRADUAÇÃO";"Campus Central";"Faculdade de Farmácia sala 7B5";"2014";"1";"2014-01-27";"2014-06-14";"2N34 4N1234";"22";"17";"REGULAR";"f";"2014-06-18 14:27:48.297";"f";"1217229";"102";"CONSOLIDADA";"";"Presencial";
"1217230";"02A";"5756367";"";"";"20984";"GRADUAÇÃO";"Campus Central";"Faculdade de Farmácia sala 7B5";"2014";"1";"2014-01-27";"2014-06-14";"2N34 4N1234";"22";"17";"REGULAR";"f";"2014-06-18 14:27:48.297";"f";"1217229";"102";"CONSOLIDADA";"";"Presencial";
"1217230";"02A";"26416";"";"";"20984";"GRADUAÇÃO";"Campus Central";"Faculdade de Farmácia sala 7B5";"2014";"1";"2014-01-27";"2014-06-14";"2N34 4N1234";"22";"17";"REGULAR";"f";"2014-06-18 14:27:48.297";"f";"1217229";"102";"CONSOLIDADA";"";"Presencial";
"1217231";"02";"5755887";"";"";"25526";"GRADUAÇÃO";"Campus Central";"3A1";"2014";"1";"2014-01-27";"2014-06-14";"35N34";"37";"38";"REGULAR";"f";"2014-06-15 10:03:01.391";"f";"";"66";"CONSOLIDADA";"";"Presencial";
"1217232";"01";"5751827";"";"";"41805";"GRADUAÇÃO";"Campus Central";"4B4";"2014";"1";"2014-01-27";"2014-06-14";"2T3456";"9";"20";"REGULAR";"f";"2014-06-10 13:05:09.965";"f";"";"72";"CONSOLIDADA";"";"Presencial";
"1217234";"01A";"5753084";"";"";"2054902";"GRADUAÇÃO";"Campus Central";"Sala de Aula de Física - CB Piso Superior";"2014";"1";"2014-01-27";"2014-06-14";"24T12";"21";"24";"REGULAR";"f";"2014-06-10 12:08:29.28";"f";"1217233";"72";"CONSOLIDADA";"";"Presencial";
"1217234";"01A";"5753652";"";"";"2054902";"GRADUAÇÃO";"Campus Central";"Sala de Aula de Física - CB Piso Superior";"2014";"1";"2014-01-27";"2014-06-14";"24T12";"21";"24";"REGULAR";"f";"2014-06-10 12:08:29.28";"f";"1217233";"72";"CONSOLIDADA";"";"Presencial";
"1217236";"02A";"5753084";"";"";"2054902";"GRADUAÇÃO";"Campus Central";"Sala de Aula de Física - CB Piso Superior";"2014";"1";"2014-01-27";"2014-06-14";"24N34";"28";"35";"REGULAR";"f";"2014-06-10 12:29:31.515";"f";"1217235";"72";"CONSOLIDADA";"";"Presencial";
"1217236";"02A";"5753652";"";"";"2054902";"GRADUAÇÃO";"Campus Central";"Sala de Aula de Física - CB Piso Superior";"2014";"1";"2014-01-27";"2014-06-14";"24N34";"28";"35";"REGULAR";"f";"2014-06-10 12:29:31.515";"f";"1217235";"72";"CONSOLIDADA";"";"Presencial";
"1217237";"01";"23840";"";"";"25798";"GRADUAÇÃO";"Campus Central";"3F5";"2014";"1";"2014-01-27";"2014-06-14";"35M34";"18";"40";"REGULAR";"f";"2014-06-24 10:31:02.263";"f";"";"74";"CONSOLIDADA";"";"Presencial";
"1217238";"02";"23840";"";"";"25798";"GRADUAÇÃO";"Campus Central";"3F3";"2014";"1";"2014-01-27";"2014-06-14";"35T34";"15";"31";"REGULAR";"f";"2014-06-24 10:59:18.509";"f";"";"74";"CONSOLIDADA";"";"Presencial";
"1217239";"01";"5753597";"";"";"25799";"GRADUAÇÃO";"Campus Central";"LAB I";"2014";"1";"2014-01-27";"2014-06-14";"6M456";"17";"16";"REGULAR";"f";"2014-06-18 12:05:34.98";"f";"";"51";"CONSOLIDADA";"";"Presencial";
"1217240";"02";"5753012";"";"";"25799";"GRADUAÇÃO";"Campus Central";"LAB I";"2014";"1";"2014-01-27";"2014-06-14";"6M456";"13";"15";"REGULAR";"f";"2014-06-11 14:18:59.999";"f";"";"51";"CONSOLIDADA";"";"Presencial";
"1217241";"03";"5753012";"";"";"25799";"GRADUAÇÃO";"Campus Central";"LAB I";"2014";"1";"2014-01-27";"2014-06-14";"6T456";"6";"15";"REGULAR";"f";"2014-06-11 14:23:25.8";"f";"";"51";"CONSOLIDADA";"";"Presencial";
"1217242";"04";"5755035";"";"";"25799";"GRADUAÇÃO";"Campus Central";"LAB I";"2014";"1";"2014-01-27";"2014-06-14";"6T456";"9";"15";"REGULAR";"f";"2014-06-10 13:18:00.439";"f";"";"51";"CONSOLIDADA";"";"Presencial";
"1217243";"03";"";"102364708";"";"25798";"GRADUAÇÃO";"Campus Central";"3F6";"2014";"1";"2014-01-27";"2014-06-14";"35T56";"36";"55";"REGULAR";"f";"2014-06-14 16:16:58.068";"f";"";"72";"CONSOLIDADA";"";"Presencial";
"1217244";"04";"5756471";"";"";"25798";"GRADUAÇÃO";"Campus Central";"3E4";"2014";"1";"2014-01-27";"2014-06-14";"35N34";"32";"50";"REGULAR";"f";"2014-06-13 17:17:48.143";"f";"";"66";"CONSOLIDADA";"";"Presencial";
"1217244";"04";"22922";"";"";"25798";"GRADUAÇÃO";"Campus Central";"3E4";"2014";"1";"2014-01-27";"2014-06-14";"35N34";"32";"50";"REGULAR";"f";"2014-06-13 17:17:48.143";"f";"";"66";"CONSOLIDADA";"";"Presencial";
"1217245";"01";"23840";"";"";"25797";"GRADUAÇÃO";"Campus Central";"3H9";"2014";"1";"2014-01-27";"2014-06-14";"2M12 4M34";"9";"51";"REGULAR";"f";"2014-06-25 09:38:44.316";"f";"";"74";"CONSOLIDADA";"";"Presencial";
"1217247";"01";"24337";"";"";"28215";"GRADUAÇÃO";"Campus Central";"3F5";"2014";"1";"2014-01-27";"2014-06-14";"246M12";"28";"45";"REGULAR";"f";"2014-06-20 15:40:04.748";"f";"";"112";"CONSOLIDADA";"";"Presencial";
"1217248";"01";"5756210";"";"";"24542";"GRADUAÇÃO";"Campus Central";"5G1";"2014";"1";"2014-01-27";"2014-06-14";"24N12";"57";"45";"REGULAR";"f";"2014-06-11 23:08:12.031";"f";"";"72";"CONSOLIDADA";"";"Presencial";
"1217248";"01";"5756690";"";"";"24542";"GRADUAÇÃO";"Campus Central";"5G1";"2014";"1";"2014-01-27";"2014-06-14";"24N12";"57";"45";"REGULAR";"f";"2014-06-11 23:08:12.031";"f";"";"72";"CONSOLIDADA";"";"Presencial";
"1217252";"01A";"18780";"";"";"25964";"GRADUAÇÃO";"Campus Central";"Faculdade de Farmácia sala 7B5";"2014";"1";"2014-01-27";"2014-06-14";"2N34 3N234 4N1";"10";"13";"REGULAR";"f";"2014-06-16 16:19:20.787";"f";"1217251";"99";"CONSOLIDADA";"";"Presencial";
"1217252";"01A";"26212";"";"";"25964";"GRADUAÇÃO";"Campus Central";"Faculdade de Farmácia sala 7B5";"2014";"1";"2014-01-27";"2014-06-14";"2N34 3N234 4N1";"10";"13";"REGULAR";"f";"2014-06-16 16:19:20.787";"f";"1217251";"99";"CONSOLIDADA";"";"Presencial";
"1217252";"01A";"5753715";"";"";"25964";"GRADUAÇÃO";"Campus Central";"Faculdade de Farmácia sala 7B5";"2014";"1";"2014-01-27";"2014-06-14";"2N34 3N234 4N1";"10";"13";"REGULAR";"f";"2014-06-16 16:19:20.787";"f";"1217251";"99";"CONSOLIDADA";"";"Presencial";
"1217252";"01A";"5755748";"";"";"25964";"GRADUAÇÃO";"Campus Central";"Faculdade de Farmácia sala 7B5";"2014";"1";"2014-01-27";"2014-06-14";"2N34 3N234 4N1";"10";"13";"REGULAR";"f";"2014-06-16 16:19:20.787";"f";"1217251";"99";"CONSOLIDADA";"";"Presencial";
"1217253";"01";"5752709";"";"";"2054966";"GRADUAÇÃO";"Campus Central";"Setor IV - SALA C5";"2014";"1";"2014-01-27";"2014-06-14";"24N12";"18";"25";"REGULAR";"f";"2014-06-13 21:05:44.442";"f";"";"66";"CONSOLIDADA";"";"Presencial";
"1217255";"02A";"5755748";"";"";"25964";"GRADUAÇÃO";"Campus Central";"Faculdade de Farmácia sala 7B5";"2014";"1";"2014-01-27";"2014-06-14";"2N34 4N1234";"11";"13";"REGULAR";"f";"2014-06-16 16:30:04.45";"f";"1217254";"98";"CONSOLIDADA";"";"Presencial";
"1217255";"02A";"5753715";"";"";"25964";"GRADUAÇÃO";"Campus Central";"Faculdade de Farmácia sala 7B5";"2014";"1";"2014-01-27";"2014-06-14";"2N34 4N1234";"11";"13";"REGULAR";"f";"2014-06-16 16:30:04.45";"f";"1217254";"98";"CONSOLIDADA";"";"Presencial";
"1217255";"02A";"18780";"";"";"25964";"GRADUAÇÃO";"Campus Central";"Faculdade de Farmácia sala 7B5";"2014";"1";"2014-01-27";"2014-06-14";"2N34 4N1234";"11";"13";"REGULAR";"f";"2014-06-16 16:30:04.45";"f";"1217254";"98";"CONSOLIDADA";"";"Presencial";
"1217255";"02A";"26212";"";"";"25964";"GRADUAÇÃO";"Campus Central";"Faculdade de Farmácia sala 7B5";"2014";"1";"2014-01-27";"2014-06-14";"2N34 4N1234";"11";"13";"REGULAR";"f";"2014-06-16 16:30:04.45";"f";"1217254";"98";"CONSOLIDADA";"";"Presencial";
"1217256";"01";"5753872";"";"";"2054967";"GRADUAÇÃO";"Campus Central";"LABTEX - BLOCO 19";"2014";"1";"2014-01-27";"2014-06-14";"24T34";"8";"15";"REGULAR";"f";"2014-06-12 21:15:45.756";"f";"";"77";"CONSOLIDADA";"";"Presencial";
"1217258";"03A";"5753715";"";"";"25964";"GRADUAÇÃO";"Campus Central";"Faculdade de Farmácia sala 7B5";"2014";"1";"2014-01-27";"2014-06-14";"2N34 4N1 5N234";"6";"13";"REGULAR";"f";"2014-06-16 16:34:50.105";"f";"1217257";"102";"CONSOLIDADA";"";"Presencial";
"1217258";"03A";"18780";"";"";"25964";"GRADUAÇÃO";"Campus Central";"Faculdade de Farmácia sala 7B5";"2014";"1";"2014-01-27";"2014-06-14";"2N34 4N1 5N234";"6";"13";"REGULAR";"f";"2014-06-16 16:34:50.105";"f";"1217257";"102";"CONSOLIDADA";"";"Presencial";
"1217258";"03A";"26212";"";"";"25964";"GRADUAÇÃO";"Campus Central";"Faculdade de Farmácia sala 7B5";"2014";"1";"2014-01-27";"2014-06-14";"2N34 4N1 5N234";"6";"13";"REGULAR";"f";"2014-06-16 16:34:50.105";"f";"1217257";"102";"CONSOLIDADA";"";"Presencial";
"1217258";"03A";"5755748";"";"";"25964";"GRADUAÇÃO";"Campus Central";"Faculdade de Farmácia sala 7B5";"2014";"1";"2014-01-27";"2014-06-14";"2N34 4N1 5N234";"6";"13";"REGULAR";"f";"2014-06-16 16:34:50.105";"f";"1217257";"102";"CONSOLIDADA";"";"Presencial";
"1217259";"01";"5755981";"";"";"2055001";"GRADUAÇÃO";"Campus Central";"Setor IV - SALA 4B1";"2014";"1";"2014-01-27";"2014-06-14";"24N12";"10";"20";"REGULAR";"f";"2014-06-14 13:10:37.276";"f";"";"74";"CONSOLIDADA";"";"Presencial";
"1217260";"01";"5755981";"";"";"2055002";"GRADUAÇÃO";"Campus Central";"Setor IV - 4F1";"2014";"1";"2014-01-27";"2014-06-14";"35T56";"15";"20";"REGULAR";"f";"2014-06-14 12:38:46.483";"f";"";"72";"CONSOLIDADA";"";"Presencial";
"1217262";"04A";"5755748";"";"";"25964";"GRADUAÇÃO";"Campus Central";"Faculdade de Farmácia sala 7B5";"2014";"1";"2014-01-27";"2014-06-14";"3T23 4T2345";"33";"25";"REGULAR";"f";"2014-06-16 16:37:44.641";"f";"1217261";"110";"CONSOLIDADA";"";"Presencial";
"1217262";"04A";"18780";"";"";"25964";"GRADUAÇÃO";"Campus Central";"Faculdade de Farmácia sala 7B5";"2014";"1";"2014-01-27";"2014-06-14";"3T23 4T2345";"33";"25";"REGULAR";"f";"2014-06-16 16:37:44.641";"f";"1217261";"110";"CONSOLIDADA";"";"Presencial";
"1217262";"04A";"26212";"";"";"25964";"GRADUAÇÃO";"Campus Central";"Faculdade de Farmácia sala 7B5";"2014";"1";"2014-01-27";"2014-06-14";"3T23 4T2345";"33";"25";"REGULAR";"f";"2014-06-16 16:37:44.641";"f";"1217261";"110";"CONSOLIDADA";"";"Presencial";
"1217262";"04A";"5753715";"";"";"25964";"GRADUAÇÃO";"Campus Central";"Faculdade de Farmácia sala 7B5";"2014";"1";"2014-01-27";"2014-06-14";"3T23 4T2345";"33";"25";"REGULAR";"f";"2014-06-16 16:37:44.641";"f";"1217261";"110";"CONSOLIDADA";"";"Presencial";
"1217263";"01";"5754639";"";"";"2055016";"GRADUAÇÃO";"Campus Central";"Setor IV - SALA B2";"2014";"1";"2014-01-27";"2014-06-14";"24T34";"13";"20";"REGULAR";"f";"2014-06-20 22:08:49.836";"f";"";"74";"CONSOLIDADA";"";"Presencial";
"1217265";"05A";"5755748";"";"";"25964";"GRADUAÇÃO";"Campus Central";"Faculdade de Farmácia sala 7B5";"2014";"1";"2014-01-27";"2014-06-14";"3T23 6T2345";"20";"21";"REGULAR";"f";"2014-06-16 16:39:56.572";"f";"1217264";"100";"CONSOLIDADA";"";"Presencial";
"1217265";"05A";"5753715";"";"";"25964";"GRADUAÇÃO";"Campus Central";"Faculdade de Farmácia sala 7B5";"2014";"1";"2014-01-27";"2014-06-14";"3T23 6T2345";"20";"21";"REGULAR";"f";"2014-06-16 16:39:56.572";"f";"1217264";"100";"CONSOLIDADA";"";"Presencial";
"1217265";"05A";"18780";"";"";"25964";"GRADUAÇÃO";"Campus Central";"Faculdade de Farmácia sala 7B5";"2014";"1";"2014-01-27";"2014-06-14";"3T23 6T2345";"20";"21";"REGULAR";"f";"2014-06-16 16:39:56.572";"f";"1217264";"100";"CONSOLIDADA";"";"Presencial";
"1217265";"05A";"26212";"";"";"25964";"GRADUAÇÃO";"Campus Central";"Faculdade de Farmácia sala 7B5";"2014";"1";"2014-01-27";"2014-06-14";"3T23 6T2345";"20";"21";"REGULAR";"f";"2014-06-16 16:39:56.572";"f";"1217264";"100";"CONSOLIDADA";"";"Presencial";
"1217266";"01";"63227";"";"";"43374";"GRADUAÇÃO";"Campus Central";"Setor IV - SALA F2";"2014";"1";"2014-01-27";"2014-06-14";"35T34";"12";"20";"REGULAR";"f";"2014-06-20 03:56:53.13";"f";"";"74";"CONSOLIDADA";"";"Presencial";
"1217266";"01";"5755565";"";"";"43374";"GRADUAÇÃO";"Campus Central";"Setor IV - SALA F2";"2014";"1";"2014-01-27";"2014-06-14";"35T34";"12";"20";"REGULAR";"f";"2014-06-20 03:56:53.13";"f";"";"74";"CONSOLIDADA";"";"Presencial";
"1217269";"03A";"26522";"";"";"21812";"GRADUAÇÃO";"Campus Central";"Faculdade de Farmácia sala 7B5";"2014";"1";"2014-01-27";"2014-06-14";"34T123";"11";"11";"REGULAR";"f";"2014-06-18 13:54:10.68";"f";"1217268";"108";"CONSOLIDADA";"";"Presencial";
"1217269";"03A";"5753585";"";"";"21812";"GRADUAÇÃO";"Campus Central";"Faculdade de Farmácia sala 7B5";"2014";"1";"2014-01-27";"2014-06-14";"34T123";"11";"11";"REGULAR";"f";"2014-06-18 13:54:10.68";"f";"1217268";"108";"CONSOLIDADA";"";"Presencial";
"1217269";"03A";"5755763";"";"";"21812";"GRADUAÇÃO";"Campus Central";"Faculdade de Farmácia sala 7B5";"2014";"1";"2014-01-27";"2014-06-14";"34T123";"11";"11";"REGULAR";"f";"2014-06-18 13:54:10.68";"f";"1217268";"108";"CONSOLIDADA";"";"Presencial";
"1217269";"03A";"21848";"";"";"21812";"GRADUAÇÃO";"Campus Central";"Faculdade de Farmácia sala 7B5";"2014";"1";"2014-01-27";"2014-06-14";"34T123";"11";"11";"REGULAR";"f";"2014-06-18 13:54:10.68";"f";"1217268";"108";"CONSOLIDADA";"";"Presencial";
"1217269";"03A";"5755907";"";"";"21812";"GRADUAÇÃO";"Campus Central";"Faculdade de Farmácia sala 7B5";"2014";"1";"2014-01-27";"2014-06-14";"34T123";"11";"11";"REGULAR";"f";"2014-06-18 13:54:10.68";"f";"1217268";"108";"CONSOLIDADA";"";"Presencial";
"1217270";"01";"5755514";"";"";"2054970";"GRADUAÇÃO";"Campus Central";"LABTEX - Bloco 19";"2014";"1";"2014-01-27";"2014-06-14";"24N12";"15";"20";"REGULAR";"f";"2014-06-14 22:56:55.114";"f";"";"68";"CONSOLIDADA";"";"Presencial";
"1217270";"01";"2296724";"";"";"2054970";"GRADUAÇÃO";"Campus Central";"LABTEX - Bloco 19";"2014";"1";"2014-01-27";"2014-06-14";"24N12";"15";"20";"REGULAR";"f";"2014-06-14 22:56:55.114";"f";"";"68";"CONSOLIDADA";"";"Presencial";
"1217272";"04A";"5753585";"";"";"21812";"GRADUAÇÃO";"Campus Central";"Faculdade de Farmácia sala 7B5";"2014";"1";"2014-01-27";"2014-06-14";"34T123";"12";"9";"REGULAR";"f";"2014-06-18 13:56:34.737";"f";"1217271";"108";"CONSOLIDADA";"";"Presencial";
"1217272";"04A";"5755907";"";"";"21812";"GRADUAÇÃO";"Campus Central";"Faculdade de Farmácia sala 7B5";"2014";"1";"2014-01-27";"2014-06-14";"34T123";"12";"9";"REGULAR";"f";"2014-06-18 13:56:34.737";"f";"1217271";"108";"CONSOLIDADA";"";"Presencial";
"1217272";"04A";"21848";"";"";"21812";"GRADUAÇÃO";"Campus Central";"Faculdade de Farmácia sala 7B5";"2014";"1";"2014-01-27";"2014-06-14";"34T123";"12";"9";"REGULAR";"f";"2014-06-18 13:56:34.737";"f";"1217271";"108";"CONSOLIDADA";"";"Presencial";
"1217272";"04A";"26522";"";"";"21812";"GRADUAÇÃO";"Campus Central";"Faculdade de Farmácia sala 7B5";"2014";"1";"2014-01-27";"2014-06-14";"34T123";"12";"9";"REGULAR";"f";"2014-06-18 13:56:34.737";"f";"1217271";"108";"CONSOLIDADA";"";"Presencial";
"1217272";"04A";"5755763";"";"";"21812";"GRADUAÇÃO";"Campus Central";"Faculdade de Farmácia sala 7B5";"2014";"1";"2014-01-27";"2014-06-14";"34T123";"12";"9";"REGULAR";"f";"2014-06-18 13:56:34.737";"f";"1217271";"108";"CONSOLIDADA";"";"Presencial";
"1217273";"01";"63864";"";"";"2055015";"GRADUAÇÃO";"Campus Central";"Setor IV";"2014";"1";"2014-01-27";"2014-06-14";"46T56";"1";"20";"REGULAR";"f";"2014-06-21 23:51:55.488";"f";"";"74";"CONSOLIDADA";"";"Presencial";
"1217274";"01";"5755123";"";"";"43371";"GRADUAÇÃO";"Campus Central";"Setor IV - SALA G3";"2014";"1";"2014-01-27";"2014-06-14";"24T34";"16";"40";"REGULAR";"f";"2014-06-21 00:13:30.849";"f";"";"66";"CONSOLIDADA";"";"Presencial";
"1217276";"05A";"21848";"";"";"21812";"GRADUAÇÃO";"Campus Central";"Faculdade de Farmácia sala 7B5";"2014";"1";"2014-01-27";"2014-06-14";"45T123";"19";"14";"REGULAR";"f";"2014-06-18 13:59:24.492";"f";"1217275";"105";"CONSOLIDADA";"";"Presencial";
"1217276";"05A";"5755907";"";"";"21812";"GRADUAÇÃO";"Campus Central";"Faculdade de Farmácia sala 7B5";"2014";"1";"2014-01-27";"2014-06-14";"45T123";"19";"14";"REGULAR";"f";"2014-06-18 13:59:24.492";"f";"1217275";"105";"CONSOLIDADA";"";"Presencial";
"1217276";"05A";"26522";"";"";"21812";"GRADUAÇÃO";"Campus Central";"Faculdade de Farmácia sala 7B5";"2014";"1";"2014-01-27";"2014-06-14";"45T123";"19";"14";"REGULAR";"f";"2014-06-18 13:59:24.492";"f";"1217275";"105";"CONSOLIDADA";"";"Presencial";
"1217276";"05A";"5755763";"";"";"21812";"GRADUAÇÃO";"Campus Central";"Faculdade de Farmácia sala 7B5";"2014";"1";"2014-01-27";"2014-06-14";"45T123";"19";"14";"REGULAR";"f";"2014-06-18 13:59:24.492";"f";"1217275";"105";"CONSOLIDADA";"";"Presencial";
"1217276";"05A";"5753585";"";"";"21812";"GRADUAÇÃO";"Campus Central";"Faculdade de Farmácia sala 7B5";"2014";"1";"2014-01-27";"2014-06-14";"45T123";"19";"14";"REGULAR";"f";"2014-06-18 13:59:24.492";"f";"1217275";"105";"CONSOLIDADA";"";"Presencial";
"1217277";"01";"21348";"";"";"2054974";"GRADUAÇÃO";"Campus Central";"LABTEX - Bloco 18";"2014";"1";"2014-01-27";"2014-06-14";"24T56";"10";"20";"REGULAR";"f";"2014-06-17 19:29:50.789";"f";"";"74";"CONSOLIDADA";"";"Presencial";
"1217279";"06A";"21848";"";"";"21812";"GRADUAÇÃO";"Campus Central";"Faculdade de Farmácia sala 7B5";"2014";"1";"2014-01-27";"2014-06-14";"45T123";"10";"10";"REGULAR";"f";"2014-06-18 14:01:49.255";"f";"1217278";"105";"CONSOLIDADA";"";"Presencial";
"1217279";"06A";"26522";"";"";"21812";"GRADUAÇÃO";"Campus Central";"Faculdade de Farmácia sala 7B5";"2014";"1";"2014-01-27";"2014-06-14";"45T123";"10";"10";"REGULAR";"f";"2014-06-18 14:01:49.255";"f";"1217278";"105";"CONSOLIDADA";"";"Presencial";
"1217279";"06A";"5755763";"";"";"21812";"GRADUAÇÃO";"Campus Central";"Faculdade de Farmácia sala 7B5";"2014";"1";"2014-01-27";"2014-06-14";"45T123";"10";"10";"REGULAR";"f";"2014-06-18 14:01:49.255";"f";"1217278";"105";"CONSOLIDADA";"";"Presencial";
"1217279";"06A";"5755907";"";"";"21812";"GRADUAÇÃO";"Campus Central";"Faculdade de Farmácia sala 7B5";"2014";"1";"2014-01-27";"2014-06-14";"45T123";"10";"10";"REGULAR";"f";"2014-06-18 14:01:49.255";"f";"1217278";"105";"CONSOLIDADA";"";"Presencial";
"1217279";"06A";"5753585";"";"";"21812";"GRADUAÇÃO";"Campus Central";"Faculdade de Farmácia sala 7B5";"2014";"1";"2014-01-27";"2014-06-14";"45T123";"10";"10";"REGULAR";"f";"2014-06-18 14:01:49.255";"f";"1217278";"105";"CONSOLIDADA";"";"Presencial";
"1217281";"03A";"5752003";"";"";"20984";"GRADUAÇÃO";"Campus Central";"Faculdade de Farmácia sala 7B5";"2014";"1";"2014-01-27";"2014-06-14";"23T23 5T45";"25";"23";"REGULAR";"f";"2014-06-18 14:29:13.794";"f";"1217280";"104";"CONSOLIDADA";"";"Presencial";
"1217281";"03A";"26416";"";"";"20984";"GRADUAÇÃO";"Campus Central";"Faculdade de Farmácia sala 7B5";"2014";"1";"2014-01-27";"2014-06-14";"23T23 5T45";"25";"23";"REGULAR";"f";"2014-06-18 14:29:13.794";"f";"1217280";"104";"CONSOLIDADA";"";"Presencial";
"1217281";"03A";"5756367";"";"";"20984";"GRADUAÇÃO";"Campus Central";"Faculdade de Farmácia sala 7B5";"2014";"1";"2014-01-27";"2014-06-14";"23T23 5T45";"25";"23";"REGULAR";"f";"2014-06-18 14:29:13.794";"f";"1217280";"104";"CONSOLIDADA";"";"Presencial";
"1217283";"04A";"5756367";"";"";"20984";"GRADUAÇÃO";"Campus Central";"Faculdade de Farmácia sala 7B5";"2014";"1";"2014-01-27";"2014-06-14";"25T23 3T45";"22";"20";"REGULAR";"f";"2014-06-18 14:30:28.941";"f";"1217282";"104";"CONSOLIDADA";"";"Presencial";
"1217283";"04A";"26416";"";"";"20984";"GRADUAÇÃO";"Campus Central";"Faculdade de Farmácia sala 7B5";"2014";"1";"2014-01-27";"2014-06-14";"25T23 3T45";"22";"20";"REGULAR";"f";"2014-06-18 14:30:28.941";"f";"1217282";"104";"CONSOLIDADA";"";"Presencial";
"1217283";"04A";"5752003";"";"";"20984";"GRADUAÇÃO";"Campus Central";"Faculdade de Farmácia sala 7B5";"2014";"1";"2014-01-27";"2014-06-14";"25T23 3T45";"22";"20";"REGULAR";"f";"2014-06-18 14:30:28.941";"f";"1217282";"104";"CONSOLIDADA";"";"Presencial";
"1217285";"01A";"23852";"";"";"21810";"GRADUAÇÃO";"Campus Central";"Faculdade de Farmácia sala 7B5";"2014";"1";"2014-01-27";"2014-06-14";"2N12 4N1234";"20";"18";"REGULAR";"f";"2014-06-18 09:18:12.249";"f";"1217284";"104";"CONSOLIDADA";"";"Presencial";
"1217285";"01A";"18787";"";"";"21810";"GRADUAÇÃO";"Campus Central";"Faculdade de Farmácia sala 7B5";"2014";"1";"2014-01-27";"2014-06-14";"2N12 4N1234";"20";"18";"REGULAR";"f";"2014-06-18 09:18:12.249";"f";"1217284";"104";"CONSOLIDADA";"";"Presencial";
"1217285";"01A";"25091";"";"";"21810";"GRADUAÇÃO";"Campus Central";"Faculdade de Farmácia sala 7B5";"2014";"1";"2014-01-27";"2014-06-14";"2N12 4N1234";"20";"18";"REGULAR";"f";"2014-06-18 09:18:12.249";"f";"1217284";"104";"CONSOLIDADA";"";"Presencial";
"1217285";"01A";"5755763";"";"";"21810";"GRADUAÇÃO";"Campus Central";"Faculdade de Farmácia sala 7B5";"2014";"1";"2014-01-27";"2014-06-14";"2N12 4N1234";"20";"18";"REGULAR";"f";"2014-06-18 09:18:12.249";"f";"1217284";"104";"CONSOLIDADA";"";"Presencial";
"1217287";"02A";"5755763";"";"";"21810";"GRADUAÇÃO";"Campus Central";"Faculdade de Farmácia sala 7B5";"2014";"1";"2014-01-27";"2014-06-14";"2N12 6N1234";"23";"14";"REGULAR";"f";"2014-06-18 09:20:08.842";"f";"1217286";"100";"CONSOLIDADA";"";"Presencial";
"1217287";"02A";"23852";"";"";"21810";"GRADUAÇÃO";"Campus Central";"Faculdade de Farmácia sala 7B5";"2014";"1";"2014-01-27";"2014-06-14";"2N12 6N1234";"23";"14";"REGULAR";"f";"2014-06-18 09:20:08.842";"f";"1217286";"100";"CONSOLIDADA";"";"Presencial";
"1217287";"02A";"25091";"";"";"21810";"GRADUAÇÃO";"Campus Central";"Faculdade de Farmácia sala 7B5";"2014";"1";"2014-01-27";"2014-06-14";"2N12 6N1234";"23";"14";"REGULAR";"f";"2014-06-18 09:20:08.842";"f";"1217286";"100";"CONSOLIDADA";"";"Presencial";
"1217287";"02A";"18787";"";"";"21810";"GRADUAÇÃO";"Campus Central";"Faculdade de Farmácia sala 7B5";"2014";"1";"2014-01-27";"2014-06-14";"2N12 6N1234";"23";"14";"REGULAR";"f";"2014-06-18 09:20:08.842";"f";"1217286";"100";"CONSOLIDADA";"";"Presencial";
"1217289";"03A";"18787";"";"";"21810";"GRADUAÇÃO";"Campus Central";"Faculdade de Farmácia sala 7B5";"2014";"1";"2014-01-27";"2014-06-14";"2M2345 4M12";"6";"12";"REGULAR";"f";"2014-06-18 09:24:29.661";"f";"1217288";"100";"CONSOLIDADA";"";"Presencial";
"1217289";"03A";"5755763";"";"";"21810";"GRADUAÇÃO";"Campus Central";"Faculdade de Farmácia sala 7B5";"2014";"1";"2014-01-27";"2014-06-14";"2M2345 4M12";"6";"12";"REGULAR";"f";"2014-06-18 09:24:29.661";"f";"1217288";"100";"CONSOLIDADA";"";"Presencial";
"1217289";"03A";"23852";"";"";"21810";"GRADUAÇÃO";"Campus Central";"Faculdade de Farmácia sala 7B5";"2014";"1";"2014-01-27";"2014-06-14";"2M2345 4M12";"6";"12";"REGULAR";"f";"2014-06-18 09:24:29.661";"f";"1217288";"100";"CONSOLIDADA";"";"Presencial";
"1217289";"03A";"25091";"";"";"21810";"GRADUAÇÃO";"Campus Central";"Faculdade de Farmácia sala 7B5";"2014";"1";"2014-01-27";"2014-06-14";"2M2345 4M12";"6";"12";"REGULAR";"f";"2014-06-18 09:24:29.661";"f";"1217288";"100";"CONSOLIDADA";"";"Presencial";
"1217291";"04A";"5755763";"";"";"21810";"GRADUAÇÃO";"Campus Central";"Faculdade de Farmácia sala 7B5";"2014";"1";"2014-01-27";"2014-06-14";"2M2345 4M12";"5";"12";"REGULAR";"f";"2014-06-18 09:26:21.153";"f";"1217290";"104";"CONSOLIDADA";"";"Presencial";
"1217291";"04A";"25091";"";"";"21810";"GRADUAÇÃO";"Campus Central";"Faculdade de Farmácia sala 7B5";"2014";"1";"2014-01-27";"2014-06-14";"2M2345 4M12";"5";"12";"REGULAR";"f";"2014-06-18 09:26:21.153";"f";"1217290";"104";"CONSOLIDADA";"";"Presencial";
"1217291";"04A";"18787";"";"";"21810";"GRADUAÇÃO";"Campus Central";"Faculdade de Farmácia sala 7B5";"2014";"1";"2014-01-27";"2014-06-14";"2M2345 4M12";"5";"12";"REGULAR";"f";"2014-06-18 09:26:21.153";"f";"1217290";"104";"CONSOLIDADA";"";"Presencial";
"1217291";"04A";"23852";"";"";"21810";"GRADUAÇÃO";"Campus Central";"Faculdade de Farmácia sala 7B5";"2014";"1";"2014-01-27";"2014-06-14";"2M2345 4M12";"5";"12";"REGULAR";"f";"2014-06-18 09:26:21.153";"f";"1217290";"104";"CONSOLIDADA";"";"Presencial";
"1217293";"05A";"5755763";"";"";"21810";"GRADUAÇÃO";"Campus Central";"Faculdade de Farmácia sala 7B5";"2014";"1";"2014-01-27";"2014-06-14";"4M123456";"18";"12";"REGULAR";"f";"2014-06-18 09:22:39.176";"f";"1217292";"102";"CONSOLIDADA";"";"Presencial";
"1217293";"05A";"23852";"";"";"21810";"GRADUAÇÃO";"Campus Central";"Faculdade de Farmácia sala 7B5";"2014";"1";"2014-01-27";"2014-06-14";"4M123456";"18";"12";"REGULAR";"f";"2014-06-18 09:22:39.176";"f";"1217292";"102";"CONSOLIDADA";"";"Presencial";
"1217293";"05A";"18787";"";"";"21810";"GRADUAÇÃO";"Campus Central";"Faculdade de Farmácia sala 7B5";"2014";"1";"2014-01-27";"2014-06-14";"4M123456";"18";"12";"REGULAR";"f";"2014-06-18 09:22:39.176";"f";"1217292";"102";"CONSOLIDADA";"";"Presencial";
"1217293";"05A";"25091";"";"";"21810";"GRADUAÇÃO";"Campus Central";"Faculdade de Farmácia sala 7B5";"2014";"1";"2014-01-27";"2014-06-14";"4M123456";"18";"12";"REGULAR";"f";"2014-06-18 09:22:39.176";"f";"1217292";"102";"CONSOLIDADA";"";"Presencial";
"1217295";"09A";"18787";"";"";"21810";"GRADUAÇÃO";"Campus Central";"Faculdade de Farmácia sala 7B5";"2014";"1";"2014-01-27";"2014-06-14";"5M123456";"11";"2";"REGULAR";"f";"2014-06-18 13:59:07.745";"f";"1227182";"102";"CONSOLIDADA";"";"Presencial";
"1217297";"01A";"23147";"";"";"21808";"GRADUAÇÃO";"Campus Central";"Faculdade de Farmácia sala 7B5";"2014";"1";"2014-01-27";"2014-06-14";"36N123";"14";"15";"REGULAR";"f";"2014-06-18 11:23:31.872";"f";"1217296";"99";"CONSOLIDADA";"";"Presencial";
"1217297";"01A";"22887";"";"";"21808";"GRADUAÇÃO";"Campus Central";"Faculdade de Farmácia sala 7B5";"2014";"1";"2014-01-27";"2014-06-14";"36N123";"14";"15";"REGULAR";"f";"2014-06-18 11:23:31.872";"f";"1217296";"99";"CONSOLIDADA";"";"Presencial";
"1217299";"02A";"22887";"";"";"21808";"GRADUAÇÃO";"Campus Central";"Faculdade de Farmácia sala 7B5";"2014";"1";"2014-01-27";"2014-06-14";"35N123";"23";"15";"REGULAR";"f";"2014-06-20 21:36:30.35";"f";"1217298";"102";"CONSOLIDADA";"";"Presencial";
"1217299";"02A";"23147";"";"";"21808";"GRADUAÇÃO";"Campus Central";"Faculdade de Farmácia sala 7B5";"2014";"1";"2014-01-27";"2014-06-14";"35N123";"23";"15";"REGULAR";"f";"2014-06-20 21:36:30.35";"f";"1217298";"102";"CONSOLIDADA";"";"Presencial";
"1217301";"03A";"22887";"";"";"21808";"GRADUAÇÃO";"Campus Central";"Faculdade de Farmácia sala 7B5";"2014";"1";"2014-01-27";"2014-06-14";"2M345 3M234";"24";"18";"REGULAR";"f";"2014-06-20 21:40:51.638";"f";"1217300";"102";"CONSOLIDADA";"";"Presencial";
"1217301";"03A";"23147";"";"";"21808";"GRADUAÇÃO";"Campus Central";"Faculdade de Farmácia sala 7B5";"2014";"1";"2014-01-27";"2014-06-14";"2M345 3M234";"24";"18";"REGULAR";"f";"2014-06-20 21:40:51.638";"f";"1217300";"102";"CONSOLIDADA";"";"Presencial";
"1217302";"01";"23131";"";"";"2049855";"GRADUAÇÃO";"Campus Central";"FF";"2014";"1";"2014-01-27";"2014-06-14";"6M2345";"18";"11";"REGULAR";"f";"2014-06-20 13:04:35.096";"f";"";"68";"CONSOLIDADA";"";"Presencial";
"1217302";"01";"5755763";"";"";"2049855";"GRADUAÇÃO";"Campus Central";"FF";"2014";"1";"2014-01-27";"2014-06-14";"6M2345";"18";"11";"REGULAR";"f";"2014-06-20 13:04:35.096";"f";"";"68";"CONSOLIDADA";"";"Presencial";
"1217302";"01";"5755748";"";"";"2049855";"GRADUAÇÃO";"Campus Central";"FF";"2014";"1";"2014-01-27";"2014-06-14";"6M2345";"18";"11";"REGULAR";"f";"2014-06-20 13:04:35.096";"f";"";"68";"CONSOLIDADA";"";"Presencial";
"1217302";"01";"5756367";"";"";"2049855";"GRADUAÇÃO";"Campus Central";"FF";"2014";"1";"2014-01-27";"2014-06-14";"6M2345";"18";"11";"REGULAR";"f";"2014-06-20 13:04:35.096";"f";"";"68";"CONSOLIDADA";"";"Presencial";
"1217302";"01";"5754899";"";"";"2049855";"GRADUAÇÃO";"Campus Central";"FF";"2014";"1";"2014-01-27";"2014-06-14";"6M2345";"18";"11";"REGULAR";"f";"2014-06-20 13:04:35.096";"f";"";"68";"CONSOLIDADA";"";"Presencial";
"1217303";"02";"23131";"";"";"2049855";"GRADUAÇÃO";"Campus Central";"FF";"2014";"1";"2014-01-27";"2014-06-14";"6M2345";"17";"11";"REGULAR";"f";"2014-06-13 22:59:49.467";"f";"";"68";"CONSOLIDADA";"";"Presencial";
"1217303";"02";"5754899";"";"";"2049855";"GRADUAÇÃO";"Campus Central";"FF";"2014";"1";"2014-01-27";"2014-06-14";"6M2345";"17";"11";"REGULAR";"f";"2014-06-13 22:59:49.467";"f";"";"68";"CONSOLIDADA";"";"Presencial";
"1217303";"02";"5755748";"";"";"2049855";"GRADUAÇÃO";"Campus Central";"FF";"2014";"1";"2014-01-27";"2014-06-14";"6M2345";"17";"11";"REGULAR";"f";"2014-06-13 22:59:49.467";"f";"";"68";"CONSOLIDADA";"";"Presencial";
"1217303";"02";"5755763";"";"";"2049855";"GRADUAÇÃO";"Campus Central";"FF";"2014";"1";"2014-01-27";"2014-06-14";"6M2345";"17";"11";"REGULAR";"f";"2014-06-13 22:59:49.467";"f";"";"68";"CONSOLIDADA";"";"Presencial";
"1217303";"02";"5756367";"";"";"2049855";"GRADUAÇÃO";"Campus Central";"FF";"2014";"1";"2014-01-27";"2014-06-14";"6M2345";"17";"11";"REGULAR";"f";"2014-06-13 22:59:49.467";"f";"";"68";"CONSOLIDADA";"";"Presencial";
"1217304";"03";"5755763";"";"";"2049855";"GRADUAÇÃO";"Campus Central";"FF";"2014";"1";"2014-01-27";"2014-06-14";"6M2345";"15";"11";"REGULAR";"f";"2014-06-13 23:04:37.988";"f";"";"68";"CONSOLIDADA";"";"Presencial";
"1217304";"03";"5755748";"";"";"2049855";"GRADUAÇÃO";"Campus Central";"FF";"2014";"1";"2014-01-27";"2014-06-14";"6M2345";"15";"11";"REGULAR";"f";"2014-06-13 23:04:37.988";"f";"";"68";"CONSOLIDADA";"";"Presencial";
"1217304";"03";"23131";"";"";"2049855";"GRADUAÇÃO";"Campus Central";"FF";"2014";"1";"2014-01-27";"2014-06-14";"6M2345";"15";"11";"REGULAR";"f";"2014-06-13 23:04:37.988";"f";"";"68";"CONSOLIDADA";"";"Presencial";
"1217304";"03";"5756367";"";"";"2049855";"GRADUAÇÃO";"Campus Central";"FF";"2014";"1";"2014-01-27";"2014-06-14";"6M2345";"15";"11";"REGULAR";"f";"2014-06-13 23:04:37.988";"f";"";"68";"CONSOLIDADA";"";"Presencial";
"1217304";"03";"5754899";"";"";"2049855";"GRADUAÇÃO";"Campus Central";"FF";"2014";"1";"2014-01-27";"2014-06-14";"6M2345";"15";"11";"REGULAR";"f";"2014-06-13 23:04:37.988";"f";"";"68";"CONSOLIDADA";"";"Presencial";
"1217305";"04";"5756367";"";"";"2049855";"GRADUAÇÃO";"Campus Central";"FF";"2014";"1";"2014-01-27";"2014-06-14";"6M2345";"27";"11";"REGULAR";"f";"2014-06-13 23:08:21.425";"f";"";"68";"CONSOLIDADA";"";"Presencial";
"1217305";"04";"5755763";"";"";"2049855";"GRADUAÇÃO";"Campus Central";"FF";"2014";"1";"2014-01-27";"2014-06-14";"6M2345";"27";"11";"REGULAR";"f";"2014-06-13 23:08:21.425";"f";"";"68";"CONSOLIDADA";"";"Presencial";
"1217305";"04";"5754899";"";"";"2049855";"GRADUAÇÃO";"Campus Central";"FF";"2014";"1";"2014-01-27";"2014-06-14";"6M2345";"27";"11";"REGULAR";"f";"2014-06-13 23:08:21.425";"f";"";"68";"CONSOLIDADA";"";"Presencial";
"1217305";"04";"5755748";"";"";"2049855";"GRADUAÇÃO";"Campus Central";"FF";"2014";"1";"2014-01-27";"2014-06-14";"6M2345";"27";"11";"REGULAR";"f";"2014-06-13 23:08:21.425";"f";"";"68";"CONSOLIDADA";"";"Presencial";
"1217305";"04";"23131";"";"";"2049855";"GRADUAÇÃO";"Campus Central";"FF";"2014";"1";"2014-01-27";"2014-06-14";"6M2345";"27";"11";"REGULAR";"f";"2014-06-13 23:08:21.425";"f";"";"68";"CONSOLIDADA";"";"Presencial";
"1217306";"05";"23131";"";"";"2049855";"GRADUAÇÃO";"Campus Central";"FF";"2014";"1";"2014-01-27";"2014-06-14";"5N1234";"15";"9";"REGULAR";"f";"2014-06-13 23:12:45.282";"f";"";"72";"CONSOLIDADA";"";"Presencial";
"1217306";"05";"5755763";"";"";"2049855";"GRADUAÇÃO";"Campus Central";"FF";"2014";"1";"2014-01-27";"2014-06-14";"5N1234";"15";"9";"REGULAR";"f";"2014-06-13 23:12:45.282";"f";"";"72";"CONSOLIDADA";"";"Presencial";
"1217306";"05";"5755748";"";"";"2049855";"GRADUAÇÃO";"Campus Central";"FF";"2014";"1";"2014-01-27";"2014-06-14";"5N1234";"15";"9";"REGULAR";"f";"2014-06-13 23:12:45.282";"f";"";"72";"CONSOLIDADA";"";"Presencial";
"1217306";"05";"5754899";"";"";"2049855";"GRADUAÇÃO";"Campus Central";"FF";"2014";"1";"2014-01-27";"2014-06-14";"5N1234";"15";"9";"REGULAR";"f";"2014-06-13 23:12:45.282";"f";"";"72";"CONSOLIDADA";"";"Presencial";
"1217306";"05";"5756367";"";"";"2049855";"GRADUAÇÃO";"Campus Central";"FF";"2014";"1";"2014-01-27";"2014-06-14";"5N1234";"15";"9";"REGULAR";"f";"2014-06-13 23:12:45.282";"f";"";"72";"CONSOLIDADA";"";"Presencial";
"1217307";"06";"23131";"";"";"2049855";"GRADUAÇÃO";"Campus Central";"FF";"2014";"1";"2014-01-27";"2014-06-14";"5N1234";"12";"9";"REGULAR";"f";"2014-06-13 23:15:29.055";"f";"";"68";"CONSOLIDADA";"";"Presencial";
"1217307";"06";"5755748";"";"";"2049855";"GRADUAÇÃO";"Campus Central";"FF";"2014";"1";"2014-01-27";"2014-06-14";"5N1234";"12";"9";"REGULAR";"f";"2014-06-13 23:15:29.055";"f";"";"68";"CONSOLIDADA";"";"Presencial";
"1217307";"06";"5755763";"";"";"2049855";"GRADUAÇÃO";"Campus Central";"FF";"2014";"1";"2014-01-27";"2014-06-14";"5N1234";"12";"9";"REGULAR";"f";"2014-06-13 23:15:29.055";"f";"";"68";"CONSOLIDADA";"";"Presencial";
"1217307";"06";"5754899";"";"";"2049855";"GRADUAÇÃO";"Campus Central";"FF";"2014";"1";"2014-01-27";"2014-06-14";"5N1234";"12";"9";"REGULAR";"f";"2014-06-13 23:15:29.055";"f";"";"68";"CONSOLIDADA";"";"Presencial";
"1217307";"06";"5756367";"";"";"2049855";"GRADUAÇÃO";"Campus Central";"FF";"2014";"1";"2014-01-27";"2014-06-14";"5N1234";"12";"9";"REGULAR";"f";"2014-06-13 23:15:29.055";"f";"";"68";"CONSOLIDADA";"";"Presencial";
"1217308";"07";"5755748";"";"";"2049855";"GRADUAÇÃO";"Campus Central";"FF";"2014";"1";"2014-01-27";"2014-06-14";"5N1234";"11";"8";"REGULAR";"f";"2014-06-13 23:18:27.318";"f";"";"68";"CONSOLIDADA";"";"Presencial";
"1217308";"07";"5756367";"";"";"2049855";"GRADUAÇÃO";"Campus Central";"FF";"2014";"1";"2014-01-27";"2014-06-14";"5N1234";"11";"8";"REGULAR";"f";"2014-06-13 23:18:27.318";"f";"";"68";"CONSOLIDADA";"";"Presencial";
"1217308";"07";"5755763";"";"";"2049855";"GRADUAÇÃO";"Campus Central";"FF";"2014";"1";"2014-01-27";"2014-06-14";"5N1234";"11";"8";"REGULAR";"f";"2014-06-13 23:18:27.318";"f";"";"68";"CONSOLIDADA";"";"Presencial";
"1217308";"07";"23131";"";"";"2049855";"GRADUAÇÃO";"Campus Central";"FF";"2014";"1";"2014-01-27";"2014-06-14";"5N1234";"11";"8";"REGULAR";"f";"2014-06-13 23:18:27.318";"f";"";"68";"CONSOLIDADA";"";"Presencial";
"1217308";"07";"5754899";"";"";"2049855";"GRADUAÇÃO";"Campus Central";"FF";"2014";"1";"2014-01-27";"2014-06-14";"5N1234";"11";"8";"REGULAR";"f";"2014-06-13 23:18:27.318";"f";"";"68";"CONSOLIDADA";"";"Presencial";
"1217309";"08";"5755763";"";"";"2049855";"GRADUAÇÃO";"Campus Central";"FF";"2014";"1";"2014-01-27";"2014-06-14";"5N1234";"17";"8";"REGULAR";"f";"2014-06-20 13:09:38.467";"f";"";"68";"CONSOLIDADA";"";"Presencial";
"1217309";"08";"5754899";"";"";"2049855";"GRADUAÇÃO";"Campus Central";"FF";"2014";"1";"2014-01-27";"2014-06-14";"5N1234";"17";"8";"REGULAR";"f";"2014-06-20 13:09:38.467";"f";"";"68";"CONSOLIDADA";"";"Presencial";
"1217309";"08";"23131";"";"";"2049855";"GRADUAÇÃO";"Campus Central";"FF";"2014";"1";"2014-01-27";"2014-06-14";"5N1234";"17";"8";"REGULAR";"f";"2014-06-20 13:09:38.467";"f";"";"68";"CONSOLIDADA";"";"Presencial";
"1217309";"08";"5755748";"";"";"2049855";"GRADUAÇÃO";"Campus Central";"FF";"2014";"1";"2014-01-27";"2014-06-14";"5N1234";"17";"8";"REGULAR";"f";"2014-06-20 13:09:38.467";"f";"";"68";"CONSOLIDADA";"";"Presencial";
"1217311";"04A";"23147";"";"";"21808";"GRADUAÇÃO";"Campus Central";"Faculdade de Farmácia sala 7B5";"2014";"1";"2014-01-27";"2014-06-14";"3M234 4M345";"19";"14";"REGULAR";"f";"2014-06-18 11:44:05.916";"f";"1217310";"105";"CONSOLIDADA";"";"Presencial";
"1217311";"04A";"22887";"";"";"21808";"GRADUAÇÃO";"Campus Central";"Faculdade de Farmácia sala 7B5";"2014";"1";"2014-01-27";"2014-06-14";"3M234 4M345";"19";"14";"REGULAR";"f";"2014-06-18 11:44:05.916";"f";"1217310";"105";"CONSOLIDADA";"";"Presencial";
"1217312";"01";"5755748";"";"";"20045";"GRADUAÇÃO";"Campus Central";"Laboratório de Uroanálise subsolo";"2014";"1";"2014-01-27";"2014-06-14";"5M3456";"35";"10";"REGULAR";"f";"2014-06-09 17:37:35.616";"f";"";"68";"CONSOLIDADA";"";"Presencial";
"1217314";"01A";"54348";"";"";"2048750";"GRADUAÇÃO";"Campus Central";"Faculdade de Farmácia sala 7B9";"2014";"1";"2014-01-27";"2014-06-14";"25N12 34N34";"17";"14";"REGULAR";"f";"2014-06-10 14:25:37.957";"f";"1217313";"134";"CONSOLIDADA";"";"Presencial";
"1217314";"01A";"5753059";"";"";"2048750";"GRADUAÇÃO";"Campus Central";"Faculdade de Farmácia sala 7B9";"2014";"1";"2014-01-27";"2014-06-14";"25N12 34N34";"17";"14";"REGULAR";"f";"2014-06-10 14:25:37.957";"f";"1217313";"134";"CONSOLIDADA";"";"Presencial";
"1217314";"01A";"23839";"";"";"2048750";"GRADUAÇÃO";"Campus Central";"Faculdade de Farmácia sala 7B9";"2014";"1";"2014-01-27";"2014-06-14";"25N12 34N34";"17";"14";"REGULAR";"f";"2014-06-10 14:25:37.957";"f";"1217313";"134";"CONSOLIDADA";"";"Presencial";
"1217316";"02A";"23839";"";"";"2048750";"GRADUAÇÃO";"Campus Central";"FF";"2014";"1";"2014-01-27";"2014-06-14";"24N12 35N34";"14";"13";"REGULAR";"f";"2014-06-10 14:27:22.396";"f";"1217315";"134";"CONSOLIDADA";"";"Presencial";
"1217316";"02A";"54348";"";"";"2048750";"GRADUAÇÃO";"Campus Central";"FF";"2014";"1";"2014-01-27";"2014-06-14";"24N12 35N34";"14";"13";"REGULAR";"f";"2014-06-10 14:27:22.396";"f";"1217315";"134";"CONSOLIDADA";"";"Presencial";
"1217316";"02A";"5753059";"";"";"2048750";"GRADUAÇÃO";"Campus Central";"FF";"2014";"1";"2014-01-27";"2014-06-14";"24N12 35N34";"14";"13";"REGULAR";"f";"2014-06-10 14:27:22.396";"f";"1217315";"134";"CONSOLIDADA";"";"Presencial";
"1217318";"03A";"5753059";"";"";"2048750";"GRADUAÇÃO";"Campus Central";"Faculdade de Farmácia sala 7B9";"2014";"1";"2014-01-27";"2014-06-14";"4M34 6M1256  2T56";"22";"20";"REGULAR";"f";"2014-06-10 14:30:05.523";"f";"1217317";"138";"CONSOLIDADA";"";"Presencial";
"1217318";"03A";"23839";"";"";"2048750";"GRADUAÇÃO";"Campus Central";"Faculdade de Farmácia sala 7B9";"2014";"1";"2014-01-27";"2014-06-14";"4M34 6M1256  2T56";"22";"20";"REGULAR";"f";"2014-06-10 14:30:05.523";"f";"1217317";"138";"CONSOLIDADA";"";"Presencial";
"1217318";"03A";"54348";"";"";"2048750";"GRADUAÇÃO";"Campus Central";"Faculdade de Farmácia sala 7B9";"2014";"1";"2014-01-27";"2014-06-14";"4M34 6M1256  2T56";"22";"20";"REGULAR";"f";"2014-06-10 14:30:05.523";"f";"1217317";"138";"CONSOLIDADA";"";"Presencial";
"1217320";"04A";"23839";"";"";"2048750";"GRADUAÇÃO";"Campus Central";"Faculdade de Farmácia sala 7B5";"2014";"1";"2014-01-27";"2014-06-14";"4M56 6M1234  2T56";"20";"20";"REGULAR";"f";"2014-06-10 14:37:36.88";"f";"1217319";"138";"CONSOLIDADA";"";"Presencial";
"1217320";"04A";"5753059";"";"";"2048750";"GRADUAÇÃO";"Campus Central";"Faculdade de Farmácia sala 7B5";"2014";"1";"2014-01-27";"2014-06-14";"4M56 6M1234  2T56";"20";"20";"REGULAR";"f";"2014-06-10 14:37:36.88";"f";"1217319";"138";"CONSOLIDADA";"";"Presencial";
"1217320";"04A";"54348";"";"";"2048750";"GRADUAÇÃO";"Campus Central";"Faculdade de Farmácia sala 7B5";"2014";"1";"2014-01-27";"2014-06-14";"4M56 6M1234  2T56";"20";"20";"REGULAR";"f";"2014-06-10 14:37:36.88";"f";"1217319";"138";"CONSOLIDADA";"";"Presencial";
"1217322";"01A";"5752472";"";"";"2048800";"GRADUAÇÃO";"Campus Central";"FF";"2014";"1";"2014-01-27";"2014-06-14";"4N1234";"26";"17";"REGULAR";"f";"2014-06-10 23:42:20.075";"f";"1217321";"68";"CONSOLIDADA";"";"Presencial";
"1217322";"01A";"5754899";"";"";"2048800";"GRADUAÇÃO";"Campus Central";"FF";"2014";"1";"2014-01-27";"2014-06-14";"4N1234";"26";"17";"REGULAR";"f";"2014-06-10 23:42:20.075";"f";"1217321";"68";"CONSOLIDADA";"";"Presencial";
"1217324";"02A";"5752472";"";"";"2048800";"GRADUAÇÃO";"Campus Central";"Faculdade de Farmácia sala 7B5";"2014";"1";"2014-01-27";"2014-06-14";"2N34 4N12";"11";"13";"REGULAR";"f";"2014-06-10 23:45:52.318";"f";"1217323";"66";"CONSOLIDADA";"";"Presencial";
"1217324";"02A";"5754899";"";"";"2048800";"GRADUAÇÃO";"Campus Central";"Faculdade de Farmácia sala 7B5";"2014";"1";"2014-01-27";"2014-06-14";"2N34 4N12";"11";"13";"REGULAR";"f";"2014-06-10 23:45:52.318";"f";"1217323";"66";"CONSOLIDADA";"";"Presencial";
"1217326";"03A";"5752472";"";"";"2048800";"GRADUAÇÃO";"Campus Central";"Faculdade de Farmácia sala 7B9";"2014";"1";"2014-01-27";"2014-06-14";"3T23 5T45";"20";"14";"REGULAR";"f";"2014-06-16 16:50:33.407";"f";"1217325";"68";"CONSOLIDADA";"";"Presencial";
"1217326";"03A";"5754899";"";"";"2048800";"GRADUAÇÃO";"Campus Central";"Faculdade de Farmácia sala 7B9";"2014";"1";"2014-01-27";"2014-06-14";"3T23 5T45";"20";"14";"REGULAR";"f";"2014-06-16 16:50:33.407";"f";"1217325";"68";"CONSOLIDADA";"";"Presencial";
"1217328";"04A";"5754899";"";"";"2048800";"GRADUAÇÃO";"Campus Central";"Faculdade de Farmácia sala 7B5";"2014";"1";"2014-01-27";"2014-06-14";"3M2345";"31";"15";"REGULAR";"f";"2014-06-10 09:25:47.951";"f";"1217327";"68";"CONSOLIDADA";"";"Presencial";
"1217328";"04A";"5752472";"";"";"2048800";"GRADUAÇÃO";"Campus Central";"Faculdade de Farmácia sala 7B5";"2014";"1";"2014-01-27";"2014-06-14";"3M2345";"31";"15";"REGULAR";"f";"2014-06-10 09:25:47.951";"f";"1217327";"68";"CONSOLIDADA";"";"Presencial";
"1217330";"05A";"5754899";"";"";"2048800";"GRADUAÇÃO";"Campus Central";"Faculdade de Farmácia sala 7B5";"2014";"1";"2014-01-27";"2014-06-14";"35M23";"4";"15";"REGULAR";"f";"2014-06-16 16:49:01.184";"f";"1217329";"68";"CONSOLIDADA";"";"Presencial";
"1217330";"05A";"5752472";"";"";"2048800";"GRADUAÇÃO";"Campus Central";"Faculdade de Farmácia sala 7B5";"2014";"1";"2014-01-27";"2014-06-14";"35M23";"4";"15";"REGULAR";"f";"2014-06-16 16:49:01.184";"f";"1217329";"68";"CONSOLIDADA";"";"Presencial";
"1217332";"01A";"22887";"";"";"2048751";"GRADUAÇÃO";"Campus Central";"FF";"2014";"1";"2014-01-27";"2014-06-14";"2N1234 4N12 6N23";"18";"17";"REGULAR";"f";"2014-06-16 19:20:54.972";"f";"1217331";"140";"CONSOLIDADA";"";"Presencial";
"1217332";"01A";"26522";"";"";"2048751";"GRADUAÇÃO";"Campus Central";"FF";"2014";"1";"2014-01-27";"2014-06-14";"2N1234 4N12 6N23";"18";"17";"REGULAR";"f";"2014-06-16 19:20:54.972";"f";"1217331";"140";"CONSOLIDADA";"";"Presencial";
"1217332";"01A";"5752698";"";"";"2048751";"GRADUAÇÃO";"Campus Central";"FF";"2014";"1";"2014-01-27";"2014-06-14";"2N1234 4N12 6N23";"18";"17";"REGULAR";"f";"2014-06-16 19:20:54.972";"f";"1217331";"140";"CONSOLIDADA";"";"Presencial";
"1217332";"01A";"5753585";"";"";"2048751";"GRADUAÇÃO";"Campus Central";"FF";"2014";"1";"2014-01-27";"2014-06-14";"2N1234 4N12 6N23";"18";"17";"REGULAR";"f";"2014-06-16 19:20:54.972";"f";"1217331";"140";"CONSOLIDADA";"";"Presencial";
"1217332";"01A";"5755763";"";"";"2048751";"GRADUAÇÃO";"Campus Central";"FF";"2014";"1";"2014-01-27";"2014-06-14";"2N1234 4N12 6N23";"18";"17";"REGULAR";"f";"2014-06-16 19:20:54.972";"f";"1217331";"140";"CONSOLIDADA";"";"Presencial";
"1217332";"01A";"21848";"";"";"2048751";"GRADUAÇÃO";"Campus Central";"FF";"2014";"1";"2014-01-27";"2014-06-14";"2N1234 4N12 6N23";"18";"17";"REGULAR";"f";"2014-06-16 19:20:54.972";"f";"1217331";"140";"CONSOLIDADA";"";"Presencial";
"1217332";"01A";"23852";"";"";"2048751";"GRADUAÇÃO";"Campus Central";"FF";"2014";"1";"2014-01-27";"2014-06-14";"2N1234 4N12 6N23";"18";"17";"REGULAR";"f";"2014-06-16 19:20:54.972";"f";"1217331";"140";"CONSOLIDADA";"";"Presencial";
"1217332";"01A";"18787";"";"";"2048751";"GRADUAÇÃO";"Campus Central";"FF";"2014";"1";"2014-01-27";"2014-06-14";"2N1234 4N12 6N23";"18";"17";"REGULAR";"f";"2014-06-16 19:20:54.972";"f";"1217331";"140";"CONSOLIDADA";"";"Presencial";
"1217332";"01A";"25091";"";"";"2048751";"GRADUAÇÃO";"Campus Central";"FF";"2014";"1";"2014-01-27";"2014-06-14";"2N1234 4N12 6N23";"18";"17";"REGULAR";"f";"2014-06-16 19:20:54.972";"f";"1217331";"140";"CONSOLIDADA";"";"Presencial";
"1217334";"02A";"18787";"";"";"2048751";"GRADUAÇÃO";"Campus Central";"FF";"2014";"1";"2014-01-27";"2014-06-14";"2N1234 4N12 6N23";"12";"14";"REGULAR";"f";"2014-06-16 19:22:58.796";"f";"1217333";"140";"CONSOLIDADA";"";"Presencial";
"1217334";"02A";"5755763";"";"";"2048751";"GRADUAÇÃO";"Campus Central";"FF";"2014";"1";"2014-01-27";"2014-06-14";"2N1234 4N12 6N23";"12";"14";"REGULAR";"f";"2014-06-16 19:22:58.796";"f";"1217333";"140";"CONSOLIDADA";"";"Presencial";
"1217334";"02A";"23852";"";"";"2048751";"GRADUAÇÃO";"Campus Central";"FF";"2014";"1";"2014-01-27";"2014-06-14";"2N1234 4N12 6N23";"12";"14";"REGULAR";"f";"2014-06-16 19:22:58.796";"f";"1217333";"140";"CONSOLIDADA";"";"Presencial";
"1217334";"02A";"5753585";"";"";"2048751";"GRADUAÇÃO";"Campus Central";"FF";"2014";"1";"2014-01-27";"2014-06-14";"2N1234 4N12 6N23";"12";"14";"REGULAR";"f";"2014-06-16 19:22:58.796";"f";"1217333";"140";"CONSOLIDADA";"";"Presencial";
"1217334";"02A";"5752698";"";"";"2048751";"GRADUAÇÃO";"Campus Central";"FF";"2014";"1";"2014-01-27";"2014-06-14";"2N1234 4N12 6N23";"12";"14";"REGULAR";"f";"2014-06-16 19:22:58.796";"f";"1217333";"140";"CONSOLIDADA";"";"Presencial";
"1217334";"02A";"22887";"";"";"2048751";"GRADUAÇÃO";"Campus Central";"FF";"2014";"1";"2014-01-27";"2014-06-14";"2N1234 4N12 6N23";"12";"14";"REGULAR";"f";"2014-06-16 19:22:58.796";"f";"1217333";"140";"CONSOLIDADA";"";"Presencial";
"1217334";"02A";"25091";"";"";"2048751";"GRADUAÇÃO";"Campus Central";"FF";"2014";"1";"2014-01-27";"2014-06-14";"2N1234 4N12 6N23";"12";"14";"REGULAR";"f";"2014-06-16 19:22:58.796";"f";"1217333";"140";"CONSOLIDADA";"";"Presencial";
"1217336";"05A";"22887";"";"";"2048751";"GRADUAÇÃO";"Campus Central";"FF";"2014";"1";"2014-01-27";"2014-06-14";"2T234 4T123 6T45";"30";"12";"REGULAR";"f";"2014-06-16 19:25:55.401";"f";"1225992";"141";"CONSOLIDADA";"";"Presencial";
"1217336";"05A";"5755763";"";"";"2048751";"GRADUAÇÃO";"Campus Central";"FF";"2014";"1";"2014-01-27";"2014-06-14";"2T234 4T123 6T45";"30";"12";"REGULAR";"f";"2014-06-16 19:25:55.401";"f";"1225992";"141";"CONSOLIDADA";"";"Presencial";
"1217336";"05A";"25091";"";"";"2048751";"GRADUAÇÃO";"Campus Central";"FF";"2014";"1";"2014-01-27";"2014-06-14";"2T234 4T123 6T45";"30";"12";"REGULAR";"f";"2014-06-16 19:25:55.401";"f";"1225992";"141";"CONSOLIDADA";"";"Presencial";
"1217336";"05A";"18787";"";"";"2048751";"GRADUAÇÃO";"Campus Central";"FF";"2014";"1";"2014-01-27";"2014-06-14";"2T234 4T123 6T45";"30";"12";"REGULAR";"f";"2014-06-16 19:25:55.401";"f";"1225992";"141";"CONSOLIDADA";"";"Presencial";
"1217336";"05A";"5753585";"";"";"2048751";"GRADUAÇÃO";"Campus Central";"FF";"2014";"1";"2014-01-27";"2014-06-14";"2T234 4T123 6T45";"30";"12";"REGULAR";"f";"2014-06-16 19:25:55.401";"f";"1225992";"141";"CONSOLIDADA";"";"Presencial";
"1217336";"05A";"5752698";"";"";"2048751";"GRADUAÇÃO";"Campus Central";"FF";"2014";"1";"2014-01-27";"2014-06-14";"2T234 4T123 6T45";"30";"12";"REGULAR";"f";"2014-06-16 19:25:55.401";"f";"1225992";"141";"CONSOLIDADA";"";"Presencial";
"1217336";"05A";"23852";"";"";"2048751";"GRADUAÇÃO";"Campus Central";"FF";"2014";"1";"2014-01-27";"2014-06-14";"2T234 4T123 6T45";"30";"12";"REGULAR";"f";"2014-06-16 19:25:55.401";"f";"1225992";"141";"CONSOLIDADA";"";"Presencial";
"1217338";"04A";"23852";"";"";"2048751";"GRADUAÇÃO";"Campus Central";"FF";"2014";"1";"2014-01-27";"2014-06-14";"2T234 4T123 6T45";"28";"23";"REGULAR";"f";"2014-06-16 19:24:54.767";"f";"1217337";"141";"CONSOLIDADA";"";"Presencial";
"1217338";"04A";"18787";"";"";"2048751";"GRADUAÇÃO";"Campus Central";"FF";"2014";"1";"2014-01-27";"2014-06-14";"2T234 4T123 6T45";"28";"23";"REGULAR";"f";"2014-06-16 19:24:54.767";"f";"1217337";"141";"CONSOLIDADA";"";"Presencial";
"1217338";"04A";"5752698";"";"";"2048751";"GRADUAÇÃO";"Campus Central";"FF";"2014";"1";"2014-01-27";"2014-06-14";"2T234 4T123 6T45";"28";"23";"REGULAR";"f";"2014-06-16 19:24:54.767";"f";"1217337";"141";"CONSOLIDADA";"";"Presencial";
"1217338";"04A";"5755763";"";"";"2048751";"GRADUAÇÃO";"Campus Central";"FF";"2014";"1";"2014-01-27";"2014-06-14";"2T234 4T123 6T45";"28";"23";"REGULAR";"f";"2014-06-16 19:24:54.767";"f";"1217337";"141";"CONSOLIDADA";"";"Presencial";
"1217338";"04A";"21848";"";"";"2048751";"GRADUAÇÃO";"Campus Central";"FF";"2014";"1";"2014-01-27";"2014-06-14";"2T234 4T123 6T45";"28";"23";"REGULAR";"f";"2014-06-16 19:24:54.767";"f";"1217337";"141";"CONSOLIDADA";"";"Presencial";
"1217338";"04A";"26522";"";"";"2048751";"GRADUAÇÃO";"Campus Central";"FF";"2014";"1";"2014-01-27";"2014-06-14";"2T234 4T123 6T45";"28";"23";"REGULAR";"f";"2014-06-16 19:24:54.767";"f";"1217337";"141";"CONSOLIDADA";"";"Presencial";
"1217338";"04A";"22887";"";"";"2048751";"GRADUAÇÃO";"Campus Central";"FF";"2014";"1";"2014-01-27";"2014-06-14";"2T234 4T123 6T45";"28";"23";"REGULAR";"f";"2014-06-16 19:24:54.767";"f";"1217337";"141";"CONSOLIDADA";"";"Presencial";
"1217338";"04A";"5753585";"";"";"2048751";"GRADUAÇÃO";"Campus Central";"FF";"2014";"1";"2014-01-27";"2014-06-14";"2T234 4T123 6T45";"28";"23";"REGULAR";"f";"2014-06-16 19:24:54.767";"f";"1217337";"141";"CONSOLIDADA";"";"Presencial";
"1217338";"04A";"25091";"";"";"2048751";"GRADUAÇÃO";"Campus Central";"FF";"2014";"1";"2014-01-27";"2014-06-14";"2T234 4T123 6T45";"28";"23";"REGULAR";"f";"2014-06-16 19:24:54.767";"f";"1217337";"141";"CONSOLIDADA";"";"Presencial";
"1217340";"01";"23118";"";"";"26954";"GRADUAÇÃO";"Campus Central";"a definir";"2014";"1";"2014-01-27";"2014-06-14";"35N12";"";"35";"REGULAR";"f";"";"f";"";"";"EXCLUÍDA";"";"Presencial";
"1217341";"01";"23118";"";"";"21822";"GRADUAÇÃO";"Campus Central";"MULUNGÚ";"2014";"1";"2014-01-27";"2014-06-14";"24N12";"7";"20";"REGULAR";"f";"2014-06-12 06:00:41.106";"f";"";"68";"CONSOLIDADA";"";"Presencial";
"1217343";"02";"23118";"";"";"26954";"GRADUAÇÃO";"Campus Central";"Sala Pau-brasil";"2014";"1";"2014-01-27";"2014-06-14";"35N12";"34";"40";"REGULAR";"f";"2014-06-10 10:17:56.595";"f";"";"68";"CONSOLIDADA";"";"Presencial";
"1217344";"01";"5753914";"";"";"2049256";"GRADUAÇÃO";"Campus Central";"3G3";"2014";"1";"2014-01-27";"2014-06-14";"24N12";"105";"60";"REGULAR";"f";"2014-06-21 19:41:36.873";"f";"";"72";"CONSOLIDADA";"";"Presencial";
"1217345";"02";"";"994598";"";"2049256";"GRADUAÇÃO";"Campus Central";"3C4";"2014";"1";"2014-01-27";"2014-06-14";"24M34";"55";"60";"REGULAR";"f";"2014-06-13 17:52:48.147";"f";"";"72";"CONSOLIDADA";"";"Presencial";
"1217346";"01";"5754630";"";"";"2049700";"GRADUAÇÃO";"Campus Central";"3H7";"2014";"1";"2014-01-27";"2014-06-14";"36N34";"51";"52";"REGULAR";"f";"2014-06-13 14:21:01.729";"f";"";"70";"CONSOLIDADA";"";"Presencial";
"1217347";"02";"17468";"";"";"2049700";"GRADUAÇÃO";"Campus Central";"3G2";"2014";"1";"2014-01-27";"2014-06-14";"24M12";"59";"55";"REGULAR";"f";"2014-06-10 11:03:21.358";"f";"";"66";"CONSOLIDADA";"";"Presencial";
"1217348";"01";"5753643";"";"";"25792";"GRADUAÇÃO";"Campus Central";"3G4";"2014";"1";"2014-01-27";"2014-06-14";"24N12";"47";"57";"REGULAR";"f";"2014-06-25 11:01:53.816";"f";"";"70";"CONSOLIDADA";"";"Presencial";
"1217349";"02";"5752177";"";"";"25792";"GRADUAÇÃO";"Campus Central";"3G3";"2014";"1";"2014-01-27";"2014-06-14";"24M12";"13";"55";"REGULAR";"f";"2014-06-12 13:48:20.242";"f";"";"70";"CONSOLIDADA";"";"Presencial";
"1217349";"02";"5754978";"";"";"25792";"GRADUAÇÃO";"Campus Central";"3G3";"2014";"1";"2014-01-27";"2014-06-14";"24M12";"13";"55";"REGULAR";"f";"2014-06-12 13:48:20.242";"f";"";"70";"CONSOLIDADA";"";"Presencial";
"1217350";"03";"5754978";"";"";"25792";"GRADUAÇÃO";"Campus Central";"3A1";"2014";"1";"2014-01-27";"2014-06-14";"35T56";"26";"56";"REGULAR";"f";"2014-06-16 07:57:40.267";"f";"";"68";"CONSOLIDADA";"";"Presencial";
"1217351";"05";"19583";"";"";"25799";"GRADUAÇÃO";"Campus Central";"LAB I";"2014";"1";"2014-01-27";"2014-06-14";"5T123";"7";"15";"REGULAR";"f";"2014-06-12 21:45:28.691";"f";"";"51";"CONSOLIDADA";"";"Presencial";
"1217352";"06";"5753013";"";"";"25799";"GRADUAÇÃO";"Campus Central";"LAB I";"2014";"1";"2014-01-27";"2014-06-14";"5T123";"8";"15";"REGULAR";"f";"2014-06-05 18:31:03.234";"f";"";"51";"CONSOLIDADA";"";"Presencial";
"1217353";"01";"5756446";"";"";"24154";"GRADUAÇÃO";"Campus Central";"3E4";"2014";"1";"2014-01-27";"2014-06-14";"2N12 4N1234";"20";"30";"REGULAR";"f";"2014-06-13 21:00:59.335";"f";"";"106";"CONSOLIDADA";"";"Presencial";
"1217353";"01";"5754630";"";"";"24154";"GRADUAÇÃO";"Campus Central";"3E4";"2014";"1";"2014-01-27";"2014-06-14";"2N12 4N1234";"20";"30";"REGULAR";"f";"2014-06-13 21:00:59.335";"f";"";"106";"CONSOLIDADA";"";"Presencial";
"1217354";"01";"5755522";"";"";"24174";"GRADUAÇÃO";"Campus Central";"3E3";"2014";"1";"2014-01-27";"2014-06-14";"35N34";"53";"55";"REGULAR";"f";"2014-06-13 20:50:07.943";"f";"";"66";"CONSOLIDADA";"";"Presencial";
"1217355";"04";"5752177";"";"";"25792";"GRADUAÇÃO";"Campus Central";"3A1";"2014";"1";"2014-01-27";"2014-06-14";"35M12";"17";"50";"REGULAR";"f";"2014-06-13 17:28:45.4";"f";"";"66";"CONSOLIDADA";"";"Presencial";
"1217355";"04";"5756471";"";"";"25792";"GRADUAÇÃO";"Campus Central";"3A1";"2014";"1";"2014-01-27";"2014-06-14";"35M12";"17";"50";"REGULAR";"f";"2014-06-13 17:28:45.4";"f";"";"66";"CONSOLIDADA";"";"Presencial";
"1217356";"02";"36449";"";"";"24154";"GRADUAÇÃO";"Campus Central";"3C1";"2014";"1";"2014-01-27";"2014-06-14";"35M456";"36";"30";"REGULAR";"f";"2014-06-18 15:30:53.063";"f";"";"105";"CONSOLIDADA";"";"Presencial";
"1217357";"07";"19583";"";"";"25799";"GRADUAÇÃO";"Campus Central";"LAB I";"2014";"1";"2014-01-27";"2014-06-14";"4M456";"1";"15";"REGULAR";"f";"2014-06-11 09:14:12.842";"f";"";"51";"CONSOLIDADA";"";"Presencial";
"1217358";"08";"26034";"";"";"25799";"GRADUAÇÃO";"Campus Central";"LAB I";"2014";"1";"2014-01-27";"2014-06-14";"4M456";"6";"15";"REGULAR";"f";"2014-06-10 16:28:16.882";"f";"";"51";"CONSOLIDADA";"";"Presencial";
"1217359";"09";"5753013";"";"";"25799";"GRADUAÇÃO";"Campus Central";"LAB I";"2014";"1";"2014-01-27";"2014-06-14";"4M456";"4";"16";"REGULAR";"f";"2014-06-05 18:32:06.507";"f";"";"54";"CONSOLIDADA";"";"Presencial";
"1217360";"01";"21609";"";"";"24281";"GRADUAÇÃO";"Campus Central";"3E3";"2014";"1";"2014-01-27";"2014-06-14";"35M12";"36";"45";"REGULAR";"f";"2014-06-14 07:03:37.146";"f";"";"74";"CONSOLIDADA";"";"Presencial";
"1217361";"01";"5754978";"";"";"24279";"GRADUAÇÃO";"Campus Central";"LAB III";"2014";"1";"2014-01-27";"2014-06-14";"6M56";"17";"18";"REGULAR";"f";"2014-06-11 15:27:19.099";"f";"";"34";"CONSOLIDADA";"";"Presencial";
"1217362";"02";"5751854";"";"";"24279";"GRADUAÇÃO";"Campus Central";"LAB III";"2014";"1";"2014-01-27";"2014-06-14";"2M56";"15";"15";"REGULAR";"f";"2014-06-11 16:40:11.737";"f";"";"36";"CONSOLIDADA";"";"Presencial";
"1217363";"03";"5751854";"";"";"24279";"GRADUAÇÃO";"Campus Central";"LAB III";"2014";"1";"2014-01-27";"2014-06-14";"4M56";"14";"15";"REGULAR";"f";"2014-06-11 16:44:12.991";"f";"";"38";"CONSOLIDADA";"";"Presencial";
"1217364";"01";"5753645";"";"";"24282";"GRADUAÇÃO";"Campus Central";"3C3";"2014";"1";"2014-01-27";"2014-06-14";"35M56";"65";"52";"REGULAR";"f";"2014-06-18 18:21:34.225";"f";"";"66";"CONSOLIDADA";"";"Presencial";
"1217365";"01";"5752279";"";"";"24296";"GRADUAÇÃO";"Campus Central";"3F5";"2014";"1";"2014-01-27";"2014-06-14";"35M56";"54";"55";"REGULAR";"f";"2014-06-13 21:03:12.247";"f";"";"66";"CONSOLIDADA";"";"Presencial";
"1217365";"01";"5755522";"";"";"24296";"GRADUAÇÃO";"Campus Central";"3F5";"2014";"1";"2014-01-27";"2014-06-14";"35M56";"54";"55";"REGULAR";"f";"2014-06-13 21:03:12.247";"f";"";"66";"CONSOLIDADA";"";"Presencial";
"1217366";"01";"22016";"";"";"25804";"GRADUAÇÃO";"Campus Central";"LAB I";"2014";"1";"2014-01-27";"2014-06-14";"4M56";"24";"20";"REGULAR";"f";"2014-06-24 23:41:20.446";"f";"";"36";"CONSOLIDADA";"";"Presencial";
"1217367";"02";"22016";"";"";"25804";"GRADUAÇÃO";"Campus Central";"LAB I";"2014";"1";"2014-01-27";"2014-06-14";"2M56";"24";"20";"REGULAR";"f";"2014-06-25 15:13:06.462";"f";"";"36";"CONSOLIDADA";"";"Presencial";
"1217368";"01";"5755522";"";"";"25807";"GRADUAÇÃO";"Campus Central";"LAB I";"2014";"1";"2014-01-27";"2014-06-14";"4M12";"18";"20";"REGULAR";"f";"2014-06-13 17:09:09.553";"f";"";"38";"CONSOLIDADA";"";"Presencial";
"1217368";"01";"5756471";"";"";"25807";"GRADUAÇÃO";"Campus Central";"LAB I";"2014";"1";"2014-01-27";"2014-06-14";"4M12";"18";"20";"REGULAR";"f";"2014-06-13 17:09:09.553";"f";"";"38";"CONSOLIDADA";"";"Presencial";
"1217369";"02";"5753645";"";"";"25807";"GRADUAÇÃO";"Campus Central";"LAB I";"2014";"1";"2014-01-27";"2014-06-14";"6M56";"20";"20";"REGULAR";"f";"2014-06-18 18:20:04.61";"f";"";"34";"CONSOLIDADA";"";"Presencial";
"1217370";"01";"18727";"";"";"25800";"GRADUAÇÃO";"Campus Central";"3F6";"2014";"1";"2014-01-27";"2014-06-14";"246M12";"4";"50";"REGULAR";"f";"2014-06-21 00:57:51.376";"f";"";"108";"CONSOLIDADA";"";"Presencial";
"1217371";"02";"5756471";"";"";"25800";"GRADUAÇÃO";"Campus Central";"3F6";"2014";"1";"2014-01-27";"2014-06-14";"246N12";"19";"50";"REGULAR";"f";"2014-06-09 16:27:53.13";"f";"";"100";"CONSOLIDADA";"";"Presencial";
"1217371";"02";"5753012";"";"";"25800";"GRADUAÇÃO";"Campus Central";"3F6";"2014";"1";"2014-01-27";"2014-06-14";"246N12";"19";"50";"REGULAR";"f";"2014-06-09 16:27:53.13";"f";"";"100";"CONSOLIDADA";"";"Presencial";
"1217372";"01";"5755522";"";"";"28211";"GRADUAÇÃO";"Campus Central";"3A4";"2014";"1";"2014-01-27";"2014-06-14";"246M56";"5";"55";"REGULAR";"f";"2014-06-13 21:06:50.462";"f";"";"102";"CONSOLIDADA";"";"Presencial";
"1217372";"01";"5756446";"";"";"28211";"GRADUAÇÃO";"Campus Central";"3A4";"2014";"1";"2014-01-27";"2014-06-14";"246M56";"5";"55";"REGULAR";"f";"2014-06-13 21:06:50.462";"f";"";"102";"CONSOLIDADA";"";"Presencial";
"1217373";"01";"5756471";"";"";"24179";"GRADUAÇÃO";"Campus Central";"3F5";"2014";"1";"2014-01-27";"2014-06-14";"246T34";"16";"40";"REGULAR";"f";"2014-06-13 18:04:19.797";"f";"";"102";"CONSOLIDADA";"";"Presencial";
"1217373";"01";"5752279";"";"";"24179";"GRADUAÇÃO";"Campus Central";"3F5";"2014";"1";"2014-01-27";"2014-06-14";"246T34";"16";"40";"REGULAR";"f";"2014-06-13 18:04:19.797";"f";"";"102";"CONSOLIDADA";"";"Presencial";
"1217374";"01";"5752764";"";"";"2055154";"GRADUAÇÃO";"Campus Central";"3E4";"2014";"1";"2014-01-27";"2014-06-14";"4M56";"43";"61";"REGULAR";"f";"2014-06-20 15:51:59.459";"f";"";"34";"CONSOLIDADA";"";"Presencial";
"1217375";"01";"19097";"";"";"2055155";"GRADUAÇÃO";"Campus Central";"3H1";"2014";"1";"2014-01-27";"2014-06-14";"3N34";"15";"60";"REGULAR";"f";"2014-06-10 09:46:17.228";"f";"";"34";"CONSOLIDADA";"";"Presencial";
"1217377";"02";"19097";"";"";"2055155";"GRADUAÇÃO";"Campus Central";"3H7";"2014";"1";"2014-01-27";"2014-06-14";"4M56";"27";"62";"REGULAR";"f";"2014-06-09 16:43:05.296";"f";"";"36";"CONSOLIDADA";"";"Presencial";
"1217378";"01";"5754630";"";"";"2055885";"GRADUAÇÃO";"Campus Central";"3F2";"2014";"1";"2014-01-27";"2014-06-14";"246M34";"37";"31";"REGULAR";"f";"2014-06-13 14:15:05.458";"f";"";"100";"CONSOLIDADA";"";"Presencial";
"1217378";"01";"5755895";"";"";"2055885";"GRADUAÇÃO";"Campus Central";"3F2";"2014";"1";"2014-01-27";"2014-06-14";"246M34";"37";"31";"REGULAR";"f";"2014-06-13 14:15:05.458";"f";"";"100";"CONSOLIDADA";"";"Presencial";
"1217379";"01";"5753597";"";"";"41407";"GRADUAÇÃO";"Campus Central";"LAB III";"2014";"1";"2014-01-27";"2014-06-14";"3M56  3T1";"4";"20";"REGULAR";"f";"2014-06-20 20:22:35.628";"f";"";"50";"CONSOLIDADA";"";"Presencial";
"1217380";"02";"19097";"";"";"41407";"GRADUAÇÃO";"Campus Central";"LAB III";"2014";"1";"2014-01-27";"2014-06-14";"3M56  3T1";"21";"20";"REGULAR";"f";"2014-06-11 11:50:20.926";"f";"";"54";"CONSOLIDADA";"";"Presencial";
"1217381";"01";"5753597";"";"";"41408";"GRADUAÇÃO";"Campus Central";"LAB III";"2014";"1";"2014-01-27";"2014-06-14";"3T6  3N12";"13";"20";"REGULAR";"f";"2014-06-17 12:07:52.699";"f";"";"51";"CONSOLIDADA";"";"Presencial";
"1217382";"02";"5753629";"";"";"41408";"GRADUAÇÃO";"Campus Central";"LAB III";"2014";"1";"2014-01-27";"2014-06-14";"2M56  2T1";"23";"22";"REGULAR";"f";"2014-06-17 07:33:25.696";"f";"";"54";"CONSOLIDADA";"";"Presencial";
"1217383";"01";"5753629";"";"";"41410";"GRADUAÇÃO";"Campus Central";"LAB III";"2014";"1";"2014-01-27";"2014-06-14";"6T6  6N12";"18";"20";"REGULAR";"f";"2014-06-17 07:25:43.566";"f";"";"57";"CONSOLIDADA";"";"Presencial";
"1217384";"02";"5753629";"";"";"41410";"GRADUAÇÃO";"Campus Central";"LAB III";"2014";"1";"2014-01-27";"2014-06-14";"6M56  6T1";"36";"21";"REGULAR";"f";"2014-06-17 07:21:43.995";"f";"";"57";"CONSOLIDADA";"";"Presencial";
"1217385";"01";"5755041";"";"";"41412";"GRADUAÇÃO";"Campus Central";"3F2";"2014";"1";"2014-01-27";"2014-06-14";"246N12";"10";"30";"REGULAR";"f";"2014-06-11 11:25:49.598";"f";"";"100";"CONSOLIDADA";"";"Presencial";
"1217386";"02";"18727";"";"";"41412";"GRADUAÇÃO";"Campus Central";"3H7";"2014";"1";"2014-01-27";"2014-06-14";"246M34";"11";"50";"REGULAR";"f";"2014-06-21 00:54:12.284";"f";"";"108";"CONSOLIDADA";"";"Presencial";
"1217387";"01";"5755035";"";"";"41460";"GRADUAÇÃO";"Campus Central";"3F6";"2014";"1";"2014-01-27";"2014-06-14";"35M34";"29";"50";"REGULAR";"f";"2014-06-11 17:18:06.17";"f";"";"66";"CONSOLIDADA";"";"Presencial";
"1217389";"01A";"5752661";"";"";"24244";"GRADUAÇÃO";"Campus Central";"3G1";"2014";"1";"2014-01-27";"2014-06-14";"246M12";"32";"30";"REGULAR";"f";"2014-06-18 22:25:53.659";"f";"1217388";"98";"CONSOLIDADA";"";"Presencial";
"1217390";"01";"5756364";"";"";"25786";"GRADUAÇÃO";"Campus Central";"3G2";"2014";"1";"2014-01-27";"2014-06-14";"246N12";"25";"60";"REGULAR";"f";"2014-06-12 22:44:35.059";"f";"";"100";"CONSOLIDADA";"";"Presencial";
"1217391";"02";"5755559";"";"";"25786";"GRADUAÇÃO";"Campus Central";"3F5";"2014";"1";"2014-01-27";"2014-06-14";"246M34";"36";"61";"REGULAR";"f";"2014-06-14 12:19:09.66";"f";"";"98";"CONSOLIDADA";"";"Presencial";
"1217392";"03";"5753668";"";"";"25786";"GRADUAÇÃO";"Campus Central";"3G4";"2014";"1";"2014-01-27";"2014-06-14";"246M34";"5";"61";"REGULAR";"f";"2014-06-21 00:11:38.414";"f";"";"104";"CONSOLIDADA";"";"Presencial";
"1217393";"01";"26034";"";"";"24325";"GRADUAÇÃO";"Campus Central";"3H9";"2014";"1";"2014-01-27";"2014-06-14";"246T56";"54";"55";"REGULAR";"f";"2014-06-16 08:47:25.704";"f";"";"104";"CONSOLIDADA";"";"Presencial";
"1217394";"01";"25146";"";"";"24326";"GRADUAÇÃO";"Campus Central";"3G2";"2014";"1";"2014-01-27";"2014-06-14";"246N34";"15";"25";"REGULAR";"f";"2014-06-16 12:48:50.292";"f";"";"98";"CONSOLIDADA";"";"Presencial";
"1217395";"02";"5751873";"";"";"24326";"GRADUAÇÃO";"Campus Central";"3F2";"2014";"1";"2014-01-27";"2014-06-14";"246M56";"3";"25";"REGULAR";"f";"";"f";"";"";"EXCLUÍDA";"";"Presencial";
"1217396";"03";"36449";"";"";"24326";"GRADUAÇÃO";"Campus Central";"3F5";"2014";"1";"2014-01-27";"2014-06-14";"246M56";"21";"25";"REGULAR";"f";"2014-06-18 15:28:53.48";"f";"";"98";"CONSOLIDADA";"";"Presencial";
"1217397";"01";"25146";"";"";"24329";"GRADUAÇÃO";"Campus Central";"3B4";"2014";"1";"2014-01-27";"2014-06-14";"246N12";"22";"25";"REGULAR";"f";"2014-06-16 12:56:04.679";"f";"";"100";"CONSOLIDADA";"";"Presencial";
"1217398";"02";"5756446";"";"";"24329";"GRADUAÇÃO";"Campus Central";"3F2";"2014";"1";"2014-01-27";"2014-06-14";"246M12";"16";"25";"REGULAR";"f";"2014-06-13 21:03:37.108";"f";"";"108";"CONSOLIDADA";"";"Presencial";
"1217398";"02";"5755895";"";"";"24329";"GRADUAÇÃO";"Campus Central";"3F2";"2014";"1";"2014-01-27";"2014-06-14";"246M12";"16";"25";"REGULAR";"f";"2014-06-13 21:03:37.108";"f";"";"108";"CONSOLIDADA";"";"Presencial";
"1217399";"01";"5752689";"";"";"24333";"GRADUAÇÃO";"Campus Central";"3F5";"2014";"1";"2014-01-27";"2014-06-14";"35M12";"64";"55";"REGULAR";"f";"2014-07-07 11:23:25.309";"f";"";"77";"CONSOLIDADA";"";"Presencial";
"1217400";"01";"26647";"";"";"24335";"GRADUAÇÃO";"Campus Central";"3F6";"2014";"1";"2014-01-27";"2014-06-14";"24M34";"81";"58";"REGULAR";"f";"2014-06-20 19:11:45.021";"f";"";"74";"CONSOLIDADA";"";"Presencial";
"1217401";"01";"5753643";"";"";"24327";"GRADUAÇÃO";"Campus Central";"3F5";"2014";"1";"2014-01-27";"2014-06-14";"35N12";"52";"55";"REGULAR";"f";"2014-06-26 11:08:34.771";"f";"";"66";"CONSOLIDADA";"";"Presencial";
"1217402";"01";"5754978";"";"";"24338";"GRADUAÇÃO";"Campus Central";"3G4";"2014";"1";"2014-01-27";"2014-06-14";"24M12";"32";"50";"REGULAR";"f";"";"f";"";"";"EXCLUÍDA";"";"Presencial";
"1217403";"02";"5752689";"";"";"24338";"GRADUAÇÃO";"Campus Central";"3H6";"2014";"1";"2014-01-27";"2014-06-14";"24M12";"18";"55";"REGULAR";"f";"2014-06-21 11:33:45.942";"f";"";"77";"CONSOLIDADA";"";"Presencial";
"1217404";"01";"21730";"";"";"24344";"GRADUAÇÃO";"Campus Central";"LAB III";"2014";"1";"2014-01-27";"2014-06-14";"5M34";"18";"18";"REGULAR";"f";"2014-06-09 09:08:19.752";"f";"";"34";"CONSOLIDADA";"";"Presencial";
"1217405";"02";"21730";"";"";"24344";"GRADUAÇÃO";"Campus Central";"LAB III";"2014";"1";"2014-01-27";"2014-06-14";"5M56";"18";"18";"REGULAR";"f";"2014-06-10 08:50:45.592";"f";"";"34";"CONSOLIDADA";"";"Presencial";
"1217406";"03";"5754978";"";"";"24344";"GRADUAÇÃO";"Campus Central";"LAB III";"2014";"1";"2014-01-27";"2014-06-14";"5T12";"11";"15";"REGULAR";"f";"2014-06-11 15:26:08.131";"f";"";"34";"CONSOLIDADA";"";"Presencial";
"1217407";"01";"37595";"";"";"24328";"GRADUAÇÃO";"Campus Central";"3G1";"2014";"1";"2014-01-27";"2014-06-14";"24M34";"53";"55";"REGULAR";"f";"2014-06-14 12:24:05.519";"f";"";"72";"CONSOLIDADA";"";"Presencial";
"1217408";"02";"22016";"";"";"24328";"GRADUAÇÃO";"Campus Central";"3H8";"2014";"1";"2014-01-27";"2014-06-14";"24M34";"19";"50";"REGULAR";"f";"2014-06-25 16:06:33.822";"f";"";"72";"CONSOLIDADA";"";"Presencial";
"1217409";"01";"24337";"";"";"24347";"GRADUAÇÃO";"Campus Central";"3G1";"2014";"1";"2014-01-27";"2014-06-14";"35T56";"42";"50";"REGULAR";"f";"2014-06-20 15:44:45.283";"f";"";"74";"CONSOLIDADA";"";"Presencial";
"1217410";"02";"5752279";"";"";"24347";"GRADUAÇÃO";"Campus Central";"3F5";"2014";"1";"2014-01-27";"2014-06-14";"35N34";"38";"50";"REGULAR";"f";"2014-06-18 18:22:53.449";"f";"";"66";"CONSOLIDADA";"";"Presencial";
"1217410";"02";"5753645";"";"";"24347";"GRADUAÇÃO";"Campus Central";"3F5";"2014";"1";"2014-01-27";"2014-06-14";"35N34";"38";"50";"REGULAR";"f";"2014-06-18 18:22:53.449";"f";"";"66";"CONSOLIDADA";"";"Presencial";
"1217411";"01";"5752661";"";"";"24345";"GRADUAÇÃO";"Campus Central";"LAB I";"2014";"1";"2014-01-27";"2014-06-14";"5T56  5N12";"6";"20";"REGULAR";"f";"2014-06-18 22:19:52.806";"f";"";"68";"CONSOLIDADA";"";"Presencial";
"1217413";"01";"37595";"";"";"2055068";"GRADUAÇÃO";"Campus Central";"LAB I";"2014";"1";"2014-01-27";"2014-06-14";"2T123";"12";"20";"REGULAR";"f";"2014-06-14 12:25:39.269";"f";"";"54";"CONSOLIDADA";"";"Presencial";
"1217414";"02";"5756471";"";"";"2055068";"GRADUAÇÃO";"Campus Central";"LAB I";"2014";"1";"2014-01-27";"2014-06-14";"6M234";"22";"21";"REGULAR";"f";"2014-06-13 18:38:57.537";"f";"";"54";"CONSOLIDADA";"";"Presencial";
"1217414";"02";"5755522";"";"";"2055068";"GRADUAÇÃO";"Campus Central";"LAB I";"2014";"1";"2014-01-27";"2014-06-14";"6M234";"22";"21";"REGULAR";"f";"2014-06-13 18:38:57.537";"f";"";"54";"CONSOLIDADA";"";"Presencial";
"1217415";"02";"5755522";"";"";"24345";"GRADUAÇÃO";"Campus Central";"LAB I";"2014";"1";"2014-01-27";"2014-06-14";"6N1234";"16";"20";"REGULAR";"f";"2014-06-13 20:56:03.843";"f";"";"72";"CONSOLIDADA";"";"Presencial";
"1217417";"01";"5752770";"";"";"24348";"GRADUAÇÃO";"Campus Central";"3E3";"2014";"1";"2014-01-27";"2014-06-14";"4T6  4N12";"16";"30";"REGULAR";"f";"2014-06-18 23:45:51.617";"f";"";"54";"CONSOLIDADA";"";"Presencial";
"1217418";"01";"5752770";"";"";"24351";"GRADUAÇÃO";"Campus Central";"3E2";"2014";"1";"2014-01-27";"2014-06-14";"35N123";"30";"30";"REGULAR";"f";"2014-06-23 10:54:09.146";"f";"";"111";"CONSOLIDADA";"";"Presencial";
"1217419";"01";"5753668";"";"";"22935";"GRADUAÇÃO";"Campus Central";"3E2";"2014";"1";"2014-01-27";"2014-06-14";"246T56";"52";"55";"REGULAR";"f";"2014-06-18 14:27:20.664";"f";"";"98";"CONSOLIDADA";"";"Presencial";
"1217420";"01";"5756364";"";"";"24358";"GRADUAÇÃO";"Campus Central";"3E2";"2014";"1";"2014-01-27";"2014-06-14";"24M56";"22";"50";"REGULAR";"f";"2014-06-12 23:01:39.739";"f";"";"74";"CONSOLIDADA";"";"Presencial";
"1217421";"01";"5484636";"";"";"24357";"GRADUAÇÃO";"Campus Central";"LAB III";"2014";"1";"2014-01-27";"2014-06-14";"5N1234";"19";"16";"REGULAR";"f";"2014-06-16 10:26:39.23";"f";"";"72";"CONSOLIDADA";"";"Presencial";
"1217422";"02";"5484636";"";"";"24357";"GRADUAÇÃO";"Campus Central";"LAB III";"2014";"1";"2014-01-27";"2014-06-14";"5M3456";"16";"16";"REGULAR";"f";"2014-06-16 10:29:41.034";"f";"";"72";"CONSOLIDADA";"";"Presencial";
"1217424";"01";"5755895";"";"";"21592";"GRADUAÇÃO";"Campus Central";"3F6";"2014";"1";"2014-01-27";"2014-06-14";"35M56";"47";"50";"REGULAR";"f";"2014-06-13 20:40:52.879";"f";"";"68";"CONSOLIDADA";"";"Presencial";
"1217424";"01";"5756446";"";"";"21592";"GRADUAÇÃO";"Campus Central";"3F6";"2014";"1";"2014-01-27";"2014-06-14";"35M56";"47";"50";"REGULAR";"f";"2014-06-13 20:40:52.879";"f";"";"68";"CONSOLIDADA";"";"Presencial";
"1217425";"01";"19097";"";"";"24363";"GRADUAÇÃO";"Campus Central";"3F3";"2014";"1";"2014-01-27";"2014-06-14";"26N12";"19";"40";"REGULAR";"f";"2014-06-11 11:28:48.56";"f";"";"68";"CONSOLIDADA";"";"Presencial";
"1217426";"01";"5753414";"";"";"53131";"GRADUAÇÃO";"Campus Central";"3C4";"2014";"1";"2014-01-27";"2014-06-14";"35T34";"64";"58";"REGULAR";"f";"2014-06-18 21:47:37.4";"f";"";"72";"CONSOLIDADA";"";"Presencial";
"1217427";"01";"5753673";"";"";"23820";"GRADUAÇÃO";"Campus Central";"Sala II - DBF - CB - Piso Superior";"2014";"1";"2014-01-27";"2014-06-14";"24M12";"16";"35";"REGULAR";"f";"2014-06-09 22:45:22.954";"f";"";"72";"CONSOLIDADA";"";"Presencial";
"1217428";"01";"5753659";"";"";"2055060";"GRADUAÇÃO";"Campus Central";"3F5";"2014";"1";"2014-01-27";"2014-06-14";"35T12";"22";"50";"REGULAR";"f";"2014-06-18 10:20:59.022";"f";"";"68";"CONSOLIDADA";"";"Presencial";
"1217429";"03";"5753914";"";"";"2055068";"GRADUAÇÃO";"Campus Central";"LAB I";"2014";"1";"2014-01-27";"2014-06-14";"5M345";"21";"20";"REGULAR";"f";"2014-06-12 20:18:07.756";"f";"";"54";"CONSOLIDADA";"";"Presencial";
"1217431";"05";"37595";"";"";"2055068";"GRADUAÇÃO";"Campus Central";"LAB I";"2014";"1";"2014-01-27";"2014-06-14";"6T56  6N1";"21";"20";"REGULAR";"f";"2014-06-14 12:26:45.293";"f";"";"54";"CONSOLIDADA";"";"Presencial";
"1217432";"01";"5751873";"";"";"2055883";"GRADUAÇÃO";"Campus Central";"3B3";"2014";"1";"2014-01-27";"2014-06-14";"246T34";"58";"30";"REGULAR";"f";"2014-06-26 17:21:28.188";"f";"";"110";"CONSOLIDADA";"";"Presencial";
"1217433";"02";"23681";"";"";"2055883";"GRADUAÇÃO";"Campus Central";"3F2";"2014";"1";"2014-01-27";"2014-06-14";"246T34";"42";"30";"REGULAR";"f";"2014-06-20 13:36:15.954";"f";"";"102";"CONSOLIDADA";"";"Presencial";
"1217434";"02";"23681";"";"";"2055885";"GRADUAÇÃO";"Campus Central";"3F2";"2014";"1";"2014-01-27";"2014-06-14";"246T56";"34";"30";"REGULAR";"f";"2014-06-20 13:16:24.505";"f";"";"102";"CONSOLIDADA";"";"Presencial";
"1217435";"01";"5754978";"";"";"25819";"GRADUAÇÃO";"Campus Central";"LAB III";"2014";"1";"2014-01-27";"2014-06-14";"6M12";"21";"18";"REGULAR";"f";"2014-06-11 15:29:52.64";"f";"";"34";"CONSOLIDADA";"";"Presencial";
"1217436";"02";"21730";"";"";"25819";"GRADUAÇÃO";"Campus Central";"LAB III";"2014";"1";"2014-01-27";"2014-06-14";"6M34";"14";"18";"REGULAR";"f";"2014-06-09 09:09:13.143";"f";"";"36";"CONSOLIDADA";"";"Presencial";
"1217437";"03";"21730";"";"";"25819";"GRADUAÇÃO";"Campus Central";"LAB III";"2014";"1";"2014-01-27";"2014-06-14";"6T12";"9";"15";"REGULAR";"f";"2014-06-09 09:13:24.509";"f";"";"36";"CONSOLIDADA";"";"Presencial";
"1217438";"04";"23671";"";"";"25786";"GRADUAÇÃO";"Campus Central";"3G2";"2014";"1";"2014-01-27";"2014-06-14";"246T12";"13";"60";"REGULAR";"f";"2014-06-18 09:27:16.549";"f";"";"100";"CONSOLIDADA";"";"Presencial";
"1217440";"01A";"17583";"";"";"2043251";"GRADUAÇÃO";"Campus Central";"Anfiteatro do DBF - CB - Piso Superior";"2014";"1";"2014-01-27";"2014-06-14";"36M56";"5";"60";"REGULAR";"f";"2014-06-11 10:22:31.068";"f";"1217439";"68";"CONSOLIDADA";"";"Presencial";
"1217442";"04";"25146";"";"";"24326";"GRADUAÇÃO";"Campus Central";"3F6";"2014";"1";"2014-01-27";"2014-06-14";"246T34";"37";"45";"REGULAR";"f";"2014-06-16 12:53:20.865";"f";"";"98";"CONSOLIDADA";"";"Presencial";
"1217444";"02";"5754630";"";"";"24335";"GRADUAÇÃO";"Campus Central";"3F6";"2014";"1";"2014-01-27";"2014-06-14";"4T12 6T56";"64";"58";"REGULAR";"f";"2014-06-13 14:24:07.862";"f";"";"68";"CONSOLIDADA";"";"Presencial";
"1217445";"03";"20873";"";"";"24338";"GRADUAÇÃO";"Campus Central";"3F6";"2014";"1";"2014-01-27";"2014-06-14";"35T34";"50";"52";"REGULAR";"f";"2014-06-16 17:32:01.401";"f";"";"68";"CONSOLIDADA";"";"Presencial";
"1217446";"03";"5753914";"";"";"24328";"GRADUAÇÃO";"Campus Central";"3F6";"2014";"1";"2014-01-27";"2014-06-14";"24T56";"77";"56";"REGULAR";"f";"2014-06-21 19:45:11.979";"f";"";"70";"CONSOLIDADA";"";"Presencial";
"1217449";"02";"5755041";"";"";"24358";"GRADUAÇÃO";"Campus Central";"3F6";"2014";"1";"2014-01-27";"2014-06-14";"26T12";"42";"50";"REGULAR";"f";"2014-06-12 14:26:17.34";"f";"";"66";"CONSOLIDADA";"";"Presencial";
"1217450";"01";"22812";"";"";"24365";"GRADUAÇÃO";"Campus Central";"3G1";"2014";"1";"2014-01-27";"2014-06-14";"35T12";"58";"57";"REGULAR";"f";"2014-06-08 11:42:21.356";"f";"";"72";"CONSOLIDADA";"";"Presencial";
"1217451";"01";"23671";"";"";"24353";"GRADUAÇÃO";"Campus Central";"3E2";"2014";"1";"2014-01-27";"2014-06-14";"35T34";"40";"50";"REGULAR";"f";"2014-06-18 09:42:02.68";"f";"";"68";"CONSOLIDADA";"";"Presencial";
"1217452";"01";"";"96560773";"";"2020050";"GRADUAÇÃO";"Campus Central";"3H1";"2014";"1";"2014-01-27";"2014-06-14";"24T56";"16";"70";"REGULAR";"f";"2014-06-22 10:26:16.678";"f";"";"68";"CONSOLIDADA";"";"Presencial";
"1217452";"01";"19584";"";"";"2020050";"GRADUAÇÃO";"Campus Central";"3H1";"2014";"1";"2014-01-27";"2014-06-14";"24T56";"16";"70";"REGULAR";"f";"2014-06-22 10:26:16.678";"f";"";"68";"CONSOLIDADA";"";"Presencial";
"1217453";"01";"5751873";"";"";"2020051";"GRADUAÇÃO";"Campus Central";"3G1";"2014";"1";"2014-01-27";"2014-06-14";"24T56";"41";"50";"REGULAR";"f";"2014-06-25 19:35:46.319";"f";"";"66";"CONSOLIDADA";"";"Presencial";
"1217453";"01";"5753012";"";"";"2020051";"GRADUAÇÃO";"Campus Central";"3G1";"2014";"1";"2014-01-27";"2014-06-14";"24T56";"41";"50";"REGULAR";"f";"2014-06-25 19:35:46.319";"f";"";"66";"CONSOLIDADA";"";"Presencial";
"1217454";"01";"5753414";"";"";"2020151";"GRADUAÇÃO";"Campus Central";"3C4";"2014";"1";"2014-01-27";"2014-06-14";"35T12";"22";"50";"REGULAR";"f";"2014-06-16 16:29:48.718";"f";"";"72";"CONSOLIDADA";"";"Presencial";
"1217455";"01";"5753699";"";"";"2020204";"GRADUAÇÃO";"Campus Central";"3F5";"2014";"1";"2014-01-27";"2014-06-14";"24T12";"36";"50";"REGULAR";"f";"2014-06-11 14:21:08.054";"f";"";"81";"CONSOLIDADA";"";"Presencial";
"1217456";"01";"5753013";"";"";"2020205";"GRADUAÇÃO";"Campus Central";"3G3";"2014";"1";"2014-01-27";"2014-06-14";"24T34";"38";"50";"REGULAR";"f";"2014-06-21 21:57:11.48";"f";"";"70";"CONSOLIDADA";"";"Presencial";
"1217459";"01A";"5752680";"";"";"26572";"GRADUAÇÃO";"Campus Central";"Sala Juazeiro - CB - Bloco das árvores";"2014";"1";"2014-01-27";"2014-06-14";"6T2345";"75";"31";"REGULAR";"f";"2014-06-02 02:26:01.842";"f";"1217458";"68";"CONSOLIDADA";"";"Presencial";
"1217461";"01A";"5753652";"";"";"45257";"GRADUAÇÃO";"Campus Central";"Sala de aula da Física - CB - Piso Superior";"2014";"1";"2014-01-27";"2014-06-14";"2M34";"1";"10";"REGULAR";"f";"2014-06-10 10:50:05.277";"f";"1217460";"34";"CONSOLIDADA";"";"Presencial";
"1217461";"01A";"5755322";"";"";"45257";"GRADUAÇÃO";"Campus Central";"Sala de aula da Física - CB - Piso Superior";"2014";"1";"2014-01-27";"2014-06-14";"2M34";"1";"10";"REGULAR";"f";"2014-06-10 10:50:05.277";"f";"1217460";"34";"CONSOLIDADA";"";"Presencial";
"1217464";"01";"5755322";"";"";"45261";"GRADUAÇÃO";"Campus Central";"Sala de aula da Física - CB - Piso Superior";"2014";"1";"2014-01-27";"2014-06-14";"35M34";"0";"30";"REGULAR";"f";"";"f";"";"";"EXCLUÍDA";"";"Presencial";
"1217464";"01";"3527585";"";"";"45261";"GRADUAÇÃO";"Campus Central";"Sala de aula da Física - CB - Piso Superior";"2014";"1";"2014-01-27";"2014-06-14";"35M34";"0";"30";"REGULAR";"f";"";"f";"";"";"EXCLUÍDA";"";"Presencial";
"1217465";"02";"5755322";"";"";"45261";"GRADUAÇÃO";"Campus Central";"Sala de aula da Física - CB - Piso Superior";"2014";"1";"2014-01-27";"2014-06-14";"35M34";"0";"10";"REGULAR";"f";"";"f";"";"";"EXCLUÍDA";"";"Presencial";
"1217465";"02";"3527585";"";"";"45261";"GRADUAÇÃO";"Campus Central";"Sala de aula da Física - CB - Piso Superior";"2014";"1";"2014-01-27";"2014-06-14";"35M34";"0";"10";"REGULAR";"f";"";"f";"";"";"EXCLUÍDA";"";"Presencial";
"1217466";"10";"5753699";"";"";"25799";"GRADUAÇÃO";"Campus Central";"LAB I";"2014";"1";"2014-01-27";"2014-06-14";"5T123";"12";"17";"REGULAR";"f";"2014-06-14 19:39:32.086";"f";"";"51";"CONSOLIDADA";"";"Presencial";
"1217467";"01";"5756418";"";"";"24761";"GRADUAÇÃO";"Campus Central";"IE2";"2014";"1";"2014-01-27";"2014-06-14";"35M34";"61";"56";"REGULAR";"f";"2014-06-18 10:52:02.558";"f";"";"70";"CONSOLIDADA";"";"Presencial";
"1217468";"02";"5755234";"";"";"24761";"GRADUAÇÃO";"Campus Central";"IE3";"2014";"1";"2014-01-27";"2014-06-14";"46N34";"43";"55";"REGULAR";"f";"2014-06-09 21:44:47.451";"f";"";"72";"CONSOLIDADA";"";"Presencial";
"1217469";"03";"5756292";"";"";"24761";"GRADUAÇÃO";"Campus Central";"VC5";"2014";"1";"2014-01-27";"2014-06-14";"35N12";"34";"30";"REGULAR";"f";"2014-06-13 16:02:29.174";"f";"";"70";"CONSOLIDADA";"";"Presencial";
"1217470";"01";"26522";"";"";"20982";"GRADUAÇÃO";"Campus Central";"FF";"2014";"1";"2014-01-27";"2014-06-14";"2T1234";"67";"31";"REGULAR";"f";"2014-06-18 21:30:59.599";"f";"";"72";"CONSOLIDADA";"";"Presencial";
"1217471";"01";"26416";"";"";"21811";"GRADUAÇÃO";"Campus Central";"Faculdade de Farmácia sala 7B5";"2014";"1";"2014-01-27";"2014-06-14";"4M234";"72";"25";"REGULAR";"f";"2014-06-09 18:53:20.17";"f";"";"51";"CONSOLIDADA";"";"Presencial";
"1217472";"01";"5756383";"";"";"23460";"GRADUAÇÃO";"Campus Central";"ID1";"2014";"1";"2014-01-27";"2014-06-14";"46N12";"1";"45";"REGULAR";"f";"2014-06-14 19:11:13.158";"f";"";"74";"CONSOLIDADA";"";"Presencial";
"1217473";"01";"5752698";"";"";"25965";"GRADUAÇÃO";"Campus Central";"Faculdade de Farmácia sala 7B5";"2014";"1";"2014-01-27";"2014-06-14";"6T123";"104";"32";"REGULAR";"f";"2014-06-16 19:19:20.306";"f";"";"51";"CONSOLIDADA";"";"Presencial";
"1217473";"01";"23147";"";"";"25965";"GRADUAÇÃO";"Campus Central";"Faculdade de Farmácia sala 7B5";"2014";"1";"2014-01-27";"2014-06-14";"6T123";"104";"32";"REGULAR";"f";"2014-06-16 19:19:20.306";"f";"";"51";"CONSOLIDADA";"";"Presencial";
"1217474";"02";"18780";"";"";"20045";"GRADUAÇÃO";"Campus Central";"Laboratório de Uroanálise- Subsolo";"2014";"1";"2014-01-27";"2014-06-14";"2T5234";"26";"10";"REGULAR";"f";"2014-06-11 07:17:27.134";"f";"";"72";"CONSOLIDADA";"";"Presencial";
"1217475";"02";"5756383";"";"";"23460";"GRADUAÇÃO";"Campus Central";"IIIF3";"2014";"1";"2014-01-27";"2014-06-14";"35T56";"6";"30";"REGULAR";"f";"2014-06-11 18:25:48.272";"f";"";"72";"CONSOLIDADA";"";"Presencial";
"1217476";"03";"5753715";"";"";"20045";"GRADUAÇÃO";"Campus Central";"Laboratório de Uroanálise- Subsolo";"2014";"1";"2014-01-27";"2014-06-14";"6M3456";"40";"13";"REGULAR";"f";"2014-06-13 10:15:30.442";"f";"";"72";"CONSOLIDADA";"";"Presencial";
"1217477";"01";"5754352";"";"";"25295";"GRADUAÇÃO";"Campus Currais Novos";"DCSH";"2014";"1";"2014-01-27";"2014-06-14";"45T56";"18";"55";"REGULAR";"f";"2014-06-16 20:40:45.363";"f";"";"74";"CONSOLIDADA";"";"Presencial";
"1217478";"01";"5755118";"";"";"20779";"GRADUAÇÃO";"Campus Currais Novos";"DCSH";"2014";"1";"2014-01-27";"2014-06-14";"3N34 6N12";"12";"55";"REGULAR";"f";"2014-06-20 11:04:29.386";"f";"";"76";"CONSOLIDADA";"";"Presencial";
"1217479";"01";"5752283";"";"";"20768";"GRADUAÇÃO";"Campus Currais Novos";"DCSH";"2014";"1";"2014-01-27";"2014-06-14";"4N34 5N12";"48";"55";"REGULAR";"f";"2014-06-16 17:39:00.407";"f";"";"74";"CONSOLIDADA";"";"Presencial";
"1217480";"01";"22159";"";"";"20753";"GRADUAÇÃO";"Campus Currais Novos";"DCSH";"2014";"1";"2014-01-27";"2014-06-14";"34T34";"10";"55";"REGULAR";"f";"2014-06-06 00:22:26.179";"f";"";"72";"CONSOLIDADA";"";"Presencial";
"1217481";"01";"22159";"";"";"47963";"GRADUAÇÃO";"Campus Currais Novos";"DCSH";"2014";"1";"2014-01-27";"2014-06-14";"34N12";"4";"55";"REGULAR";"f";"2014-06-06 00:01:57.011";"f";"";"72";"CONSOLIDADA";"";"Presencial";
"1217482";"01";"20792";"";"";"26452";"GRADUAÇÃO";"Campus Currais Novos";"DCSH";"2014";"1";"2014-01-27";"2014-06-14";"23T56";"34";"50";"REGULAR";"f";"2014-06-18 16:33:15.384";"f";"";"74";"CONSOLIDADA";"";"Presencial";
"1217482";"01";"5756707";"";"";"26452";"GRADUAÇÃO";"Campus Currais Novos";"DCSH";"2014";"1";"2014-01-27";"2014-06-14";"23T56";"34";"50";"REGULAR";"f";"2014-06-18 16:33:15.384";"f";"";"74";"CONSOLIDADA";"";"Presencial";
"1217483";"01";"5756707";"";"";"47959";"GRADUAÇÃO";"Campus Currais Novos";"DCSH";"2014";"1";"2014-01-27";"2014-06-14";"56N12";"6";"55";"REGULAR";"f";"2014-06-18 17:21:15.531";"f";"";"74";"CONSOLIDADA";"";"Presencial";
"1217483";"01";"20792";"";"";"47959";"GRADUAÇÃO";"Campus Currais Novos";"DCSH";"2014";"1";"2014-01-27";"2014-06-14";"56N12";"6";"55";"REGULAR";"f";"2014-06-18 17:21:15.531";"f";"";"74";"CONSOLIDADA";"";"Presencial";
"1217484";"01";"24415";"";"";"47960";"GRADUAÇÃO";"Campus Currais Novos";"DCSH";"2014";"1";"2014-01-27";"2014-06-14";"25N34";"4";"55";"REGULAR";"f";"2014-06-18 15:43:40.827";"f";"";"70";"CONSOLIDADA";"";"Presencial";
"1217485";"01";"24415";"";"";"20781";"GRADUAÇÃO";"Campus Currais Novos";"DCSH";"2014";"1";"2014-01-27";"2014-06-14";"2N12 3N34";"54";"55";"REGULAR";"f";"2014-06-18 16:06:04.895";"f";"";"70";"CONSOLIDADA";"";"Presencial";
"1217486";"01";"5756380";"";"";"47961";"GRADUAÇÃO";"Campus Currais Novos";"DCSH";"2014";"1";"2014-01-27";"2014-06-14";"34N34";"4";"55";"REGULAR";"f";"2014-06-17 23:05:10.041";"f";"";"76";"CONSOLIDADA";"";"Presencial";
"1217487";"01";"5756380";"";"";"48119";"GRADUAÇÃO";"Campus Currais Novos";"DCSH";"2014";"1";"2014-01-27";"2014-06-14";"3N12 6N34";"39";"55";"REGULAR";"f";"2014-06-17 23:09:02.774";"f";"";"72";"CONSOLIDADA";"";"Presencial";
"1217488";"01";"5756380";"";"";"20790";"GRADUAÇÃO";"Campus Currais Novos";"DCSH";"2014";"1";"2014-01-27";"2014-06-14";"46N12";"46";"55";"REGULAR";"f";"2014-06-17 23:01:09.944";"f";"";"76";"CONSOLIDADA";"";"Presencial";
"1217489";"01";"5755118";"";"";"47962";"GRADUAÇÃO";"Campus Currais Novos";"DCSH";"2014";"1";"2014-01-27";"2014-06-14";"2N12 6N34";"5";"55";"REGULAR";"f";"2014-06-20 11:07:45.208";"f";"";"74";"CONSOLIDADA";"";"Presencial";
"1217491";"01";"26479";"";"";"26433";"GRADUAÇÃO";"Campus Currais Novos";"DCSH";"2014";"1";"2014-01-27";"2014-06-14";"2N34 3N12";"13";"55";"REGULAR";"f";"2014-06-12 22:10:07.184";"f";"";"74";"CONSOLIDADA";"";"Presencial";
"1217492";"01";"26479";"";"";"48047";"GRADUAÇÃO";"Campus Currais Novos";"DCSH";"2014";"1";"2014-01-27";"2014-06-14";"2N12 3N34";"33";"55";"REGULAR";"f";"2014-06-12 22:13:28.596";"f";"";"74";"CONSOLIDADA";"";"Presencial";
"1217493";"01";"5752389";"";"";"48046";"GRADUAÇÃO";"Campus Currais Novos";"DCSH";"2014";"1";"2014-01-27";"2014-06-14";"2N34 6N12";"38";"55";"REGULAR";"f";"2014-06-17 21:13:33.376";"f";"";"74";"CONSOLIDADA";"";"Presencial";
"1217495";"01";"5756342";"";"";"20468";"GRADUAÇÃO";"Campus Currais Novos";"DCSH";"2014";"1";"2014-01-27";"2014-06-14";"25N34";"44";"55";"REGULAR";"f";"2014-06-15 11:27:49.522";"f";"";"66";"CONSOLIDADA";"";"Presencial";
"1217496";"01";"5756707";"";"";"48045";"GRADUAÇÃO";"Campus Currais Novos";"DCSH";"2014";"1";"2014-01-27";"2014-06-14";"4N12 5N34";"37";"55";"REGULAR";"f";"2014-06-18 16:35:56.895";"f";"";"74";"CONSOLIDADA";"";"Presencial";
"1217496";"01";"20792";"";"";"48045";"GRADUAÇÃO";"Campus Currais Novos";"DCSH";"2014";"1";"2014-01-27";"2014-06-14";"4N12 5N34";"37";"55";"REGULAR";"f";"2014-06-18 16:35:56.895";"f";"";"74";"CONSOLIDADA";"";"Presencial";
"1217497";"01";"20829";"";"";"48048";"GRADUAÇÃO";"Campus Currais Novos";"DCSH";"2014";"1";"2014-01-27";"2014-06-14";"4N34 5N12";"38";"55";"REGULAR";"f";"2014-06-13 11:26:49.441";"f";"";"72";"CONSOLIDADA";"";"Presencial";
"1217498";"01";"5756342";"";"";"24560";"GRADUAÇÃO";"Campus Currais Novos";"DCSH";"2014";"1";"2014-01-27";"2014-06-14";"4N1234";"24";"55";"REGULAR";"f";"2014-06-15 11:33:17.149";"f";"";"72";"CONSOLIDADA";"";"Presencial";
"1217499";"01";"5752283";"";"";"26448";"GRADUAÇÃO";"Campus Currais Novos";"DCSH";"2014";"1";"2014-01-27";"2014-06-14";"45T34";"";"55";"REGULAR";"f";"";"f";"";"";"EXCLUÍDA";"";"Presencial";
"1217500";"01";"5756616";"";"";"20076";"GRADUAÇÃO";"Campus Currais Novos";"DCSH";"2014";"1";"2014-01-27";"2014-06-14";"3N12 6N34";"47";"55";"REGULAR";"f";"2014-06-18 16:53:22.799";"f";"";"66";"CONSOLIDADA";"";"Presencial";
"1217501";"01";"5756407";"";"";"52704";"GRADUAÇÃO";"Campus Currais Novos";"DCSH - Campus de Currais Novos";"2014";"1";"2014-01-27";"2014-06-14";"4T12 5T34";"";"55";"REGULAR";"f";"2014-06-20 16:13:54.954";"f";"";"78";"CONSOLIDADA";"";"Presencial";
"1217502";"01";"5756230";"";"";"26435";"GRADUAÇÃO";"Campus Currais Novos";"DCSH - Campus de Currais Novos";"2014";"1";"2014-01-27";"2014-06-14";"2T12 3T34";"2";"55";"REGULAR";"f";"2014-06-21 13:50:14.169";"f";"";"72";"CONSOLIDADA";"";"Presencial";
"1217503";"01";"19063";"";"";"26436";"GRADUAÇÃO";"Campus Currais Novos";"DCSH - Campus de Currais Novos";"2014";"1";"2014-01-27";"2014-06-14";"3T12 4T34";"10";"56";"REGULAR";"f";"2014-06-20 19:26:34.226";"f";"";"72";"CONSOLIDADA";"";"Presencial";
"1217504";"03";"5754340";"";"";"23460";"GRADUAÇÃO";"Campus Central";"IIIB2";"2014";"1";"2014-01-27";"2014-06-14";"35N34";"12";"30";"REGULAR";"f";"2014-06-20 19:20:25.134";"f";"";"72";"CONSOLIDADA";"";"Presencial";
"1217505";"01";"5755795";"";"";"24834";"GRADUAÇÃO";"Campus Central";"IH8";"2014";"1";"2014-01-27";"2014-06-14";"46N34";"33";"50";"REGULAR";"f";"2014-06-17 14:21:36.471";"f";"";"76";"CONSOLIDADA";"";"Presencial";
"1217506";"01";"5755514";"";"";"43377";"GRADUAÇÃO";"Campus Central";"Setor IV - SALA A10";"2014";"1";"2014-01-27";"2014-06-14";"35N123";"12";"25";"REGULAR";"f";"2014-06-14 13:08:32.017";"f";"";"111";"CONSOLIDADA";"";"Presencial";
"1217506";"01";"5755981";"";"";"43377";"GRADUAÇÃO";"Campus Central";"Setor IV - SALA A10";"2014";"1";"2014-01-27";"2014-06-14";"35N123";"12";"25";"REGULAR";"f";"2014-06-14 13:08:32.017";"f";"";"111";"CONSOLIDADA";"";"Presencial";
"1217507";"01";"63227";"";"";"2055017";"GRADUAÇÃO";"Campus Central";"Setor IV - SALA B3";"2014";"1";"2014-01-27";"2014-06-14";"24T34";"11";"25";"REGULAR";"f";"2014-06-21 23:54:56.601";"f";"";"66";"CONSOLIDADA";"";"Presencial";
"1217508";"01";"26206";"";"";"43378";"GRADUAÇÃO";"Campus Central";"LABTEX - Bloco 19";"2014";"1";"2014-01-27";"2014-06-14";"3T56 5T3456";"7";"20";"REGULAR";"f";"2014-06-18 08:33:42.374";"f";"";"98";"CONSOLIDADA";"";"Presencial";
"1217509";"01";"26206";"";"";"2055008";"GRADUAÇÃO";"Campus Central";"LABTEX - Bloco 19";"2014";"1";"2014-01-27";"2014-06-14";"6T3456";"12";"20";"REGULAR";"f";"2014-06-18 08:29:03.56";"f";"";"72";"CONSOLIDADA";"";"Presencial";
"1217511";"01";"5754539";"";"";"2055027";"GRADUAÇÃO";"Campus Central";"Setor IV - SALA C4";"2014";"1";"2014-01-27";"2014-06-14";"24N12";"6";"20";"REGULAR";"f";"2014-06-20 13:56:52.478";"f";"";"74";"CONSOLIDADA";"";"Presencial";
"1217512";"01";"5754539";"";"";"2055026";"GRADUAÇÃO";"Campus Central";"Setor IV - SALA 4A9";"2014";"1";"2014-01-27";"2014-06-14";"35N12";"17";"20";"REGULAR";"f";"2014-06-20 13:59:11.336";"f";"";"68";"CONSOLIDADA";"";"Presencial";
"1217513";"01";"5753872";"";"";"43375";"GRADUAÇÃO";"Campus Central";"LABTEX - Bloco 18";"2014";"1";"2014-01-27";"2014-06-14";"5T56 6T3456";"8";"25";"REGULAR";"f";"2014-06-12 21:17:48.17";"f";"";"116";"CONSOLIDADA";"";"Presencial";
"1217513";"01";"24793";"";"";"43375";"GRADUAÇÃO";"Campus Central";"LABTEX - Bloco 18";"2014";"1";"2014-01-27";"2014-06-14";"5T56 6T3456";"8";"25";"REGULAR";"f";"2014-06-12 21:17:48.17";"f";"";"116";"CONSOLIDADA";"";"Presencial";
"1217514";"01";"63864";"";"";"2055019";"GRADUAÇÃO";"Campus Central";"Labtex - Bloco 18";"2014";"1";"2014-01-27";"2014-06-14";"2T3456";"17";"20";"REGULAR";"f";"2014-06-20 11:48:48.623";"f";"";"72";"CONSOLIDADA";"";"Presencial";
"1217515";"01";"21348";"";"";"2054976";"GRADUAÇÃO";"Campus Central";"LABTEX";"2014";"1";"2014-01-27";"2014-06-14";"35T56";"12";"20";"REGULAR";"f";"2014-06-17 19:31:48.018";"f";"";"66";"CONSOLIDADA";"";"Presencial";
"1217516";"01";"5754328";"";"";"2055005";"GRADUAÇÃO";"Campus Central";"LABCAD - Bloco 19";"2014";"1";"2014-01-27";"2014-06-14";"4T3456";"14";"20";"REGULAR";"f";"2014-06-17 23:21:26.941";"f";"";"76";"CONSOLIDADA";"";"Presencial";
"1217517";"01";"5754328";"";"";"2054975";"GRADUAÇÃO";"Campus Central";"LABTEX";"2014";"1";"2014-01-27";"2014-06-14";"2T3456";"9";"20";"REGULAR";"f";"2014-06-17 23:26:12.571";"f";"";"72";"CONSOLIDADA";"";"Presencial";
"1217518";"01";"5755498";"";"";"2055012";"GRADUAÇÃO";"Campus Central";"Setor IV - SALA F4";"2014";"1";"2014-01-27";"2014-06-14";"24N12";"4";"25";"REGULAR";"f";"2014-06-19 02:55:25.538";"f";"";"66";"CONSOLIDADA";"";"Presencial";
"1217519";"01";"5755577";"";"";"48494";"GRADUAÇÃO";"Campus Central";"IIIG2";"2014";"1";"2014-01-27";"2014-06-14";"35N12";"14";"40";"REGULAR";"f";"2014-06-19 16:39:53.874";"f";"";"68";"CONSOLIDADA";"";"Presencial";
"1217520";"01";"5755074";"";"";"48493";"GRADUAÇÃO";"Campus Central";"3G2";"2014";"1";"2014-01-27";"2014-06-14";"35N34";"36";"40";"REGULAR";"f";"2014-06-13 09:46:32.524";"f";"";"68";"CONSOLIDADA";"";"Presencial";
"1217521";"01";"3588459";"";"";"22805";"GRADUAÇÃO";"Campus Central";"3G4";"2014";"1";"2014-01-27";"2014-06-14";"35M34";"1";"5";"REGULAR";"f";"2014-06-15 05:55:51.043";"f";"";"74";"CONSOLIDADA";"";"Presencial";
"1217522";"01";"5755041";"";"";"55033";"GRADUAÇÃO";"Campus Central";"3G3";"2014";"1";"2014-01-27";"2014-06-14";"35T56";"49";"50";"REGULAR";"f";"2014-06-12 22:54:17.651";"f";"";"72";"CONSOLIDADA";"";"Presencial";
"1217522";"01";"5752764";"";"";"55033";"GRADUAÇÃO";"Campus Central";"3G3";"2014";"1";"2014-01-27";"2014-06-14";"35T56";"49";"50";"REGULAR";"f";"2014-06-12 22:54:17.651";"f";"";"72";"CONSOLIDADA";"";"Presencial";
"1217522";"01";"5756364";"";"";"55033";"GRADUAÇÃO";"Campus Central";"3G3";"2014";"1";"2014-01-27";"2014-06-14";"35T56";"49";"50";"REGULAR";"f";"2014-06-12 22:54:17.651";"f";"";"72";"CONSOLIDADA";"";"Presencial";
"1217524";"01";"5756440";"";"";"20772";"GRADUAÇÃO";"Campus Currais Novos";"DCSH";"2014";"1";"2014-01-27";"2014-06-14";"2T12 3T56";"6";"50";"REGULAR";"f";"2014-06-26 22:52:30.867";"f";"";"74";"CONSOLIDADA";"";"Presencial";
"1217525";"01";"5756230";"";"";"26440";"GRADUAÇÃO";"Campus Currais Novos";"DCSH";"2014";"1";"2014-01-27";"2014-06-14";"4M2345";"5";"50";"REGULAR";"f";"2014-06-13 14:13:35.274";"f";"";"70";"CONSOLIDADA";"";"Presencial";
"1217526";"01";"5756230";"";"";"26445";"GRADUAÇÃO";"Campus Currais Novos";"DCSH";"2014";"1";"2014-01-27";"2014-06-14";"3M2345";"";"50";"REGULAR";"f";"";"f";"";"";"EXCLUÍDA";"";"Presencial";
"1217527";"01";"5752040";"";"";"26446";"GRADUAÇÃO";"Campus Currais Novos";"DCSH";"2014";"1";"2014-01-27";"2014-06-14";"6M2345";"20";"50";"REGULAR";"f";"2014-06-13 18:16:58.879";"f";"";"76";"CONSOLIDADA";"";"Presencial";
"1217528";"01";"5752040";"";"";"26447";"GRADUAÇÃO";"Campus Currais Novos";"DCSH";"2014";"1";"2014-01-27";"2014-06-14";"56T12";"36";"50";"REGULAR";"f";"2014-06-18 13:04:51.115";"f";"";"72";"CONSOLIDADA";"";"Presencial";
"1217529";"01";"5756440";"";"";"26453";"GRADUAÇÃO";"Campus Currais Novos";"DCSH";"2014";"1";"2014-01-27";"2014-06-14";"2T34 3T12";"32";"50";"REGULAR";"f";"2014-06-26 23:49:58.63";"f";"";"74";"CONSOLIDADA";"";"Presencial";
"1217530";"01";"5755919";"";"";"20823";"GRADUAÇÃO";"Campus Currais Novos";"DCSH";"2014";"1";"2014-01-27";"2014-06-14";"45T34";"32";"50";"REGULAR";"f";"2014-06-11 15:59:42.31";"f";"";"70";"CONSOLIDADA";"";"Presencial";
"1217531";"01";"5755268";"";"";"20824";"GRADUAÇÃO";"Campus Currais Novos";"DCSH";"2014";"1";"2014-01-27";"2014-06-14";"2T12 3T34";"26";"50";"REGULAR";"f";"2014-06-11 20:39:45.118";"f";"";"79";"CONSOLIDADA";"";"Presencial";
"1217532";"01";"5752389";"";"";"26455";"GRADUAÇÃO";"Campus Currais Novos";"DCSH";"2014";"1";"2014-01-27";"2014-06-14";"2T56 3T34";"32";"50";"REGULAR";"f";"2014-06-17 21:16:10.464";"f";"";"76";"CONSOLIDADA";"";"Presencial";
"1217533";"01";"5753811";"";"";"26458";"GRADUAÇÃO";"Campus Currais Novos";"DCSH";"2014";"1";"2014-01-27";"2014-06-14";"2T34 3T12";"9";"50";"REGULAR";"f";"2014-06-13 13:59:11.44";"f";"";"70";"CONSOLIDADA";"";"Presencial";
"1217534";"01";"5753903";"";"";"26461";"GRADUAÇÃO";"Campus Currais Novos";"DCSH";"2014";"1";"2014-01-27";"2014-06-14";"5M2345";"13";"30";"REGULAR";"f";"2014-06-18 09:31:22.252";"f";"";"74";"CONSOLIDADA";"";"Presencial";
"1217535";"01";"5756440";"";"";"26462";"GRADUAÇÃO";"Campus Currais Novos";"DCSH";"2014";"1";"2014-01-27";"2014-06-14";"3M2345";"23";"50";"REGULAR";"f";"2014-06-26 22:18:09.712";"f";"";"76";"CONSOLIDADA";"";"Presencial";
"1217536";"01";"5756407";"";"";"2054355";"GRADUAÇÃO";"Campus Currais Novos";"DCSH";"2014";"1";"2014-01-27";"2014-06-14";"4T56";"19";"50";"REGULAR";"f";"2014-06-20 16:16:22.983";"f";"";"36";"CONSOLIDADA";"";"Presencial";
"1217537";"01";"5751848";"";"";"2054362";"GRADUAÇÃO";"Campus Currais Novos";"DCSH";"2014";"1";"2014-01-27";"2014-06-14";"4M2345";"";"50";"REGULAR";"f";"";"f";"";"";"EXCLUÍDA";"";"Presencial";
"1217538";"01";"5754336";"";"";"2049558";"GRADUAÇÃO";"Campus Santa Cruz";"Bloco I - Sala 7";"2014";"1";"2014-01-27";"2014-06-14";"3T34";"38";"40";"REGULAR";"f";"2014-06-12 22:05:50.93";"f";"";"38";"CONSOLIDADA";"";"Presencial";
"1217539";"01";"5756262";"";"";"2045059";"GRADUAÇÃO";"Campus Santa Cruz";"Bloco I - Sala 7";"2014";"1";"2014-01-27";"2014-06-14";"24T34";"43";"50";"REGULAR";"f";"2014-06-13 09:02:39.829";"f";"";"74";"CONSOLIDADA";"";"Presencial";
"1217540";"01";"5755535";"";"";"2045053";"GRADUAÇÃO";"Campus Santa Cruz";"Bloco I - Sala 7";"2014";"1";"2014-01-27";"2014-06-14";"6M123";"37";"40";"REGULAR";"f";"2014-06-12 14:21:57.601";"f";"";"51";"CONSOLIDADA";"";"Presencial";
"1217540";"01";"5755314";"";"";"2045053";"GRADUAÇÃO";"Campus Santa Cruz";"Bloco I - Sala 7";"2014";"1";"2014-01-27";"2014-06-14";"6M123";"37";"40";"REGULAR";"f";"2014-06-12 14:21:57.601";"f";"";"51";"CONSOLIDADA";"";"Presencial";
"1217541";"01";"5752021";"";"";"2045058";"GRADUAÇÃO";"Campus Santa Cruz";"Bloco I - Sala 7";"2014";"1";"2014-01-27";"2014-06-14";"24T56";"42";"40";"REGULAR";"f";"2014-06-14 21:12:34.01";"f";"";"72";"CONSOLIDADA";"";"Presencial";
"1217541";"01";"5755460";"";"";"2045058";"GRADUAÇÃO";"Campus Santa Cruz";"Bloco I - Sala 7";"2014";"1";"2014-01-27";"2014-06-14";"24T56";"42";"40";"REGULAR";"f";"2014-06-14 21:12:34.01";"f";"";"72";"CONSOLIDADA";"";"Presencial";
"1217542";"01";"5752602";"";"";"2049569";"GRADUAÇÃO";"Campus Santa Cruz";"Bloco I - Sala 7";"2014";"1";"2014-01-27";"2014-06-14";"35T56";"";"40";"REGULAR";"f";"";"f";"";"";"EXCLUÍDA";"";"Presencial";
"1217543";"01";"5756628";"";"";"2049574";"GRADUAÇÃO";"Campus Santa Cruz";"Bloco I - Sala 1";"2014";"1";"2014-01-27";"2014-06-14";"4T456";"34";"40";"REGULAR";"f";"2014-06-11 20:29:38.623";"f";"";"57";"CONSOLIDADA";"";"Presencial";
"1217543";"01";"5752315";"";"";"2049574";"GRADUAÇÃO";"Campus Santa Cruz";"Bloco I - Sala 1";"2014";"1";"2014-01-27";"2014-06-14";"4T456";"34";"40";"REGULAR";"f";"2014-06-11 20:29:38.623";"f";"";"57";"CONSOLIDADA";"";"Presencial";
"1217544";"01";"5756089";"";"";"2049551";"GRADUAÇÃO";"Campus Santa Cruz";"Bloco I - Sala 7";"2014";"1";"2014-01-27";"2014-06-14";"2T12";"27";"40";"REGULAR";"f";"2014-06-13 15:17:31.57";"f";"";"34";"CONSOLIDADA";"";"Presencial";
"1217544";"01";"5756467";"";"";"2049551";"GRADUAÇÃO";"Campus Santa Cruz";"Bloco I - Sala 7";"2014";"1";"2014-01-27";"2014-06-14";"2T12";"27";"40";"REGULAR";"f";"2014-06-13 15:17:31.57";"f";"";"34";"CONSOLIDADA";"";"Presencial";
"1217546";"01A";"5756467";"";"";"48627";"GRADUAÇÃO";"Campus Santa Cruz";"Bloco I - Sala 1";"2014";"1";"2014-01-27";"2014-06-14";"3T234 5T23";"40";"45";"REGULAR";"f";"2014-06-21 20:52:27.487";"f";"1217545";"93";"CONSOLIDADA";"";"Presencial";
"1217546";"01A";"5752604";"";"";"48627";"GRADUAÇÃO";"Campus Santa Cruz";"Bloco I - Sala 1";"2014";"1";"2014-01-27";"2014-06-14";"3T234 5T23";"40";"45";"REGULAR";"f";"2014-06-21 20:52:27.487";"f";"1217545";"93";"CONSOLIDADA";"";"Presencial";
"1217547";"01";"5754538";"";"";"46955";"GRADUAÇÃO";"Campus Central";"4A9";"2014";"1";"2014-01-27";"2014-06-14";"35M12";"36";"50";"REGULAR";"f";"2014-06-18 06:49:03.114";"f";"";"66";"CONSOLIDADA";"";"Presencial";
"1217548";"02";"5756684";"";"";"46955";"GRADUAÇÃO";"Campus Central";"4A2";"2014";"1";"2014-01-27";"2014-06-14";"35T56";"22";"50";"REGULAR";"f";"2014-06-17 23:21:35.301";"f";"";"74";"CONSOLIDADA";"";"Presencial";
"1217549";"01";"5756467";"";"";"48531";"GRADUAÇÃO";"Campus Santa Cruz";"Bloco I - Sala 1";"2014";"1";"2014-01-27";"2014-06-14";"2M456";"37";"40";"REGULAR";"f";"2014-06-13 15:12:08.059";"f";"";"54";"CONSOLIDADA";"";"Presencial";
"1217549";"01";"5756089";"";"";"48531";"GRADUAÇÃO";"Campus Santa Cruz";"Bloco I - Sala 1";"2014";"1";"2014-01-27";"2014-06-14";"2M456";"37";"40";"REGULAR";"f";"2014-06-13 15:12:08.059";"f";"";"54";"CONSOLIDADA";"";"Presencial";
"1217550";"01";"22798";"";"";"24744";"GRADUAÇÃO";"Campus Central";"3A2";"2014";"1";"2014-01-27";"2014-06-14";"246T34";"7";"60";"REGULAR";"f";"2014-06-10 12:39:53.052";"f";"";"108";"CONSOLIDADA";"";"Presencial";
"1217551";"02";"17497";"";"";"24744";"GRADUAÇÃO";"Campus Central";"3A1";"2014";"1";"2014-01-27";"2014-06-14";"246N12";"30";"60";"REGULAR";"f";"2014-06-20 21:52:40.014";"f";"";"110";"CONSOLIDADA";"";"Presencial";
"1217552";"01";"3020099";"";"";"23505";"GRADUAÇÃO";"Campus Central";"3A1";"2014";"1";"2014-01-27";"2014-06-14";"246T56";"13";"60";"REGULAR";"f";"2014-06-20 16:13:55.696";"f";"";"110";"CONSOLIDADA";"";"Presencial";
"1217553";"01";"5752629";"";"";"20028";"GRADUAÇÃO";"Campus Central";"3A3";"2014";"1";"2014-01-27";"2014-06-14";"246T34";"8";"40";"REGULAR";"f";"2014-06-26 19:59:14.582";"f";"";"112";"CONSOLIDADA";"";"Presencial";
"1217554";"01";"23186";"";"";"23471";"GRADUAÇÃO";"Campus Central";"3A3";"2014";"1";"2014-01-27";"2014-06-14";"246T56";"7";"40";"REGULAR";"f";"2014-06-20 07:53:23.203";"f";"";"112";"CONSOLIDADA";"";"Presencial";
"1217555";"01";"17497";"";"";"24746";"GRADUAÇÃO";"Campus Central";"3A4";"2014";"1";"2014-01-27";"2014-06-14";"246T56";"29";"60";"REGULAR";"f";"2014-06-20 18:38:20.852";"f";"";"112";"CONSOLIDADA";"";"Presencial";
"1217556";"01";"22798";"";"";"25681";"GRADUAÇÃO";"Campus Central";"3A2";"2014";"1";"2014-01-27";"2014-06-14";"246T56";"13";"64";"REGULAR";"f";"2014-06-10 10:13:13.041";"f";"";"108";"CONSOLIDADA";"";"Presencial";
"1217557";"02";"5752299";"";"";"25681";"GRADUAÇÃO";"Campus Central";"3A3";"2014";"1";"2014-01-27";"2014-06-14";"246N12";"30";"67";"REGULAR";"f";"2014-06-25 09:44:40.978";"f";"";"110";"CONSOLIDADA";"";"Presencial";
"1217558";"01";"5752280";"";"";"25687";"GRADUAÇÃO";"Campus Central";"3F4";"2014";"1";"2014-01-27";"2014-06-14";"35T56";"14";"36";"REGULAR";"f";"2014-06-20 17:37:51.422";"f";"";"68";"CONSOLIDADA";"";"Presencial";
"1217558";"01";"23205";"";"";"25687";"GRADUAÇÃO";"Campus Central";"3F4";"2014";"1";"2014-01-27";"2014-06-14";"35T56";"14";"36";"REGULAR";"f";"2014-06-20 17:37:51.422";"f";"";"68";"CONSOLIDADA";"";"Presencial";
"1217559";"02";"5752280";"";"";"25687";"GRADUAÇÃO";"Campus Central";"3G4";"2014";"1";"2014-01-27";"2014-06-14";"35N12";"9";"66";"REGULAR";"f";"2014-06-20 00:08:11.457";"f";"";"70";"CONSOLIDADA";"";"Presencial";
"1217559";"02";"23205";"";"";"25687";"GRADUAÇÃO";"Campus Central";"3G4";"2014";"1";"2014-01-27";"2014-06-14";"35N12";"9";"66";"REGULAR";"f";"2014-06-20 00:08:11.457";"f";"";"70";"CONSOLIDADA";"";"Presencial";
"1217561";"02";"5753902";"";"";"23587";"GRADUAÇÃO";"Campus Central";"SETOR III";"2014";"1";"2014-01-27";"2014-06-14";"246N12";"59";"60";"REGULAR";"f";"2014-06-19 23:47:47.166";"f";"";"112";"CONSOLIDADA";"";"Presencial";
"1217562";"01";"26411";"";"";"25679";"GRADUAÇÃO";"Campus Central";"3C3";"2014";"1";"2014-01-27";"2014-06-14";"246T34";"5";"50";"REGULAR";"f";"2014-06-18 09:46:04.187";"f";"";"108";"CONSOLIDADA";"";"Presencial";
"1217563";"01";"5752299";"";"";"27828";"GRADUAÇÃO";"Campus Central";"3D3 LABORATÓRIO";"2014";"1";"2014-01-27";"2014-06-14";"35T12";"12";"30";"REGULAR";"f";"2014-06-26 11:27:15.767";"f";"";"74";"CONSOLIDADA";"";"Presencial";
"1217564";"02";"18485";"";"";"27828";"GRADUAÇÃO";"Campus Central";"3D3 LABORATÓRIO";"2014";"1";"2014-01-27";"2014-06-14";"35T56";"11";"30";"REGULAR";"f";"2014-06-10 16:12:06.216";"f";"";"66";"CONSOLIDADA";"";"Presencial";
"1217565";"01";"18485";"";"";"23598";"GRADUAÇÃO";"Campus Central";"3D3 LABORATÓRIO";"2014";"1";"2014-01-27";"2014-06-14";"5T34";"9";"30";"REGULAR";"f";"2014-06-10 16:18:34.514";"f";"";"34";"CONSOLIDADA";"";"Presencial";
"1217566";"01";"5755581";"";"";"23595";"GRADUAÇÃO";"Campus Central";"SETOR III";"2014";"1";"2014-01-27";"2014-06-14";"7M1234";"13";"60";"REGULAR";"f";"2014-06-13 10:10:58.058";"f";"";"72";"CONSOLIDADA";"";"Presencial";
"1217567";"01";"5752196";"";"";"23581";"GRADUAÇÃO";"Campus Central";"3E4";"2014";"1";"2014-01-27";"2014-06-14";"246M12";"13";"60";"REGULAR";"f";"2014-06-16 10:22:08.918";"f";"";"104";"CONSOLIDADA";"";"Presencial";
"1217568";"02";"5755053";"";"";"23581";"GRADUAÇÃO";"Campus Central";"3C2";"2014";"1";"2014-01-27";"2014-06-14";"246N12";"28";"60";"REGULAR";"f";"2014-06-15 10:47:02.549";"f";"";"112";"CONSOLIDADA";"";"Presencial";
"1217569";"01";"26411";"";"";"23600";"GRADUAÇÃO";"Campus Central";"3C2";"2014";"1";"2014-01-27";"2014-06-14";"246T56";"5";"60";"REGULAR";"f";"2014-06-12 08:48:47.893";"f";"";"110";"CONSOLIDADA";"";"Presencial";
"1217570";"01";"5751934";"";"";"23607";"GRADUAÇÃO";"Campus Central";"3B4";"2014";"1";"2014-01-27";"2014-06-14";"246M34";"4";"40";"REGULAR";"f";"2014-06-14 15:48:05.593";"f";"";"104";"CONSOLIDADA";"";"Presencial";
"1217571";"02";"5755053";"";"";"23607";"GRADUAÇÃO";"Campus Central";"3B2";"2014";"1";"2014-01-27";"2014-06-14";"246T56";"21";"60";"REGULAR";"f";"2014-06-15 10:51:29.493";"f";"";"112";"CONSOLIDADA";"";"Presencial";
"1217572";"01";"5756411";"";"";"25709";"GRADUAÇÃO";"Campus Central";"3E4";"2014";"1";"2014-01-27";"2014-06-14";"246T34";"15";"50";"REGULAR";"f";"2014-06-20 12:30:14.477";"f";"";"112";"CONSOLIDADA";"";"Presencial";
"1217573";"02";"5753902";"";"";"25709";"GRADUAÇÃO";"Campus Central";"SETOR III";"2014";"1";"2014-01-27";"2014-06-14";"246N34";"28";"66";"REGULAR";"f";"2014-06-17 22:47:47.345";"f";"";"112";"CONSOLIDADA";"";"Presencial";
"1217574";"01";"5756325";"";"";"25708";"GRADUAÇÃO";"Campus Central";"3C3";"2014";"1";"2014-01-27";"2014-06-14";"35T34";"27";"50";"REGULAR";"f";"2014-06-12 14:24:34.802";"f";"";"86";"CONSOLIDADA";"";"Presencial";
"1217575";"02";"21391";"";"";"25708";"GRADUAÇÃO";"Campus Central";"3C4";"2014";"1";"2014-01-27";"2014-06-14";"35N34";"35";"60";"REGULAR";"f";"2014-06-21 15:34:04.972";"f";"";"68";"CONSOLIDADA";"";"Presencial";
"1217576";"01";"5755417";"";"";"2043150";"GRADUAÇÃO";"Campus Central";"3H2";"2014";"1";"2014-01-27";"2014-06-14";"35M56";"92";"60";"REGULAR";"f";"2014-06-12 08:20:41.366";"f";"";"74";"CONSOLIDADA";"";"Presencial";
"1217577";"02";"5753716";"";"";"2043150";"GRADUAÇÃO";"Campus Central";"3C2";"2014";"1";"2014-01-27";"2014-06-14";"35N12";"105";"62";"REGULAR";"f";"2014-06-25 12:02:37.233";"f";"";"74";"CONSOLIDADA";"";"Presencial";
"1217578";"01";"5756047";"";"";"48535";"GRADUAÇÃO";"Campus Santa Cruz";"Bloco I - Sala 7";"2014";"1";"2014-01-27";"2014-06-14";"6M45";"53";"50";"REGULAR";"f";"2014-06-24 14:59:53.477";"f";"";"38";"CONSOLIDADA";"";"Presencial";
"1217580";"01A";"5756285";"";"";"48555";"GRADUAÇÃO";"Campus Santa Cruz";"Bloco I - Sala 10";"2014";"1";"2014-01-27";"2014-06-14";"3T34";"33";"40";"REGULAR";"f";"2014-06-13 23:58:01.491";"f";"1217579";"34";"CONSOLIDADA";"";"Presencial";
"1217580";"01A";"5755458";"";"";"48555";"GRADUAÇÃO";"Campus Santa Cruz";"Bloco I - Sala 10";"2014";"1";"2014-01-27";"2014-06-14";"3T34";"33";"40";"REGULAR";"f";"2014-06-13 23:58:01.491";"f";"1217579";"34";"CONSOLIDADA";"";"Presencial";
"1217581";"01";"5755031";"";"";"23557";"GRADUAÇÃO";"Campus Central";"3C1";"2014";"1";"2014-01-27";"2014-06-14";"246M12";"21";"40";"REGULAR";"f";"2014-06-21 11:04:45.446";"f";"";"108";"CONSOLIDADA";"";"Presencial";
"1217582";"01";"5752447";"";"";"25693";"GRADUAÇÃO";"Campus Central";"3H1";"2014";"1";"2014-01-27";"2014-06-14";"35N12";"82";"66";"REGULAR";"f";"2014-06-11 22:45:44.02";"f";"";"68";"CONSOLIDADA";"";"Presencial";
"1217583";"01";"5756706";"";"";"24535";"GRADUAÇÃO";"Campus Central";"3C2";"2014";"1";"2014-01-27";"2014-06-14";"246N34";"42";"61";"REGULAR";"f";"2014-07-03 11:35:17.74";"f";"";"112";"CONSOLIDADA";"";"Presencial";
"1217584";"01";"17391";"";"";"25698";"GRADUAÇÃO";"Campus Central";"3C1";"2014";"1";"2014-01-27";"2014-06-14";"35T34";"41";"44";"REGULAR";"f";"2014-06-14 21:27:18.257";"f";"";"74";"CONSOLIDADA";"";"Presencial";
"1217585";"01";"5755417";"";"";"41786";"GRADUAÇÃO";"Campus Central";"3G4";"2014";"1";"2014-01-27";"2014-06-14";"35M12";"18";"55";"REGULAR";"f";"2014-06-12 08:04:09.19";"f";"";"74";"CONSOLIDADA";"";"Presencial";
"1217586";"01";"5756590";"";"";"25707";"GRADUAÇÃO";"Campus Central";"3C1";"2014";"1";"2014-01-27";"2014-06-14";"35N34";"64";"61";"REGULAR";"f";"2014-06-13 18:40:06.865";"f";"";"74";"CONSOLIDADA";"";"Presencial";
"1217587";"01";"20848";"";"";"25706";"GRADUAÇÃO";"Campus Central";"3A1";"2014";"1";"2014-01-27";"2014-06-14";"246M12";"7";"43";"REGULAR";"f";"2014-06-12 06:57:42.393";"f";"";"110";"CONSOLIDADA";"";"Presencial";
"1217588";"02";"5753865";"";"";"25706";"GRADUAÇÃO";"Campus Central";"3A1";"2014";"1";"2014-01-27";"2014-06-14";"246T12";"14";"36";"REGULAR";"f";"2014-06-20 11:30:04.556";"f";"";"106";"CONSOLIDADA";"";"Presencial";
"1217589";"01";"17391";"";"";"23538";"GRADUAÇÃO";"Campus Central";"3F6";"2014";"1";"2014-01-27";"2014-06-14";"246M12";"59";"60";"REGULAR";"f";"2014-06-14 21:29:29.926";"f";"";"112";"CONSOLIDADA";"";"Presencial";
"1217590";"02";"5755566";"";"";"23538";"GRADUAÇÃO";"Campus Central";"3A2";"2014";"1";"2014-01-27";"2014-06-14";"246N12";"24";"55";"REGULAR";"f";"2014-06-15 12:13:44.919";"f";"";"108";"CONSOLIDADA";"";"Presencial";
"1217591";"01";"24812";"";"";"23544";"GRADUAÇÃO";"Campus Central";"3A2";"2014";"1";"2014-01-27";"2014-06-14";"246M56";"57";"56";"REGULAR";"f";"2014-06-19 00:20:14.843";"f";"";"112";"CONSOLIDADA";"";"Presencial";
"1217592";"02";"5756411";"";"";"23544";"GRADUAÇÃO";"Campus Central";"3B1";"2014";"1";"2014-01-27";"2014-06-14";"246T56";"20";"30";"REGULAR";"f";"2014-06-20 12:27:19.376";"f";"";"112";"CONSOLIDADA";"";"Presencial";
"1217594";"01";"5752280";"";"";"2049600";"GRADUAÇÃO";"Campus Central";"3A4";"2014";"1";"2014-01-27";"2014-06-14";"246T34";"15";"55";"REGULAR";"f";"2014-06-19 23:46:56.276";"f";"";"104";"CONSOLIDADA";"";"Presencial";
"1217595";"01";"20848";"";"";"2049800";"GRADUAÇÃO";"Campus Central";"3A1";"2014";"1";"2014-01-27";"2014-06-14";"246N34";"57";"56";"REGULAR";"f";"2014-06-12 20:24:03.59";"f";"";"110";"CONSOLIDADA";"";"Presencial";
"1217596";"03";"5755416";"";"";"25706";"GRADUAÇÃO";"Campus Central";"3H1";"2014";"1";"2014-01-27";"2014-06-14";"246M12";"15";"60";"REGULAR";"f";"2014-06-12 08:35:14.707";"f";"";"110";"CONSOLIDADA";"";"Presencial";
"1217597";"04";"5755416";"";"";"23538";"GRADUAÇÃO";"Campus Central";"3A1";"2014";"1";"2014-01-27";"2014-06-14";"246M34";"34";"60";"REGULAR";"f";"2014-06-12 08:49:33.94";"f";"";"110";"CONSOLIDADA";"";"Presencial";
"1217599";"02";"5756432";"";"";"25707";"GRADUAÇÃO";"Campus Central";"3H1";"2014";"1";"2014-01-27";"2014-06-14";"35M12";"19";"65";"REGULAR";"f";"2014-06-19 08:31:19.107";"f";"";"68";"CONSOLIDADA";"";"Presencial";
"1217600";"04";"5751934";"";"";"25706";"GRADUAÇÃO";"Campus Central";"3A2";"2014";"1";"2014-01-27";"2014-06-14";"246M12";"32";"60";"REGULAR";"f";"2014-06-14 15:41:40.621";"f";"";"104";"CONSOLIDADA";"";"Presencial";
"1217601";"05";"24812";"";"";"23538";"GRADUAÇÃO";"Campus Central";"3B5";"2014";"1";"2014-01-27";"2014-06-14";"246M12";"52";"50";"REGULAR";"f";"2014-06-19 00:23:22.698";"f";"";"112";"CONSOLIDADA";"";"Presencial";
"1217602";"04";"18299";"";"";"23544";"GRADUAÇÃO";"Campus Central";"3A1";"2014";"1";"2014-01-27";"2014-06-14";"246M56";"2";"50";"REGULAR";"f";"2014-06-21 11:27:59.311";"f";"";"108";"CONSOLIDADA";"";"Presencial";
"1217603";"02";"26132";"";"";"23557";"GRADUAÇÃO";"Campus Central";"3C2";"2014";"1";"2014-01-27";"2014-06-14";"246M12";"48";"50";"REGULAR";"f";"2014-06-20 10:06:38.963";"f";"";"112";"CONSOLIDADA";"";"Presencial";
"1217604";"05";"3020099";"";"";"25706";"GRADUAÇÃO";"Campus Central";"3G1";"2014";"1";"2014-01-27";"2014-06-14";"246T34";"23";"61";"REGULAR";"f";"2014-06-17 20:01:17.59";"f";"";"112";"CONSOLIDADA";"";"Presencial";
"1217605";"06";"5755031";"";"";"23538";"GRADUAÇÃO";"Campus Central";"3H2";"2014";"1";"2014-01-27";"2014-06-14";"246T34";"86";"60";"REGULAR";"f";"2014-06-21 11:03:23.017";"f";"";"110";"CONSOLIDADA";"";"Presencial";
"1217606";"03";"5755581";"";"";"23557";"GRADUAÇÃO";"Campus Central";"3G2";"2014";"1";"2014-01-27";"2014-06-14";"246T56";"63";"60";"REGULAR";"f";"2014-06-15 08:22:03.077";"f";"";"104";"CONSOLIDADA";"";"Presencial";
"1217607";"02";"5756325";"";"";"25693";"GRADUAÇÃO";"Campus Central";"3A3";"2014";"1";"2014-01-27";"2014-06-14";"35T56";"62";"65";"REGULAR";"f";"2014-06-12 14:22:30.432";"f";"";"82";"CONSOLIDADA";"";"Presencial";
"1217608";"01";"5753418";"";"";"54953";"GRADUAÇÃO";"Campus Santa Cruz";"Clínica Médica - Currais Novos";"2014";"1";"2014-03-25";"2014-03-27";"345M23456 (25/03/2014 - 27/03/2014)";"7";"4";"REGULAR";"f";"2014-06-19 20:43:37.416";"f";"";"20";"CONSOLIDADA";"";"Presencial";
"1217609";"02";"5753418";"";"";"54953";"GRADUAÇÃO";"Campus Santa Cruz";"Clínica Médica - Currais Novos";"2014";"1";"2014-04-01";"2014-04-03";"345M23456 (01/04/2014 - 03/04/2014)";"5";"4";"REGULAR";"f";"2014-06-21 07:56:05.079";"f";"";"15";"CONSOLIDADA";"";"Presencial";
"1217612";"12";"5753659";"";"";"25799";"GRADUAÇÃO";"Campus Central";"LAB I";"2014";"1";"2014-01-27";"2014-06-14";"6T456";"10";"15";"REGULAR";"f";"2014-06-02 16:13:04.286";"f";"";"51";"CONSOLIDADA";"";"Presencial";
"1217613";"01";"5753092";"";"";"54871";"GRADUAÇÃO";"Campus Central";"Sala da Física - CB - Piso Superior";"2014";"1";"2014-01-27";"2014-06-14";"24N12";"4";"10";"REGULAR";"f";"2014-06-05 12:36:05.147";"f";"";"66";"CONSOLIDADA";"";"Presencial";
"1217614";"01";"5752590";"";"";"2054851";"GRADUAÇÃO";"Campus Central";"Anfiteatro do DBF - CB - Piso Superior";"2014";"1";"2014-01-27";"2014-06-14";"24N12";"10";"40";"REGULAR";"f";"2014-06-18 18:58:35.785";"f";"";"74";"CONSOLIDADA";"";"Presencial";
"1217615";"01";"5754352";"";"";"52710";"GRADUAÇÃO";"Campus Currais Novos";"DCSH - Campus de Currais Novos";"2014";"1";"2014-01-27";"2014-06-14";"4T34 5T12";"9";"50";"REGULAR";"f";"2014-06-16 20:39:42.849";"f";"";"74";"CONSOLIDADA";"";"Presencial";
"1217616";"01";"22159";"";"";"2054365";"GRADUAÇÃO";"Campus Currais Novos";"DCSH - Campus de Currais Novos";"2014";"1";"2014-01-27";"2014-06-14";"34T56";"13";"55";"REGULAR";"f";"2014-06-05 23:50:39.605";"f";"";"66";"CONSOLIDADA";"";"Presencial";
"1217617";"01";"26479";"";"";"52705";"GRADUAÇÃO";"Campus Currais Novos";"DCSH - Campus de Currais Novos";"2014";"1";"2014-01-27";"2014-06-14";"2T3456";"17";"56";"REGULAR";"f";"2014-06-14 23:55:41.846";"f";"";"72";"CONSOLIDADA";"";"Presencial";
"1217618";"01";"5755919";"";"";"52709";"GRADUAÇÃO";"Campus Currais Novos";"DCSH - Campus de Currais Novos";"2014";"1";"2014-01-27";"2014-06-14";"4T12 5T56";"19";"50";"REGULAR";"f";"2014-06-09 19:37:14.924";"f";"";"68";"CONSOLIDADA";"";"Presencial";
"1217619";"01";"20829";"";"";"52713";"GRADUAÇÃO";"Campus Currais Novos";"DCSH - Campus de Currais Novos";"2014";"1";"2014-01-27";"2014-06-14";"23T34";"10";"50";"REGULAR";"f";"2014-06-13 11:22:41.37";"f";"";"72";"CONSOLIDADA";"";"Presencial";
"1217620";"01";"5755765";"";"";"52714";"GRADUAÇÃO";"Campus Currais Novos";"DCSH - Campus de Currais Novos";"2014";"1";"2014-01-27";"2014-06-14";"2T12 3T56";"9";"50";"REGULAR";"f";"2014-06-16 00:38:33.788";"f";"";"72";"CONSOLIDADA";"";"Presencial";
"1217621";"01";"5752381";"";"";"52715";"GRADUAÇÃO";"Campus Currais Novos";"DCSH - Campus de Currais Novos";"2014";"1";"2014-01-27";"2014-06-14";"5T34 6T12";"8";"50";"REGULAR";"f";"2014-06-11 22:43:21.903";"f";"";"74";"CONSOLIDADA";"";"Presencial";
"1217622";"01";"5755268";"";"";"52716";"GRADUAÇÃO";"Campus Currais Novos";"DCSH - Campus de Currais Novos";"2014";"1";"2014-01-27";"2014-06-14";"2T56 3T12";"9";"50";"REGULAR";"f";"2014-06-19 15:46:17.69";"f";"";"66";"CONSOLIDADA";"";"Presencial";
"1217623";"02";"2296724";"";"";"43373";"GRADUAÇÃO";"Campus Central";"LABTEX - Bloco 19";"2014";"1";"2014-01-27";"2014-06-14";"4T56 6T3456";"11";"20";"REGULAR";"f";"2014-06-18 12:44:06.745";"f";"";"102";"CONSOLIDADA";"";"Presencial";
"1217624";"01";"24793";"";"";"2055021";"GRADUAÇÃO";"Campus Central";"LABTEX - Bloco 18";"2014";"1";"2014-01-27";"2014-06-14";"24N12";"8";"25";"REGULAR";"f";"2014-06-06 12:08:40.623";"f";"";"70";"CONSOLIDADA";"";"Presencial";
"1217625";"02";"5752709";"";"";"2054964";"GRADUAÇÃO";"Campus Central";"Setor IV";"2014";"1";"2014-01-27";"2014-06-14";"35T34";"";"20";"REGULAR";"f";"";"f";"";"";"EXCLUÍDA";"";"Presencial";
"1217626";"01";"20786";"";"";"43015";"GRADUAÇÃO";"Campus Currais Novos";"C4";"2014";"1";"2014-01-27";"2014-06-14";"5T561234 (27/01/2014 - 14/06/2014)";"22";"45";"REGULAR";"f";"2014-06-21 01:36:56.534";"f";"";"108";"CONSOLIDADA";"";"Presencial";
"1217627";"01";"5756342";"";"";"20819";"GRADUAÇÃO";"Campus Currais Novos";"DCSH - Campus de Currais Novos";"2014";"1";"2014-01-27";"2014-06-14";"5N12 6N34";"16";"55";"REGULAR";"f";"2014-06-15 11:22:34.8";"f";"";"66";"CONSOLIDADA";"";"Presencial";
"1217628";"01";"5756616";"";"";"26467";"GRADUAÇÃO";"Campus Currais Novos";"DCSH - Campus de Currais Novos";"2014";"1";"2014-01-27";"2014-06-14";"36T56";"20";"55";"REGULAR";"f";"2014-06-14 14:02:23.114";"f";"";"76";"CONSOLIDADA";"";"Presencial";
"1217629";"01";"23193";"";"";"43019";"GRADUAÇÃO";"Campus Currais Novos";"C4";"2014";"1";"2014-01-27";"2014-06-14";"5T561234 (27/01/2014 - 14/06/2014)";"14";"30";"REGULAR";"f";"2014-06-18 20:36:42.295";"f";"";"108";"CONSOLIDADA";"";"Presencial";
"1217630";"01";"5752283";"";"";"48054";"GRADUAÇÃO";"Campus Currais Novos";"DCSH - Campus de Currais Novos";"2014";"1";"2014-01-27";"2014-06-14";"4N12 5N34";"52";"55";"REGULAR";"f";"2014-06-16 18:19:29.594";"f";"";"74";"CONSOLIDADA";"";"Presencial";
"1217631";"01";"5752381";"";"";"48055";"GRADUAÇÃO";"Campus Currais Novos";"DCSH - Campus de Currais Novos";"2014";"1";"2014-01-27";"2014-06-14";"5N12 6N34";"47";"55";"REGULAR";"f";"2014-06-11 22:52:04.605";"f";"";"72";"CONSOLIDADA";"";"Presencial";
"1217632";"01";"5756342";"";"";"48122";"GRADUAÇÃO";"Campus Currais Novos";"DCSH - Campus de Currais Novos";"2014";"1";"2014-01-27";"2014-06-14";"26N12";"48";"55";"REGULAR";"f";"2014-06-15 11:25:49.325";"f";"";"66";"CONSOLIDADA";"";"Presencial";
"1217633";"01";"20786";"";"";"43017";"GRADUAÇÃO";"Campus Currais Novos";"C4";"2014";"1";"2014-01-27";"2014-06-14";"4T561234 (27/01/2014 - 14/06/2014)";"22";"30";"REGULAR";"f";"2014-06-21 00:32:25.17";"f";"";"114";"CONSOLIDADA";"";"Presencial";
"1217634";"01";"5755118";"";"";"48056";"GRADUAÇÃO";"Campus Currais Novos";"DCSH - Campus de Currais Novos";"2014";"1";"2014-01-27";"2014-06-14";"2N34 3N12";"51";"55";"REGULAR";"f";"2014-06-20 11:05:58.513";"f";"";"74";"CONSOLIDADA";"";"Presencial";
"1217635";"01";"5754352";"";"";"48057";"GRADUAÇÃO";"Campus Currais Novos";"DCSH - Campus de Currais Novos";"2014";"1";"2014-01-27";"2014-06-14";"34N34";"48";"55";"REGULAR";"f";"2014-06-16 20:42:14.261";"f";"";"76";"CONSOLIDADA";"";"Presencial";
"1217636";"01";"5756331";"";"";"52745";"GRADUAÇÃO";"Campus Currais Novos";"DCSH - Campus de Currais Novos";"2014";"1";"2014-01-27";"2014-06-14";"45T12";"3";"50";"REGULAR";"f";"2014-06-19 23:14:34.347";"f";"";"72";"CONSOLIDADA";"";"Presencial";
"1217637";"01";"5756055";"";"";"2054372";"GRADUAÇÃO";"Campus Currais Novos";"DCSH - Campus de Currais Novos";"2014";"1";"2014-01-27";"2014-06-14";"56T12";"4";"55";"REGULAR";"f";"2014-06-19 07:44:50.678";"f";"";"70";"CONSOLIDADA";"";"Presencial";
"1217638";"01";"5755772";"";"";"43021";"GRADUAÇÃO";"Campus Currais Novos";"C4";"2014";"1";"2014-01-27";"2014-06-14";"4T561234 (27/01/2014 - 14/06/2014)";"11";"30";"REGULAR";"f";"2014-06-20 19:48:28.277";"f";"";"108";"CONSOLIDADA";"";"Presencial";
"1217639";"01";"19125";"";"";"43024";"GRADUAÇÃO";"Campus Currais Novos";"C4";"2014";"1";"2014-01-27";"2014-06-14";"5T561234 (27/01/2014 - 14/06/2014)";"16";"30";"REGULAR";"f";"2014-06-12 15:05:23.683";"f";"";"96";"CONSOLIDADA";"";"Presencial";
"1217640";"01";"5756477";"";"";"43025";"GRADUAÇÃO";"Campus Currais Novos";"C4";"2014";"1";"2014-01-27";"2014-06-14";"5M456  4T1234 (27/01/2014 - 14/06/2014)";"1";"30";"REGULAR";"f";"2014-06-21 01:32:49.999";"f";"";"134";"CONSOLIDADA";"";"Presencial";
"1217642";"01A";"5756461";"";"";"26953";"GRADUAÇÃO";"Campus Central";"FAVELEIRA";"2014";"1";"2014-01-27";"2014-06-14";"3N1234";"28";"32";"REGULAR";"f";"2014-06-17 13:10:14.164";"f";"1217641";"68";"CONSOLIDADA";"";"Presencial";
"1217642";"01A";"5754324";"";"";"26953";"GRADUAÇÃO";"Campus Central";"FAVELEIRA";"2014";"1";"2014-01-27";"2014-06-14";"3N1234";"28";"32";"REGULAR";"f";"2014-06-17 13:10:14.164";"f";"1217641";"68";"CONSOLIDADA";"";"Presencial";
"1217642";"01A";"24795";"";"";"26953";"GRADUAÇÃO";"Campus Central";"FAVELEIRA";"2014";"1";"2014-01-27";"2014-06-14";"3N1234";"28";"32";"REGULAR";"f";"2014-06-17 13:10:14.164";"f";"1217641";"68";"CONSOLIDADA";"";"Presencial";
"1217644";"02A";"24795";"";"";"26953";"GRADUAÇÃO";"Campus Central";"ANF. DOS RÉPTEIS";"2014";"1";"2014-01-27";"2014-06-14";"5T2345";"31";"35";"REGULAR";"f";"2014-06-17 13:27:25.253";"f";"1217643";"67";"CONSOLIDADA";"";"Presencial";
"1217644";"02A";"5756461";"";"";"26953";"GRADUAÇÃO";"Campus Central";"ANF. DOS RÉPTEIS";"2014";"1";"2014-01-27";"2014-06-14";"5T2345";"31";"35";"REGULAR";"f";"2014-06-17 13:27:25.253";"f";"1217643";"67";"CONSOLIDADA";"";"Presencial";
"1217644";"02A";"5752022";"";"";"26953";"GRADUAÇÃO";"Campus Central";"ANF. DOS RÉPTEIS";"2014";"1";"2014-01-27";"2014-06-14";"5T2345";"31";"35";"REGULAR";"f";"2014-06-17 13:27:25.253";"f";"1217643";"67";"CONSOLIDADA";"";"Presencial";
"1217652";"01";"5756621";"";"";"54947";"GRADUAÇÃO";"Campus Santa Cruz";"Bloco I - Sala 1";"2014";"1";"2014-01-27";"2014-06-14";"2M123 6M12 (27/01/2014 - 14/06/2014)";"42";"45";"REGULAR";"f";"2014-06-12 22:17:38.402";"f";"";"103";"CONSOLIDADA";"";"Presencial";
"1217652";"01";"5755602";"";"";"54947";"GRADUAÇÃO";"Campus Santa Cruz";"Bloco I - Sala 1";"2014";"1";"2014-01-27";"2014-06-14";"2M123 6M12 (27/01/2014 - 14/06/2014)";"42";"45";"REGULAR";"f";"2014-06-12 22:17:38.402";"f";"";"103";"CONSOLIDADA";"";"Presencial";
"1217652";"01";"5753859";"";"";"54947";"GRADUAÇÃO";"Campus Santa Cruz";"Bloco I - Sala 1";"2014";"1";"2014-01-27";"2014-06-14";"2M123 6M12 (27/01/2014 - 14/06/2014)";"42";"45";"REGULAR";"f";"2014-06-12 22:17:38.402";"f";"";"103";"CONSOLIDADA";"";"Presencial";
"1217653";"01";"5755602";"";"";"54948";"GRADUAÇÃO";"Campus Santa Cruz";"Bloco I - Laboratório de Anatomia";"2014";"1";"2014-01-27";"2014-06-14";"4M123 (27/01/2014 - 14/06/2014)";"27";"20";"REGULAR";"f";"2014-06-09 10:50:22.82";"f";"";"55";"CONSOLIDADA";"";"Presencial";
"1217654";"02";"5756621";"";"";"54948";"GRADUAÇÃO";"Campus Santa Cruz";"Bloco I - Laboratório de Anatomia";"2014";"1";"2014-01-27";"2014-06-14";"4M456 (27/01/2014 - 14/06/2014)";"15";"25";"REGULAR";"f";"2014-06-09 16:33:26.805";"f";"";"54";"CONSOLIDADA";"";"Presencial";
"1217654";"02";"5755602";"";"";"54948";"GRADUAÇÃO";"Campus Santa Cruz";"Bloco I - Laboratório de Anatomia";"2014";"1";"2014-01-27";"2014-06-14";"4M456 (27/01/2014 - 14/06/2014)";"15";"25";"REGULAR";"f";"2014-06-09 16:33:26.805";"f";"";"54";"CONSOLIDADA";"";"Presencial";
"1217654";"02";"5753859";"";"";"54948";"GRADUAÇÃO";"Campus Santa Cruz";"Bloco I - Laboratório de Anatomia";"2014";"1";"2014-01-27";"2014-06-14";"4M456 (27/01/2014 - 14/06/2014)";"15";"25";"REGULAR";"f";"2014-06-09 16:33:26.805";"f";"";"54";"CONSOLIDADA";"";"Presencial";
"1217655";"01";"5751752";"";"";"2045054";"GRADUAÇÃO";"Campus Santa Cruz";"Bloco I - Sala 1";"2014";"1";"2014-01-27";"2014-06-14";"35T56";"35";"45";"REGULAR";"f";"2014-06-11 14:42:07.793";"f";"";"66";"CONSOLIDADA";"";"Presencial";
"1217657";"01";"5753870";"";"";"43310";"STRICTO SENSU";"";"PPg";"2014";"1";"2014-01-01";"2014-06-30";"7T123 (01/01/2014 - 30/06/2014)";"";"45";"REGULAR";"f";"2014-08-04 11:57:34.741";"f";"";"48";"CONSOLIDADA";"";"Presencial";
"1217657";"01";"5752196";"";"";"43310";"STRICTO SENSU";"";"PPg";"2014";"1";"2014-01-01";"2014-06-30";"7T123 (01/01/2014 - 30/06/2014)";"";"45";"REGULAR";"f";"2014-08-04 11:57:34.741";"f";"";"48";"CONSOLIDADA";"";"Presencial";
"1217658";"01";"5755898";"";"";"23496";"GRADUAÇÃO";"Campus Central";"3A3";"2014";"1";"2014-01-27";"2014-06-14";"3M123 5M12";"43";"55";"REGULAR";"f";"2014-06-13 19:34:28.371";"f";"";"84";"CONSOLIDADA";"";"Presencial";
"1217659";"01";"5756697";"";"";"2054907";"GRADUAÇÃO";"Campus Central";"3F3";"2014";"1";"2014-01-27";"2014-06-14";"35T12";"5";"10";"REGULAR";"f";"2014-06-18 10:59:56.032";"f";"";"74";"CONSOLIDADA";"";"Presencial";
"1217660";"02";"5753597";"";"";"43310";"STRICTO SENSU";"";"PPg";"2014";"1";"2014-01-01";"2014-06-30";"7T123 (01/01/2014 - 30/06/2014)";"";"45";"REGULAR";"f";"2014-07-22 18:02:00.666";"f";"";"42";"CONSOLIDADA";"";"Presencial";
"1217660";"02";"5752196";"";"";"43310";"STRICTO SENSU";"";"PPg";"2014";"1";"2014-01-01";"2014-06-30";"7T123 (01/01/2014 - 30/06/2014)";"";"45";"REGULAR";"f";"2014-07-22 18:02:00.666";"f";"";"42";"CONSOLIDADA";"";"Presencial";
"1217661";"03";"5752196";"";"";"43310";"STRICTO SENSU";"";"PPg";"2014";"1";"2014-01-01";"2014-06-30";"7T123 (01/01/2014 - 30/06/2014)";"";"45";"REGULAR";"f";"2014-07-30 08:24:13.649";"f";"";"78";"CONSOLIDADA";"";"Presencial";
"1217661";"03";"5753596";"";"";"43310";"STRICTO SENSU";"";"PPg";"2014";"1";"2014-01-01";"2014-06-30";"7T123 (01/01/2014 - 30/06/2014)";"";"45";"REGULAR";"f";"2014-07-30 08:24:13.649";"f";"";"78";"CONSOLIDADA";"";"Presencial";
"1217662";"04";"5752196";"";"";"43310";"STRICTO SENSU";"";"PPg";"2014";"1";"2014-01-01";"2014-06-30";"7T123 (01/01/2014 - 30/06/2014)";"";"45";"REGULAR";"f";"2014-08-05 18:03:15.946";"f";"";"78";"CONSOLIDADA";"";"Presencial";
"1217662";"04";"26020";"";"";"43310";"STRICTO SENSU";"";"PPg";"2014";"1";"2014-01-01";"2014-06-30";"7T123 (01/01/2014 - 30/06/2014)";"";"45";"REGULAR";"f";"2014-08-05 18:03:15.946";"f";"";"78";"CONSOLIDADA";"";"Presencial";
"1217663";"05";"5752196";"";"";"43310";"STRICTO SENSU";"";"PPg";"2014";"1";"2014-01-01";"2014-06-30";"7T123 (01/01/2014 - 30/06/2014)";"";"45";"REGULAR";"f";"2014-07-28 09:53:31.948";"f";"";"72";"CONSOLIDADA";"";"Presencial";
"1217663";"05";"5752716";"";"";"43310";"STRICTO SENSU";"";"PPg";"2014";"1";"2014-01-01";"2014-06-30";"7T123 (01/01/2014 - 30/06/2014)";"";"45";"REGULAR";"f";"2014-07-28 09:53:31.948";"f";"";"72";"CONSOLIDADA";"";"Presencial";
"1217664";"03";"5753418";"";"";"54953";"GRADUAÇÃO";"Campus Santa Cruz";"Clínica Médica - Currais Novos";"2014";"1";"2014-04-08";"2014-04-15";"34M23456 (08/04/2014 - 15/04/2014)";"";"4";"REGULAR";"f";"";"f";"";"";"EXCLUÍDA";"";"Presencial";
"1217665";"04";"5753418";"";"";"54953";"GRADUAÇÃO";"Campus Santa Cruz";"Clínica Médica - Currais Novos";"2014";"1";"2014-04-16";"2014-04-22";"345M23456 (16/04/2014 - 22/04/2014)";"";"4";"REGULAR";"f";"";"f";"";"";"EXCLUÍDA";"";"Presencial";
"1217666";"05";"5753418";"";"";"54953";"GRADUAÇÃO";"Campus Santa Cruz";"Clínica Médica - Currais Novos";"2014";"1";"2014-04-23";"2014-04-29";"345M23456 (23/04/2014 - 29/04/2014)";"7";"4";"REGULAR";"f";"2014-06-21 08:49:05.707";"f";"";"15";"CONSOLIDADA";"";"Presencial";
"1217667";"01";"26176";"";"";"21821";"GRADUAÇÃO";"Campus Central";"Laboratório de Ensino de Entomologia";"2014";"1";"2014-01-27";"2014-06-14";"35T34";"7";"10";"REGULAR";"f";"2014-06-11 09:51:52.771";"f";"";"72";"CONSOLIDADA";"";"Presencial";
"1217668";"02";"5752699";"";"";"21822";"GRADUAÇÃO";"Campus Central";"a definir";"2014";"1";"2014-01-27";"2014-06-14";"24T56";"";"20";"REGULAR";"f";"";"f";"";"";"EXCLUÍDA";"";"Presencial";
"1217669";"01";"5756001";"";"";"42943";"GRADUAÇÃO";"Campus Central";"4A1";"2014";"1";"2014-01-27";"2014-06-14";"2N1234";"35";"40";"REGULAR";"f";"2014-06-12 15:30:23.111";"f";"";"68";"CONSOLIDADA";"";"Presencial";
"1217670";"02";"5756001";"";"";"42943";"GRADUAÇÃO";"Campus Central";"4G4";"2014";"1";"2014-01-27";"2014-06-14";"4T1234";"25";"40";"REGULAR";"f";"2014-06-12 15:25:36.324";"f";"";"72";"CONSOLIDADA";"";"Presencial";
"1217671";"06";"5753609";"";"";"43310";"STRICTO SENSU";"";"PPg";"2014";"1";"2014-01-01";"2014-06-30";"7T456 (01/01/2014 - 30/06/2014)";"";"45";"REGULAR";"f";"2014-07-21 21:23:41.384";"f";"";"78";"CONSOLIDADA";"";"Presencial";
"1217671";"06";"5752196";"";"";"43310";"STRICTO SENSU";"";"PPg";"2014";"1";"2014-01-01";"2014-06-30";"7T456 (01/01/2014 - 30/06/2014)";"";"45";"REGULAR";"f";"2014-07-21 21:23:41.384";"f";"";"78";"CONSOLIDADA";"";"Presencial";
"1217672";"01";"26176";"";"";"26954";"GRADUAÇÃO";"Campus Central";"Sala Pau-brasil";"2014";"1";"2014-01-27";"2014-06-14";"24T56";"39";"40";"REGULAR";"f";"2014-06-11 09:49:57.507";"f";"";"72";"CONSOLIDADA";"";"Presencial";
"1217673";"07";"5752196";"";"";"43310";"STRICTO SENSU";"";"PPg";"2014";"1";"2014-01-01";"2014-06-30";"7T456 (01/01/2014 - 30/06/2014)";"";"45";"REGULAR";"f";"2014-07-01 00:43:07.541";"f";"";"75";"CONSOLIDADA";"";"Presencial";
"1217673";"07";"5753634";"";"";"43310";"STRICTO SENSU";"";"PPg";"2014";"1";"2014-01-01";"2014-06-30";"7T456 (01/01/2014 - 30/06/2014)";"";"45";"REGULAR";"f";"2014-07-01 00:43:07.541";"f";"";"75";"CONSOLIDADA";"";"Presencial";
"1217674";"08";"5752196";"";"";"43310";"STRICTO SENSU";"";"PPg";"2014";"1";"2014-01-01";"2014-06-30";"7T456 (01/01/2014 - 30/06/2014)";"";"45";"REGULAR";"f";"2014-08-21 21:31:47.147";"f";"";"78";"CONSOLIDADA";"";"Presencial";
"1217674";"08";"22728";"";"";"43310";"STRICTO SENSU";"";"PPg";"2014";"1";"2014-01-01";"2014-06-30";"7T456 (01/01/2014 - 30/06/2014)";"";"45";"REGULAR";"f";"2014-08-21 21:31:47.147";"f";"";"78";"CONSOLIDADA";"";"Presencial";
"1217675";"09";"5752196";"";"";"43310";"STRICTO SENSU";"";"PPg";"2014";"1";"2014-01-01";"2014-06-30";"7T456 (01/01/2014 - 30/06/2014)";"";"45";"REGULAR";"f";"2014-07-17 08:01:38.878";"f";"";"36";"CONSOLIDADA";"";"Presencial";
"1217675";"09";"5752736";"";"";"43310";"STRICTO SENSU";"";"PPg";"2014";"1";"2014-01-01";"2014-06-30";"7T456 (01/01/2014 - 30/06/2014)";"";"45";"REGULAR";"f";"2014-07-17 08:01:38.878";"f";"";"36";"CONSOLIDADA";"";"Presencial";
"1217676";"10";"5752196";"";"";"43310";"STRICTO SENSU";"";"PPg";"2014";"1";"2014-01-01";"2014-06-30";"7T456 (01/01/2014 - 30/06/2014)";"";"45";"REGULAR";"f";"2014-06-14 09:25:21.725";"f";"";"69";"CONSOLIDADA";"";"Presencial";
"1217676";"10";"5754547";"";"";"43310";"STRICTO SENSU";"";"PPg";"2014";"1";"2014-01-01";"2014-06-30";"7T456 (01/01/2014 - 30/06/2014)";"";"45";"REGULAR";"f";"2014-06-14 09:25:21.725";"f";"";"69";"CONSOLIDADA";"";"Presencial";
"1217677";"01";"5752999";"";"";"54838";"STRICTO SENSU";"";"Laboratório de Entomologia e Parasitologia DMP-CB";"2014";"1";"2014-02-03";"2014-06-13";"2M345";"19";"17";"REGULAR";"f";"2014-06-08 20:11:09.447";"f";"";"48";"CONSOLIDADA";"";"Presencial";
"1217677";"01";"24815";"";"";"54838";"STRICTO SENSU";"";"Laboratório de Entomologia e Parasitologia DMP-CB";"2014";"1";"2014-02-03";"2014-06-13";"2M345";"19";"17";"REGULAR";"f";"2014-06-08 20:11:09.447";"f";"";"48";"CONSOLIDADA";"";"Presencial";
"1217677";"01";"";"101673103";"";"54838";"STRICTO SENSU";"";"Laboratório de Entomologia e Parasitologia DMP-CB";"2014";"1";"2014-02-03";"2014-06-13";"2M345";"19";"17";"REGULAR";"f";"2014-06-08 20:11:09.447";"f";"";"48";"CONSOLIDADA";"";"Presencial";
"1217678";"01";"5752999";"";"";"54833";"STRICTO SENSU";"";"Laboratório de Entomologia e Parasitologia DMP-CB";"2014";"1";"2014-02-03";"2014-06-13";"34M345";"20";"18";"REGULAR";"f";"2014-06-08 19:54:45.88";"f";"";"102";"CONSOLIDADA";"";"Presencial";
"1217678";"01";"23852";"";"";"54833";"STRICTO SENSU";"";"Laboratório de Entomologia e Parasitologia DMP-CB";"2014";"1";"2014-02-03";"2014-06-13";"34M345";"20";"18";"REGULAR";"f";"2014-06-08 19:54:45.88";"f";"";"102";"CONSOLIDADA";"";"Presencial";
"1217678";"01";"26049";"";"";"54833";"STRICTO SENSU";"";"Laboratório de Entomologia e Parasitologia DMP-CB";"2014";"1";"2014-02-03";"2014-06-13";"34M345";"20";"18";"REGULAR";"f";"2014-06-08 19:54:45.88";"f";"";"102";"CONSOLIDADA";"";"Presencial";
"1217678";"01";"";"101076238";"";"54833";"STRICTO SENSU";"";"Laboratório de Entomologia e Parasitologia DMP-CB";"2014";"1";"2014-02-03";"2014-06-13";"34M345";"20";"18";"REGULAR";"f";"2014-06-08 19:54:45.88";"f";"";"102";"CONSOLIDADA";"";"Presencial";
"1217678";"01";"5752699";"";"";"54833";"STRICTO SENSU";"";"Laboratório de Entomologia e Parasitologia DMP-CB";"2014";"1";"2014-02-03";"2014-06-13";"34M345";"20";"18";"REGULAR";"f";"2014-06-08 19:54:45.88";"f";"";"102";"CONSOLIDADA";"";"Presencial";
"1217679";"01";"5755490";"";"";"54834";"STRICTO SENSU";"";"Lab. de Microbiologia e Parasitologia DMP-CB";"2014";"1";"2014-02-03";"2014-06-13";"56M345";"19";"17";"REGULAR";"f";"2014-06-18 23:02:30.869";"f";"";"105";"CONSOLIDADA";"";"Presencial";
"1217679";"01";"25454";"";"";"54834";"STRICTO SENSU";"";"Lab. de Microbiologia e Parasitologia DMP-CB";"2014";"1";"2014-02-03";"2014-06-13";"56M345";"19";"17";"REGULAR";"f";"2014-06-18 23:02:30.869";"f";"";"105";"CONSOLIDADA";"";"Presencial";
"1217679";"01";"5752697";"";"";"54834";"STRICTO SENSU";"";"Lab. de Microbiologia e Parasitologia DMP-CB";"2014";"1";"2014-02-03";"2014-06-13";"56M345";"19";"17";"REGULAR";"f";"2014-06-18 23:02:30.869";"f";"";"105";"CONSOLIDADA";"";"Presencial";
"1217679";"01";"5752642";"";"";"54834";"STRICTO SENSU";"";"Lab. de Microbiologia e Parasitologia DMP-CB";"2014";"1";"2014-02-03";"2014-06-13";"56M345";"19";"17";"REGULAR";"f";"2014-06-18 23:02:30.869";"f";"";"105";"CONSOLIDADA";"";"Presencial";
"1217679";"01";"19582";"";"";"54834";"STRICTO SENSU";"";"Lab. de Microbiologia e Parasitologia DMP-CB";"2014";"1";"2014-02-03";"2014-06-13";"56M345";"19";"17";"REGULAR";"f";"2014-06-18 23:02:30.869";"f";"";"105";"CONSOLIDADA";"";"Presencial";
"1217680";"06";"5753418";"";"";"54953";"GRADUAÇÃO";"Campus Santa Cruz";"Clínica Médica - Currais Novos";"2014";"1";"2014-04-30";"2014-05-07";"34M23456 (30/04/2014 - 07/05/2014)";"4";"4";"REGULAR";"f";"2014-06-21 15:03:51.749";"f";"";"15";"CONSOLIDADA";"";"Presencial";
"1217681";"07";"5753418";"";"";"54953";"GRADUAÇÃO";"Campus Santa Cruz";"Clínica Médica - Currais Novos";"2014";"1";"2014-05-08";"2014-05-14";"345M23456 (08/05/2014 - 14/05/2014)";"4";"4";"REGULAR";"f";"2014-06-19 21:53:32.251";"f";"";"15";"CONSOLIDADA";"";"Presencial";
"1217683";"08";"5753418";"";"";"54953";"GRADUAÇÃO";"Campus Santa Cruz";"Clínica Médica - Currais Novos";"2014";"1";"2014-05-15";"2014-05-21";"345M23456 (15/05/2014 - 21/05/2014)";"3";"4";"REGULAR";"f";"2014-06-21 08:51:50.795";"f";"";"15";"CONSOLIDADA";"";"Presencial";
"1217684";"09";"5753418";"";"";"54953";"GRADUAÇÃO";"Campus Santa Cruz";"Clínica Médica - Currais Novos";"2014";"1";"2014-05-27";"2014-05-29";"345M23456 (27/05/2014 - 29/05/2014)";"4";"4";"REGULAR";"f";"2014-06-21 08:35:02.218";"f";"";"15";"CONSOLIDADA";"";"Presencial";
"1217685";"01";"22911";"";"";"51731";"GRADUAÇÃO";"Campus Central";"3B2";"2014";"1";"2014-01-27";"2014-06-14";"24T34";"26";"35";"REGULAR";"f";"2014-06-20 17:02:57.221";"f";"";"76";"CONSOLIDADA";"";"Presencial";
"1217686";"01";"5754564";"";"";"54954";"GRADUAÇÃO";"Campus Santa Cruz";"Clínica Pediátrica - HUAB";"2014";"1";"2014-05-27";"2014-05-29";"345M23456 (27/05/2014 - 29/05/2014)";"4";"4";"REGULAR";"f";"2014-06-21 07:29:14.152";"f";"";"15";"CONSOLIDADA";"";"Presencial";
"1217687";"02";"5754564";"";"";"54954";"GRADUAÇÃO";"Campus Santa Cruz";"Clínica Pediátrica - HUAB";"2014";"1";"2014-03-25";"2014-03-27";"345M23456 (25/03/2014 - 27/03/2014)";"4";"4";"REGULAR";"f";"2014-06-21 07:33:50.454";"f";"";"21";"CONSOLIDADA";"";"Presencial";
"1217688";"03";"5754564";"";"";"54954";"GRADUAÇÃO";"Campus Santa Cruz";"Clínica Pediátrica - HUAB";"2014";"1";"2014-04-01";"2014-04-03";"345M23456 (01/04/2014 - 03/04/2014)";"9";"4";"REGULAR";"f";"2014-06-21 07:37:02.997";"f";"";"16";"CONSOLIDADA";"";"Presencial";
"1217689";"04";"5754564";"";"";"54954";"GRADUAÇÃO";"Campus Santa Cruz";"Clínica Pediátrica - HUAB";"2014";"1";"2014-04-08";"2014-04-15";"34M23456 (08/04/2014 - 15/04/2014)";"";"4";"REGULAR";"f";"";"f";"";"";"EXCLUÍDA";"";"Presencial";
"1217690";"05";"5754564";"";"";"54954";"GRADUAÇÃO";"Campus Santa Cruz";"Clínica Pediátrica - HUAB";"2014";"1";"2014-04-16";"2014-04-22";"345M23456 (16/04/2014 - 22/04/2014)";"";"4";"REGULAR";"f";"";"f";"";"";"EXCLUÍDA";"";"Presencial";
"1217691";"06";"5754564";"";"";"54954";"GRADUAÇÃO";"Campus Santa Cruz";"Clínica Pediátrica - HUAB";"2014";"1";"2014-04-23";"2014-04-29";"345M23456 (23/04/2014 - 29/04/2014)";"4";"4";"REGULAR";"f";"2014-06-21 07:43:00.899";"f";"";"15";"CONSOLIDADA";"";"Presencial";
"1217692";"07";"5754564";"";"";"54954";"GRADUAÇÃO";"Campus Santa Cruz";"Clínica Pediátrica - HUAB";"2014";"1";"2014-04-30";"2014-05-07";"34M23456 (30/04/2014 - 07/05/2014)";"4";"4";"REGULAR";"f";"2014-06-21 07:49:27.061";"f";"";"15";"CONSOLIDADA";"";"Presencial";
"1217693";"08";"5754564";"";"";"54954";"GRADUAÇÃO";"Campus Santa Cruz";"Clínica Pediátrica - HUAB";"2014";"1";"2014-05-08";"2014-05-14";"345M23456 (08/05/2014 - 14/05/2014)";"4";"4";"REGULAR";"f";"2014-06-21 07:53:19.652";"f";"";"15";"CONSOLIDADA";"";"Presencial";
"1217694";"09";"5754564";"";"";"54954";"GRADUAÇÃO";"Campus Santa Cruz";"Clínica Pediátrica - HUAB";"2014";"1";"2014-05-15";"2014-05-21";"345M23456 (15/05/2014 - 21/05/2014)";"4";"4";"REGULAR";"f";"2014-06-21 07:58:35.925";"f";"";"15";"CONSOLIDADA";"";"Presencial";
"1217695";"01";"5753857";"";"";"54955";"GRADUAÇÃO";"Campus Santa Cruz";"Urência - Currais Novos";"2014";"1";"2014-05-15";"2014-05-21";"345M23456 (15/05/2014 - 21/05/2014)";"4";"4";"REGULAR";"f";"2014-06-14 14:25:07.012";"f";"";"15";"CONSOLIDADA";"";"Presencial";
"1217696";"02";"5753857";"";"";"54955";"GRADUAÇÃO";"Campus Santa Cruz";"Urência - Currais Novos";"2014";"1";"2014-05-27";"2014-05-29";"345M23456 (27/05/2014 - 29/05/2014)";"4";"4";"REGULAR";"f";"2014-06-14 14:42:28.752";"f";"";"15";"CONSOLIDADA";"";"Presencial";
"1217697";"01";"5756115";"";"";"2036556";"GRADUAÇÃO";"Campus Central";"4I10";"2014";"1";"2014-01-27";"2014-06-14";"24T56";"27";"51";"REGULAR";"f";"2014-06-07 16:09:57.701";"f";"";"70";"CONSOLIDADA";"";"Presencial";
"1217698";"03";"5753857";"";"";"54955";"GRADUAÇÃO";"Campus Santa Cruz";"Urência - Currais Novos";"2014";"1";"2014-03-25";"2014-03-27";"345M23456 (25/03/2014 - 27/03/2014)";"5";"4";"REGULAR";"f";"2014-06-14 14:45:14.465";"f";"";"15";"CONSOLIDADA";"";"Presencial";
"1217699";"04";"5753857";"";"";"54955";"GRADUAÇÃO";"Campus Santa Cruz";"Urgência - Currais Novos";"2014";"1";"2014-04-01";"2014-04-03";"345M23456 (01/04/2014 - 03/04/2014)";"4";"4";"REGULAR";"f";"2014-06-16 00:29:47.081";"f";"";"15";"CONSOLIDADA";"";"Presencial";
"1217700";"05";"5753857";"";"";"54955";"GRADUAÇÃO";"Campus Santa Cruz";"Urgência - Currais Novos";"2014";"1";"2014-04-08";"2014-04-15";"34M23456 (08/04/2014 - 15/04/2014)";"";"4";"REGULAR";"f";"";"f";"";"";"EXCLUÍDA";"";"Presencial";
"1217701";"06";"5753857";"";"";"54955";"GRADUAÇÃO";"Campus Santa Cruz";"Urgência - Currais Novos";"2014";"1";"2014-04-16";"2014-04-22";"345M23456 (16/04/2014 - 22/04/2014)";"";"3";"REGULAR";"f";"";"f";"";"";"EXCLUÍDA";"";"Presencial";
"1217702";"07";"5753857";"";"";"54955";"GRADUAÇÃO";"Campus Santa Cruz";"Urgência - Currais Novos";"2014";"1";"2014-04-23";"2014-04-29";"345M23456 (23/04/2014 - 29/04/2014)";"5";"4";"REGULAR";"f";"2014-06-16 00:40:46.627";"f";"";"15";"CONSOLIDADA";"";"Presencial";
"1217703";"08";"5753857";"";"";"54955";"GRADUAÇÃO";"Campus Santa Cruz";"Urgência - Currais Novos";"2014";"1";"2014-04-30";"2014-05-07";"34M23456 (30/04/2014 - 07/05/2014)";"4";"4";"REGULAR";"f";"2014-06-16 00:48:06.335";"f";"";"15";"CONSOLIDADA";"";"Presencial";
"1217704";"09";"5753857";"";"";"54955";"GRADUAÇÃO";"Campus Santa Cruz";"Urgência - Currais Novos";"2014";"1";"2014-05-08";"2014-05-14";"345M23456 (08/05/2014 - 14/05/2014)";"4";"4";"REGULAR";"f";"2014-06-16 00:54:32.837";"f";"";"15";"CONSOLIDADA";"";"Presencial";
"1217705";"01";"5753655";"";"";"54956";"GRADUAÇÃO";"Campus Santa Cruz";"Classificação de Riscos - Currais Novos";"2014";"1";"2014-05-08";"2014-05-14";"345M23456 (08/05/2014 - 14/05/2014)";"4";"4";"REGULAR";"f";"2014-06-10 10:41:08.11";"f";"";"15";"CONSOLIDADA";"";"Presencial";
"1217706";"02";"5753655";"";"";"54956";"GRADUAÇÃO";"Campus Santa Cruz";"Classificação de Riscos - Currais Novos";"2014";"1";"2014-05-15";"2014-05-21";"345M23456 (15/05/2014 - 21/05/2014)";"4";"4";"REGULAR";"f";"2014-06-10 10:41:59.261";"f";"";"15";"CONSOLIDADA";"";"Presencial";
"1217707";"03";"5753655";"";"";"54956";"GRADUAÇÃO";"Campus Santa Cruz";"Classificação de Riscos - Currais Novos";"2014";"1";"2014-05-27";"2014-05-29";"345M23456 (27/05/2014 - 29/05/2014)";"6";"4";"REGULAR";"f";"2014-06-10 10:42:54.56";"f";"";"15";"CONSOLIDADA";"";"Presencial";
"1217708";"04";"5753655";"";"";"54956";"GRADUAÇÃO";"Campus Santa Cruz";"Classificação de Riscos - Currais Novos";"2014";"1";"2014-03-25";"2014-03-27";"345M23456 (25/03/2014 - 27/03/2014)";"5";"4";"REGULAR";"f";"2014-06-10 10:31:13.108";"f";"";"15";"CONSOLIDADA";"";"Presencial";
"1217709";"05";"5753655";"";"";"54956";"GRADUAÇÃO";"Campus Santa Cruz";"Classificação de Riscos - Currais Novos";"2014";"1";"2014-04-01";"2014-04-03";"345M23456 (01/04/2014 - 03/04/2014)";"6";"4";"REGULAR";"f";"2014-06-10 10:35:21.671";"f";"";"15";"CONSOLIDADA";"";"Presencial";
"1217710";"01";"18674";"";"";"46951";"GRADUAÇÃO";"Campus Central";"4A2";"2014";"1";"2014-01-27";"2014-06-14";"2M56";"19";"41";"REGULAR";"f";"2014-06-20 15:44:27.767";"f";"";"34";"CONSOLIDADA";"";"Presencial";
"1217711";"02";"18674";"";"";"46951";"GRADUAÇÃO";"Campus Central";"4A8";"2014";"1";"2014-01-27";"2014-06-14";"2T56";"20";"30";"REGULAR";"f";"2014-06-20 15:42:04.207";"f";"";"34";"CONSOLIDADA";"";"Presencial";
"1217712";"06";"5753655";"";"";"54956";"GRADUAÇÃO";"Campus Santa Cruz";"Classificação de Riscos - Currais Novos";"2014";"1";"2014-04-08";"2014-04-15";"34M23456 (08/04/2014 - 15/04/2014)";"";"3";"REGULAR";"f";"";"f";"";"";"EXCLUÍDA";"";"Presencial";
"1217713";"01";"5755925";"";"";"46952";"GRADUAÇÃO";"Campus Central";"4G6";"2014";"1";"2014-01-27";"2014-06-14";"24M34";"8";"21";"REGULAR";"f";"2014-06-14 09:42:18.52";"f";"";"74";"CONSOLIDADA";"";"Presencial";
"1217714";"07";"5753655";"";"";"54956";"GRADUAÇÃO";"Campus Santa Cruz";"Classificação de Riscos - Currais Novos";"2014";"1";"2014-04-16";"2014-04-22";"345M23456 (16/04/2014 - 22/04/2014)";"";"3";"REGULAR";"f";"";"f";"";"";"EXCLUÍDA";"";"Presencial";
"1217715";"02";"5755925";"";"";"46952";"GRADUAÇÃO";"Campus Central";"4G6";"2014";"1";"2014-01-27";"2014-06-14";"24T34";"23";"21";"REGULAR";"f";"2014-06-14 10:01:11.009";"f";"";"72";"CONSOLIDADA";"";"Presencial";
"1217716";"03";"5755925";"";"";"46952";"GRADUAÇÃO";"Campus Central";"4G6";"2014";"1";"2014-01-27";"2014-06-14";"35M12";"11";"21";"REGULAR";"f";"2014-06-14 09:49:41.539";"f";"";"74";"CONSOLIDADA";"";"Presencial";
"1217717";"08";"5753655";"";"";"54956";"GRADUAÇÃO";"Campus Santa Cruz";"Classificação de Riscos - Currais Novos";"2014";"1";"2014-04-23";"2014-04-29";"345M23456 (23/04/2014 - 29/04/2014)";"5";"4";"REGULAR";"f";"2014-06-12 19:24:01.465";"f";"";"15";"CONSOLIDADA";"";"Presencial";
"1217718";"01";"37244";"";"";"46953";"GRADUAÇÃO";"Campus Central";"4A2";"2014";"1";"2014-01-27";"2014-06-14";"35M12";"43";"36";"REGULAR";"f";"2014-06-16 09:41:02.76";"f";"";"66";"CONSOLIDADA";"";"Presencial";
"1217719";"02";"5756349";"";"";"46953";"GRADUAÇÃO";"Campus Central";"4B1";"2014";"1";"2014-01-27";"2014-06-14";"24T34";"13";"35";"REGULAR";"f";"2014-06-08 22:28:06.031";"f";"";"66";"CONSOLIDADA";"";"Presencial";
"1217720";"09";"5753655";"";"";"54956";"GRADUAÇÃO";"Campus Santa Cruz";"Classificação de Riscos - Currais Novos";"2014";"1";"2014-04-30";"2014-05-07";"34M23456 (30/04/2014 - 07/05/2014)";"4";"4";"REGULAR";"f";"2014-06-10 10:39:48.863";"f";"";"15";"CONSOLIDADA";"";"Presencial";
"1217721";"01";"5755451";"";"";"46954";"GRADUAÇÃO";"Campus Central";"4G6";"2014";"1";"2014-01-27";"2014-06-14";"3M3456";"33";"20";"REGULAR";"f";"2014-06-09 22:24:31.087";"f";"";"72";"CONSOLIDADA";"";"Presencial";
"1217722";"02";"5755451";"";"";"46954";"GRADUAÇÃO";"Campus Central";"4G6";"2014";"1";"2014-01-27";"2014-06-14";"5T1234";"21";"20";"REGULAR";"f";"2014-06-09 22:27:24.551";"f";"";"68";"CONSOLIDADA";"";"Presencial";
"1217723";"03";"5755451";"";"";"46954";"GRADUAÇÃO";"Campus Central";"4G6";"2014";"1";"2014-01-27";"2014-06-14";"3N1234";"7";"20";"REGULAR";"f";"2014-06-09 22:33:21.006";"f";"";"72";"CONSOLIDADA";"";"Presencial";
"1217724";"01";"5753401";"";"";"54957";"GRADUAÇÃO";"Campus Santa Cruz";"Alojamento Conjunto HUAB";"2014";"1";"2014-04-30";"2014-05-07";"34M23456 (30/04/2014 - 07/05/2014)";"6";"4";"REGULAR";"f";"2014-06-15 08:50:35.497";"f";"";"15";"CONSOLIDADA";"";"Presencial";
"1217725";"02";"5753401";"";"";"54957";"GRADUAÇÃO";"Campus Santa Cruz";"Alojamento Conjunto HUAB";"2014";"1";"2014-05-08";"2014-05-14";"345M23456 (08/05/2014 - 14/05/2014)";"4";"4";"REGULAR";"f";"2014-06-15 08:57:27.066";"f";"";"15";"CONSOLIDADA";"";"Presencial";
"1217726";"03";"5753401";"";"";"54957";"GRADUAÇÃO";"Campus Santa Cruz";"Alojamento Conjunto HUAB";"2014";"1";"2014-05-15";"2014-05-21";"345M23456 (15/05/2014 - 21/05/2014)";"6";"4";"REGULAR";"f";"2014-06-15 09:02:22.078";"f";"";"15";"CONSOLIDADA";"";"Presencial";
"1217727";"04";"5753401";"";"";"54957";"GRADUAÇÃO";"Campus Santa Cruz";"Alojamento Conjunto HUAB";"2014";"1";"2014-05-27";"2014-05-29";"345M23456 (27/05/2014 - 29/05/2014)";"4";"4";"REGULAR";"f";"2014-06-15 09:08:25.199";"f";"";"15";"CONSOLIDADA";"";"Presencial";
"1217728";"05";"5753401";"";"";"54957";"GRADUAÇÃO";"Campus Santa Cruz";"Alojamento Conjunto HUAB";"2014";"1";"2014-03-25";"2014-03-27";"345M23456 (25/03/2014 - 27/03/2014)";"7";"4";"REGULAR";"f";"2014-06-15 09:14:30.755";"f";"";"15";"CONSOLIDADA";"";"Presencial";
"1217729";"06";"5753401";"";"";"54957";"GRADUAÇÃO";"Campus Santa Cruz";"Alojamento Conjunto HUAB";"2014";"1";"2014-04-01";"2014-04-03";"345M23456 (01/04/2014 - 03/04/2014)";"4";"4";"REGULAR";"f";"2014-06-15 09:18:23.838";"f";"";"15";"CONSOLIDADA";"";"Presencial";
"1217730";"07";"5753401";"";"";"54957";"GRADUAÇÃO";"Campus Santa Cruz";"Alojamento Conjunto HUAB";"2014";"1";"2014-04-08";"2014-04-15";"34M23456 (08/04/2014 - 15/04/2014)";"";"3";"REGULAR";"f";"";"f";"";"";"EXCLUÍDA";"";"Presencial";
"1217731";"08";"5753401";"";"";"54957";"GRADUAÇÃO";"Campus Santa Cruz";"Alojamento Conjunto HUAB";"2014";"1";"2014-04-16";"2014-04-22";"345M23456 (16/04/2014 - 22/04/2014)";"";"3";"REGULAR";"f";"";"f";"";"";"EXCLUÍDA";"";"Presencial";
"1217732";"09";"5753401";"";"";"54957";"GRADUAÇÃO";"Campus Santa Cruz";"Alojamento Conjunto HUAB";"2014";"1";"2014-04-23";"2014-04-29";"345M23456 (23/04/2014 - 29/04/2014)";"7";"4";"REGULAR";"f";"2014-06-15 09:21:26.444";"f";"";"15";"CONSOLIDADA";"";"Presencial";
"1217733";"01";"5753862";"";"";"54958";"GRADUAÇÃO";"Campus Santa Cruz";"Sala de Parto - HUAB";"2014";"1";"2014-04-23";"2014-04-29";"345M23456 (23/04/2014 - 29/04/2014)";"4";"4";"REGULAR";"f";"2014-06-16 08:21:28.426";"f";"";"15";"CONSOLIDADA";"";"Presencial";
"1217734";"02";"5753862";"";"";"54958";"GRADUAÇÃO";"Campus Santa Cruz";"Sala de Parto - HUAB";"2014";"1";"2014-04-30";"2014-05-07";"34M23456 (30/04/2014 - 07/05/2014)";"7";"4";"REGULAR";"f";"2014-06-16 08:22:59.859";"f";"";"15";"CONSOLIDADA";"";"Presencial";
"1217735";"03";"5753862";"";"";"54958";"GRADUAÇÃO";"Campus Santa Cruz";"Sala de Parto - HUAB";"2014";"1";"2014-05-08";"2014-05-14";"345M23456 (08/05/2014 - 14/05/2014)";"7";"4";"REGULAR";"f";"2014-06-16 08:25:34.814";"f";"";"15";"CONSOLIDADA";"";"Presencial";
"1217736";"04";"5753862";"";"";"54958";"GRADUAÇÃO";"Campus Santa Cruz";"Sala de Parto - HUAB";"2014";"1";"2014-05-15";"2014-05-21";"345M23456 (15/05/2014 - 21/05/2014)";"4";"4";"REGULAR";"f";"2014-06-16 08:26:53.766";"f";"";"15";"CONSOLIDADA";"";"Presencial";
"1217737";"05";"5753862";"";"";"54958";"GRADUAÇÃO";"Campus Santa Cruz";"Sala de Parto - HUAB";"2014";"1";"2014-05-27";"2014-05-29";"345M23456 (27/05/2014 - 29/05/2014)";"7";"4";"REGULAR";"f";"2014-06-16 08:28:18.599";"f";"";"15";"CONSOLIDADA";"";"Presencial";
"1217738";"06";"5753862";"";"";"54958";"GRADUAÇÃO";"Campus Santa Cruz";"Sala de Parto - HUAB";"2014";"1";"2014-03-25";"2014-03-27";"345M23456 (25/03/2014 - 27/03/2014)";"4";"4";"REGULAR";"f";"2014-06-16 08:29:33.045";"f";"";"15";"CONSOLIDADA";"";"Presencial";
"1217739";"07";"5753862";"";"";"54958";"GRADUAÇÃO";"Campus Santa Cruz";"Sala de Parto - HUAB";"2014";"1";"2014-04-01";"2014-04-03";"345M23456 (01/04/2014 - 03/04/2014)";"5";"4";"REGULAR";"f";"2014-06-16 08:30:36.899";"f";"";"15";"CONSOLIDADA";"";"Presencial";
"1217740";"08";"5753862";"";"";"54958";"GRADUAÇÃO";"Campus Santa Cruz";"Sala de Parto - HUAB";"2014";"1";"2014-04-08";"2014-04-15";"34M23456 (08/04/2014 - 15/04/2014)";"";"3";"REGULAR";"f";"";"f";"";"";"EXCLUÍDA";"";"Presencial";
"1217741";"09";"5753862";"";"";"54958";"GRADUAÇÃO";"Campus Santa Cruz";"Sala de Parto - HUAB";"2014";"1";"2014-04-16";"2014-04-22";"345M23456 (16/04/2014 - 22/04/2014)";"";"3";"REGULAR";"f";"";"f";"";"";"EXCLUÍDA";"";"Presencial";
"1217742";"01";"5756066";"";"";"54959";"GRADUAÇÃO";"Campus Santa Cruz";"Clínica Cirúrgica - Currais Novos";"2014";"1";"2014-04-16";"2014-04-22";"345M23456 (16/04/2014 - 22/04/2014)";"";"4";"REGULAR";"f";"";"f";"";"";"EXCLUÍDA";"";"Presencial";
"1217743";"02";"5756066";"";"";"54959";"GRADUAÇÃO";"Campus Santa Cruz";"Clínica Cirúrgica - Currais Novos";"2014";"1";"2014-04-23";"2014-04-29";"345M23456 (23/04/2014 - 29/04/2014)";"3";"4";"REGULAR";"f";"2014-06-15 12:43:23.453";"f";"";"15";"CONSOLIDADA";"";"Presencial";
"1217744";"03";"5756066";"";"";"54959";"GRADUAÇÃO";"Campus Santa Cruz";"Clínica Cirúrgica - Currais Novos";"2014";"1";"2014-04-30";"2014-05-07";"34M23456 (30/04/2014 - 07/05/2014)";"6";"4";"REGULAR";"f";"2014-06-15 12:48:32.377";"f";"";"15";"CONSOLIDADA";"";"Presencial";
"1217745";"04";"5756066";"";"";"54959";"GRADUAÇÃO";"Campus Santa Cruz";"Clínica Cirúrgica - Currais Novos";"2014";"1";"2014-05-08";"2014-05-14";"345M23456 (08/05/2014 - 14/05/2014)";"8";"4";"REGULAR";"f";"2014-06-15 12:51:18.38";"f";"";"15";"CONSOLIDADA";"";"Presencial";
"1217746";"05";"5756066";"";"";"54959";"GRADUAÇÃO";"Campus Santa Cruz";"Clínica Cirúrgica - Currais Novos";"2014";"1";"2014-05-15";"2014-05-21";"345M23456 (15/05/2014 - 21/05/2014)";"8";"4";"REGULAR";"f";"2014-06-15 12:54:40.7";"f";"";"15";"CONSOLIDADA";"";"Presencial";
"1217747";"06";"5756066";"";"";"54959";"GRADUAÇÃO";"Campus Santa Cruz";"Clínica Cirúrgica - Currais Novos";"2014";"1";"2014-05-27";"2014-05-29";"345M23456 (27/05/2014 - 29/05/2014)";"4";"4";"REGULAR";"f";"2014-06-15 12:57:08.793";"f";"";"15";"CONSOLIDADA";"";"Presencial";
"1217748";"07";"5756066";"";"";"54959";"GRADUAÇÃO";"Campus Santa Cruz";"Clínica Cirúrgica - Currais Novos";"2014";"1";"2014-03-25";"2014-03-27";"345M23456 (25/03/2014 - 27/03/2014)";"4";"4";"REGULAR";"f";"2014-06-15 12:59:06.778";"f";"";"15";"CONSOLIDADA";"";"Presencial";
"1217749";"08";"5756066";"";"";"54959";"GRADUAÇÃO";"Campus Santa Cruz";"Clínica Cirúrgica - Currais Novos";"2014";"1";"2014-04-01";"2014-04-03";"345M23456 (01/04/2014 - 03/04/2014)";"4";"4";"REGULAR";"f";"2014-06-15 13:01:53.929";"f";"";"15";"CONSOLIDADA";"";"Presencial";
"1217750";"09";"5756066";"";"";"54959";"GRADUAÇÃO";"Campus Santa Cruz";"Clínica Cirúrgica - Currais Novos";"2014";"1";"2014-04-08";"2014-04-15";"34M23456 (08/04/2014 - 15/04/2014)";"";"3";"REGULAR";"f";"";"f";"";"";"EXCLUÍDA";"";"Presencial";
"1217751";"01";"5756206";"";"";"54960";"GRADUAÇÃO";"Campus Santa Cruz";"Clínica Pediátrica - Currais Novos";"2014";"1";"2014-04-08";"2014-04-15";"34M23456 (08/04/2014 - 15/04/2014)";"";"4";"REGULAR";"f";"";"f";"";"";"EXCLUÍDA";"";"Presencial";
"1217752";"02";"5756206";"";"";"54960";"GRADUAÇÃO";"Campus Santa Cruz";"Clínica Pediátrica - Currais Novos";"2014";"1";"2014-04-16";"2014-04-22";"345M23456 (16/04/2014 - 22/04/2014)";"";"4";"REGULAR";"f";"";"f";"";"";"EXCLUÍDA";"";"Presencial";
"1217753";"03";"5756242";"";"";"54960";"GRADUAÇÃO";"Campus Santa Cruz";"Clínica Pediátrica - Currais Novos";"2014";"1";"2014-04-23";"2014-04-29";"345M23456 (23/04/2014 - 29/04/2014)";"6";"4";"REGULAR";"f";"2014-06-15 13:01:31.907";"f";"";"15";"CONSOLIDADA";"";"Presencial";
"1217754";"04";"5756242";"";"";"54960";"GRADUAÇÃO";"Campus Santa Cruz";"Clínica Pediátrica - Currais Novos";"2014";"1";"2014-04-30";"2014-05-07";"34M23456 (30/04/2014 - 07/05/2014)";"3";"4";"REGULAR";"f";"2014-06-15 12:44:06.759";"f";"";"15";"CONSOLIDADA";"";"Presencial";
"1217755";"05";"5756242";"";"";"54960";"GRADUAÇÃO";"Campus Santa Cruz";"Clínica Pediátrica - Currais Novos";"2014";"1";"2014-05-08";"2014-05-14";"345M23456 (08/05/2014 - 14/05/2014)";"7";"4";"REGULAR";"f";"2014-06-15 12:50:39.8";"f";"";"15";"CONSOLIDADA";"";"Presencial";
"1217756";"06";"5756242";"";"";"54960";"GRADUAÇÃO";"Campus Santa Cruz";"Clínica Pediátrica - Currais Novos";"2014";"1";"2014-05-15";"2014-05-21";"345M23456 (15/05/2014 - 21/05/2014)";"7";"4";"REGULAR";"f";"2014-06-15 12:48:05.796";"f";"";"15";"CONSOLIDADA";"";"Presencial";
"1217757";"07";"5756242";"";"";"54960";"GRADUAÇÃO";"Campus Santa Cruz";"Clínica Pediátrica - Currais Novos";"2014";"1";"2014-05-27";"2014-05-29";"345M23456 (27/05/2014 - 29/05/2014)";"5";"4";"REGULAR";"f";"2014-06-15 13:04:44.808";"f";"";"15";"CONSOLIDADA";"";"Presencial";
"1217758";"08";"5756242";"";"";"54960";"GRADUAÇÃO";"Campus Santa Cruz";"Clínica Pediátrica - Currais Novos";"2014";"1";"2014-03-25";"2014-03-27";"345M23456 (25/03/2014 - 27/03/2014)";"4";"4";"REGULAR";"f";"2014-06-15 12:53:24.259";"f";"";"15";"CONSOLIDADA";"";"Presencial";
"1217759";"09";"5756242";"";"";"54960";"GRADUAÇÃO";"Campus Santa Cruz";"Clínica Pediátrica - Currais Novos";"2014";"1";"2014-04-01";"2014-04-03";"345M23456 (01/04/2014 - 03/04/2014)";"4";"4";"REGULAR";"f";"2014-06-15 12:54:26.073";"f";"";"15";"CONSOLIDADA";"";"Presencial";
"1217760";"01";"5756047";"";"";"54961";"GRADUAÇÃO";"Campus Santa Cruz";"CCIH - HUAB";"2014";"1";"2014-04-01";"2014-04-03";"345M23456 (01/04/2014 - 03/04/2014)";"4";"4";"REGULAR";"f";"2014-06-11 16:06:05.117";"f";"";"15";"CONSOLIDADA";"";"Presencial";
"1217761";"02";"5756047";"";"";"54961";"GRADUAÇÃO";"Campus Santa Cruz";"CCIH - HUAB";"2014";"1";"2014-04-08";"2014-04-15";"34M23456 (08/04/2014 - 15/04/2014)";"";"4";"REGULAR";"f";"";"f";"";"";"EXCLUÍDA";"";"Presencial";
"1217762";"03";"5756047";"";"";"54961";"GRADUAÇÃO";"Campus Santa Cruz";"CCIH - HUAB";"2014";"1";"2014-04-16";"2014-04-22";"345M23456 (16/04/2014 - 22/04/2014)";"";"4";"REGULAR";"f";"";"f";"";"";"EXCLUÍDA";"";"Presencial";
"1217763";"04";"5756047";"";"";"54961";"GRADUAÇÃO";"Campus Santa Cruz";"CCIH - HUAB";"2014";"1";"2014-04-23";"2014-04-29";"345M23456 (23/04/2014 - 29/04/2014)";"4";"4";"REGULAR";"f";"2014-06-11 16:11:53.675";"f";"";"15";"CONSOLIDADA";"";"Presencial";
"1217764";"05";"5756047";"";"";"54961";"GRADUAÇÃO";"Campus Santa Cruz";"CCIH - HUAB";"2014";"1";"2014-04-30";"2014-05-07";"34M23456 (30/04/2014 - 07/05/2014)";"7";"4";"REGULAR";"f";"2014-06-11 16:12:55.154";"f";"";"15";"CONSOLIDADA";"";"Presencial";
"1217765";"06";"5756047";"";"";"54961";"GRADUAÇÃO";"Campus Santa Cruz";"CCIH - HUAB";"2014";"1";"2014-05-08";"2014-05-14";"345M23456 (08/05/2014 - 14/05/2014)";"3";"4";"REGULAR";"f";"2014-06-11 16:13:54.539";"f";"";"15";"CONSOLIDADA";"";"Presencial";
"1217766";"07";"5756047";"";"";"54961";"GRADUAÇÃO";"Campus Santa Cruz";"CCIH - HUAB";"2014";"1";"2014-05-15";"2014-05-21";"345M23456 (15/05/2014 - 21/05/2014)";"5";"4";"REGULAR";"f";"2014-06-11 16:14:58.158";"f";"";"15";"CONSOLIDADA";"";"Presencial";
"1217767";"08";"5756047";"";"";"54961";"GRADUAÇÃO";"Campus Santa Cruz";"CCIH - HUAB";"2014";"1";"2014-05-27";"2014-05-29";"345M23456 (27/05/2014 - 29/05/2014)";"7";"4";"REGULAR";"f";"2014-06-11 16:16:06.216";"f";"";"15";"CONSOLIDADA";"";"Presencial";
"1217768";"09";"5756047";"";"";"54961";"GRADUAÇÃO";"Campus Santa Cruz";"CCIH - HUAB";"2014";"1";"2014-03-25";"2014-03-27";"345M23456 (25/03/2014 - 27/03/2014)";"5";"4";"REGULAR";"f";"2014-06-11 16:17:13.193";"f";"";"15";"CONSOLIDADA";"";"Presencial";
"1217769";"01";"21734";"";"";"53069";"GRADUAÇÃO";"Campus Central";"Departamento de Fisioterapia";"2014";"1";"2014-01-27";"2014-06-14";"5M345";"19";"36";"REGULAR";"f";"2014-06-05 17:28:55.505";"f";"";"51";"CONSOLIDADA";"";"Presencial";
"1217770";"01";"5756294";"";"";"53070";"GRADUAÇÃO";"Campus Central";"Departamento de Fisioterapia";"2014";"1";"2014-01-27";"2014-06-14";"2T34";"6";"36";"REGULAR";"f";"2014-06-08 19:11:17.982";"f";"";"34";"CONSOLIDADA";"";"Presencial";
"1217770";"01";"5756626";"";"";"53070";"GRADUAÇÃO";"Campus Central";"Departamento de Fisioterapia";"2014";"1";"2014-01-27";"2014-06-14";"2T34";"6";"36";"REGULAR";"f";"2014-06-08 19:11:17.982";"f";"";"34";"CONSOLIDADA";"";"Presencial";
"1217771";"01";"5756294";"";"";"24936";"GRADUAÇÃO";"Campus Central";"Departamento de Fisioterapia";"2014";"1";"2014-01-27";"2014-06-14";"2T12";"20";"35";"REGULAR";"f";"2014-06-05 23:53:50.881";"f";"";"34";"CONSOLIDADA";"";"Presencial";
"1217772";"01";"21734";"";"";"25311";"GRADUAÇÃO";"Campus Central";"Departamento de Fisioterapia";"2014";"1";"2014-01-27";"2014-06-14";"3M234";"7";"36";"REGULAR";"f";"2014-06-05 17:20:14.018";"f";"";"51";"CONSOLIDADA";"";"Presencial";
"1217773";"01";"22982";"";"";"25582";"GRADUAÇÃO";"Campus Central";"Departamento de Fisioterapia";"2014";"1";"2014-01-27";"2014-06-14";"35M345 4M45";"32";"35";"REGULAR";"f";"2014-06-06 12:35:18.562";"f";"";"133";"CONSOLIDADA";"";"Presencial";
"1217773";"01";"5752154";"";"";"25582";"GRADUAÇÃO";"Campus Central";"Departamento de Fisioterapia";"2014";"1";"2014-01-27";"2014-06-14";"35M345 4M45";"32";"35";"REGULAR";"f";"2014-06-06 12:35:18.562";"f";"";"133";"CONSOLIDADA";"";"Presencial";
"1217774";"01";"5756416";"";"";"21440";"GRADUAÇÃO";"Campus Central";"Departamento de Fisioterapia";"2014";"1";"2014-01-27";"2014-06-14";"24T23";"32";"35";"REGULAR";"f";"2014-06-09 09:05:34.936";"f";"";"68";"CONSOLIDADA";"";"Presencial";
"1217775";"01";"5756294";"";"";"23024";"GRADUAÇÃO";"Campus Central";"Departamento de Fisioterapia";"2014";"1";"2014-01-27";"2014-06-14";"24M34";"37";"40";"REGULAR";"f";"2014-06-05 15:30:40.543";"f";"";"70";"CONSOLIDADA";"";"Presencial";
"1217776";"01";"3020005";"";"";"23023";"GRADUAÇÃO";"Campus Central";"Departamento de Fisioterapia";"2014";"1";"2014-01-27";"2014-06-14";"2M56 35M234";"38";"40";"REGULAR";"f";"2014-06-06 12:08:34.698";"f";"";"131";"CONSOLIDADA";"";"Presencial";
"1217776";"01";"25606";"";"";"23023";"GRADUAÇÃO";"Campus Central";"Departamento de Fisioterapia";"2014";"1";"2014-01-27";"2014-06-14";"2M56 35M234";"38";"40";"REGULAR";"f";"2014-06-06 12:08:34.698";"f";"";"131";"CONSOLIDADA";"";"Presencial";
"1217777";"01";"25951";"";"";"25583";"GRADUAÇÃO";"Campus Central";"Departamento de Fisioterapia";"2014";"1";"2014-01-27";"2014-06-14";"2345T23";"37";"40";"REGULAR";"f";"2014-06-14 21:27:57.385";"f";"";"134";"CONSOLIDADA";"";"Presencial";
"1217778";"01";"5755610";"";"";"21441";"GRADUAÇÃO";"Campus Central";"Departamento de Fisioterapia";"2014";"1";"2014-01-27";"2014-06-14";"25T45";"36";"40";"REGULAR";"f";"2014-06-14 18:16:17.47";"f";"";"72";"CONSOLIDADA";"";"Presencial";
"1217778";"01";"5752185";"";"";"21441";"GRADUAÇÃO";"Campus Central";"Departamento de Fisioterapia";"2014";"1";"2014-01-27";"2014-06-14";"25T45";"36";"40";"REGULAR";"f";"2014-06-14 18:16:17.47";"f";"";"72";"CONSOLIDADA";"";"Presencial";
"1217779";"01";"21731";"";"";"24121";"GRADUAÇÃO";"Campus Central";"Departamento de Fisioterapia";"2014";"1";"2014-01-27";"2014-06-14";"24M2345 6M45";"17";"12";"REGULAR";"f";"2014-06-15 00:01:38.651";"f";"";"168";"CONSOLIDADA";"";"Presencial";
"1217779";"01";"5756146";"";"";"24121";"GRADUAÇÃO";"Campus Central";"Departamento de Fisioterapia";"2014";"1";"2014-01-27";"2014-06-14";"24M2345 6M45";"17";"12";"REGULAR";"f";"2014-06-15 00:01:38.651";"f";"";"168";"CONSOLIDADA";"";"Presencial";
"1217780";"02";"5752185";"";"";"24121";"GRADUAÇÃO";"Campus Central";"Departamento de Fisioterapia";"2014";"1";"2014-01-27";"2014-06-14";"24M2345 6M45";"11";"12";"REGULAR";"f";"2014-06-12 07:34:05.621";"f";"";"184";"CONSOLIDADA";"";"Presencial";
"1217781";"03";"5755473";"";"";"24121";"GRADUAÇÃO";"Campus Central";"Departamento de Fisioterapia";"2014";"1";"2014-01-27";"2014-06-14";"24M2345 6M45";"7";"12";"REGULAR";"f";"2014-06-13 15:13:36.653";"f";"";"166";"CONSOLIDADA";"";"Presencial";
"1217781";"03";"5756138";"";"";"24121";"GRADUAÇÃO";"Campus Central";"Departamento de Fisioterapia";"2014";"1";"2014-01-27";"2014-06-14";"24M2345 6M45";"7";"12";"REGULAR";"f";"2014-06-13 15:13:36.653";"f";"";"166";"CONSOLIDADA";"";"Presencial";
"1217782";"04";"";"102443219";"";"24121";"GRADUAÇÃO";"Campus Central";"Departamento de Fisioterapia";"2014";"1";"2014-01-27";"2014-06-14";"24M2345 6M45";"2";"12";"REGULAR";"f";"2014-06-14 22:08:18.825";"f";"";"174";"CONSOLIDADA";"";"Presencial";
"1217782";"04";"5756610";"";"";"24121";"GRADUAÇÃO";"Campus Central";"Departamento de Fisioterapia";"2014";"1";"2014-01-27";"2014-06-14";"24M2345 6M45";"2";"12";"REGULAR";"f";"2014-06-14 22:08:18.825";"f";"";"174";"CONSOLIDADA";"";"Presencial";
"1217783";"01";"26043";"";"";"23025";"GRADUAÇÃO";"Campus Central";"Departamento de Fisioterapia";"2014";"1";"2014-01-27";"2014-06-14";"35M2345 6M23";"23";"15";"REGULAR";"f";"2014-06-09 18:10:55.94";"f";"";"168";"CONSOLIDADA";"";"Presencial";
"1217783";"01";"5756146";"";"";"23025";"GRADUAÇÃO";"Campus Central";"Departamento de Fisioterapia";"2014";"1";"2014-01-27";"2014-06-14";"35M2345 6M23";"23";"15";"REGULAR";"f";"2014-06-09 18:10:55.94";"f";"";"168";"CONSOLIDADA";"";"Presencial";
"1217784";"02";"5752193";"";"";"23025";"GRADUAÇÃO";"Campus Central";"Departamento de Fisioterapia";"2014";"1";"2014-01-27";"2014-06-14";"35M2345 6M23";"4";"15";"REGULAR";"f";"2014-06-09 20:36:18.635";"f";"";"176";"CONSOLIDADA";"";"Presencial";
"1217785";"03";"21945";"";"";"23025";"GRADUAÇÃO";"Campus Central";"Departamento de Fisioterapia";"2014";"1";"2014-01-27";"2014-06-14";"35M2345 6M23";"10";"15";"REGULAR";"f";"2014-06-09 19:01:03.441";"f";"";"176";"CONSOLIDADA";"";"Presencial";
"1217785";"03";"5756138";"";"";"23025";"GRADUAÇÃO";"Campus Central";"Departamento de Fisioterapia";"2014";"1";"2014-01-27";"2014-06-14";"35M2345 6M23";"10";"15";"REGULAR";"f";"2014-06-09 19:01:03.441";"f";"";"176";"CONSOLIDADA";"";"Presencial";
"1217786";"01";"21732";"";"";"27714";"GRADUAÇÃO";"Campus Central";"Departamento de Fisioterapia";"2014";"1";"2014-01-27";"2014-06-14";"6M234";"72";"40";"REGULAR";"f";"2014-06-14 20:26:47.579";"f";"";"57";"CONSOLIDADA";"";"Presencial";
"1217787";"01";"";"102443219";"";"24117";"GRADUAÇÃO";"Campus Central";"Departamento de Fisioterapia";"2014";"1";"2014-01-27";"2014-06-14";"3T456";"35";"40";"REGULAR";"f";"2014-06-03 09:48:50.797";"f";"";"51";"CONSOLIDADA";"";"Presencial";
"1217787";"01";"5756138";"";"";"24117";"GRADUAÇÃO";"Campus Central";"Departamento de Fisioterapia";"2014";"1";"2014-01-27";"2014-06-14";"3T456";"35";"40";"REGULAR";"f";"2014-06-03 09:48:50.797";"f";"";"51";"CONSOLIDADA";"";"Presencial";
"1217788";"01";"5756294";"";"";"23026";"GRADUAÇÃO";"Campus Central";"Departamento de Fisioterapia";"2014";"1";"2014-01-27";"2014-06-14";"4T2345";"29";"40";"REGULAR";"f";"2014-06-05 10:49:48.46";"f";"";"72";"CONSOLIDADA";"";"Presencial";
"1217788";"01";"21945";"";"";"23026";"GRADUAÇÃO";"Campus Central";"Departamento de Fisioterapia";"2014";"1";"2014-01-27";"2014-06-14";"4T2345";"29";"40";"REGULAR";"f";"2014-06-05 10:49:48.46";"f";"";"72";"CONSOLIDADA";"";"Presencial";
"1217789";"01";"21732";"";"";"27715";"GRADUAÇÃO";"Campus Central";"Departamento de Fisioterapia";"2014";"1";"2014-01-27";"2014-06-14";"2T2345";"12";"40";"REGULAR";"f";"2014-06-14 20:15:47.401";"f";"";"68";"CONSOLIDADA";"";"Presencial";
"1217789";"01";"21731";"";"";"27715";"GRADUAÇÃO";"Campus Central";"Departamento de Fisioterapia";"2014";"1";"2014-01-27";"2014-06-14";"2T2345";"12";"40";"REGULAR";"f";"2014-06-14 20:15:47.401";"f";"";"68";"CONSOLIDADA";"";"Presencial";
"1217790";"01";"3020005";"";"";"40141";"GRADUAÇÃO";"Campus Central";"Departamento de Fisioterapia";"2014";"1";"2014-01-27";"2014-06-14";"35T23";"35";"40";"REGULAR";"f";"2014-06-04 08:53:53.766";"f";"";"66";"CONSOLIDADA";"";"Presencial";
"1217790";"01";"5756416";"";"";"40141";"GRADUAÇÃO";"Campus Central";"Departamento de Fisioterapia";"2014";"1";"2014-01-27";"2014-06-14";"35T23";"35";"40";"REGULAR";"f";"2014-06-04 08:53:53.766";"f";"";"66";"CONSOLIDADA";"";"Presencial";
"1217791";"01";"5752282";"";"";"41967";"GRADUAÇÃO";"Campus Central";"Departamento de Fisioterapia";"2014";"1";"2014-01-27";"2014-06-14";"23456M2345 (27/01/2014 - 14/06/2014)";"14";"10";"REGULAR";"f";"2014-06-13 16:22:57.181";"f";"";"352";"CONSOLIDADA";"";"Presencial";
"1217791";"01";"5753047";"";"";"41967";"GRADUAÇÃO";"Campus Central";"Departamento de Fisioterapia";"2014";"1";"2014-01-27";"2014-06-14";"23456M2345 (27/01/2014 - 14/06/2014)";"14";"10";"REGULAR";"f";"2014-06-13 16:22:57.181";"f";"";"352";"CONSOLIDADA";"";"Presencial";
"1217792";"02";"5755575";"";"";"41967";"GRADUAÇÃO";"Campus Central";"Departamento de Fisioterapia";"2014";"1";"2014-01-27";"2014-06-14";"23456M2345 (27/01/2014 - 14/06/2014)";"6";"10";"REGULAR";"f";"2014-06-13 15:17:01.546";"f";"";"352";"CONSOLIDADA";"";"Presencial";
"1217792";"02";"26147";"";"";"41967";"GRADUAÇÃO";"Campus Central";"Departamento de Fisioterapia";"2014";"1";"2014-01-27";"2014-06-14";"23456M2345 (27/01/2014 - 14/06/2014)";"6";"10";"REGULAR";"f";"2014-06-13 15:17:01.546";"f";"";"352";"CONSOLIDADA";"";"Presencial";
"1217792";"02";"21733";"";"";"41967";"GRADUAÇÃO";"Campus Central";"Departamento de Fisioterapia";"2014";"1";"2014-01-27";"2014-06-14";"23456M2345 (27/01/2014 - 14/06/2014)";"6";"10";"REGULAR";"f";"2014-06-13 15:17:01.546";"f";"";"352";"CONSOLIDADA";"";"Presencial";
"1217793";"03";"22991";"";"";"41967";"GRADUAÇÃO";"Campus Central";"Departamento de Fisioterapia";"2014";"1";"2014-01-27";"2014-06-14";"23456M2345 (27/01/2014 - 14/06/2014)";"10";"10";"REGULAR";"f";"2014-06-13 16:27:39.586";"f";"";"352";"CONSOLIDADA";"";"Presencial";
"1217793";"03";"2261772";"";"";"41967";"GRADUAÇÃO";"Campus Central";"Departamento de Fisioterapia";"2014";"1";"2014-01-27";"2014-06-14";"23456M2345 (27/01/2014 - 14/06/2014)";"10";"10";"REGULAR";"f";"2014-06-13 16:27:39.586";"f";"";"352";"CONSOLIDADA";"";"Presencial";
"1217793";"03";"5756626";"";"";"41967";"GRADUAÇÃO";"Campus Central";"Departamento de Fisioterapia";"2014";"1";"2014-01-27";"2014-06-14";"23456M2345 (27/01/2014 - 14/06/2014)";"10";"10";"REGULAR";"f";"2014-06-13 16:27:39.586";"f";"";"352";"CONSOLIDADA";"";"Presencial";
"1217794";"04";"5755607";"";"";"41967";"GRADUAÇÃO";"Campus Central";"Departamento de Fisioterapia";"2014";"1";"2014-01-27";"2014-06-14";"23456M2345 (27/01/2014 - 14/06/2014)";"3";"10";"REGULAR";"f";"2014-06-13 16:02:14.506";"f";"";"352";"CONSOLIDADA";"";"Presencial";
"1217794";"04";"5756451";"";"";"41967";"GRADUAÇÃO";"Campus Central";"Departamento de Fisioterapia";"2014";"1";"2014-01-27";"2014-06-14";"23456M2345 (27/01/2014 - 14/06/2014)";"3";"10";"REGULAR";"f";"2014-06-13 16:02:14.506";"f";"";"352";"CONSOLIDADA";"";"Presencial";
"1217794";"04";"";"102443219";"";"41967";"GRADUAÇÃO";"Campus Central";"Departamento de Fisioterapia";"2014";"1";"2014-01-27";"2014-06-14";"23456M2345 (27/01/2014 - 14/06/2014)";"3";"10";"REGULAR";"f";"2014-06-13 16:02:14.506";"f";"";"352";"CONSOLIDADA";"";"Presencial";
"1217795";"01";"5753067";"";"";"41968";"GRADUAÇÃO";"Campus Central";"Departamento de Fisioterapia";"2014";"1";"2014-01-27";"2014-06-14";"23456T2345 (27/01/2014 - 14/06/2014)";"16";"15";"REGULAR";"f";"2014-06-13 10:41:03.83";"f";"";"360";"CONSOLIDADA";"";"Presencial";
"1217795";"01";"74165";"";"";"41968";"GRADUAÇÃO";"Campus Central";"Departamento de Fisioterapia";"2014";"1";"2014-01-27";"2014-06-14";"23456T2345 (27/01/2014 - 14/06/2014)";"16";"15";"REGULAR";"f";"2014-06-13 10:41:03.83";"f";"";"360";"CONSOLIDADA";"";"Presencial";
"1217796";"02";"5755610";"";"";"41968";"GRADUAÇÃO";"Campus Central";"Departamento de Fisioterapia";"2014";"1";"2014-01-27";"2014-06-14";"23456T2345 (27/01/2014 - 14/06/2014)";"14";"15";"REGULAR";"f";"2014-06-10 11:32:44.48";"f";"";"344";"CONSOLIDADA";"";"Presencial";
"1217796";"02";"5755445";"";"";"41968";"GRADUAÇÃO";"Campus Central";"Departamento de Fisioterapia";"2014";"1";"2014-01-27";"2014-06-14";"23456T2345 (27/01/2014 - 14/06/2014)";"14";"15";"REGULAR";"f";"2014-06-10 11:32:44.48";"f";"";"344";"CONSOLIDADA";"";"Presencial";
"1217796";"02";"5756416";"";"";"41968";"GRADUAÇÃO";"Campus Central";"Departamento de Fisioterapia";"2014";"1";"2014-01-27";"2014-06-14";"23456T2345 (27/01/2014 - 14/06/2014)";"14";"15";"REGULAR";"f";"2014-06-10 11:32:44.48";"f";"";"344";"CONSOLIDADA";"";"Presencial";
"1217797";"03";"25606";"";"";"41968";"GRADUAÇÃO";"Campus Central";"Departamento de Fisioterapia";"2014";"1";"2014-01-27";"2014-06-14";"23456T2345 (27/01/2014 - 14/06/2014)";"8";"15";"REGULAR";"f";"2014-06-04 09:43:47.906";"f";"";"340";"CONSOLIDADA";"";"Presencial";
"1217797";"03";"5752154";"";"";"41968";"GRADUAÇÃO";"Campus Central";"Departamento de Fisioterapia";"2014";"1";"2014-01-27";"2014-06-14";"23456T2345 (27/01/2014 - 14/06/2014)";"8";"15";"REGULAR";"f";"2014-06-04 09:43:47.906";"f";"";"340";"CONSOLIDADA";"";"Presencial";
"1217797";"03";"21941";"";"";"41968";"GRADUAÇÃO";"Campus Central";"Departamento de Fisioterapia";"2014";"1";"2014-01-27";"2014-06-14";"23456T2345 (27/01/2014 - 14/06/2014)";"8";"15";"REGULAR";"f";"2014-06-04 09:43:47.906";"f";"";"340";"CONSOLIDADA";"";"Presencial";
"1217798";"01";"5755795";"";"";"24832";"GRADUAÇÃO";"Campus Central";"VG4";"2014";"1";"2014-01-27";"2014-06-14";"46T56";"29";"50";"REGULAR";"f";"2014-06-17 14:19:20.554";"f";"";"76";"CONSOLIDADA";"";"Presencial";
"1217800";"01";"5756590";"";"";"25691";"GRADUAÇÃO";"Campus Central";"3C3";"2014";"1";"2014-01-27";"2014-06-14";"246M12";"4";"60";"REGULAR";"f";"2014-06-13 18:14:14.816";"f";"";"100";"CONSOLIDADA";"";"Presencial";
"1217801";"01";"18299";"";"";"23582";"GRADUAÇÃO";"Campus Central";"3A2";"2014";"1";"2014-01-27";"2014-06-14";"246M34";"3";"30";"REGULAR";"f";"2014-06-21 11:56:27.362";"f";"";"108";"CONSOLIDADA";"";"Presencial";
"1217803";"01";"23169";"";"";"25132";"GRADUAÇÃO";"Campus Central";"Mulungu";"2014";"1";"2014-01-27";"2014-06-14";"246T56";"19";"57";"REGULAR";"f";"2014-06-17 19:16:34.582";"f";"";"102";"CONSOLIDADA";"";"Presencial";
"1217803";"01";"18763";"";"";"25132";"GRADUAÇÃO";"Campus Central";"Mulungu";"2014";"1";"2014-01-27";"2014-06-14";"246T56";"19";"57";"REGULAR";"f";"2014-06-17 19:16:34.582";"f";"";"102";"CONSOLIDADA";"";"Presencial";
"1217803";"01";"23679";"";"";"25132";"GRADUAÇÃO";"Campus Central";"Mulungu";"2014";"1";"2014-01-27";"2014-06-14";"246T56";"19";"57";"REGULAR";"f";"2014-06-17 19:16:34.582";"f";"";"102";"CONSOLIDADA";"";"Presencial";
"1217803";"01";"5752290";"";"";"25132";"GRADUAÇÃO";"Campus Central";"Mulungu";"2014";"1";"2014-01-27";"2014-06-14";"246T56";"19";"57";"REGULAR";"f";"2014-06-17 19:16:34.582";"f";"";"102";"CONSOLIDADA";"";"Presencial";
"1217804";"01";"23186";"";"";"25694";"GRADUAÇÃO";"Campus Central";"3C1";"2014";"1";"2014-01-27";"2014-06-14";"246M56";"55";"60";"REGULAR";"f";"2014-06-20 07:51:29.894";"f";"";"112";"CONSOLIDADA";"";"Presencial";
"1217805";"03";"18485";"";"";"25693";"GRADUAÇÃO";"Campus Central";"3B5";"2014";"1";"2014-01-27";"2014-06-14";"35M56";"29";"61";"REGULAR";"f";"2014-06-10 16:31:12.756";"f";"";"66";"CONSOLIDADA";"";"Presencial";
"1217806";"04";"23039";"";"";"25693";"GRADUAÇÃO";"Campus Central";"3E4";"2014";"1";"2014-01-27";"2014-06-14";"35M56";"21";"55";"REGULAR";"f";"2014-06-17 08:49:40.859";"f";"";"70";"CONSOLIDADA";"";"Presencial";
"1217807";"02";"5756432";"";"";"24535";"GRADUAÇÃO";"Campus Central";"3C1";"2014";"1";"2014-01-27";"2014-06-14";"246N34";"42";"68";"REGULAR";"f";"2014-06-19 08:35:23.818";"f";"";"106";"CONSOLIDADA";"";"Presencial";
"1217808";"03";"5756375";"";"";"24535";"GRADUAÇÃO";"Campus Central";"3H2";"2014";"1";"2014-01-27";"2014-06-14";"246M12";"18";"56";"REGULAR";"f";"2014-07-03 11:37:00.594";"f";"";"106";"CONSOLIDADA";"";"Presencial";
"1217809";"04";"5756432";"";"";"24535";"GRADUAÇÃO";"Campus Central";"3H7";"2014";"1";"2014-01-27";"2014-06-14";"246M12";"8";"55";"REGULAR";"f";"2014-06-19 08:38:50.877";"f";"";"100";"CONSOLIDADA";"";"Presencial";
"1217811";"05";"5752447";"";"";"25693";"GRADUAÇÃO";"Campus Central";"3C1";"2014";"1";"2014-01-27";"2014-06-14";"35T56";"34";"55";"REGULAR";"f";"2014-06-20 10:38:27.423";"f";"";"70";"CONSOLIDADA";"";"Presencial";
"1217812";"05";"5752625";"";"";"24535";"GRADUAÇÃO";"Campus Central";"3C2";"2014";"1";"2014-01-27";"2014-06-14";"246T34";"30";"66";"REGULAR";"f";"2014-06-14 18:47:03.822";"f";"";"112";"CONSOLIDADA";"";"Presencial";
"1217813";"04";"25966";"";"";"23587";"GRADUAÇÃO";"Campus Central";"3H7";"2014";"1";"2014-01-27";"2014-06-14";"246T12";"45";"53";"REGULAR";"f";"2014-06-20 20:11:36.648";"f";"";"112";"CONSOLIDADA";"";"Presencial";
"1217814";"03";"5756375";"";"";"25707";"GRADUAÇÃO";"Campus Central";"3G1";"2014";"1";"2014-01-27";"2014-06-14";"35M56";"35";"110";"REGULAR";"f";"2014-07-03 11:33:02.302";"f";"";"72";"CONSOLIDADA";"";"Presencial";
"1217816";"01A";"5755602";"";"";"43400";"GRADUAÇÃO";"Campus Santa Cruz";"Bloco I - Sala 10";"2014";"1";"2014-01-27";"2014-06-14";"245T123";"2";"22";"REGULAR";"f";"2014-06-12 22:13:14.749";"f";"1217815";"159";"CONSOLIDADA";"";"Presencial";
"1217816";"01A";"5756621";"";"";"43400";"GRADUAÇÃO";"Campus Santa Cruz";"Bloco I - Sala 10";"2014";"1";"2014-01-27";"2014-06-14";"245T123";"2";"22";"REGULAR";"f";"2014-06-12 22:13:14.749";"f";"1217815";"159";"CONSOLIDADA";"";"Presencial";
"1217816";"01A";"5753859";"";"";"43400";"GRADUAÇÃO";"Campus Santa Cruz";"Bloco I - Sala 10";"2014";"1";"2014-01-27";"2014-06-14";"245T123";"2";"22";"REGULAR";"f";"2014-06-12 22:13:14.749";"f";"1217815";"159";"CONSOLIDADA";"";"Presencial";
"1217816";"01A";"5752023";"";"";"43400";"GRADUAÇÃO";"Campus Santa Cruz";"Bloco I - Sala 10";"2014";"1";"2014-01-27";"2014-06-14";"245T123";"2";"22";"REGULAR";"f";"2014-06-12 22:13:14.749";"f";"1217815";"159";"CONSOLIDADA";"";"Presencial";
"1217817";"01";"24453";"";"";"23836";"GRADUAÇÃO";"Campus Central";"Sala II-DFS";"2014";"1";"2014-01-27";"2014-06-14";"245N34";"40";"46";"REGULAR";"f";"2014-06-20 12:55:34.176";"f";"";"110";"CONSOLIDADA";"";"Presencial";
"1217817";"01";"23679";"";"";"23836";"GRADUAÇÃO";"Campus Central";"Sala II-DFS";"2014";"1";"2014-01-27";"2014-06-14";"245N34";"40";"46";"REGULAR";"f";"2014-06-20 12:55:34.176";"f";"";"110";"CONSOLIDADA";"";"Presencial";
"1217817";"01";"5756466";"";"";"23836";"GRADUAÇÃO";"Campus Central";"Sala II-DFS";"2014";"1";"2014-01-27";"2014-06-14";"245N34";"40";"46";"REGULAR";"f";"2014-06-20 12:55:34.176";"f";"";"110";"CONSOLIDADA";"";"Presencial";
"1217817";"01";"5755431";"";"";"23836";"GRADUAÇÃO";"Campus Central";"Sala II-DFS";"2014";"1";"2014-01-27";"2014-06-14";"245N34";"40";"46";"REGULAR";"f";"2014-06-20 12:55:34.176";"f";"";"110";"CONSOLIDADA";"";"Presencial";
"1217817";"01";"5756319";"";"";"23836";"GRADUAÇÃO";"Campus Central";"Sala II-DFS";"2014";"1";"2014-01-27";"2014-06-14";"245N34";"40";"46";"REGULAR";"f";"2014-06-20 12:55:34.176";"f";"";"110";"CONSOLIDADA";"";"Presencial";
"1217818";"01";"23039";"";"";"40028";"GRADUAÇÃO";"Campus Central";"3H7";"2014";"1";"2014-01-27";"2014-06-14";"35M34";"52";"55";"REGULAR";"f";"2014-06-18 21:17:57.984";"f";"";"74";"CONSOLIDADA";"";"Presencial";
"1217819";"02";"5755566";"";"";"40028";"GRADUAÇÃO";"Campus Central";"3A3";"2014";"1";"2014-01-27";"2014-06-14";"35N34";"58";"60";"REGULAR";"f";"2014-06-15 10:29:43.95";"f";"";"74";"CONSOLIDADA";"";"Presencial";
"1217820";"02";"5752765";"";"";"23836";"GRADUAÇÃO";"Campus Central";"Mandacarú";"2014";"1";"2014-01-27";"2014-06-14";"35T34 6T12";"43";"46";"REGULAR";"f";"2014-06-20 14:16:13.305";"f";"";"98";"CONSOLIDADA";"";"Presencial";
"1217820";"02";"5756466";"";"";"23836";"GRADUAÇÃO";"Campus Central";"Mandacarú";"2014";"1";"2014-01-27";"2014-06-14";"35T34 6T12";"43";"46";"REGULAR";"f";"2014-06-20 14:16:13.305";"f";"";"98";"CONSOLIDADA";"";"Presencial";
"1217820";"02";"24453";"";"";"23836";"GRADUAÇÃO";"Campus Central";"Mandacarú";"2014";"1";"2014-01-27";"2014-06-14";"35T34 6T12";"43";"46";"REGULAR";"f";"2014-06-20 14:16:13.305";"f";"";"98";"CONSOLIDADA";"";"Presencial";
"1217820";"02";"23679";"";"";"23836";"GRADUAÇÃO";"Campus Central";"Mandacarú";"2014";"1";"2014-01-27";"2014-06-14";"35T34 6T12";"43";"46";"REGULAR";"f";"2014-06-20 14:16:13.305";"f";"";"98";"CONSOLIDADA";"";"Presencial";
"1217820";"02";"5755431";"";"";"23836";"GRADUAÇÃO";"Campus Central";"Mandacarú";"2014";"1";"2014-01-27";"2014-06-14";"35T34 6T12";"43";"46";"REGULAR";"f";"2014-06-20 14:16:13.305";"f";"";"98";"CONSOLIDADA";"";"Presencial";
"1217821";"01B";"5752023";"";"";"43400";"GRADUAÇÃO";"Campus Santa Cruz";"Bloco I - T: Sala 10 / P: Lab. de Anatomia";"2014";"1";"2014-01-27";"2014-06-14";"24T123 5T456";"1";"22";"REGULAR";"f";"2014-06-12 22:13:13.805";"f";"1217815";"159";"CONSOLIDADA";"";"Presencial";
"1217821";"01B";"5756621";"";"";"43400";"GRADUAÇÃO";"Campus Santa Cruz";"Bloco I - T: Sala 10 / P: Lab. de Anatomia";"2014";"1";"2014-01-27";"2014-06-14";"24T123 5T456";"1";"22";"REGULAR";"f";"2014-06-12 22:13:13.805";"f";"1217815";"159";"CONSOLIDADA";"";"Presencial";
"1217821";"01B";"5755602";"";"";"43400";"GRADUAÇÃO";"Campus Santa Cruz";"Bloco I - T: Sala 10 / P: Lab. de Anatomia";"2014";"1";"2014-01-27";"2014-06-14";"24T123 5T456";"1";"22";"REGULAR";"f";"2014-06-12 22:13:13.805";"f";"1217815";"159";"CONSOLIDADA";"";"Presencial";
"1217822";"01";"5752556";"";"";"25690";"GRADUAÇÃO";"Campus Central";"3C1";"2014";"1";"2014-01-27";"2014-06-14";"246T34";"13";"45";"REGULAR";"f";"2014-06-13 15:52:18.76";"f";"";"108";"CONSOLIDADA";"";"Presencial";
"1217823";"06";"5756411";"";"";"25693";"GRADUAÇÃO";"Campus Central";"3H1";"2014";"1";"2014-01-27";"2014-06-14";"35M56";"49";"50";"REGULAR";"f";"2014-06-20 12:28:43.46";"f";"";"72";"CONSOLIDADA";"";"Presencial";
"1217824";"01";"5755150";"";"";"43401";"GRADUAÇÃO";"Campus Santa Cruz";"Bloco I - Sala 10";"2014";"1";"2014-01-27";"2014-06-14";"2T56";"";"44";"REGULAR";"f";"2014-06-04 20:42:40.098";"f";"";"46";"CONSOLIDADA";"";"Presencial";
"1217825";"01";"23679";"";"";"43653";"GRADUAÇÃO";"Campus Central";"Células";"2014";"1";"2014-01-27";"2014-06-14";"35N12";"22";"35";"REGULAR";"f";"2014-06-20 11:44:24.839";"f";"";"68";"CONSOLIDADA";"";"Presencial";
"1217825";"01";"5752263";"";"";"43653";"GRADUAÇÃO";"Campus Central";"Células";"2014";"1";"2014-01-27";"2014-06-14";"35N12";"22";"35";"REGULAR";"f";"2014-06-20 11:44:24.839";"f";"";"68";"CONSOLIDADA";"";"Presencial";
"1217825";"01";"22728";"";"";"43653";"GRADUAÇÃO";"Campus Central";"Células";"2014";"1";"2014-01-27";"2014-06-14";"35N12";"22";"35";"REGULAR";"f";"2014-06-20 11:44:24.839";"f";"";"68";"CONSOLIDADA";"";"Presencial";
"1217826";"02";"23679";"";"";"43653";"GRADUAÇÃO";"Campus Central";"Embriões";"2014";"1";"2014-01-27";"2014-06-14";"35T34";"20";"20";"REGULAR";"f";"2014-06-13 16:54:06.736";"f";"";"68";"CONSOLIDADA";"";"Presencial";
"1217826";"02";"22728";"";"";"43653";"GRADUAÇÃO";"Campus Central";"Embriões";"2014";"1";"2014-01-27";"2014-06-14";"35T34";"20";"20";"REGULAR";"f";"2014-06-13 16:54:06.736";"f";"";"68";"CONSOLIDADA";"";"Presencial";
"1217826";"02";"5752263";"";"";"43653";"GRADUAÇÃO";"Campus Central";"Embriões";"2014";"1";"2014-01-27";"2014-06-14";"35T34";"20";"20";"REGULAR";"f";"2014-06-13 16:54:06.736";"f";"";"68";"CONSOLIDADA";"";"Presencial";
"1217827";"01";"5754927";"";"";"43402";"GRADUAÇÃO";"Campus Santa Cruz";"Bloco I - Sala 10";"2014";"1";"2014-01-27";"2014-06-14";"4T456";"0";"44";"REGULAR";"f";"2014-06-13 14:00:23.937";"f";"";"51";"CONSOLIDADA";"";"Presencial";
"1217828";"01";"5752387";"";"";"2050403";"GRADUAÇÃO";"Campus Central";"Sala II-DFS";"2014";"1";"2014-01-27";"2014-06-14";"246M56";"38";"41";"REGULAR";"f";"2014-06-20 15:51:10.8";"f";"";"112";"CONSOLIDADA";"";"Presencial";
"1217828";"01";"5752754";"";"";"2050403";"GRADUAÇÃO";"Campus Central";"Sala II-DFS";"2014";"1";"2014-01-27";"2014-06-14";"246M56";"38";"41";"REGULAR";"f";"2014-06-20 15:51:10.8";"f";"";"112";"CONSOLIDADA";"";"Presencial";
"1217828";"01";"5756319";"";"";"2050403";"GRADUAÇÃO";"Campus Central";"Sala II-DFS";"2014";"1";"2014-01-27";"2014-06-14";"246M56";"38";"41";"REGULAR";"f";"2014-06-20 15:51:10.8";"f";"";"112";"CONSOLIDADA";"";"Presencial";
"1217828";"01";"24453";"";"";"2050403";"GRADUAÇÃO";"Campus Central";"Sala II-DFS";"2014";"1";"2014-01-27";"2014-06-14";"246M56";"38";"41";"REGULAR";"f";"2014-06-20 15:51:10.8";"f";"";"112";"CONSOLIDADA";"";"Presencial";
"1217828";"01";"59150";"";"";"2050403";"GRADUAÇÃO";"Campus Central";"Sala II-DFS";"2014";"1";"2014-01-27";"2014-06-14";"246M56";"38";"41";"REGULAR";"f";"2014-06-20 15:51:10.8";"f";"";"112";"CONSOLIDADA";"";"Presencial";
"1217828";"01";"5756466";"";"";"2050403";"GRADUAÇÃO";"Campus Central";"Sala II-DFS";"2014";"1";"2014-01-27";"2014-06-14";"246M56";"38";"41";"REGULAR";"f";"2014-06-20 15:51:10.8";"f";"";"112";"CONSOLIDADA";"";"Presencial";
"1217829";"01";"5756301";"";"";"2036561";"GRADUAÇÃO";"Campus Central";"4I4";"2014";"1";"2014-01-27";"2014-06-14";"24T12";"40";"50";"REGULAR";"f";"2014-06-16 08:02:15.221";"f";"";"72";"CONSOLIDADA";"";"Presencial";
"1217830";"01";"5751752";"";"";"43403";"GRADUAÇÃO";"Campus Santa Cruz";"Bloco I - Sala 10";"2014";"1";"2014-01-27";"2014-06-14";"35M45";"0";"44";"REGULAR";"f";"2014-06-14 21:28:37.138";"f";"";"66";"CONSOLIDADA";"";"Presencial";
"1217830";"01";"5755460";"";"";"43403";"GRADUAÇÃO";"Campus Santa Cruz";"Bloco I - Sala 10";"2014";"1";"2014-01-27";"2014-06-14";"35M45";"0";"44";"REGULAR";"f";"2014-06-14 21:28:37.138";"f";"";"66";"CONSOLIDADA";"";"Presencial";
"1217831";"02";"5756301";"";"";"2036561";"GRADUAÇÃO";"Campus Central";"4F2";"2014";"1";"2014-01-27";"2014-06-14";"25N34";"32";"50";"REGULAR";"f";"2014-06-16 08:06:00.522";"f";"";"70";"CONSOLIDADA";"";"Presencial";
"1217832";"01";"23679";"";"";"21021";"GRADUAÇÃO";"Campus Central";"Aroeira";"2014";"1";"2014-01-27";"2014-06-14";"246T34";"43";"40";"REGULAR";"f";"2014-06-21 17:09:32.784";"f";"";"112";"CONSOLIDADA";"";"Presencial";
"1217832";"01";"5756466";"";"";"21021";"GRADUAÇÃO";"Campus Central";"Aroeira";"2014";"1";"2014-01-27";"2014-06-14";"246T34";"43";"40";"REGULAR";"f";"2014-06-21 17:09:32.784";"f";"";"112";"CONSOLIDADA";"";"Presencial";
"1217832";"01";"5752765";"";"";"21021";"GRADUAÇÃO";"Campus Central";"Aroeira";"2014";"1";"2014-01-27";"2014-06-14";"246T34";"43";"40";"REGULAR";"f";"2014-06-21 17:09:32.784";"f";"";"112";"CONSOLIDADA";"";"Presencial";
"1217832";"01";"24453";"";"";"21021";"GRADUAÇÃO";"Campus Central";"Aroeira";"2014";"1";"2014-01-27";"2014-06-14";"246T34";"43";"40";"REGULAR";"f";"2014-06-21 17:09:32.784";"f";"";"112";"CONSOLIDADA";"";"Presencial";
"1217832";"01";"5755431";"";"";"21021";"GRADUAÇÃO";"Campus Central";"Aroeira";"2014";"1";"2014-01-27";"2014-06-14";"246T34";"43";"40";"REGULAR";"f";"2014-06-21 17:09:32.784";"f";"";"112";"CONSOLIDADA";"";"Presencial";
"1217833";"01";"5756276";"";"";"43404";"GRADUAÇÃO";"Campus Santa Cruz";"Bloco I - Sala 10";"2014";"1";"2014-01-27";"2014-06-14";"3M123";"0";"44";"REGULAR";"f";"2014-06-10 11:22:40.343";"f";"";"57";"CONSOLIDADA";"";"Presencial";
"1217834";"01";"5755829";"";"";"2036562";"GRADUAÇÃO";"Campus Central";"Auditório do Setor IV - 4C2";"2014";"1";"2014-01-27";"2014-06-14";"245T34";"32";"45";"REGULAR";"f";"2014-06-15 13:22:45.394";"f";"";"106";"CONSOLIDADA";"";"Presencial";
"1217835";"01";"5756262";"";"";"43427";"GRADUAÇÃO";"Campus Santa Cruz";"Bloco I - Sala 2";"2014";"1";"2014-01-27";"2014-06-14";"24M45";"32";"44";"REGULAR";"f";"2014-06-13 08:57:34.92";"f";"";"74";"CONSOLIDADA";"";"Presencial";
"1217836";"02";"5755829";"";"";"2036562";"GRADUAÇÃO";"Campus Central";"Auditório do Setor IV - 4C2";"2014";"1";"2014-01-27";"2014-06-14";"246N12";"33";"45";"REGULAR";"f";"2014-06-15 13:24:39.582";"f";"";"102";"CONSOLIDADA";"";"Presencial";
"1217837";"01";"5754931";"";"";"43428";"GRADUAÇÃO";"Campus Santa Cruz";"Bloco I - Sala 2";"2014";"1";"2014-01-27";"2014-06-14";"2T123";"";"44";"REGULAR";"f";"";"f";"";"";"EXCLUÍDA";"";"Presencial";
"1217838";"01";"5754325";"";"";"2036565";"GRADUAÇÃO";"Campus Central";"4A1";"2014";"1";"2014-01-27";"2014-06-14";"35T34";"17";"20";"REGULAR";"f";"2014-06-04 18:45:43.569";"f";"";"66";"CONSOLIDADA";"";"Presencial";
"1217839";"01";"18934";"";"";"25281";"GRADUAÇÃO";"Campus Central";"Centro de Biociências - Sala Carnaúba";"2014";"1";"2014-01-27";"2014-06-14";"35M234";"44";"40";"REGULAR";"f";"2014-06-19 10:29:37.039";"f";"";"99";"CONSOLIDADA";"";"Presencial";
"1217839";"01";"17628";"";"";"25281";"GRADUAÇÃO";"Campus Central";"Centro de Biociências - Sala Carnaúba";"2014";"1";"2014-01-27";"2014-06-14";"35M234";"44";"40";"REGULAR";"f";"2014-06-19 10:29:37.039";"f";"";"99";"CONSOLIDADA";"";"Presencial";
"1217840";"01";"5754927";"";"";"43443";"GRADUAÇÃO";"Campus Santa Cruz";"Bloco I - Sala 2";"2014";"1";"2014-01-27";"2014-06-14";"3M345";"31";"44";"REGULAR";"f";"2014-06-13 13:51:34.422";"f";"";"54";"CONSOLIDADA";"";"Presencial";
"1217841";"01";"5756319";"";"";"45289";"GRADUAÇÃO";"Campus Central";"Anfiteatro dos Répteis";"2014";"1";"2014-01-27";"2014-06-14";"2N12 4N34";"8";"40";"REGULAR";"f";"2014-06-20 12:52:18.223";"f";"";"74";"CONSOLIDADA";"";"Presencial";
"1217841";"01";"5756466";"";"";"45289";"GRADUAÇÃO";"Campus Central";"Anfiteatro dos Répteis";"2014";"1";"2014-01-27";"2014-06-14";"2N12 4N34";"8";"40";"REGULAR";"f";"2014-06-20 12:52:18.223";"f";"";"74";"CONSOLIDADA";"";"Presencial";
"1217841";"01";"5755431";"";"";"45289";"GRADUAÇÃO";"Campus Central";"Anfiteatro dos Répteis";"2014";"1";"2014-01-27";"2014-06-14";"2N12 4N34";"8";"40";"REGULAR";"f";"2014-06-20 12:52:18.223";"f";"";"74";"CONSOLIDADA";"";"Presencial";
"1217843";"01A";"5752021";"";"";"43399";"GRADUAÇÃO";"Campus Santa Cruz";"Bloco I - Sala 10";"2014";"1";"2014-01-27";"2014-06-14";"24M23";"1";"44";"REGULAR";"f";"2014-06-24 10:51:57.479";"f";"1217842";"80";"CONSOLIDADA";"";"Presencial";
"1217844";"01";"5754261";"";"";"51570";"GRADUAÇÃO";"Campus Central";"a definir";"2014";"1";"2014-01-27";"2014-06-14";"35M56";"";"20";"REGULAR";"f";"";"f";"";"";"EXCLUÍDA";"";"Presencial";
"1217845";"01";"5753543";"";"";"52450";"GRADUAÇÃO";"Campus Central";"Setor IV";"2014";"1";"2014-01-27";"2014-06-14";"35N12 (27/01/2014 - 14/06/2014)";"";"25";"REGULAR";"f";"";"f";"";"";"EXCLUÍDA";"";"Presencial";
"1217847";"01A";"5755150";"";"";"43452";"GRADUAÇÃO";"Campus Santa Cruz";"Bloco I - Sala 1";"2014";"1";"2014-01-27";"2014-06-14";"4M45";"14";"16";"REGULAR";"f";"2014-06-05 14:21:23.523";"f";"1217846";"36";"CONSOLIDADA";"";"Presencial";
"1217849";"02A";"5755150";"";"";"43452";"GRADUAÇÃO";"Campus Santa Cruz";"Bloco I - Sala 8";"2014";"1";"2014-01-27";"2014-06-14";"3T45";"14";"16";"REGULAR";"f";"2014-06-05 14:22:11.693";"f";"1217848";"36";"CONSOLIDADA";"";"Presencial";
"1217850";"01";"5756144";"";"";"49495";"GRADUAÇÃO";"Campus Central";"4C3";"2014";"1";"2014-01-27";"2014-06-14";"2T34 4T12 (27/01/2014 - 14/06/2014)";"28";"25";"REGULAR";"f";"2014-06-13 09:13:19.777";"f";"";"74";"CONSOLIDADA";"";"Presencial";
"1217852";"03A";"5755150";"";"";"43452";"GRADUAÇÃO";"Campus Santa Cruz";"Bloco I - Sala 8";"2014";"1";"2014-01-27";"2014-06-14";"5T45";"16";"16";"REGULAR";"f";"2014-06-05 14:22:53.142";"f";"1217851";"34";"CONSOLIDADA";"";"Presencial";
"1217853";"01";"23679";"";"";"26784";"GRADUAÇÃO";"Campus Central";"Mandacarú";"2014";"1";"2014-01-27";"2014-06-14";"6M1234  24T12";"25";"40";"REGULAR";"f";"2014-06-11 17:03:11.593";"f";"";"138";"CONSOLIDADA";"";"Presencial";
"1217853";"01";"5756319";"";"";"26784";"GRADUAÇÃO";"Campus Central";"Mandacarú";"2014";"1";"2014-01-27";"2014-06-14";"6M1234  24T12";"25";"40";"REGULAR";"f";"2014-06-11 17:03:11.593";"f";"";"138";"CONSOLIDADA";"";"Presencial";
"1217853";"01";"5755431";"";"";"26784";"GRADUAÇÃO";"Campus Central";"Mandacarú";"2014";"1";"2014-01-27";"2014-06-14";"6M1234  24T12";"25";"40";"REGULAR";"f";"2014-06-11 17:03:11.593";"f";"";"138";"CONSOLIDADA";"";"Presencial";
"1217853";"01";"23169";"";"";"26784";"GRADUAÇÃO";"Campus Central";"Mandacarú";"2014";"1";"2014-01-27";"2014-06-14";"6M1234  24T12";"25";"40";"REGULAR";"f";"2014-06-11 17:03:11.593";"f";"";"138";"CONSOLIDADA";"";"Presencial";
"1217854";"02";"5756144";"";"";"49495";"GRADUAÇÃO";"Campus Central";"4C3";"2014";"1";"2014-01-27";"2014-06-14";"2N34 4N12 (27/01/2014 - 14/06/2014)";"13";"25";"REGULAR";"f";"2014-06-13 09:22:16.534";"f";"";"74";"CONSOLIDADA";"";"Presencial";
"1217855";"01";"5756319";"";"";"52929";"GRADUAÇÃO";"Campus Central";"2 e 4-Pau Darco; 6- Carnaúba";"2014";"1";"2014-01-27";"2014-06-14";"246T34";"18";"35";"REGULAR";"f";"2014-06-21 16:58:34.42";"f";"";"112";"CONSOLIDADA";"";"Presencial";
"1217855";"01";"24453";"";"";"52929";"GRADUAÇÃO";"Campus Central";"2 e 4-Pau Darco; 6- Carnaúba";"2014";"1";"2014-01-27";"2014-06-14";"246T34";"18";"35";"REGULAR";"f";"2014-06-21 16:58:34.42";"f";"";"112";"CONSOLIDADA";"";"Presencial";
"1217855";"01";"5755431";"";"";"52929";"GRADUAÇÃO";"Campus Central";"2 e 4-Pau Darco; 6- Carnaúba";"2014";"1";"2014-01-27";"2014-06-14";"246T34";"18";"35";"REGULAR";"f";"2014-06-21 16:58:34.42";"f";"";"112";"CONSOLIDADA";"";"Presencial";
"1217855";"01";"5756466";"";"";"52929";"GRADUAÇÃO";"Campus Central";"2 e 4-Pau Darco; 6- Carnaúba";"2014";"1";"2014-01-27";"2014-06-14";"246T34";"18";"35";"REGULAR";"f";"2014-06-21 16:58:34.42";"f";"";"112";"CONSOLIDADA";"";"Presencial";
"1217855";"01";"5752765";"";"";"52929";"GRADUAÇÃO";"Campus Central";"2 e 4-Pau Darco; 6- Carnaúba";"2014";"1";"2014-01-27";"2014-06-14";"246T34";"18";"35";"REGULAR";"f";"2014-06-21 16:58:34.42";"f";"";"112";"CONSOLIDADA";"";"Presencial";
"1217856";"01";"5752765";"";"";"2050404";"GRADUAÇÃO";"Campus Central";"Anfiteatro dos Répteis";"2014";"1";"2014-01-27";"2014-06-14";"35N34";"24";"32";"REGULAR";"f";"2014-06-14 13:21:51.004";"f";"";"68";"CONSOLIDADA";"";"Presencial";
"1217857";"01";"5755150";"";"";"54916";"GRADUAÇÃO";"Campus Santa Cruz";"Externo";"2014";"1";"2014-01-27";"2014-06-14";"5M234";"43";"14";"REGULAR";"f";"2014-06-10 12:08:05.099";"f";"";"54";"CONSOLIDADA";"";"Presencial";
"1217858";"01";"23679";"";"";"2045500";"GRADUAÇÃO";"Campus Central";"Carnaúba";"2014";"1";"2014-01-27";"2014-06-14";"246T12";"56";"60";"REGULAR";"f";"2014-06-21 05:42:46.118";"f";"";"102";"CONSOLIDADA";"";"Presencial";
"1217858";"01";"5756466";"";"";"2045500";"GRADUAÇÃO";"Campus Central";"Carnaúba";"2014";"1";"2014-01-27";"2014-06-14";"246T12";"56";"60";"REGULAR";"f";"2014-06-21 05:42:46.118";"f";"";"102";"CONSOLIDADA";"";"Presencial";
"1217858";"01";"5756319";"";"";"2045500";"GRADUAÇÃO";"Campus Central";"Carnaúba";"2014";"1";"2014-01-27";"2014-06-14";"246T12";"56";"60";"REGULAR";"f";"2014-06-21 05:42:46.118";"f";"";"102";"CONSOLIDADA";"";"Presencial";
"1217858";"01";"5755431";"";"";"2045500";"GRADUAÇÃO";"Campus Central";"Carnaúba";"2014";"1";"2014-01-27";"2014-06-14";"246T12";"56";"60";"REGULAR";"f";"2014-06-21 05:42:46.118";"f";"";"102";"CONSOLIDADA";"";"Presencial";
"1217858";"01";"5752765";"";"";"2045500";"GRADUAÇÃO";"Campus Central";"Carnaúba";"2014";"1";"2014-01-27";"2014-06-14";"246T12";"56";"60";"REGULAR";"f";"2014-06-21 05:42:46.118";"f";"";"102";"CONSOLIDADA";"";"Presencial";
"1217858";"01";"18763";"";"";"2045500";"GRADUAÇÃO";"Campus Central";"Carnaúba";"2014";"1";"2014-01-27";"2014-06-14";"246T12";"56";"60";"REGULAR";"f";"2014-06-21 05:42:46.118";"f";"";"102";"CONSOLIDADA";"";"Presencial";
"1217859";"02";"5754927";"";"";"54916";"GRADUAÇÃO";"Campus Santa Cruz";"Externo";"2014";"1";"2014-01-27";"2014-06-14";"5M234";"17";"14";"REGULAR";"f";"2014-06-13 14:01:34.68";"f";"";"54";"CONSOLIDADA";"";"Presencial";
"1217860";"03";"5756467";"";"";"54916";"GRADUAÇÃO";"Campus Santa Cruz";"Externo";"2014";"1";"2014-01-27";"2014-06-14";"5M234";"13";"14";"REGULAR";"f";"2014-06-12 21:59:49.651";"f";"";"51";"CONSOLIDADA";"";"Presencial";
"1217861";"01";"5755431";"";"";"41847";"GRADUAÇÃO";"Campus Central";"Sala II-DFS";"2014";"1";"2014-01-27";"2014-06-14";"246N12";"64";"55";"REGULAR";"f";"2014-06-17 19:29:52.952";"f";"";"100";"CONSOLIDADA";"";"Presencial";
"1217861";"01";"24453";"";"";"41847";"GRADUAÇÃO";"Campus Central";"Sala II-DFS";"2014";"1";"2014-01-27";"2014-06-14";"246N12";"64";"55";"REGULAR";"f";"2014-06-17 19:29:52.952";"f";"";"100";"CONSOLIDADA";"";"Presencial";
"1217861";"01";"5756466";"";"";"41847";"GRADUAÇÃO";"Campus Central";"Sala II-DFS";"2014";"1";"2014-01-27";"2014-06-14";"246N12";"64";"55";"REGULAR";"f";"2014-06-17 19:29:52.952";"f";"";"100";"CONSOLIDADA";"";"Presencial";
"1217861";"01";"18763";"";"";"41847";"GRADUAÇÃO";"Campus Central";"Sala II-DFS";"2014";"1";"2014-01-27";"2014-06-14";"246N12";"64";"55";"REGULAR";"f";"2014-06-17 19:29:52.952";"f";"";"100";"CONSOLIDADA";"";"Presencial";
"1217861";"01";"23679";"";"";"41847";"GRADUAÇÃO";"Campus Central";"Sala II-DFS";"2014";"1";"2014-01-27";"2014-06-14";"246N12";"64";"55";"REGULAR";"f";"2014-06-17 19:29:52.952";"f";"";"100";"CONSOLIDADA";"";"Presencial";
"1217862";"01";"5753637";"";"";"26791";"GRADUAÇÃO";"Campus Central";"Fisiologia- Sala 2 DFS-";"2014";"1";"2014-01-27";"2014-06-14";"2346M1234";"2";"27";"REGULAR";"f";"2014-06-14 19:01:58.709";"f";"";"296";"CONSOLIDADA";"";"Presencial";
"1217862";"01";"26065";"";"";"26791";"GRADUAÇÃO";"Campus Central";"Fisiologia- Sala 2 DFS-";"2014";"1";"2014-01-27";"2014-06-14";"2346M1234";"2";"27";"REGULAR";"f";"2014-06-14 19:01:58.709";"f";"";"296";"CONSOLIDADA";"";"Presencial";
"1217862";"01";"17612";"";"";"26791";"GRADUAÇÃO";"Campus Central";"Fisiologia- Sala 2 DFS-";"2014";"1";"2014-01-27";"2014-06-14";"2346M1234";"2";"27";"REGULAR";"f";"2014-06-14 19:01:58.709";"f";"";"296";"CONSOLIDADA";"";"Presencial";
"1217862";"01";"26629";"";"";"26791";"GRADUAÇÃO";"Campus Central";"Fisiologia- Sala 2 DFS-";"2014";"1";"2014-01-27";"2014-06-14";"2346M1234";"2";"27";"REGULAR";"f";"2014-06-14 19:01:58.709";"f";"";"296";"CONSOLIDADA";"";"Presencial";
"1217862";"01";"23831";"";"";"26791";"GRADUAÇÃO";"Campus Central";"Fisiologia- Sala 2 DFS-";"2014";"1";"2014-01-27";"2014-06-14";"2346M1234";"2";"27";"REGULAR";"f";"2014-06-14 19:01:58.709";"f";"";"296";"CONSOLIDADA";"";"Presencial";
"1217862";"01";"2305973";"";"";"26791";"GRADUAÇÃO";"Campus Central";"Fisiologia- Sala 2 DFS-";"2014";"1";"2014-01-27";"2014-06-14";"2346M1234";"2";"27";"REGULAR";"f";"2014-06-14 19:01:58.709";"f";"";"296";"CONSOLIDADA";"";"Presencial";
"1217862";"01";"18762";"";"";"26791";"GRADUAÇÃO";"Campus Central";"Fisiologia- Sala 2 DFS-";"2014";"1";"2014-01-27";"2014-06-14";"2346M1234";"2";"27";"REGULAR";"f";"2014-06-14 19:01:58.709";"f";"";"296";"CONSOLIDADA";"";"Presencial";
"1217862";"01";"23841";"";"";"26791";"GRADUAÇÃO";"Campus Central";"Fisiologia- Sala 2 DFS-";"2014";"1";"2014-01-27";"2014-06-14";"2346M1234";"2";"27";"REGULAR";"f";"2014-06-14 19:01:58.709";"f";"";"296";"CONSOLIDADA";"";"Presencial";
"1217864";"01";"24166";"";"";"27002";"GRADUAÇÃO";"Campus Central";"DOL - Sala 01";"2014";"1";"2014-01-27";"2014-06-14";"24M23";"16";"30";"REGULAR";"f";"2014-06-04 13:11:24.375";"f";"";"66";"CONSOLIDADA";"";"Presencial";
"1217865";"01";"5752765";"";"";"2055064";"GRADUAÇÃO";"Campus Central";"Mulungu";"2014";"1";"2014-01-27";"2014-06-14";"56T12";"25";"50";"REGULAR";"f";"2014-06-14 13:18:49.543";"f";"";"66";"CONSOLIDADA";"";"Presencial";
"1217866";"02";"18762";"";"";"26791";"GRADUAÇÃO";"Campus Central";"Sala II-DFS";"2014";"1";"2014-01-27";"2014-06-14";"2346M1234";"2";"26";"REGULAR";"f";"2014-06-14 19:09:45.153";"f";"";"292";"CONSOLIDADA";"";"Presencial";
"1217866";"02";"23841";"";"";"26791";"GRADUAÇÃO";"Campus Central";"Sala II-DFS";"2014";"1";"2014-01-27";"2014-06-14";"2346M1234";"2";"26";"REGULAR";"f";"2014-06-14 19:09:45.153";"f";"";"292";"CONSOLIDADA";"";"Presencial";
"1217866";"02";"5754299";"";"";"26791";"GRADUAÇÃO";"Campus Central";"Sala II-DFS";"2014";"1";"2014-01-27";"2014-06-14";"2346M1234";"2";"26";"REGULAR";"f";"2014-06-14 19:09:45.153";"f";"";"292";"CONSOLIDADA";"";"Presencial";
"1217866";"02";"17612";"";"";"26791";"GRADUAÇÃO";"Campus Central";"Sala II-DFS";"2014";"1";"2014-01-27";"2014-06-14";"2346M1234";"2";"26";"REGULAR";"f";"2014-06-14 19:09:45.153";"f";"";"292";"CONSOLIDADA";"";"Presencial";
"1217866";"02";"5753637";"";"";"26791";"GRADUAÇÃO";"Campus Central";"Sala II-DFS";"2014";"1";"2014-01-27";"2014-06-14";"2346M1234";"2";"26";"REGULAR";"f";"2014-06-14 19:09:45.153";"f";"";"292";"CONSOLIDADA";"";"Presencial";
"1217866";"02";"23831";"";"";"26791";"GRADUAÇÃO";"Campus Central";"Sala II-DFS";"2014";"1";"2014-01-27";"2014-06-14";"2346M1234";"2";"26";"REGULAR";"f";"2014-06-14 19:09:45.153";"f";"";"292";"CONSOLIDADA";"";"Presencial";
"1217866";"02";"26629";"";"";"26791";"GRADUAÇÃO";"Campus Central";"Sala II-DFS";"2014";"1";"2014-01-27";"2014-06-14";"2346M1234";"2";"26";"REGULAR";"f";"2014-06-14 19:09:45.153";"f";"";"292";"CONSOLIDADA";"";"Presencial";
"1217866";"02";"26065";"";"";"26791";"GRADUAÇÃO";"Campus Central";"Sala II-DFS";"2014";"1";"2014-01-27";"2014-06-14";"2346M1234";"2";"26";"REGULAR";"f";"2014-06-14 19:09:45.153";"f";"";"292";"CONSOLIDADA";"";"Presencial";
"1217866";"02";"2305973";"";"";"26791";"GRADUAÇÃO";"Campus Central";"Sala II-DFS";"2014";"1";"2014-01-27";"2014-06-14";"2346M1234";"2";"26";"REGULAR";"f";"2014-06-14 19:09:45.153";"f";"";"292";"CONSOLIDADA";"";"Presencial";
"1217867";"01";"18033";"";"";"23840";"GRADUAÇÃO";"Campus Central";"Faveleira";"2014";"1";"2014-01-27";"2014-06-14";"246T56";"37";"37";"REGULAR";"f";"2014-06-10 14:58:33.268";"f";"";"100";"CONSOLIDADA";"";"Presencial";
"1217867";"01";"26247";"";"";"23840";"GRADUAÇÃO";"Campus Central";"Faveleira";"2014";"1";"2014-01-27";"2014-06-14";"246T56";"37";"37";"REGULAR";"f";"2014-06-10 14:58:33.268";"f";"";"100";"CONSOLIDADA";"";"Presencial";
"1217867";"01";"5752263";"";"";"23840";"GRADUAÇÃO";"Campus Central";"Faveleira";"2014";"1";"2014-01-27";"2014-06-14";"246T56";"37";"37";"REGULAR";"f";"2014-06-10 14:58:33.268";"f";"";"100";"CONSOLIDADA";"";"Presencial";
"1217867";"01";"23169";"";"";"23840";"GRADUAÇÃO";"Campus Central";"Faveleira";"2014";"1";"2014-01-27";"2014-06-14";"246T56";"37";"37";"REGULAR";"f";"2014-06-10 14:58:33.268";"f";"";"100";"CONSOLIDADA";"";"Presencial";
"1217867";"01";"2304092";"";"";"23840";"GRADUAÇÃO";"Campus Central";"Faveleira";"2014";"1";"2014-01-27";"2014-06-14";"246T56";"37";"37";"REGULAR";"f";"2014-06-10 14:58:33.268";"f";"";"100";"CONSOLIDADA";"";"Presencial";
"1217868";"04";"5756262";"";"";"54916";"GRADUAÇÃO";"Campus Santa Cruz";"Externo";"2014";"1";"2014-01-27";"2014-06-14";"5M234";"7";"15";"REGULAR";"f";"2014-06-13 08:54:07.55";"f";"";"54";"CONSOLIDADA";"";"Presencial";
"1217869";"05";"5755270";"";"";"54916";"GRADUAÇÃO";"Campus Santa Cruz";"Externo";"2014";"1";"2014-01-27";"2014-06-14";"5M234";"11";"13";"REGULAR";"f";"2014-06-13 09:23:09.906";"f";"";"51";"CONSOLIDADA";"";"Presencial";
"1217870";"02";"23169";"";"";"23840";"GRADUAÇÃO";"Campus Central";"Faveleira";"2014";"1";"2014-01-27";"2014-06-14";"246N12";"19";"35";"REGULAR";"f";"2014-06-10 15:02:56.962";"f";"";"100";"CONSOLIDADA";"";"Presencial";
"1217870";"02";"5752263";"";"";"23840";"GRADUAÇÃO";"Campus Central";"Faveleira";"2014";"1";"2014-01-27";"2014-06-14";"246N12";"19";"35";"REGULAR";"f";"2014-06-10 15:02:56.962";"f";"";"100";"CONSOLIDADA";"";"Presencial";
"1217870";"02";"2304092";"";"";"23840";"GRADUAÇÃO";"Campus Central";"Faveleira";"2014";"1";"2014-01-27";"2014-06-14";"246N12";"19";"35";"REGULAR";"f";"2014-06-10 15:02:56.962";"f";"";"100";"CONSOLIDADA";"";"Presencial";
"1217870";"02";"18033";"";"";"23840";"GRADUAÇÃO";"Campus Central";"Faveleira";"2014";"1";"2014-01-27";"2014-06-14";"246N12";"19";"35";"REGULAR";"f";"2014-06-10 15:02:56.962";"f";"";"100";"CONSOLIDADA";"";"Presencial";
"1217870";"02";"26247";"";"";"23840";"GRADUAÇÃO";"Campus Central";"Faveleira";"2014";"1";"2014-01-27";"2014-06-14";"246N12";"19";"35";"REGULAR";"f";"2014-06-10 15:02:56.962";"f";"";"100";"CONSOLIDADA";"";"Presencial";
"1217871";"06";"5754552";"";"";"54916";"GRADUAÇÃO";"Campus Santa Cruz";"Externo";"2014";"1";"2014-01-27";"2014-06-14";"5M234";"12";"13";"REGULAR";"f";"2014-06-13 20:40:11.539";"f";"";"51";"CONSOLIDADA";"";"Presencial";
"1217871";"06";"5756603";"";"";"54916";"GRADUAÇÃO";"Campus Santa Cruz";"Externo";"2014";"1";"2014-01-27";"2014-06-14";"5M234";"12";"13";"REGULAR";"f";"2014-06-13 20:40:11.539";"f";"";"51";"CONSOLIDADA";"";"Presencial";
"1217872";"07";"5756089";"";"";"54916";"GRADUAÇÃO";"Campus Santa Cruz";"Externo";"2014";"1";"2014-01-27";"2014-06-14";"5M234";"18";"14";"REGULAR";"f";"2014-07-07 16:04:33.503";"f";"";"51";"CONSOLIDADA";"";"Presencial";
"1217873";"01";"5756101";"";"";"25137";"GRADUAÇÃO";"Campus Central";"Sala II-DFS";"2014";"1";"2014-01-27";"2014-06-14";"35T56";"38";"35";"REGULAR";"f";"2014-06-13 12:02:00.43";"f";"";"68";"CONSOLIDADA";"";"Presencial";
"1217873";"01";"21735";"";"";"25137";"GRADUAÇÃO";"Campus Central";"Sala II-DFS";"2014";"1";"2014-01-27";"2014-06-14";"35T56";"38";"35";"REGULAR";"f";"2014-06-13 12:02:00.43";"f";"";"68";"CONSOLIDADA";"";"Presencial";
"1217873";"01";"23679";"";"";"25137";"GRADUAÇÃO";"Campus Central";"Sala II-DFS";"2014";"1";"2014-01-27";"2014-06-14";"35T56";"38";"35";"REGULAR";"f";"2014-06-13 12:02:00.43";"f";"";"68";"CONSOLIDADA";"";"Presencial";
"1217874";"02";"23679";"";"";"25137";"GRADUAÇÃO";"Campus Central";"Sala II-DFS";"2014";"1";"2014-01-27";"2014-06-14";"35N12";"25";"35";"REGULAR";"f";"2014-06-13 12:06:35.996";"f";"";"68";"CONSOLIDADA";"";"Presencial";
"1217874";"02";"22924";"";"";"25137";"GRADUAÇÃO";"Campus Central";"Sala II-DFS";"2014";"1";"2014-01-27";"2014-06-14";"35N12";"25";"35";"REGULAR";"f";"2014-06-13 12:06:35.996";"f";"";"68";"CONSOLIDADA";"";"Presencial";
"1217874";"02";"5756101";"";"";"25137";"GRADUAÇÃO";"Campus Central";"Sala II-DFS";"2014";"1";"2014-01-27";"2014-06-14";"35N12";"25";"35";"REGULAR";"f";"2014-06-13 12:06:35.996";"f";"";"68";"CONSOLIDADA";"";"Presencial";
"1217875";"03";"5756101";"";"";"25137";"GRADUAÇÃO";"Campus Central";"Sala II-DFS";"2014";"1";"2014-01-27";"2014-06-14";"24T56";"22";"30";"REGULAR";"f";"2014-06-13 12:18:55.068";"f";"";"70";"CONSOLIDADA";"";"Presencial";
"1217875";"03";"22924";"";"";"25137";"GRADUAÇÃO";"Campus Central";"Sala II-DFS";"2014";"1";"2014-01-27";"2014-06-14";"24T56";"22";"30";"REGULAR";"f";"2014-06-13 12:18:55.068";"f";"";"70";"CONSOLIDADA";"";"Presencial";
"1217875";"03";"23679";"";"";"25137";"GRADUAÇÃO";"Campus Central";"Sala II-DFS";"2014";"1";"2014-01-27";"2014-06-14";"24T56";"22";"30";"REGULAR";"f";"2014-06-13 12:18:55.068";"f";"";"70";"CONSOLIDADA";"";"Presencial";
"1217876";"01";"24855";"";"";"26797";"GRADUAÇÃO";"Campus Central";"Umbuzeiro";"2014";"1";"2014-01-27";"2014-06-14";"35M34";"73";"46";"REGULAR";"f";"2014-06-18 14:34:03.743";"f";"";"66";"CONSOLIDADA";"";"Presencial";
"1217877";"01";"18033";"";"";"2055071";"GRADUAÇÃO";"Campus Central";"Sala de reuniões do DFS";"2014";"1";"2014-01-27";"2014-06-14";"35N12";"7";"20";"REGULAR";"f";"2014-06-09 15:41:46.613";"f";"";"66";"CONSOLIDADA";"";"Presencial";
"1217878";"01";"24855";"";"";"2055551";"GRADUAÇÃO";"Campus Central";"a definir";"2014";"1";"2014-01-27";"2014-06-14";"6T5234";"";"20";"REGULAR";"f";"";"f";"";"";"EXCLUÍDA";"";"Presencial";
"1217879";"01";"2304092";"";"";"2055552";"GRADUAÇÃO";"Campus Central";"Sala II-DFS";"2014";"1";"2014-01-27";"2014-06-14";"6T1234";"";"20";"REGULAR";"f";"";"f";"";"";"EXCLUÍDA";"";"Presencial";
"1217879";"01";"5754261";"";"";"2055552";"GRADUAÇÃO";"Campus Central";"Sala II-DFS";"2014";"1";"2014-01-27";"2014-06-14";"6T1234";"";"20";"REGULAR";"f";"";"f";"";"";"EXCLUÍDA";"";"Presencial";
"1217880";"01";"5753571";"";"";"21883";"GRADUAÇÃO";"Campus Central";"Centro de Biociências - Sala Mandacaru";"2014";"1";"2014-01-27";"2014-06-14";"35T56";"56";"35";"REGULAR";"f";"2014-06-07 11:05:57.691";"f";"";"66";"CONSOLIDADA";"";"Presencial";
"1217880";"01";"";"98659784";"";"21883";"GRADUAÇÃO";"Campus Central";"Centro de Biociências - Sala Mandacaru";"2014";"1";"2014-01-27";"2014-06-14";"35T56";"56";"35";"REGULAR";"f";"2014-06-07 11:05:57.691";"f";"";"66";"CONSOLIDADA";"";"Presencial";
"1217880";"01";"5751829";"";"";"21883";"GRADUAÇÃO";"Campus Central";"Centro de Biociências - Sala Mandacaru";"2014";"1";"2014-01-27";"2014-06-14";"35T56";"56";"35";"REGULAR";"f";"2014-06-07 11:05:57.691";"f";"";"66";"CONSOLIDADA";"";"Presencial";
"1217881";"01";"5754927";"";"";"43466";"GRADUAÇÃO";"Campus Santa Cruz";"Bloco I - Sala 2";"2014";"1";"2014-01-27";"2014-06-14";"3T456";"45";"45";"REGULAR";"f";"2014-06-13 13:48:29.03";"f";"";"57";"CONSOLIDADA";"";"Presencial";
"1217882";"01";"5752604";"";"";"43468";"GRADUAÇÃO";"Campus Santa Cruz";"Bloco I - Sala 10";"2014";"1";"2014-01-27";"2014-06-14";"24M45";"0";"44";"REGULAR";"f";"2014-06-21 17:03:08.243";"f";"";"74";"CONSOLIDADA";"";"Presencial";
"1217883";"01";"5751752";"";"";"43477";"GRADUAÇÃO";"Campus Santa Cruz";"Bloco I - Sala 8";"2014";"1";"2014-01-27";"2014-06-14";"35T23";"38";"40";"REGULAR";"f";"2014-06-11 15:02:23.713";"f";"";"66";"CONSOLIDADA";"";"Presencial";
"1217884";"01";"18225";"";"";"27011";"GRADUAÇÃO";"Campus Central";"DOL - Sala 04";"2014";"1";"2014-01-27";"2014-06-14";"5M345";"7";"20";"REGULAR";"f";"2014-06-09 12:48:46.221";"f";"";"51";"CONSOLIDADA";"";"Presencial";
"1217885";"01";"24166";"";"";"41279";"GRADUAÇÃO";"Campus Central";"DOL - Sala 01";"2014";"1";"2014-01-27";"2014-06-14";"24M45";"6";"30";"REGULAR";"f";"2014-06-04 13:33:00.951";"f";"";"66";"CONSOLIDADA";"";"Presencial";
"1217887";"01";"21990";"";"";"27014";"GRADUAÇÃO";"Campus Central";"DOL - Sala 03";"2014";"1";"2014-01-27";"2014-06-14";"35M23";"8";"30";"REGULAR";"f";"2014-06-13 11:45:39.19";"f";"";"74";"CONSOLIDADA";"";"Presencial";
"1217889";"01";"5751598";"";"";"43186";"GRADUAÇÃO";"Campus Central";"EEN Sala de aula Nº 19";"2014";"1";"2014-03-26";"2014-05-02";"246N1234 7N123 (26/03/2014 - 02/05/2014)";"6";"54";"REGULAR";"f";"2014-06-03 11:08:18.27";"f";"";"75";"CONSOLIDADA";"";"Presencial";
"1217889";"01";"5753559";"";"";"43186";"GRADUAÇÃO";"Campus Central";"EEN Sala de aula Nº 19";"2014";"1";"2014-03-26";"2014-05-02";"246N1234 7N123 (26/03/2014 - 02/05/2014)";"6";"54";"REGULAR";"f";"2014-06-03 11:08:18.27";"f";"";"75";"CONSOLIDADA";"";"Presencial";
"1217890";"01";"5752753";"";"";"27570";"GRADUAÇÃO";"Campus Central";"A DEFINIR";"2014";"1";"2014-01-27";"2014-06-14";"2M3456";"74";"80";"REGULAR";"f";"2014-06-16 06:43:07.742";"f";"";"68";"CONSOLIDADA";"";"Presencial";
"1217892";"01";"5755492";"";"";"25544";"GRADUAÇÃO";"Campus Central";"1H3";"2014";"1";"2014-01-27";"2014-06-14";"35T56";"25";"80";"REGULAR";"f";"2014-06-06 19:41:42.499";"f";"";"68";"CONSOLIDADA";"";"Presencial";
"1217894";"01";"5753666";"";"";"2055425";"GRADUAÇÃO";"Campus Central";"2D1";"2014";"1";"2014-01-27";"2014-06-14";"3M56 6M3456";"10";"50";"REGULAR";"f";"2014-06-21 19:33:52.866";"f";"";"114";"CONSOLIDADA";"";"Presencial";
"1217894";"01";"15515";"";"";"2055425";"GRADUAÇÃO";"Campus Central";"2D1";"2014";"1";"2014-01-27";"2014-06-14";"3M56 6M3456";"10";"50";"REGULAR";"f";"2014-06-21 19:33:52.866";"f";"";"114";"CONSOLIDADA";"";"Presencial";
"1217895";"01";"5756310";"";"";"25658";"GRADUAÇÃO";"Campus Central";"2-I-10";"2014";"1";"2014-01-27";"2014-06-14";"5M3456";"13";"50";"REGULAR";"f";"2014-06-08 08:43:31.952";"f";"";"68";"CONSOLIDADA";"";"Presencial";
"1217896";"02";"15517";"";"";"25658";"GRADUAÇÃO";"Campus Central";"2D1";"2014";"1";"2014-01-27";"2014-06-14";"24M12";"7";"50";"REGULAR";"f";"2014-06-21 14:30:35.539";"f";"";"74";"CONSOLIDADA";"";"Presencial";
"1217897";"01";"32879";"";"";"25656";"GRADUAÇÃO";"Campus Central";"2D1";"2014";"1";"2014-01-27";"2014-06-14";"6M3456";"16";"50";"REGULAR";"f";"2014-06-19 22:03:15.303";"f";"";"72";"CONSOLIDADA";"";"Presencial";
"1217898";"01";"37484";"";"";"25646";"GRADUAÇÃO";"Campus Central";"2-I-10";"2014";"1";"2014-01-27";"2014-06-14";"24M34";"16";"50";"REGULAR";"f";"2014-06-25 12:01:17.581";"f";"";"68";"CONSOLIDADA";"";"Presencial";
"1217899";"01";"5756304";"";"";"25648";"GRADUAÇÃO";"Campus Central";"2-I-10";"2014";"1";"2014-01-27";"2014-06-14";"24M12";"12";"50";"REGULAR";"f";"2014-06-19 19:13:06.581";"f";"";"66";"CONSOLIDADA";"";"Presencial";
"1217900";"02";"32879";"";"";"25656";"GRADUAÇÃO";"Campus Central";"2-I-10";"2014";"1";"2014-01-27";"2014-06-14";"3M1234";"3";"50";"REGULAR";"f";"2014-06-19 20:26:22.676";"f";"";"68";"CONSOLIDADA";"";"Presencial";
"1217901";"02";"15515";"";"";"2055425";"GRADUAÇÃO";"Campus Central";"2-D-1";"2014";"1";"2014-01-27";"2014-06-14";"3M34 5M3456";"19";"51";"REGULAR";"f";"2014-06-13 10:12:17.597";"f";"";"106";"CONSOLIDADA";"";"Presencial";
"1217902";"02";"5754354";"";"";"25646";"GRADUAÇÃO";"Campus Central";"2-I-10";"2014";"1";"2014-01-27";"2014-06-14";"24N12";"10";"50";"REGULAR";"f";"2014-06-13 18:27:33.511";"f";"";"74";"CONSOLIDADA";"";"Presencial";
"1217903";"02";"5756304";"";"";"25648";"GRADUAÇÃO";"Campus Central";"2-I-10";"2014";"1";"2014-01-27";"2014-06-14";"24N34";"9";"50";"REGULAR";"f";"2014-06-19 19:23:04.567";"f";"";"72";"CONSOLIDADA";"";"Presencial";
"1217904";"01";"5752278";"";"";"48575";"GRADUAÇÃO";"Campus Central";"2-I-10";"2014";"1";"2014-01-27";"2014-06-14";"6N1234";"8";"31";"REGULAR";"f";"2014-06-23 12:38:35.746";"f";"";"76";"CONSOLIDADA";"";"Presencial";
"1217905";"01";"5755498";"";"";"2055025";"GRADUAÇÃO";"Campus Central";"SETOR IV - SALA B3";"2014";"1";"2014-01-27";"2014-06-14";"24T56";"18";"25";"REGULAR";"f";"2014-06-19 03:17:44.152";"f";"";"66";"CONSOLIDADA";"";"Presencial";
"1217906";"01";"63227";"";"";"2055014";"GRADUAÇÃO";"Campus Central";"SETOR IV";"2014";"1";"2014-01-27";"2014-06-14";"24N12";"0";"20";"REGULAR";"f";"";"f";"";"";"EXCLUÍDA";"";"Presencial";
"1217907";"01";"5755565";"";"";"42242";"GRADUAÇÃO";"Campus Central";"SETOR IV - SALA G4";"2014";"1";"2014-01-27";"2014-06-14";"35N12";"13";"25";"REGULAR";"f";"2014-06-20 03:50:20.184";"f";"";"74";"CONSOLIDADA";"";"Presencial";
"1217908";"01";"5752485";"";"";"2055024";"GRADUAÇÃO";"Campus Central";"SETOR IV";"2014";"1";"2014-01-27";"2014-06-14";"35T34";"17";"20";"REGULAR";"f";"2014-06-21 20:26:43.087";"f";"";"72";"CONSOLIDADA";"";"Presencial";
"1217909";"01";"5754328";"";"";"43379";"GRADUAÇÃO";"Campus Central";"SETOR IV - SALA 4F3";"2014";"1";"2014-01-27";"2014-06-14";"24N12";"30";"32";"REGULAR";"f";"2014-06-17 23:14:31.691";"f";"";"74";"CONSOLIDADA";"";"Presencial";
"1217910";"01";"5754539";"";"";"2055052";"GRADUAÇÃO";"Campus Central";"SETOR IV - SALA A9";"2014";"1";"2014-01-27";"2014-06-14";"35T56";"8";"20";"REGULAR";"f";"2014-06-20 13:52:10.052";"f";"";"74";"CONSOLIDADA";"";"Presencial";
"1217911";"01";"5755123";"";"";"43434";"GRADUAÇÃO";"Campus Central";"SETOR IV - SALA F4";"2014";"1";"2014-01-27";"2014-06-14";"24N12";"8";"20";"REGULAR";"f";"2014-06-21 00:28:16.715";"f";"";"66";"CONSOLIDADA";"";"Presencial";
"1217912";"01";"5755498";"";"";"43436";"GRADUAÇÃO";"Campus Central";"SETOR IV - SALA A10";"2014";"1";"2014-01-27";"2014-06-14";"35T56";"12";"30";"REGULAR";"f";"2014-06-19 02:07:29.842";"f";"";"66";"CONSOLIDADA";"";"Presencial";
"1217913";"01";"63864";"";"";"2055062";"GRADUAÇÃO";"Campus Central";"LABTEX - BLOCO 18";"2014";"1";"2014-01-27";"2014-06-14";"5M3456";"2";"15";"REGULAR";"f";"2014-06-20 11:50:46.626";"f";"";"72";"CONSOLIDADA";"";"Presencial";
"1217914";"01";"5755123";"";"";"43372";"GRADUAÇÃO";"Campus Central";"SETOR IV - SALA G5";"2014";"1";"2014-01-27";"2014-06-14";"35N12";"29";"30";"REGULAR";"f";"2014-06-21 00:06:17.027";"f";"";"66";"CONSOLIDADA";"";"Presencial";
"1217915";"01";"5752154";"";"";"52986";"GRADUAÇÃO";"Campus Central";"Departamento de Fisioterapia";"2014";"1";"2014-01-27";"2014-06-14";"2M45  3T23";"";"35";"REGULAR";"f";"";"f";"";"";"EXCLUÍDA";"";"Presencial";
"1217915";"01";"22991";"";"";"52986";"GRADUAÇÃO";"Campus Central";"Departamento de Fisioterapia";"2014";"1";"2014-01-27";"2014-06-14";"2M45  3T23";"";"35";"REGULAR";"f";"";"f";"";"";"EXCLUÍDA";"";"Presencial";
"1217917";"01";"5756224";"";"";"55031";"GRADUAÇÃO";"Campus Central";"B203 no CIVT";"2014";"1";"2014-01-27";"2014-06-14";"236M1234 (27/01/2014 - 14/06/2014)";"2";"70";"REGULAR";"f";"2014-06-21 12:08:26.45";"f";"";"212";"CONSOLIDADA";"";"Presencial";
"1217917";"01";"5756386";"";"";"55031";"GRADUAÇÃO";"Campus Central";"B203 no CIVT";"2014";"1";"2014-01-27";"2014-06-14";"236M1234 (27/01/2014 - 14/06/2014)";"2";"70";"REGULAR";"f";"2014-06-21 12:08:26.45";"f";"";"212";"CONSOLIDADA";"";"Presencial";
"1217918";"02";"5756188";"";"";"55031";"GRADUAÇÃO";"Campus Central";"B204 no CIVT";"2014";"1";"2014-01-27";"2014-06-14";"236M1234 (27/01/2014 - 14/06/2014)";"2";"70";"REGULAR";"f";"2014-06-21 08:25:52.628";"f";"";"224";"CONSOLIDADA";"";"Presencial";
"1217918";"02";"5756386";"";"";"55031";"GRADUAÇÃO";"Campus Central";"B204 no CIVT";"2014";"1";"2014-01-27";"2014-06-14";"236M1234 (27/01/2014 - 14/06/2014)";"2";"70";"REGULAR";"f";"2014-06-21 08:25:52.628";"f";"";"224";"CONSOLIDADA";"";"Presencial";
"1217919";"03";"5756208";"";"";"55031";"GRADUAÇÃO";"Campus Central";"B203 no CIVT";"2014";"1";"2014-01-27";"2014-06-14";"236N1234 (27/01/2014 - 14/06/2014)";"4";"72";"REGULAR";"f";"2014-06-20 12:08:44.329";"f";"";"224";"CONSOLIDADA";"";"Presencial";
"1217919";"03";"5756386";"";"";"55031";"GRADUAÇÃO";"Campus Central";"B203 no CIVT";"2014";"1";"2014-01-27";"2014-06-14";"236N1234 (27/01/2014 - 14/06/2014)";"4";"72";"REGULAR";"f";"2014-06-20 12:08:44.329";"f";"";"224";"CONSOLIDADA";"";"Presencial";
"1217920";"04";"5756213";"";"";"55031";"GRADUAÇÃO";"Campus Central";"B204 no CIVT";"2014";"1";"2014-01-27";"2014-06-14";"236N1234 (27/01/2014 - 14/06/2014)";"5";"74";"REGULAR";"f";"2014-06-19 21:26:26.049";"f";"";"220";"CONSOLIDADA";"";"Presencial";
"1217920";"04";"5755819";"";"";"55031";"GRADUAÇÃO";"Campus Central";"B204 no CIVT";"2014";"1";"2014-01-27";"2014-06-14";"236N1234 (27/01/2014 - 14/06/2014)";"5";"74";"REGULAR";"f";"2014-06-19 21:26:26.049";"f";"";"220";"CONSOLIDADA";"";"Presencial";
"1217921";"01";"5755281";"";"";"55019";"GRADUAÇÃO";"Campus Central";"B204 no CIVT";"2014";"1";"2014-01-27";"2014-06-14";"5M12 (27/01/2014 - 14/06/2014)";"7";"73";"REGULAR";"f";"2014-06-19 12:23:44.86";"f";"";"38";"CONSOLIDADA";"";"Presencial";
"1217921";"01";"5755939";"";"";"55019";"GRADUAÇÃO";"Campus Central";"B204 no CIVT";"2014";"1";"2014-01-27";"2014-06-14";"5M12 (27/01/2014 - 14/06/2014)";"7";"73";"REGULAR";"f";"2014-06-19 12:23:44.86";"f";"";"38";"CONSOLIDADA";"";"Presencial";
"1217922";"02";"5755939";"";"";"55019";"GRADUAÇÃO";"Campus Central";"B203 no CIVT";"2014";"1";"2014-01-27";"2014-06-14";"5M34 (27/01/2014 - 14/06/2014)";"3";"71";"REGULAR";"f";"2014-06-19 12:28:56.502";"f";"";"38";"CONSOLIDADA";"";"Presencial";
"1217922";"02";"5755281";"";"";"55019";"GRADUAÇÃO";"Campus Central";"B203 no CIVT";"2014";"1";"2014-01-27";"2014-06-14";"5M34 (27/01/2014 - 14/06/2014)";"3";"71";"REGULAR";"f";"2014-06-19 12:28:56.502";"f";"";"38";"CONSOLIDADA";"";"Presencial";
"1217923";"03";"5755281";"";"";"55019";"GRADUAÇÃO";"Campus Central";"B204 no CIVT";"2014";"1";"2014-01-27";"2014-06-14";"5N12 (27/01/2014 - 14/06/2014)";"11";"74";"REGULAR";"f";"2014-06-19 12:36:07.227";"f";"";"38";"CONSOLIDADA";"";"Presencial";
"1217923";"03";"5755939";"";"";"55019";"GRADUAÇÃO";"Campus Central";"B204 no CIVT";"2014";"1";"2014-01-27";"2014-06-14";"5N12 (27/01/2014 - 14/06/2014)";"11";"74";"REGULAR";"f";"2014-06-19 12:36:07.227";"f";"";"38";"CONSOLIDADA";"";"Presencial";
"1217924";"04";"5755939";"";"";"55019";"GRADUAÇÃO";"Campus Central";"B203 no CIVT";"2014";"1";"2014-01-27";"2014-06-14";"5N34 (27/01/2014 - 14/06/2014)";"5";"72";"REGULAR";"f";"2014-06-19 12:43:03.379";"f";"";"38";"CONSOLIDADA";"";"Presencial";
"1217924";"04";"5755281";"";"";"55019";"GRADUAÇÃO";"Campus Central";"B203 no CIVT";"2014";"1";"2014-01-27";"2014-06-14";"5N34 (27/01/2014 - 14/06/2014)";"5";"72";"REGULAR";"f";"2014-06-19 12:43:03.379";"f";"";"38";"CONSOLIDADA";"";"Presencial";
"1217925";"01";"5755274";"";"";"55020";"GRADUAÇÃO";"Campus Central";"B203 no CIVT";"2014";"1";"2014-01-27";"2014-06-14";"4M12 (27/01/2014 - 14/06/2014)";"6";"71";"REGULAR";"f";"2014-06-20 20:36:33.859";"f";"";"38";"CONSOLIDADA";"";"Presencial";
"1217925";"01";"5756189";"";"";"55020";"GRADUAÇÃO";"Campus Central";"B203 no CIVT";"2014";"1";"2014-01-27";"2014-06-14";"4M12 (27/01/2014 - 14/06/2014)";"6";"71";"REGULAR";"f";"2014-06-20 20:36:33.859";"f";"";"38";"CONSOLIDADA";"";"Presencial";
"1217926";"02";"5755274";"";"";"55020";"GRADUAÇÃO";"Campus Central";"B203 no CIVT";"2014";"1";"2014-01-27";"2014-06-14";"4M34 (27/01/2014 - 14/06/2014)";"2";"70";"REGULAR";"f";"2014-06-21 11:46:56.987";"f";"";"38";"CONSOLIDADA";"";"Presencial";
"1217926";"02";"5756189";"";"";"55020";"GRADUAÇÃO";"Campus Central";"B203 no CIVT";"2014";"1";"2014-01-27";"2014-06-14";"4M34 (27/01/2014 - 14/06/2014)";"2";"70";"REGULAR";"f";"2014-06-21 11:46:56.987";"f";"";"38";"CONSOLIDADA";"";"Presencial";
"1217927";"03";"5755274";"";"";"55020";"GRADUAÇÃO";"Campus Central";"B203 no CIVT";"2014";"1";"2014-01-27";"2014-06-14";"4N12 (27/01/2014 - 14/06/2014)";"8";"72";"REGULAR";"f";"2014-06-19 10:57:52.635";"f";"";"36";"CONSOLIDADA";"";"Presencial";
"1217927";"03";"5756187";"";"";"55020";"GRADUAÇÃO";"Campus Central";"B203 no CIVT";"2014";"1";"2014-01-27";"2014-06-14";"4N12 (27/01/2014 - 14/06/2014)";"8";"72";"REGULAR";"f";"2014-06-19 10:57:52.635";"f";"";"36";"CONSOLIDADA";"";"Presencial";
"1217928";"04";"5755274";"";"";"55020";"GRADUAÇÃO";"Campus Central";"B203 no CIVT";"2014";"1";"2014-01-27";"2014-06-14";"4N34 (27/01/2014 - 14/06/2014)";"2";"73";"REGULAR";"f";"2014-06-19 11:01:45.133";"f";"";"36";"CONSOLIDADA";"";"Presencial";
"1217928";"04";"5756187";"";"";"55020";"GRADUAÇÃO";"Campus Central";"B203 no CIVT";"2014";"1";"2014-01-27";"2014-06-14";"4N34 (27/01/2014 - 14/06/2014)";"2";"73";"REGULAR";"f";"2014-06-19 11:01:45.133";"f";"";"36";"CONSOLIDADA";"";"Presencial";
"1217929";"01";"5755939";"";"";"55082";"GRADUAÇÃO";"Campus Central";"B203 no CIVT";"2014";"1";"2014-01-27";"2014-06-14";"5M12 (27/01/2014 - 14/06/2014)";"1";"70";"REGULAR";"f";"2014-06-20 10:43:55.883";"f";"";"34";"CONSOLIDADA";"";"Presencial";
"1217929";"01";"5755281";"";"";"55082";"GRADUAÇÃO";"Campus Central";"B203 no CIVT";"2014";"1";"2014-01-27";"2014-06-14";"5M12 (27/01/2014 - 14/06/2014)";"1";"70";"REGULAR";"f";"2014-06-20 10:43:55.883";"f";"";"34";"CONSOLIDADA";"";"Presencial";
"1217930";"02";"5755281";"";"";"55082";"GRADUAÇÃO";"Campus Central";"B204 no CIVT";"2014";"1";"2014-01-27";"2014-06-14";"5M34 (27/01/2014 - 14/06/2014)";"8";"72";"REGULAR";"f";"2014-06-20 10:53:35.401";"f";"";"34";"CONSOLIDADA";"";"Presencial";
"1217930";"02";"5755939";"";"";"55082";"GRADUAÇÃO";"Campus Central";"B204 no CIVT";"2014";"1";"2014-01-27";"2014-06-14";"5M34 (27/01/2014 - 14/06/2014)";"8";"72";"REGULAR";"f";"2014-06-20 10:53:35.401";"f";"";"34";"CONSOLIDADA";"";"Presencial";
"1217931";"03";"5755939";"";"";"55082";"GRADUAÇÃO";"Campus Central";"B203 no CIVT";"2014";"1";"2014-01-27";"2014-06-14";"5N12 (27/01/2014 - 14/06/2014)";"12";"74";"REGULAR";"f";"2014-06-20 11:29:57.918";"f";"";"34";"CONSOLIDADA";"";"Presencial";
"1217931";"03";"5755281";"";"";"55082";"GRADUAÇÃO";"Campus Central";"B203 no CIVT";"2014";"1";"2014-01-27";"2014-06-14";"5N12 (27/01/2014 - 14/06/2014)";"12";"74";"REGULAR";"f";"2014-06-20 11:29:57.918";"f";"";"34";"CONSOLIDADA";"";"Presencial";
"1217932";"04";"5755281";"";"";"55082";"GRADUAÇÃO";"Campus Central";"B204 no CIVT";"2014";"1";"2014-01-27";"2014-06-14";"5N34 (27/01/2014 - 14/06/2014)";"14";"75";"REGULAR";"f";"2014-06-20 11:22:05.729";"f";"";"34";"CONSOLIDADA";"";"Presencial";
"1217932";"04";"5755939";"";"";"55082";"GRADUAÇÃO";"Campus Central";"B204 no CIVT";"2014";"1";"2014-01-27";"2014-06-14";"5N34 (27/01/2014 - 14/06/2014)";"14";"75";"REGULAR";"f";"2014-06-20 11:22:05.729";"f";"";"34";"CONSOLIDADA";"";"Presencial";
"1217933";"01";"24949";"";"";"52651";"GRADUAÇÃO";"Campus Central";"A306 no CIVT";"2014";"1";"2014-01-27";"2014-06-14";"26M12 (27/01/2014 - 14/06/2014)";"18";"60";"REGULAR";"f";"2014-06-21 19:02:02.94";"f";"";"66";"CONSOLIDADA";"";"Presencial";
"1217934";"02";"5755402";"";"";"52651";"GRADUAÇÃO";"Campus Central";"A309 no CIVT";"2014";"1";"2014-01-27";"2014-06-14";"46N12 (27/01/2014 - 14/06/2014)";"25";"60";"REGULAR";"f";"2014-06-18 09:58:34.92";"f";"";"76";"CONSOLIDADA";"";"Presencial";
"1217935";"01";"24949";"";"";"52652";"GRADUAÇÃO";"Campus Central";"Lab. A305 no CIVT";"2014";"1";"2014-01-27";"2014-06-14";"3M12 (27/01/2014 - 14/06/2014)";"9";"30";"REGULAR";"f";"2014-06-21 18:45:14.595";"f";"";"34";"CONSOLIDADA";"";"Presencial";
"1217936";"02";"24949";"";"";"52652";"GRADUAÇÃO";"Campus Central";"Lab. A305 no CIVT";"2014";"1";"2014-01-27";"2014-06-14";"3M34 (27/01/2014 - 14/06/2014)";"9";"30";"REGULAR";"f";"2014-06-21 18:52:33.643";"f";"";"34";"CONSOLIDADA";"";"Presencial";
"1217937";"03";"5755963";"";"";"52652";"GRADUAÇÃO";"Campus Central";"Lab. A305 no CIVT";"2014";"1";"2014-01-27";"2014-06-14";"3N12 (27/01/2014 - 14/06/2014)";"18";"30";"REGULAR";"f";"2014-06-18 10:01:50.942";"f";"";"38";"CONSOLIDADA";"";"Presencial";
"1217938";"04";"5755963";"";"";"52652";"GRADUAÇÃO";"Campus Central";"Lab. A305 no CIVT";"2014";"1";"2014-01-27";"2014-06-14";"3N34 (27/01/2014 - 14/06/2014)";"7";"30";"REGULAR";"f";"2014-06-18 10:06:18.334";"f";"";"36";"CONSOLIDADA";"";"Presencial";
"1217939";"01";"5755051";"";"";"52658";"GRADUAÇÃO";"Campus Central";"A308 no CIVT";"2014";"1";"2014-01-27";"2014-06-14";"35M34 (27/01/2014 - 14/06/2014)";"31";"60";"REGULAR";"f";"2014-06-20 14:41:46.234";"f";"";"72";"CONSOLIDADA";"";"Presencial";
"1217940";"02";"5755871";"";"";"52658";"GRADUAÇÃO";"Campus Central";"A306 no CIVT";"2014";"1";"2014-01-27";"2014-06-14";"24N34 (27/01/2014 - 14/06/2014)";"25";"60";"REGULAR";"f";"2014-06-10 14:07:43.003";"f";"";"72";"CONSOLIDADA";"";"Presencial";
"1217941";"01";"5755402";"";"";"52778";"GRADUAÇÃO";"Campus Central";"A308 no CIVT";"2014";"1";"2014-01-27";"2014-06-14";"247M34 (27/01/2014 - 14/06/2014)";"57";"60";"REGULAR";"f";"2014-06-20 15:40:42.854";"f";"";"114";"CONSOLIDADA";"";"Presencial";
"1217942";"02";"5755108";"";"";"52778";"GRADUAÇÃO";"Campus Central";"A306 no CIVT";"2014";"1";"2014-01-27";"2014-06-14";"247N12 (27/01/2014 - 14/06/2014)";"76";"60";"REGULAR";"f";"2014-06-20 16:03:21.831";"f";"";"100";"CONSOLIDADA";"";"Presencial";
"1217943";"01";"5755872";"";"";"52662";"GRADUAÇÃO";"Campus Central";"A306 no CIVT";"2014";"1";"2014-01-27";"2014-06-14";"246M56 (27/01/2014 - 14/06/2014)";"8";"60";"REGULAR";"f";"2014-06-18 20:14:01.218";"f";"";"112";"CONSOLIDADA";"";"Presencial";
"1217944";"02";"5755872";"";"";"52662";"GRADUAÇÃO";"Campus Central";"A308 no CIVT";"2014";"1";"2014-01-27";"2014-06-14";"246N12 (27/01/2014 - 14/06/2014)";"10";"60";"REGULAR";"f";"2014-06-18 20:17:24.255";"f";"";"112";"CONSOLIDADA";"";"Presencial";
"1217945";"01";"5756386";"";"";"52785";"GRADUAÇÃO";"Campus Central";"Lab. A305 no CIVT";"2014";"1";"2014-01-27";"2014-06-14";"2M56 (27/01/2014 - 14/06/2014)";"29";"30";"REGULAR";"f";"2014-06-20 23:38:14.57";"f";"";"36";"CONSOLIDADA";"";"Presencial";
"1217946";"02";"5756386";"";"";"52785";"GRADUAÇÃO";"Campus Central";"Lab. A305 no CIVT";"2014";"1";"2014-01-27";"2014-06-14";"4M56 (27/01/2014 - 14/06/2014)";"30";"30";"REGULAR";"f";"2014-06-20 23:57:31.584";"f";"";"36";"CONSOLIDADA";"";"Presencial";
"1217947";"03";"5755108";"";"";"52785";"GRADUAÇÃO";"Campus Central";"Lab. A305 no CIVT";"2014";"1";"2014-01-27";"2014-06-14";"6N12 (27/01/2014 - 14/06/2014)";"52";"30";"REGULAR";"f";"2014-06-20 16:08:23.345";"f";"";"34";"CONSOLIDADA";"";"Presencial";
"1217948";"04";"5755108";"";"";"52785";"GRADUAÇÃO";"Campus Central";"Lab. A305 no CIVT";"2014";"1";"2014-01-27";"2014-06-14";"6N34 (27/01/2014 - 14/06/2014)";"34";"30";"REGULAR";"f";"2014-06-20 16:09:42.216";"f";"";"34";"CONSOLIDADA";"";"Presencial";
"1217949";"01";"5755819";"";"";"55022";"GRADUAÇÃO";"Campus Central";"A306 no CIVT";"2014";"1";"2014-01-27";"2014-06-14";"246M34 (27/01/2014 - 14/06/2014)";"26";"60";"REGULAR";"f";"2014-06-20 09:09:00.875";"f";"";"104";"CONSOLIDADA";"";"Presencial";
"1217950";"02";"5755388";"";"";"55022";"GRADUAÇÃO";"Campus Central";"A308 no CIVT";"2014";"1";"2014-01-27";"2014-06-14";"246N34 (27/01/2014 - 14/06/2014)";"47";"60";"REGULAR";"f";"2014-06-21 18:02:48.349";"f";"";"106";"CONSOLIDADA";"";"Presencial";
"1217951";"01";"5755963";"";"";"52663";"GRADUAÇÃO";"Campus Central";"A308 no CIVT";"2014";"1";"2014-01-27";"2014-06-14";"24M12 (27/01/2014 - 14/06/2014)";"26";"60";"REGULAR";"f";"2014-06-12 20:54:20.294";"f";"";"72";"CONSOLIDADA";"";"Presencial";
"1217952";"01";"5755388";"";"";"52787";"GRADUAÇÃO";"Campus Central";"A308 no CIVT";"2014";"1";"2014-01-27";"2014-06-14";"467M56 (27/01/2014 - 14/06/2014)";"31";"60";"REGULAR";"f";"2014-06-21 18:00:41.862";"f";"";"108";"CONSOLIDADA";"";"Presencial";
"1217953";"02";"23713";"";"";"52787";"GRADUAÇÃO";"Campus Central";"A308 no CIVT";"2014";"1";"2014-01-27";"2014-06-14";"357M12 (27/01/2014 - 14/06/2014)";"10";"60";"REGULAR";"f";"2014-06-12 14:33:49.061";"f";"";"110";"CONSOLIDADA";"";"Presencial";
"1217954";"01";"24853";"";"";"52664";"GRADUAÇÃO";"Campus Central";"A306 no CIVT";"2014";"1";"2014-01-27";"2014-06-14";"35M34 (27/01/2014 - 14/06/2014)";"21";"60";"REGULAR";"f";"2014-06-17 11:54:35.418";"f";"";"72";"CONSOLIDADA";"";"Presencial";
"1217955";"02";"5755141";"";"";"52664";"GRADUAÇÃO";"Campus Central";"Lab. A307 no CIVT";"2014";"1";"2014-01-27";"2014-06-14";"35N12 (27/01/2014 - 14/06/2014)";"13";"60";"REGULAR";"f";"2014-06-12 00:12:45.219";"f";"";"74";"CONSOLIDADA";"";"Presencial";
"1217956";"01";"5755141";"";"";"52665";"GRADUAÇÃO";"Campus Central";"A306 no CIVT";"2014";"1";"2014-01-27";"2014-06-14";"35M12 (27/01/2014 - 14/06/2014)";"44";"60";"REGULAR";"f";"2014-06-12 00:13:49.195";"f";"";"72";"CONSOLIDADA";"";"Presencial";
"1217957";"02";"5755141";"";"";"52665";"GRADUAÇÃO";"Campus Central";"A306 no CIVT";"2014";"1";"2014-01-27";"2014-06-14";"35N34 (27/01/2014 - 14/06/2014)";"26";"60";"REGULAR";"f";"2014-06-12 00:15:02.925";"f";"";"72";"CONSOLIDADA";"";"Presencial";
"1217958";"01";"5754613";"";"";"52786";"GRADUAÇÃO";"Campus Central";"Lab. A307 no CIVT";"2014";"1";"2014-01-27";"2014-06-14";"2M34 (27/01/2014 - 14/06/2014)";"11";"30";"REGULAR";"f";"2014-06-13 09:24:35.094";"f";"";"34";"CONSOLIDADA";"";"Presencial";
"1217959";"02";"5754613";"";"";"52786";"GRADUAÇÃO";"Campus Central";"Lab. A307 no CIVT";"2014";"1";"2014-01-27";"2014-06-14";"2M56 (27/01/2014 - 14/06/2014)";"15";"30";"REGULAR";"f";"2014-06-13 09:25:20.57";"f";"";"34";"CONSOLIDADA";"";"Presencial";
"1217960";"03";"5754613";"";"";"52786";"GRADUAÇÃO";"Campus Central";"Lab. A307 no CIVT";"2014";"1";"2014-01-27";"2014-06-14";"3M34 (27/01/2014 - 14/06/2014)";"8";"30";"REGULAR";"f";"2014-06-13 09:26:26.554";"f";"";"34";"CONSOLIDADA";"";"Presencial";
"1217961";"04";"5754613";"";"";"52786";"GRADUAÇÃO";"Campus Central";"Lab. A307 no CIVT";"2014";"1";"2014-01-27";"2014-06-14";"3M56 (27/01/2014 - 14/06/2014)";"7";"30";"REGULAR";"f";"2014-06-13 09:28:17.649";"f";"";"36";"CONSOLIDADA";"";"Presencial";
"1217962";"01";"5755871";"";"";"52666";"GRADUAÇÃO";"Campus Central";"A306 no CIVT";"2014";"1";"2014-01-27";"2014-06-14";"35M56 (27/01/2014 - 14/06/2014)";"25";"60";"REGULAR";"f";"2014-06-10 13:50:24.004";"f";"";"68";"CONSOLIDADA";"";"Presencial";
"1217963";"01";"5756189";"";"";"52782";"GRADUAÇÃO";"Campus Central";"A308 no CIVT";"2014";"1";"2014-01-27";"2014-06-14";"6M12 (27/01/2014 - 14/06/2014)";"24";"60";"REGULAR";"f";"2014-06-20 20:20:56.645";"f";"";"50";"CONSOLIDADA";"";"Presencial";
"1217963";"01";"5755274";"";"";"52782";"GRADUAÇÃO";"Campus Central";"A308 no CIVT";"2014";"1";"2014-01-27";"2014-06-14";"6M12 (27/01/2014 - 14/06/2014)";"24";"60";"REGULAR";"f";"2014-06-20 20:20:56.645";"f";"";"50";"CONSOLIDADA";"";"Presencial";
"1217964";"02";"5756189";"";"";"52782";"GRADUAÇÃO";"Campus Central";"A308 no CIVT";"2014";"1";"2014-01-27";"2014-06-14";"6M34 (27/01/2014 - 14/06/2014)";"54";"60";"REGULAR";"f";"2014-06-20 20:23:32.256";"f";"";"52";"CONSOLIDADA";"";"Presencial";
"1217964";"02";"5755274";"";"";"52782";"GRADUAÇÃO";"Campus Central";"A308 no CIVT";"2014";"1";"2014-01-27";"2014-06-14";"6M34 (27/01/2014 - 14/06/2014)";"54";"60";"REGULAR";"f";"2014-06-20 20:23:32.256";"f";"";"52";"CONSOLIDADA";"";"Presencial";
"1217965";"03";"5756187";"";"";"52782";"GRADUAÇÃO";"Campus Central";"A306 no CIVT";"2014";"1";"2014-01-27";"2014-06-14";"6N12 (27/01/2014 - 14/06/2014)";"24";"60";"REGULAR";"f";"2014-06-19 13:34:41.951";"f";"";"50";"CONSOLIDADA";"";"Presencial";
"1217965";"03";"5755274";"";"";"52782";"GRADUAÇÃO";"Campus Central";"A306 no CIVT";"2014";"1";"2014-01-27";"2014-06-14";"6N12 (27/01/2014 - 14/06/2014)";"24";"60";"REGULAR";"f";"2014-06-19 13:34:41.951";"f";"";"50";"CONSOLIDADA";"";"Presencial";
"1217966";"04";"5755274";"";"";"52782";"GRADUAÇÃO";"Campus Central";"A306 no CIVT";"2014";"1";"2014-01-27";"2014-06-14";"6N34 (27/01/2014 - 14/06/2014)";"28";"60";"REGULAR";"f";"2014-06-19 13:39:34.638";"f";"";"50";"CONSOLIDADA";"";"Presencial";
"1217966";"04";"5756187";"";"";"52782";"GRADUAÇÃO";"Campus Central";"A306 no CIVT";"2014";"1";"2014-01-27";"2014-06-14";"6N34 (27/01/2014 - 14/06/2014)";"28";"60";"REGULAR";"f";"2014-06-19 13:39:34.638";"f";"";"50";"CONSOLIDADA";"";"Presencial";
"1217967";"01";"24798";"";"";"55025";"GRADUAÇÃO";"Campus Central";"A309 no CIVT";"2014";"1";"2014-01-27";"2014-06-14";"246M56 (27/01/2014 - 14/06/2014)";"33";"60";"REGULAR";"f";"2014-06-19 12:04:49.586";"f";"";"100";"CONSOLIDADA";"";"Presencial";
"1217968";"01";"5755871";"";"";"55051";"GRADUAÇÃO";"Campus Central";"A306 no CIVT";"2014";"1";"2014-01-27";"2014-06-14";"24T34 (27/01/2014 - 14/06/2014)";"33";"50";"REGULAR";"f";"2014-06-14 12:19:06.333";"f";"";"70";"CONSOLIDADA";"";"Presencial";
"1217969";"01";"5755274";"";"";"52699";"GRADUAÇÃO";"Campus Central";"A306 no CIVT";"2014";"1";"2014-01-27";"2014-06-14";"35T56 (27/01/2014 - 14/06/2014)";"27";"45";"REGULAR";"f";"2014-06-19 10:28:08.687";"f";"";"72";"CONSOLIDADA";"";"Presencial";
"1217970";"01";"22723";"";"";"41904";"GRADUAÇÃO";"Campus Central";"DOL - Sala 04";"2014";"1";"2014-01-27";"2014-06-14";"6M12345";"2";"30";"REGULAR";"f";"";"f";"";"";"EXCLUÍDA";"";"Presencial";
"1217971";"02";"5753571";"";"";"41904";"GRADUAÇÃO";"Campus Central";"DOL - Sala 04";"2014";"1";"2014-01-27";"2014-06-14";"6M12345";"10";"30";"REGULAR";"f";"2014-06-11 08:23:01.466";"f";"";"85";"CONSOLIDADA";"";"Presencial";
"1217972";"03";"";"98659784";"";"41904";"GRADUAÇÃO";"Campus Central";"DOL - Sala 04";"2014";"1";"2014-01-27";"2014-06-14";"6M12345";"2";"30";"REGULAR";"f";"2014-06-13 09:18:33.284";"f";"";"85";"CONSOLIDADA";"";"Presencial";
"1217973";"01";"18226";"";"";"20401";"GRADUAÇÃO";"Campus Central";"Centro de Biociências - MULUNGÚ";"2014";"1";"2014-01-27";"2014-06-14";"35N34";"2";"30";"REGULAR";"f";"2014-06-14 01:19:12.601";"f";"";"68";"CONSOLIDADA";"";"Presencial";
"1217974";"01";"60551";"";"";"25264";"GRADUAÇÃO";"Campus Central";"Setor IV";"2014";"1";"2014-01-27";"2014-06-14";"35T56";"";"25";"REGULAR";"f";"";"f";"";"";"EXCLUÍDA";"";"Presencial";
"1217975";"01";"5754339";"";"";"39980";"GRADUAÇÃO";"Campus Central";"VG1";"2014";"1";"2014-01-27";"2014-06-14";"26M12";"20";"52";"REGULAR";"f";"2014-06-21 10:02:00.726";"f";"";"76";"CONSOLIDADA";"";"Presencial";
"1217976";"02";"20891";"";"";"39980";"GRADUAÇÃO";"Campus Central";"VG1";"2014";"1";"2014-01-27";"2014-06-14";"35N34";"31";"51";"REGULAR";"f";"2014-06-19 12:57:08.369";"f";"";"72";"CONSOLIDADA";"";"Presencial";
"1217977";"01";"5752484";"";"";"39981";"GRADUAÇÃO";"Campus Central";"VG2";"2014";"1";"2014-01-27";"2014-06-14";"35M12";"42";"45";"REGULAR";"f";"2014-06-15 09:26:41.661";"f";"";"74";"CONSOLIDADA";"";"Presencial";
"1217978";"02";"20891";"";"";"39981";"GRADUAÇÃO";"Campus Central";"VG2";"2014";"1";"2014-01-27";"2014-06-14";"35N12";"47";"45";"REGULAR";"f";"2014-06-19 13:03:29.665";"f";"";"70";"CONSOLIDADA";"";"Presencial";
"1217980";"01";"26246";"";"";"46957";"GRADUAÇÃO";"Campus Central";"418";"2014";"1";"2014-01-27";"2014-06-14";"246M12";"39";"32";"REGULAR";"f";"2014-06-06 10:07:50.444";"f";"";"100";"CONSOLIDADA";"";"Presencial";
"1217981";"02";"26246";"";"";"46957";"GRADUAÇÃO";"Campus Central";"418";"2014";"1";"2014-01-27";"2014-06-14";"246T12";"34";"34";"REGULAR";"f";"2014-06-06 10:16:04.478";"f";"";"100";"CONSOLIDADA";"";"Presencial";
"1217982";"01";"24225";"";"";"46956";"GRADUAÇÃO";"Campus Central";"4A5";"2014";"1";"2014-01-27";"2014-06-14";"24M34";"42";"35";"REGULAR";"f";"2014-06-17 19:14:37.719";"f";"";"68";"CONSOLIDADA";"";"Presencial";
"1217983";"02";"24225";"";"";"46956";"GRADUAÇÃO";"Campus Central";"4C1";"2014";"1";"2014-01-27";"2014-06-14";"24T34";"35";"35";"REGULAR";"f";"2014-06-17 19:22:05.605";"f";"";"68";"CONSOLIDADA";"";"Presencial";
"1217984";"01";"5756701";"";"";"46962";"GRADUAÇÃO";"Campus Central";"4A6";"2014";"1";"2014-01-27";"2014-06-14";"36M34";"20";"25";"REGULAR";"f";"2014-06-03 18:09:00.886";"f";"";"66";"CONSOLIDADA";"";"Presencial";
"1217985";"02";"23398";"";"";"46962";"GRADUAÇÃO";"Campus Central";"4A7";"2014";"1";"2014-01-27";"2014-06-14";"36M34";"20";"25";"REGULAR";"f";"2014-06-18 12:12:44.698";"f";"";"72";"CONSOLIDADA";"";"Presencial";
"1217986";"03";"23398";"";"";"46962";"GRADUAÇÃO";"Campus Central";"4A3";"2014";"1";"2014-01-27";"2014-06-14";"35T12";"20";"25";"REGULAR";"f";"2014-06-18 12:15:34.99";"f";"";"70";"CONSOLIDADA";"";"Presencial";
"1217999";"01";"24047";"";"";"42223";"GRADUAÇÃO";"Campus Central";"4H3";"2014";"1";"2014-01-27";"2014-06-14";"2N1234";"15";"30";"REGULAR";"f";"2014-06-06 12:06:21.195";"f";"";"72";"CONSOLIDADA";"";"Presencial";
"1218000";"01";"64329";"";"";"42224";"GRADUAÇÃO";"Campus Central";"4I9";"2014";"1";"2014-01-27";"2014-06-14";"45T56";"15";"40";"REGULAR";"f";"2014-06-14 07:55:26.394";"f";"";"72";"CONSOLIDADA";"";"Presencial";
"1218001";"01";"18105";"";"";"25872";"GRADUAÇÃO";"Campus Central";"LEAFT - NTI";"2014";"1";"2014-01-27";"2014-06-14";"5T2345";"12";"20";"REGULAR";"f";"2014-06-10 17:42:21.869";"f";"";"68";"CONSOLIDADA";"";"Presencial";
"1218002";"02";"18105";"";"";"25872";"GRADUAÇÃO";"Campus Central";"LEAFT - NTI";"2014";"1";"2014-01-27";"2014-06-14";"3T3456";"22";"20";"REGULAR";"f";"2014-06-11 10:04:12.951";"f";"";"76";"CONSOLIDADA";"";"Presencial";
"1218003";"01";"5755270";"";"";"54922";"GRADUAÇÃO";"Campus Santa Cruz";"Bloco I - Sala 2";"2014";"1";"2014-01-27";"2014-06-14";"2M123 4M12 (27/01/2014 - 14/06/2014)";"29";"44";"REGULAR";"f";"2014-06-11 15:41:45.371";"f";"";"82";"CONSOLIDADA";"";"Presencial";
"1218004";"01";"5756276";"";"";"54925";"GRADUAÇÃO";"Campus Santa Cruz";"Bloco I - Sala 2";"2014";"1";"2014-01-27";"2014-06-14";"3T123 (27/01/2014 - 14/06/2014)";"29";"44";"REGULAR";"f";"2014-06-10 08:39:34.657";"f";"";"57";"CONSOLIDADA";"";"Presencial";
"1218005";"01";"";"97312202";"";"47306";"LATO SENSU";"";"AUDITÓRIO DO DEPARTAMENTO DE FISIOTERAPIA";"2014";"1";"2014-01-17";"2014-01-19";"17M2345  7T2345  6N1234 (17/01/2014 - 19/01/2014)";"";"44";"REGULAR";"f";"2014-08-22 02:22:06.197";"f";"";"0";"CONSOLIDADA";"";"Presencial";
"1218006";"01";"15567";"";"";"2041751";"GRADUAÇÃO";"Campus Central";"Departamento de Enfermagem";"2014";"1";"2014-01-27";"2014-06-14";"5T234";"4";"55";"REGULAR";"f";"2014-06-05 18:07:15.851";"f";"";"51";"CONSOLIDADA";"";"Presencial";
"1218007";"01";"24490";"";"";"2041752";"GRADUAÇÃO";"Campus Central";"Departamento de Enfermagem";"2014";"1";"2014-01-27";"2014-06-14";"4M345";"29";"55";"REGULAR";"f";"2014-06-13 23:16:44.018";"f";"";"54";"CONSOLIDADA";"";"Presencial";
"1218008";"01";"64329";"";"";"24271";"GRADUAÇÃO";"Campus Central";"A definir";"2014";"1";"2014-01-27";"2014-06-14";"35N12";"31";"50";"REGULAR";"f";"2014-06-14 07:57:15.751";"f";"";"66";"CONSOLIDADA";"";"Presencial";
"1218009";"01";"18230";"";"";"2041753";"GRADUAÇÃO";"Campus Central";"Departamento de Enfermagem";"2014";"1";"2014-01-27";"2014-06-14";"3M234";"36";"55";"REGULAR";"f";"2014-06-14 11:26:36.435";"f";"";"51";"CONSOLIDADA";"";"Presencial";
"1218010";"01";"5755477";"";"";"21384";"GRADUAÇÃO";"Campus Central";"4F4";"2014";"1";"2014-01-27";"2014-06-14";"35N34";"26";"40";"REGULAR";"f";"2014-06-11 15:52:04.864";"f";"";"66";"CONSOLIDADA";"";"Presencial";
"1218011";"01";"26332";"";"";"2041755";"GRADUAÇÃO";"Campus Central";"Departamento de Enfermagem";"2014";"1";"2014-01-27";"2014-06-14";"4T234";"48";"55";"REGULAR";"f";"2014-06-14 12:35:31.854";"f";"";"51";"CONSOLIDADA";"";"Presencial";
"1218011";"01";"18284";"";"";"2041755";"GRADUAÇÃO";"Campus Central";"Departamento de Enfermagem";"2014";"1";"2014-01-27";"2014-06-14";"4T234";"48";"55";"REGULAR";"f";"2014-06-14 12:35:31.854";"f";"";"51";"CONSOLIDADA";"";"Presencial";
"1218012";"01";"18230";"";"";"2050450";"GRADUAÇÃO";"Campus Central";"Departamento de Enfermagem";"2014";"1";"2014-01-27";"2014-06-14";"5M2345";"52";"55";"REGULAR";"f";"2014-06-09 08:55:11.38";"f";"";"68";"CONSOLIDADA";"";"Presencial";
"1218013";"01";"18739";"";"";"2050500";"GRADUAÇÃO";"Campus Central";"Departamento de Enfermagem";"2014";"1";"2014-01-27";"2014-06-14";"4M1 6M123";"59";"59";"REGULAR";"f";"2014-06-14 10:25:54.371";"f";"";"73";"CONSOLIDADA";"";"Presencial";
"1218013";"01";"18284";"";"";"2050500";"GRADUAÇÃO";"Campus Central";"Departamento de Enfermagem";"2014";"1";"2014-01-27";"2014-06-14";"4M1 6M123";"59";"59";"REGULAR";"f";"2014-06-14 10:25:54.371";"f";"";"73";"CONSOLIDADA";"";"Presencial";
"1218014";"01";"5753618";"";"";"21436";"GRADUAÇÃO";"Campus Central";"4F1";"2014";"1";"2014-01-27";"2014-06-14";"35N34";"15";"40";"REGULAR";"f";"2014-06-11 16:28:47.107";"f";"";"66";"CONSOLIDADA";"";"Presencial";
"1218016";"01A";"24490";"";"";"2053802";"GRADUAÇÃO";"Campus Central";"Departamento de Enfermagem";"2014";"1";"2014-01-27";"2014-06-14";"4T234";"39";"55";"REGULAR";"f";"2014-06-09 23:37:31.362";"f";"1218015";"54";"CONSOLIDADA";"";"Presencial";
"1218017";"01";"18284";"";"";"2053806";"GRADUAÇÃO";"Campus Central";"Departamento de Enfermagem";"2014";"1";"2014-01-27";"2014-06-14";"6M456";"58";"58";"REGULAR";"f";"2014-06-13 15:56:33.934";"f";"";"57";"CONSOLIDADA";"";"Presencial";
"1218017";"01";"18739";"";"";"2053806";"GRADUAÇÃO";"Campus Central";"Departamento de Enfermagem";"2014";"1";"2014-01-27";"2014-06-14";"6M456";"58";"58";"REGULAR";"f";"2014-06-13 15:56:33.934";"f";"";"57";"CONSOLIDADA";"";"Presencial";
"1218018";"01";"18739";"";"";"2053810";"GRADUAÇÃO";"Campus Central";"Departamento de Enfermagem";"2014";"1";"2014-01-27";"2014-06-14";"6M2345";"41";"50";"REGULAR";"f";"2014-06-09 10:32:08.423";"f";"";"72";"CONSOLIDADA";"";"Presencial";
"1218018";"01";"15558";"";"";"2053810";"GRADUAÇÃO";"Campus Central";"Departamento de Enfermagem";"2014";"1";"2014-01-27";"2014-06-14";"6M2345";"41";"50";"REGULAR";"f";"2014-06-09 10:32:08.423";"f";"";"72";"CONSOLIDADA";"";"Presencial";
"1218019";"01";"5755477";"";"";"25873";"GRADUAÇÃO";"Campus Central";"4B1";"2014";"1";"2014-01-27";"2014-06-14";"6N1234";"21";"40";"REGULAR";"f";"2014-06-11 13:16:20.562";"f";"";"68";"CONSOLIDADA";"";"Presencial";
"1218020";"01";"15567";"";"";"43248";"GRADUAÇÃO";"Campus Central";"Departamento de Enfermagem";"2014";"1";"2014-01-27";"2014-06-14";"3T45";"51";"50";"REGULAR";"f";"2014-06-05 09:44:22.559";"f";"";"34";"CONSOLIDADA";"";"Presencial";
"1218021";"01";"17923";"";"";"43259";"GRADUAÇÃO";"Campus Central";"Departamento de Enfermagem";"2014";"1";"2014-01-27";"2014-06-14";"2T234";"42";"55";"REGULAR";"f";"2014-06-08 22:45:57.313";"f";"";"51";"CONSOLIDADA";"";"Presencial";
"1218022";"01";"26332";"";"";"2044654";"GRADUAÇÃO";"Campus Central";"Departamento de Enfermagem";"2014";"1";"2014-01-27";"2014-06-14";"5T123456";"41";"55";"REGULAR";"f";"2014-06-13 12:23:06.139";"f";"";"102";"CONSOLIDADA";"";"Presencial";
"1218023";"01";"5756082";"";"";"21416";"GRADUAÇÃO";"Campus Central";"4B5";"2014";"1";"2014-01-27";"2014-06-14";"3T2345";"12";"25";"REGULAR";"f";"2014-06-14 19:45:11.563";"f";"";"76";"CONSOLIDADA";"";"Presencial";
"1218024";"01";"5754547";"";"";"43244";"GRADUAÇÃO";"Campus Central";"Departamento de Enfermagem";"2014";"1";"2014-01-27";"2014-06-14";"2345M23456";"7";"6";"REGULAR";"f";"2014-06-03 14:48:22.629";"f";"";"335";"CONSOLIDADA";"";"Presencial";
"1218025";"02";"26530";"";"";"43244";"GRADUAÇÃO";"Campus Central";"Departamento de Enfermagem";"2014";"1";"2014-01-27";"2014-06-14";"2345M23456";"7";"6";"REGULAR";"f";"2014-06-12 23:34:51.321";"f";"";"335";"CONSOLIDADA";"";"Presencial";
"1218026";"01";"22926";"";"";"26771";"GRADUAÇÃO";"Campus Central";"Auditório do NUPEG";"2014";"1";"2014-01-27";"2014-06-14";"6T2345";"36";"40";"REGULAR";"f";"2014-06-15 16:21:58.964";"f";"";"72";"CONSOLIDADA";"";"Presencial";
"1218027";"03";"5752167";"";"";"43244";"GRADUAÇÃO";"Campus Central";"Departamento de Enfermagem";"2014";"1";"2014-01-27";"2014-06-14";"2345M23456";"6";"6";"REGULAR";"f";"2014-06-09 20:54:42.213";"f";"";"335";"CONSOLIDADA";"";"Presencial";
"1218028";"01";"18536";"";"";"24777";"GRADUAÇÃO";"Campus Central";"4G2";"2014";"1";"2014-01-27";"2014-06-14";"4T3456";"31";"35";"REGULAR";"f";"2014-06-10 13:34:12.579";"f";"";"72";"CONSOLIDADA";"";"Presencial";
"1218029";"04";"5753613";"";"";"43244";"GRADUAÇÃO";"Campus Central";"Departamento de Enfermagem";"2014";"1";"2014-01-27";"2014-06-14";"2345M23456";"7";"7";"REGULAR";"f";"2014-06-09 21:21:41.724";"f";"";"350";"CONSOLIDADA";"";"Presencial";
"1218030";"05";"5753594";"";"";"43244";"GRADUAÇÃO";"Campus Central";"Departamento de Enfermagem";"2014";"1";"2014-01-27";"2014-06-14";"2345M23456";"5";"7";"REGULAR";"f";"2014-06-10 17:13:08.971";"f";"";"335";"CONSOLIDADA";"";"Presencial";
"1218031";"06";"5754628";"";"";"43244";"GRADUAÇÃO";"Campus Central";"Departamento de Enfermagem";"2014";"1";"2014-01-27";"2014-06-14";"2345M23456";"";"7";"REGULAR";"f";"2014-06-10 19:49:56.433";"f";"";"335";"CONSOLIDADA";"";"Presencial";
"1218032";"01";"19045";"";"";"2040153";"GRADUAÇÃO";"Campus Central";"4A3";"2014";"1";"2014-01-27";"2014-06-14";"3M34";"6";"50";"REGULAR";"f";"2014-06-16 15:15:48.012";"f";"";"36";"CONSOLIDADA";"";"Presencial";
"1218033";"07";"5755269";"";"";"43244";"GRADUAÇÃO";"Campus Central";"Departamento de Enfermagem";"2014";"1";"2014-01-27";"2014-06-14";"2345M23456";"8";"6";"REGULAR";"f";"2014-06-09 23:16:17.602";"f";"";"335";"CONSOLIDADA";"";"Presencial";
"1218033";"07";"5755777";"";"";"43244";"GRADUAÇÃO";"Campus Central";"Departamento de Enfermagem";"2014";"1";"2014-01-27";"2014-06-14";"2345M23456";"8";"6";"REGULAR";"f";"2014-06-09 23:16:17.602";"f";"";"335";"CONSOLIDADA";"";"Presencial";
"1218035";"02";"3375074";"";"";"25694";"GRADUAÇÃO";"Campus Central";"3C1";"2014";"1";"2014-01-27";"2014-06-14";"246T56";"35";"40";"REGULAR";"f";"2014-06-23 10:04:06.64";"f";"";"104";"CONSOLIDADA";"";"Presencial";
"1218036";"01";"3375074";"";"";"25702";"GRADUAÇÃO";"Campus Central";"3B5";"2014";"1";"2014-01-27";"2014-06-14";"246T34";"28";"28";"REGULAR";"f";"2014-06-11 14:04:37.892";"f";"";"100";"CONSOLIDADA";"";"Presencial";
"1218037";"01";"20811";"";"";"24759";"GRADUAÇÃO";"Campus Central";"3H3";"2014";"1";"2014-01-27";"2014-06-14";"5N1234";"13";"20";"REGULAR";"f";"2014-06-20 16:48:59.407";"f";"";"72";"CONSOLIDADA";"";"Presencial";
"1218037";"01";"21789";"";"";"24759";"GRADUAÇÃO";"Campus Central";"3H3";"2014";"1";"2014-01-27";"2014-06-14";"5N1234";"13";"20";"REGULAR";"f";"2014-06-20 16:48:59.407";"f";"";"72";"CONSOLIDADA";"";"Presencial";
"1218038";"01";"5755898";"";"";"23543";"GRADUAÇÃO";"Campus Central";"3H8";"2014";"1";"2014-01-27";"2014-06-14";"35M56";"27";"40";"REGULAR";"f";"2014-06-13 19:41:18.744";"f";"";"66";"CONSOLIDADA";"";"Presencial";
"1218039";"01";"5752220";"";"";"53041";"GRADUAÇÃO";"Campus Central";"4D2";"2014";"1";"2014-01-27";"2014-06-14";"35M56";"13";"50";"REGULAR";"f";"2014-06-14 19:00:37.693";"f";"";"66";"CONSOLIDADA";"";"Presencial";
"1218040";"03";"5756697";"";"";"25526";"GRADUAÇÃO";"Campus Central";"3A2";"2014";"1";"2014-01-27";"2014-06-14";"35N34";"33";"40";"REGULAR";"f";"2014-06-20 08:44:24.898";"f";"";"72";"CONSOLIDADA";"";"Presencial";
"1218041";"01";"22926";"";"";"2040155";"GRADUAÇÃO";"Campus Central";"Segunda e Sexta: 4I4,  Quarta: 4C6";"2014";"1";"2014-01-27";"2014-06-14";"246M34";"36";"40";"REGULAR";"f";"2014-06-15 16:20:11.372";"f";"";"112";"CONSOLIDADA";"";"Presencial";
"1218042";"01";"5753624";"";"";"43245";"GRADUAÇÃO";"Campus Central";"Departamento de Enfermagem";"2014";"1";"2014-01-27";"2014-06-14";"2345M23456  2T234";"9";"7";"REGULAR";"f";"2014-06-11 08:54:43.977";"f";"";"401";"CONSOLIDADA";"";"Presencial";
"1218043";"01";"5752220";"";"";"2040151";"GRADUAÇÃO";"Campus Central";"4I8";"2014";"1";"2014-01-27";"2014-06-14";"35M34";"50";"51";"REGULAR";"f";"2014-06-14 19:02:21.958";"f";"";"72";"CONSOLIDADA";"";"Presencial";
"1218044";"02";"5754604";"";"";"43245";"GRADUAÇÃO";"Campus Central";"Departamento de Enfermagem";"2014";"1";"2014-01-27";"2014-06-14";"2345M23456  2T234";"5";"7";"REGULAR";"f";"2014-06-09 14:35:06.623";"f";"";"401";"CONSOLIDADA";"";"Presencial";
"1218045";"03";"5755511";"";"";"43245";"GRADUAÇÃO";"Campus Central";"Departamento de Enfermagem";"2014";"1";"2014-01-27";"2014-06-14";"2345M23456  2T234";"8";"7";"REGULAR";"f";"2014-06-09 16:19:58.72";"f";"";"391";"CONSOLIDADA";"";"Presencial";
"1218046";"01";"26178";"";"";"2040159";"GRADUAÇÃO";"Campus Central";"4C3";"2014";"1";"2014-01-27";"2014-06-14";"35M34";"27";"30";"REGULAR";"f";"2014-06-03 14:32:04.912";"f";"";"68";"CONSOLIDADA";"";"Presencial";
"1218047";"04";"5755479";"";"";"43245";"GRADUAÇÃO";"Campus Central";"Departamento de Enfermagem";"2014";"1";"2014-01-27";"2014-06-14";"2345M23456  2T234";"5";"7";"REGULAR";"f";"2014-06-09 16:08:52.181";"f";"";"383";"CONSOLIDADA";"";"Presencial";
"1218047";"04";"5752703";"";"";"43245";"GRADUAÇÃO";"Campus Central";"Departamento de Enfermagem";"2014";"1";"2014-01-27";"2014-06-14";"2345M23456  2T234";"5";"7";"REGULAR";"f";"2014-06-09 16:08:52.181";"f";"";"383";"CONSOLIDADA";"";"Presencial";
"1218048";"05";"5755192";"";"";"43245";"GRADUAÇÃO";"Campus Central";"Departamento de Enfermagem";"2014";"1";"2014-01-27";"2014-06-14";"2345M23456  2T234";"5";"6";"REGULAR";"f";"2014-06-11 08:22:13.261";"f";"";"375";"CONSOLIDADA";"";"Presencial";
"1218049";"01";"21347";"";"";"2040150";"GRADUAÇÃO";"Campus Central";"4F2";"2014";"1";"2014-01-27";"2014-06-14";"24M34";"30";"45";"REGULAR";"f";"2014-06-09 11:33:52.971";"f";"";"68";"CONSOLIDADA";"";"Presencial";
"1218050";"06";"5753994";"";"";"43245";"GRADUAÇÃO";"Campus Central";"Departamento de Enfermagem";"2014";"1";"2014-01-27";"2014-06-14";"2345M23456  2T234";"6";"6";"REGULAR";"f";"2014-06-10 22:15:36.96";"f";"";"401";"CONSOLIDADA";"";"Presencial";
"1218051";"01";"5755378";"";"";"43246";"GRADUAÇÃO";"Campus Central";"Departamento de Enfermagem";"2014";"1";"2014-01-27";"2014-06-14";"234M23456  234T2345";"6";"7";"REGULAR";"f";"2014-06-09 19:47:31.181";"f";"";"486";"CONSOLIDADA";"";"Presencial";
"1218051";"01";"5754322";"";"";"43246";"GRADUAÇÃO";"Campus Central";"Departamento de Enfermagem";"2014";"1";"2014-01-27";"2014-06-14";"234M23456  234T2345";"6";"7";"REGULAR";"f";"2014-06-09 19:47:31.181";"f";"";"486";"CONSOLIDADA";"";"Presencial";
"1218052";"02";"5752214";"";"";"43246";"GRADUAÇÃO";"Campus Central";"Departamento de Enfermagem";"2014";"1";"2014-01-27";"2014-06-14";"234M23456  234T2345";"7";"6";"REGULAR";"f";"2014-06-10 13:17:25.613";"f";"";"477";"CONSOLIDADA";"";"Presencial";
"1218053";"01";"5755888";"";"";"2040156";"GRADUAÇÃO";"Campus Central";"4C5";"2014";"1";"2014-01-27";"2014-06-14";"35M12";"40";"41";"REGULAR";"f";"2014-06-11 18:17:49.248";"f";"";"66";"CONSOLIDADA";"";"Presencial";
"1218053";"01";"2289300";"";"";"2040156";"GRADUAÇÃO";"Campus Central";"4C5";"2014";"1";"2014-01-27";"2014-06-14";"35M12";"40";"41";"REGULAR";"f";"2014-06-11 18:17:49.248";"f";"";"66";"CONSOLIDADA";"";"Presencial";
"1218054";"03";"5756086";"";"";"43246";"GRADUAÇÃO";"Campus Central";"Departamento de Enfermagem";"2014";"1";"2014-01-27";"2014-06-14";"234M23456  234T2345";"5";"6";"REGULAR";"f";"2014-06-13 14:34:08.789";"f";"";"504";"CONSOLIDADA";"";"Presencial";
"1218055";"04";"5756322";"";"";"43246";"GRADUAÇÃO";"Campus Central";"Departamento de Enfermagem";"2014";"1";"2014-01-27";"2014-06-14";"234M23456  234T2345";"12";"6";"REGULAR";"f";"2014-06-11 11:29:40.197";"f";"";"504";"CONSOLIDADA";"";"Presencial";
"1218055";"04";"5752716";"";"";"43246";"GRADUAÇÃO";"Campus Central";"Departamento de Enfermagem";"2014";"1";"2014-01-27";"2014-06-14";"234M23456  234T2345";"12";"6";"REGULAR";"f";"2014-06-11 11:29:40.197";"f";"";"504";"CONSOLIDADA";"";"Presencial";
"1218056";"01";"5751929";"";"";"42598";"GRADUAÇÃO";"Campus Central";"HUOL";"2014";"1";"2014-01-27";"2014-06-14";"5N12 (27/01/2014 - 14/06/2014)";"14";"25";"REGULAR";"f";"2014-06-05 10:53:49.718";"f";"";"0";"CONSOLIDADA";"";"Presencial";
"1218056";"01";"5754331";"";"";"42598";"GRADUAÇÃO";"Campus Central";"HUOL";"2014";"1";"2014-01-27";"2014-06-14";"5N12 (27/01/2014 - 14/06/2014)";"14";"25";"REGULAR";"f";"2014-06-05 10:53:49.718";"f";"";"0";"CONSOLIDADA";"";"Presencial";
"1218056";"01";"5753031";"";"";"42598";"GRADUAÇÃO";"Campus Central";"HUOL";"2014";"1";"2014-01-27";"2014-06-14";"5N12 (27/01/2014 - 14/06/2014)";"14";"25";"REGULAR";"f";"2014-06-05 10:53:49.718";"f";"";"0";"CONSOLIDADA";"";"Presencial";
"1218056";"01";"25939";"";"";"42598";"GRADUAÇÃO";"Campus Central";"HUOL";"2014";"1";"2014-01-27";"2014-06-14";"5N12 (27/01/2014 - 14/06/2014)";"14";"25";"REGULAR";"f";"2014-06-05 10:53:49.718";"f";"";"0";"CONSOLIDADA";"";"Presencial";
"1218056";"01";"5751876";"";"";"42598";"GRADUAÇÃO";"Campus Central";"HUOL";"2014";"1";"2014-01-27";"2014-06-14";"5N12 (27/01/2014 - 14/06/2014)";"14";"25";"REGULAR";"f";"2014-06-05 10:53:49.718";"f";"";"0";"CONSOLIDADA";"";"Presencial";
"1218057";"05";"5756010";"";"";"43246";"GRADUAÇÃO";"Campus Central";"Departamento de Enfermagem";"2014";"1";"2014-01-27";"2014-06-14";"234M23456  234T2345";"2";"6";"REGULAR";"f";"2014-06-11 18:37:10.928";"f";"";"504";"CONSOLIDADA";"";"Presencial";
"1218057";"05";"5753855";"";"";"43246";"GRADUAÇÃO";"Campus Central";"Departamento de Enfermagem";"2014";"1";"2014-01-27";"2014-06-14";"234M23456  234T2345";"2";"6";"REGULAR";"f";"2014-06-11 18:37:10.928";"f";"";"504";"CONSOLIDADA";"";"Presencial";
"1218058";"06";"5755462";"";"";"43246";"GRADUAÇÃO";"Campus Central";"Departamento de Enfermagem";"2014";"1";"2014-01-27";"2014-06-14";"234M23456  234T2345";"4";"6";"REGULAR";"f";"2014-06-07 09:47:53.19";"f";"";"459";"CONSOLIDADA";"";"Presencial";
"1218059";"07";"127985";"";"";"43246";"GRADUAÇÃO";"Campus Central";"Departamento de Enfermagem";"2014";"1";"2014-01-27";"2014-06-14";"234M23456  234T2345";"5";"6";"REGULAR";"f";"2014-06-09 19:38:52.692";"f";"";"450";"CONSOLIDADA";"";"Presencial";
"1218059";"07";"5754322";"";"";"43246";"GRADUAÇÃO";"Campus Central";"Departamento de Enfermagem";"2014";"1";"2014-01-27";"2014-06-14";"234M23456  234T2345";"5";"6";"REGULAR";"f";"2014-06-09 19:38:52.692";"f";"";"450";"CONSOLIDADA";"";"Presencial";
"1218061";"08";"23814";"";"";"43246";"GRADUAÇÃO";"Campus Central";"Departamento de Enfermagem";"2014";"1";"2014-01-27";"2014-06-14";"234M23456  234T2345";"5";"6";"REGULAR";"f";"2014-06-09 15:49:41.585";"f";"";"450";"CONSOLIDADA";"";"Presencial";
"1218061";"08";"18748";"";"";"43246";"GRADUAÇÃO";"Campus Central";"Departamento de Enfermagem";"2014";"1";"2014-01-27";"2014-06-14";"234M23456  234T2345";"5";"6";"REGULAR";"f";"2014-06-09 15:49:41.585";"f";"";"450";"CONSOLIDADA";"";"Presencial";
"1218062";"09";"19196";"";"";"43246";"GRADUAÇÃO";"Campus Central";"Departamento de Enfermagem";"2014";"1";"2014-01-27";"2014-06-14";"234M23456  234T2345";"1";"6";"REGULAR";"f";"2014-06-08 08:00:02.814";"f";"";"459";"CONSOLIDADA";"";"Presencial";
"1218062";"09";"4306320";"";"";"43246";"GRADUAÇÃO";"Campus Central";"Departamento de Enfermagem";"2014";"1";"2014-01-27";"2014-06-14";"234M23456  234T2345";"1";"6";"REGULAR";"f";"2014-06-08 08:00:02.814";"f";"";"459";"CONSOLIDADA";"";"Presencial";
"1218063";"01";"20904";"";"";"2040158";"GRADUAÇÃO";"Campus Central";"Laboratório - NTI";"2014";"1";"2014-01-27";"2014-06-14";"6T45";"13";"20";"REGULAR";"f";"2014-06-17 12:34:27.679";"f";"";"36";"CONSOLIDADA";"";"Presencial";
"1218064";"01";"5754624";"";"";"43247";"GRADUAÇÃO";"Campus Central";"Departamento de Enfermagem";"2014";"1";"2014-01-27";"2014-06-14";"2345M23456  24T2345";"6";"6";"REGULAR";"f";"2014-06-09 03:20:59.043";"f";"";"466";"CONSOLIDADA";"";"Presencial";
"1218064";"01";"130617";"";"";"43247";"GRADUAÇÃO";"Campus Central";"Departamento de Enfermagem";"2014";"1";"2014-01-27";"2014-06-14";"2345M23456  24T2345";"6";"6";"REGULAR";"f";"2014-06-09 03:20:59.043";"f";"";"466";"CONSOLIDADA";"";"Presencial";
"1218065";"02";"20904";"";"";"2040158";"GRADUAÇÃO";"Campus Central";"Laboratório - NTI";"2014";"1";"2014-01-27";"2014-06-14";"6T23";"24";"20";"REGULAR";"f";"2014-06-17 12:36:04.173";"f";"";"36";"CONSOLIDADA";"";"Presencial";
"1218066";"02";"5753854";"";"";"43247";"GRADUAÇÃO";"Campus Central";"Departamento de Enfermagem";"2014";"1";"2014-01-27";"2014-06-14";"2345M23456  24T2345";"6";"6";"REGULAR";"f";"2014-06-09 11:13:05.543";"f";"";"499";"CONSOLIDADA";"";"Presencial";
"1218066";"02";"18062";"";"";"43247";"GRADUAÇÃO";"Campus Central";"Departamento de Enfermagem";"2014";"1";"2014-01-27";"2014-06-14";"2345M23456  24T2345";"6";"6";"REGULAR";"f";"2014-06-09 11:13:05.543";"f";"";"499";"CONSOLIDADA";"";"Presencial";
"1218067";"03";"3029409";"";"";"43247";"GRADUAÇÃO";"Campus Central";"Departamento de Enfermagem";"2014";"1";"2014-01-27";"2014-06-14";"2345M23456  24T2345";"7";"6";"REGULAR";"f";"2014-06-08 23:06:01.777";"f";"";"490";"CONSOLIDADA";"";"Presencial";
"1218067";"03";"18604";"";"";"43247";"GRADUAÇÃO";"Campus Central";"Departamento de Enfermagem";"2014";"1";"2014-01-27";"2014-06-14";"2345M23456  24T2345";"7";"6";"REGULAR";"f";"2014-06-08 23:06:01.777";"f";"";"490";"CONSOLIDADA";"";"Presencial";
"1218068";"01";"15493";"";"";"2040350";"GRADUAÇÃO";"Campus Central";"4G4";"2014";"1";"2014-01-27";"2014-06-14";"4M56 6M12";"25";"40";"REGULAR";"f";"2014-06-09 12:04:27.747";"f";"";"70";"CONSOLIDADA";"";"Presencial";
"1218069";"04";"5753087";"";"";"43247";"GRADUAÇÃO";"Campus Central";"Departamento de Enfermagem";"2014";"1";"2014-01-27";"2014-06-14";"2345M23456  24T2345";"3";"6";"REGULAR";"f";"2014-06-09 11:59:38.208";"f";"";"494";"CONSOLIDADA";"";"Presencial";
"1218070";"05";"15558";"";"";"43247";"GRADUAÇÃO";"Campus Central";"Departamento de Enfermagem";"2014";"1";"2014-01-27";"2014-06-14";"2345M23456  24T2345";"7";"6";"REGULAR";"f";"2014-06-08 23:09:05.92";"f";"";"490";"CONSOLIDADA";"";"Presencial";
"1218071";"01";"20905";"";"";"2040157";"GRADUAÇÃO";"Campus Central";"4F4";"2014";"1";"2014-01-27";"2014-06-14";"24T34";"16";"30";"REGULAR";"f";"2014-06-14 10:42:15.243";"f";"";"70";"CONSOLIDADA";"";"Presencial";
"1218072";"06";"5754346";"";"";"43247";"GRADUAÇÃO";"Campus Central";"Departamento de Enfermagem";"2014";"1";"2014-01-27";"2014-06-14";"2345M23456  24T2345";"2";"5";"REGULAR";"f";"2014-06-09 08:49:32.157";"f";"";"485";"CONSOLIDADA";"";"Presencial";
"1218073";"01";"19013";"";"";"2050601";"GRADUAÇÃO";"Campus Central";"Departamento de Enfermagem";"2014";"1";"2014-01-27";"2014-06-14";"246N12";"29";"32";"REGULAR";"f";"2014-06-10 23:20:56.053";"f";"";"108";"CONSOLIDADA";"";"Presencial";
"1218074";"02";"20905";"";"";"2040157";"GRADUAÇÃO";"Campus Central";"4C2";"2014";"1";"2014-01-27";"2014-06-14";"24M34";"36";"30";"REGULAR";"f";"2014-06-14 09:10:27.769";"f";"";"69";"CONSOLIDADA";"";"Presencial";
"1218075";"01";"5755566";"";"";"23591";"GRADUAÇÃO";"Campus Central";"3B2";"2014";"1";"2014-01-27";"2014-06-14";"246M12";"30";"30";"REGULAR";"f";"2014-06-15 10:52:51.455";"f";"";"110";"CONSOLIDADA";"";"Presencial";
"1218076";"01";"3030594";"";"";"2040160";"GRADUAÇÃO";"Campus Central";"4D2";"2014";"1";"2014-01-27";"2014-06-14";"24M12";"32";"40";"REGULAR";"f";"2014-06-17 21:23:44.559";"f";"";"66";"CONSOLIDADA";"";"Presencial";
"1218077";"01";"18409";"";"";"2040307";"GRADUAÇÃO";"Campus Central";"4B3";"2014";"1";"2014-01-27";"2014-06-14";"2M56";"36";"40";"REGULAR";"f";"2014-06-04 17:40:03.642";"f";"";"34";"CONSOLIDADA";"";"Presencial";
"1218078";"01";"18676";"";"";"2040162";"GRADUAÇÃO";"Campus Central";"4F1";"2014";"1";"2014-01-27";"2014-06-14";"35M12";"27";"40";"REGULAR";"f";"2014-06-18 15:40:55.98";"f";"";"70";"CONSOLIDADA";"";"Presencial";
"1218079";"02";"17391";"";"";"25698";"GRADUAÇÃO";"Campus Central";"3G4";"2014";"1";"2014-01-27";"2014-06-14";"35T12";"52";"64";"REGULAR";"f";"2014-06-14 21:28:14.552";"f";"";"74";"CONSOLIDADA";"";"Presencial";
"1218080";"01";"24414";"";"";"2040163";"GRADUAÇÃO";"Campus Central";"A definir";"2014";"1";"2014-01-27";"2014-06-14";"4T23";"19";"15";"REGULAR";"f";"2014-06-21 12:46:50.843";"f";"";"34";"CONSOLIDADA";"";"Presencial";
"1218081";"02";"24414";"";"";"2040163";"GRADUAÇÃO";"Campus Central";"A definir";"2014";"1";"2014-01-27";"2014-06-14";"4T45";"4";"15";"REGULAR";"f";"2014-06-21 14:43:33.679";"f";"";"36";"CONSOLIDADA";"";"Presencial";
"1218082";"01";"5752290";"";"";"25737";"GRADUAÇÃO";"Campus Central";"Anfiteatro A";"2014";"1";"2014-01-27";"2014-06-14";"24T12";"18";"51";"REGULAR";"f";"2014-06-09 15:36:39.972";"f";"";"68";"CONSOLIDADA";"";"Presencial";
"1218082";"01";"26629";"";"";"25737";"GRADUAÇÃO";"Campus Central";"Anfiteatro A";"2014";"1";"2014-01-27";"2014-06-14";"24T12";"18";"51";"REGULAR";"f";"2014-06-09 15:36:39.972";"f";"";"68";"CONSOLIDADA";"";"Presencial";
"1218083";"01";"5755889";"";"";"25733";"GRADUAÇÃO";"Campus Central";"Anfiteatro B";"2014";"1";"2014-01-27";"2014-06-14";"35T2345";"8";"37";"REGULAR";"f";"2014-06-14 11:53:13.627";"f";"";"148";"CONSOLIDADA";"";"Presencial";
"1218083";"01";"5752233";"";"";"25733";"GRADUAÇÃO";"Campus Central";"Anfiteatro B";"2014";"1";"2014-01-27";"2014-06-14";"35T2345";"8";"37";"REGULAR";"f";"2014-06-14 11:53:13.627";"f";"";"148";"CONSOLIDADA";"";"Presencial";
"1218084";"01";"2262005";"";"";"25742";"GRADUAÇÃO";"Campus Central";"Anfiteatro A";"2014";"1";"2014-01-27";"2014-06-14";"246T34";"31";"59";"REGULAR";"f";"2014-06-10 12:05:18.358";"f";"";"100";"CONSOLIDADA";"";"Presencial";
"1218084";"01";"5756444";"";"";"25742";"GRADUAÇÃO";"Campus Central";"Anfiteatro A";"2014";"1";"2014-01-27";"2014-06-14";"246T34";"31";"59";"REGULAR";"f";"2014-06-10 12:05:18.358";"f";"";"100";"CONSOLIDADA";"";"Presencial";
"1218085";"01";"26389";"";"";"25726";"GRADUAÇÃO";"Campus Central";"Anfiteatro B";"2014";"1";"2014-01-27";"2014-06-14";"24M12";"11";"48";"REGULAR";"f";"2014-06-18 09:33:41.857";"f";"";"72";"CONSOLIDADA";"";"Presencial";
"1218086";"01";"26389";"";"";"23844";"GRADUAÇÃO";"Campus Central";"Anfiteatro B";"2014";"1";"2014-01-27";"2014-06-14";"2M34 3M1 5M12";"32";"40";"REGULAR";"f";"2014-06-18 09:32:16.316";"f";"";"88";"CONSOLIDADA";"";"Presencial";
"1218087";"01";"26163";"";"";"37654";"STRICTO SENSU";"";"Setor III, Sala H5";"2014";"1";"2014-02-03";"2014-06-14";"2T2345";"25";"25";"REGULAR";"f";"2014-07-20 16:28:13.905";"f";"";"68";"CONSOLIDADA";"";"Presencial";
"1218088";"01";"5751841";"";"";"21051";"GRADUAÇÃO";"Campus Central";"Sala dos epitélios";"2014";"1";"2014-01-27";"2014-06-14";"2M2345 3456M23456";"15";"27";"REGULAR";"f";"2014-06-21 16:46:02.336";"f";"";"447";"CONSOLIDADA";"";"Presencial";
"1218088";"01";"5753637";"";"";"21051";"GRADUAÇÃO";"Campus Central";"Sala dos epitélios";"2014";"1";"2014-01-27";"2014-06-14";"2M2345 3456M23456";"15";"27";"REGULAR";"f";"2014-06-21 16:46:02.336";"f";"";"447";"CONSOLIDADA";"";"Presencial";
"1218088";"01";"20815";"";"";"21051";"GRADUAÇÃO";"Campus Central";"Sala dos epitélios";"2014";"1";"2014-01-27";"2014-06-14";"2M2345 3456M23456";"15";"27";"REGULAR";"f";"2014-06-21 16:46:02.336";"f";"";"447";"CONSOLIDADA";"";"Presencial";
"1218088";"01";"5756319";"";"";"21051";"GRADUAÇÃO";"Campus Central";"Sala dos epitélios";"2014";"1";"2014-01-27";"2014-06-14";"2M2345 3456M23456";"15";"27";"REGULAR";"f";"2014-06-21 16:46:02.336";"f";"";"447";"CONSOLIDADA";"";"Presencial";
"1218088";"01";"5752235";"";"";"21051";"GRADUAÇÃO";"Campus Central";"Sala dos epitélios";"2014";"1";"2014-01-27";"2014-06-14";"2M2345 3456M23456";"15";"27";"REGULAR";"f";"2014-06-21 16:46:02.336";"f";"";"447";"CONSOLIDADA";"";"Presencial";
"1218088";"01";"5752754";"";"";"21051";"GRADUAÇÃO";"Campus Central";"Sala dos epitélios";"2014";"1";"2014-01-27";"2014-06-14";"2M2345 3456M23456";"15";"27";"REGULAR";"f";"2014-06-21 16:46:02.336";"f";"";"447";"CONSOLIDADA";"";"Presencial";
"1218088";"01";"64106";"";"";"21051";"GRADUAÇÃO";"Campus Central";"Sala dos epitélios";"2014";"1";"2014-01-27";"2014-06-14";"2M2345 3456M23456";"15";"27";"REGULAR";"f";"2014-06-21 16:46:02.336";"f";"";"447";"CONSOLIDADA";"";"Presencial";
"1218088";"01";"5755560";"";"";"21051";"GRADUAÇÃO";"Campus Central";"Sala dos epitélios";"2014";"1";"2014-01-27";"2014-06-14";"2M2345 3456M23456";"15";"27";"REGULAR";"f";"2014-06-21 16:46:02.336";"f";"";"447";"CONSOLIDADA";"";"Presencial";
"1218088";"01";"5752471";"";"";"21051";"GRADUAÇÃO";"Campus Central";"Sala dos epitélios";"2014";"1";"2014-01-27";"2014-06-14";"2M2345 3456M23456";"15";"27";"REGULAR";"f";"2014-06-21 16:46:02.336";"f";"";"447";"CONSOLIDADA";"";"Presencial";
"1218088";"01";"25946";"";"";"21051";"GRADUAÇÃO";"Campus Central";"Sala dos epitélios";"2014";"1";"2014-01-27";"2014-06-14";"2M2345 3456M23456";"15";"27";"REGULAR";"f";"2014-06-21 16:46:02.336";"f";"";"447";"CONSOLIDADA";"";"Presencial";
"1218088";"01";"5756428";"";"";"21051";"GRADUAÇÃO";"Campus Central";"Sala dos epitélios";"2014";"1";"2014-01-27";"2014-06-14";"2M2345 3456M23456";"15";"27";"REGULAR";"f";"2014-06-21 16:46:02.336";"f";"";"447";"CONSOLIDADA";"";"Presencial";
"1218088";"01";"5752476";"";"";"21051";"GRADUAÇÃO";"Campus Central";"Sala dos epitélios";"2014";"1";"2014-01-27";"2014-06-14";"2M2345 3456M23456";"15";"27";"REGULAR";"f";"2014-06-21 16:46:02.336";"f";"";"447";"CONSOLIDADA";"";"Presencial";
"1218088";"01";"62382";"";"";"21051";"GRADUAÇÃO";"Campus Central";"Sala dos epitélios";"2014";"1";"2014-01-27";"2014-06-14";"2M2345 3456M23456";"15";"27";"REGULAR";"f";"2014-06-21 16:46:02.336";"f";"";"447";"CONSOLIDADA";"";"Presencial";
"1218088";"01";"25939";"";"";"21051";"GRADUAÇÃO";"Campus Central";"Sala dos epitélios";"2014";"1";"2014-01-27";"2014-06-14";"2M2345 3456M23456";"15";"27";"REGULAR";"f";"2014-06-21 16:46:02.336";"f";"";"447";"CONSOLIDADA";"";"Presencial";
"1218088";"01";"26317";"";"";"21051";"GRADUAÇÃO";"Campus Central";"Sala dos epitélios";"2014";"1";"2014-01-27";"2014-06-14";"2M2345 3456M23456";"15";"27";"REGULAR";"f";"2014-06-21 16:46:02.336";"f";"";"447";"CONSOLIDADA";"";"Presencial";
"1218089";"02";"5752235";"";"";"21051";"GRADUAÇÃO";"Campus Central";"Sala dos epitélios";"2014";"1";"2014-01-27";"2014-06-14";"2M2345 3456M23456";"25";"25";"REGULAR";"f";"2014-06-18 13:43:40.771";"f";"";"447";"CONSOLIDADA";"";"Presencial";
"1218089";"02";"20815";"";"";"21051";"GRADUAÇÃO";"Campus Central";"Sala dos epitélios";"2014";"1";"2014-01-27";"2014-06-14";"2M2345 3456M23456";"25";"25";"REGULAR";"f";"2014-06-18 13:43:40.771";"f";"";"447";"CONSOLIDADA";"";"Presencial";
"1218089";"02";"5751841";"";"";"21051";"GRADUAÇÃO";"Campus Central";"Sala dos epitélios";"2014";"1";"2014-01-27";"2014-06-14";"2M2345 3456M23456";"25";"25";"REGULAR";"f";"2014-06-18 13:43:40.771";"f";"";"447";"CONSOLIDADA";"";"Presencial";
"1218089";"02";"5752476";"";"";"21051";"GRADUAÇÃO";"Campus Central";"Sala dos epitélios";"2014";"1";"2014-01-27";"2014-06-14";"2M2345 3456M23456";"25";"25";"REGULAR";"f";"2014-06-18 13:43:40.771";"f";"";"447";"CONSOLIDADA";"";"Presencial";
"1218089";"02";"5755560";"";"";"21051";"GRADUAÇÃO";"Campus Central";"Sala dos epitélios";"2014";"1";"2014-01-27";"2014-06-14";"2M2345 3456M23456";"25";"25";"REGULAR";"f";"2014-06-18 13:43:40.771";"f";"";"447";"CONSOLIDADA";"";"Presencial";
"1218089";"02";"5752754";"";"";"21051";"GRADUAÇÃO";"Campus Central";"Sala dos epitélios";"2014";"1";"2014-01-27";"2014-06-14";"2M2345 3456M23456";"25";"25";"REGULAR";"f";"2014-06-18 13:43:40.771";"f";"";"447";"CONSOLIDADA";"";"Presencial";
"1218089";"02";"5753637";"";"";"21051";"GRADUAÇÃO";"Campus Central";"Sala dos epitélios";"2014";"1";"2014-01-27";"2014-06-14";"2M2345 3456M23456";"25";"25";"REGULAR";"f";"2014-06-18 13:43:40.771";"f";"";"447";"CONSOLIDADA";"";"Presencial";
"1218089";"02";"64106";"";"";"21051";"GRADUAÇÃO";"Campus Central";"Sala dos epitélios";"2014";"1";"2014-01-27";"2014-06-14";"2M2345 3456M23456";"25";"25";"REGULAR";"f";"2014-06-18 13:43:40.771";"f";"";"447";"CONSOLIDADA";"";"Presencial";
"1218089";"02";"26317";"";"";"21051";"GRADUAÇÃO";"Campus Central";"Sala dos epitélios";"2014";"1";"2014-01-27";"2014-06-14";"2M2345 3456M23456";"25";"25";"REGULAR";"f";"2014-06-18 13:43:40.771";"f";"";"447";"CONSOLIDADA";"";"Presencial";
"1218089";"02";"25939";"";"";"21051";"GRADUAÇÃO";"Campus Central";"Sala dos epitélios";"2014";"1";"2014-01-27";"2014-06-14";"2M2345 3456M23456";"25";"25";"REGULAR";"f";"2014-06-18 13:43:40.771";"f";"";"447";"CONSOLIDADA";"";"Presencial";
"1218089";"02";"5756319";"";"";"21051";"GRADUAÇÃO";"Campus Central";"Sala dos epitélios";"2014";"1";"2014-01-27";"2014-06-14";"2M2345 3456M23456";"25";"25";"REGULAR";"f";"2014-06-18 13:43:40.771";"f";"";"447";"CONSOLIDADA";"";"Presencial";
"1218089";"02";"62382";"";"";"21051";"GRADUAÇÃO";"Campus Central";"Sala dos epitélios";"2014";"1";"2014-01-27";"2014-06-14";"2M2345 3456M23456";"25";"25";"REGULAR";"f";"2014-06-18 13:43:40.771";"f";"";"447";"CONSOLIDADA";"";"Presencial";
"1218089";"02";"5756428";"";"";"21051";"GRADUAÇÃO";"Campus Central";"Sala dos epitélios";"2014";"1";"2014-01-27";"2014-06-14";"2M2345 3456M23456";"25";"25";"REGULAR";"f";"2014-06-18 13:43:40.771";"f";"";"447";"CONSOLIDADA";"";"Presencial";
"1218089";"02";"5752471";"";"";"21051";"GRADUAÇÃO";"Campus Central";"Sala dos epitélios";"2014";"1";"2014-01-27";"2014-06-14";"2M2345 3456M23456";"25";"25";"REGULAR";"f";"2014-06-18 13:43:40.771";"f";"";"447";"CONSOLIDADA";"";"Presencial";
"1218089";"02";"25946";"";"";"21051";"GRADUAÇÃO";"Campus Central";"Sala dos epitélios";"2014";"1";"2014-01-27";"2014-06-14";"2M2345 3456M23456";"25";"25";"REGULAR";"f";"2014-06-18 13:43:40.771";"f";"";"447";"CONSOLIDADA";"";"Presencial";
"1218091";"01A";"5754752";"";"";"23858";"GRADUAÇÃO";"Campus Central";"Anfiteatro A";"2014";"1";"2014-01-27";"2014-06-14";"35T2345";"29";"27";"REGULAR";"f";"2014-06-13 14:15:57.766";"f";"1218090";"140";"CONSOLIDADA";"";"Presencial";
"1218091";"01A";"5752985";"";"";"23858";"GRADUAÇÃO";"Campus Central";"Anfiteatro A";"2014";"1";"2014-01-27";"2014-06-14";"35T2345";"29";"27";"REGULAR";"f";"2014-06-13 14:15:57.766";"f";"1218090";"140";"CONSOLIDADA";"";"Presencial";
"1218093";"02A";"5752985";"";"";"23858";"GRADUAÇÃO";"Campus Central";"Anfiteatro A";"2014";"1";"2014-01-27";"2014-06-14";"35T2345";"27";"27";"REGULAR";"f";"2014-06-18 13:50:19.898";"f";"1218092";"140";"CONSOLIDADA";"";"Presencial";
"1218093";"02A";"5754752";"";"";"23858";"GRADUAÇÃO";"Campus Central";"Anfiteatro A";"2014";"1";"2014-01-27";"2014-06-14";"35T2345";"27";"27";"REGULAR";"f";"2014-06-18 13:50:19.898";"f";"1218092";"140";"CONSOLIDADA";"";"Presencial";
"1218094";"01";"5752196";"";"";"37663";"STRICTO SENSU";"";"Setor III, Sala H5";"2014";"1";"2014-02-03";"2014-06-14";"3T3456";"18";"25";"REGULAR";"f";"2014-06-16 10:23:40.788";"f";"";"72";"CONSOLIDADA";"";"Presencial";
"1218094";"01";"15568";"";"";"37663";"STRICTO SENSU";"";"Setor III, Sala H5";"2014";"1";"2014-02-03";"2014-06-14";"3T3456";"18";"25";"REGULAR";"f";"2014-06-16 10:23:40.788";"f";"";"72";"CONSOLIDADA";"";"Presencial";
"1218094";"01";"5755053";"";"";"37663";"STRICTO SENSU";"";"Setor III, Sala H5";"2014";"1";"2014-02-03";"2014-06-14";"3T3456";"18";"25";"REGULAR";"f";"2014-06-16 10:23:40.788";"f";"";"72";"CONSOLIDADA";"";"Presencial";
"1218095";"01";"18681";"";"";"2040302";"GRADUAÇÃO";"Campus Central";"4F4";"2014";"1";"2014-01-27";"2014-06-14";"246M34";"18";"40";"REGULAR";"f";"2014-06-11 15:54:29.84";"f";"";"102";"CONSOLIDADA";"";"Presencial";
"1218095";"01";"5755477";"";"";"2040302";"GRADUAÇÃO";"Campus Central";"4F4";"2014";"1";"2014-01-27";"2014-06-14";"246M34";"18";"40";"REGULAR";"f";"2014-06-11 15:54:29.84";"f";"";"102";"CONSOLIDADA";"";"Presencial";
"1218096";"01";"24414";"";"";"2040303";"GRADUAÇÃO";"Campus Central";"Laboratório - NTI";"2014";"1";"2014-01-27";"2014-06-14";"2T45";"5";"15";"REGULAR";"f";"2014-06-21 12:52:40.553";"f";"";"36";"CONSOLIDADA";"";"Presencial";
"1218097";"02";"24414";"";"";"2040303";"GRADUAÇÃO";"Campus Central";"Laboratório - NTI";"2014";"1";"2014-01-27";"2014-06-14";"2T23";"14";"15";"REGULAR";"f";"2014-06-21 22:40:29.895";"f";"";"36";"CONSOLIDADA";"";"Presencial";
"1218098";"01";"5753005";"";"";"37674";"STRICTO SENSU";"";"Auditório do CCET";"2014";"1";"2014-02-03";"2014-06-14";"4T23";"20";"16";"REGULAR";"f";"2014-07-20 07:47:39.066";"f";"";"36";"CONSOLIDADA";"";"Presencial";
"1218098";"01";"19122";"";"";"37674";"STRICTO SENSU";"";"Auditório do CCET";"2014";"1";"2014-02-03";"2014-06-14";"4T23";"20";"16";"REGULAR";"f";"2014-07-20 07:47:39.066";"f";"";"36";"CONSOLIDADA";"";"Presencial";
"1218099";"01";"20904";"";"";"2040161";"GRADUAÇÃO";"Campus Central";"Laboratório - NTI";"2014";"1";"2014-01-27";"2014-06-14";"6M12";"16";"20";"REGULAR";"f";"2014-06-20 10:35:22.846";"f";"";"36";"CONSOLIDADA";"";"Presencial";
"1218100";"02";"20904";"";"";"2040161";"GRADUAÇÃO";"Campus Central";"Laboratório - NTI";"2014";"1";"2014-01-27";"2014-06-14";"6M34";"23";"20";"REGULAR";"f";"2014-06-20 10:37:40.03";"f";"";"36";"CONSOLIDADA";"";"Presencial";
"1218101";"01";"58407";"";"";"37653";"STRICTO SENSU";"";"Setor III, Sala H5";"2014";"1";"2014-02-03";"2014-06-14";"6T2345";"9";"25";"REGULAR";"f";"2014-06-19 10:19:22.104";"f";"";"60";"CONSOLIDADA";"";"Presencial";
"1218102";"14";"129544";"";"";"2046776";"GRADUAÇÃO";"";"CAICÓ/RN";"2014";"1";"2014-01-27";"2014-06-14";"";"23";"";"REGULAR";"t";"2014-06-20 18:54:31.153";"f";"";"0";"CONSOLIDADA";"";"A Distância";
"1218103";"02";"129544";"";"";"2046776";"GRADUAÇÃO";"";"CURRIAS NOVOS/RN";"2014";"1";"2014-01-27";"2014-06-14";"";"6";"";"REGULAR";"t";"2014-06-20 18:05:38.502";"f";"";"0";"CONSOLIDADA";"";"A Distância";
"1218104";"11";"129544";"";"";"2046776";"GRADUAÇÃO";"";"EXTREMOZ/RN";"2014";"1";"2014-01-27";"2014-06-14";"";"3";"";"REGULAR";"t";"2014-06-20 18:27:07.681";"f";"";"0";"CONSOLIDADA";"";"A Distância";
"1218105";"20";"129544";"";"";"2046776";"GRADUAÇÃO";"";"GROSSOS/RN";"2014";"1";"2014-01-27";"2014-06-14";"";"23";"";"REGULAR";"t";"2014-06-20 19:02:27.051";"f";"";"0";"CONSOLIDADA";"";"A Distância";
"1218106";"15";"129544";"";"";"2046776";"GRADUAÇÃO";"";"LAJES/RN";"2014";"1";"2014-01-27";"2014-06-14";"";"5";"";"REGULAR";"t";"2014-06-20 18:56:20.308";"f";"";"0";"CONSOLIDADA";"";"A Distância";
"1218107";"12";"129544";"";"";"2046776";"GRADUAÇÃO";"";"LUÍS GOMES/RN";"2014";"1";"2014-01-27";"2014-06-14";"";"35";"";"REGULAR";"t";"2014-06-20 18:38:54.188";"f";"";"0";"CONSOLIDADA";"";"A Distância";
"1218108";"01";"129544";"";"";"2046776";"GRADUAÇÃO";"";"MACAU/RN";"2014";"1";"2014-01-27";"2014-06-14";"";"21";"";"REGULAR";"t";"2014-06-20 18:00:29.703";"f";"";"0";"CONSOLIDADA";"";"A Distância";
"1218109";"16";"129544";"";"";"2046776";"GRADUAÇÃO";"";"MARCELINO VIEIRA/RN";"2014";"1";"2014-01-27";"2014-06-14";"";"8";"";"REGULAR";"t";"2014-06-20 18:57:45.285";"f";"";"0";"CONSOLIDADA";"";"A Distância";
"1218110";"13";"129544";"";"";"2046776";"GRADUAÇÃO";"";"MARTINS/RN";"2014";"1";"2014-01-27";"2014-06-14";"";"20";"";"REGULAR";"t";"2014-06-20 18:42:33.348";"f";"";"0";"CONSOLIDADA";"";"A Distância";
"1218111";"18";"129544";"";"";"2046776";"GRADUAÇÃO";"";"NATAL/RN";"2014";"1";"2014-01-27";"2014-06-14";"";"12";"";"REGULAR";"t";"2014-06-20 19:00:16.201";"f";"";"0";"CONSOLIDADA";"";"A Distância";
"1218112";"03";"129544";"";"";"2046776";"GRADUAÇÃO";"";"NOVA CRUZ/RN";"2014";"1";"2014-01-27";"2014-06-14";"";"38";"";"REGULAR";"t";"2014-06-20 18:22:31.33";"f";"";"0";"CONSOLIDADA";"";"A Distância";
"1218113";"21";"129544";"";"";"2046776";"GRADUAÇÃO";"";"PARNAMIRIM/RN";"2014";"1";"2014-01-27";"2014-06-14";"";"22";"";"REGULAR";"t";"2014-06-20 19:07:15.417";"f";"";"0";"CONSOLIDADA";"";"A Distância";
"1218114";"01";"19211";"";"";"2040165";"GRADUAÇÃO";"Campus Central";"4G4";"2014";"1";"2014-01-27";"2014-06-14";"246M34";"34";"40";"REGULAR";"f";"2014-06-18 13:33:07.513";"f";"";"100";"CONSOLIDADA";"";"Presencial";
"1218115";"01";"26178";"";"";"2040304";"GRADUAÇÃO";"Campus Central";"4E3";"2014";"1";"2014-01-27";"2014-06-14";"35M56";"21";"30";"REGULAR";"f";"2014-06-07 18:34:59.48";"f";"";"68";"CONSOLIDADA";"";"Presencial";
"1218116";"01";"5755888";"";"";"2040166";"GRADUAÇÃO";"Campus Central";"4G4";"2014";"1";"2014-01-27";"2014-06-14";"35M34";"30";"40";"REGULAR";"f";"2014-06-04 19:46:44.854";"f";"";"68";"CONSOLIDADA";"";"Presencial";
"1218117";"01";"18517";"";"";"2040305";"GRADUAÇÃO";"Campus Central";"4G5";"2014";"1";"2014-01-27";"2014-06-14";"35M34";"18";"40";"REGULAR";"f";"2014-06-18 17:45:56.294";"f";"";"68";"CONSOLIDADA";"";"Presencial";
"1218118";"01";"5754954";"";"";"41798";"GRADUAÇÃO";"Campus Central";"4I4";"2014";"1";"2014-01-27";"2014-06-14";"24T56";"27";"27";"REGULAR";"f";"2014-06-16 14:03:21.849";"f";"";"74";"CONSOLIDADA";"";"Presencial";
"1218119";"01";"20852";"";"";"2040300";"GRADUAÇÃO";"Campus Central";"4E6";"2014";"1";"2014-01-27";"2014-06-14";"35M12";"27";"40";"REGULAR";"f";"2014-06-21 09:52:45.829";"f";"";"72";"CONSOLIDADA";"";"Presencial";
"1218120";"01";"5754365";"";"";"41788";"GRADUAÇÃO";"Campus Central";"4A9";"2014";"1";"2014-01-27";"2014-06-14";"6T2345";"22";"24";"REGULAR";"f";"2014-06-20 08:30:29.387";"f";"";"72";"CONSOLIDADA";"";"Presencial";
"1218120";"01";"5753065";"";"";"41788";"GRADUAÇÃO";"Campus Central";"4A9";"2014";"1";"2014-01-27";"2014-06-14";"6T2345";"22";"24";"REGULAR";"f";"2014-06-20 08:30:29.387";"f";"";"72";"CONSOLIDADA";"";"Presencial";
"1218120";"01";"24367";"";"";"41788";"GRADUAÇÃO";"Campus Central";"4A9";"2014";"1";"2014-01-27";"2014-06-14";"6T2345";"22";"24";"REGULAR";"f";"2014-06-20 08:30:29.387";"f";"";"72";"CONSOLIDADA";"";"Presencial";
"1218121";"01";"5754405";"";"";"41799";"GRADUAÇÃO";"Campus Central";"4B3";"2014";"1";"2014-01-27";"2014-06-14";"35T12";"26";"27";"REGULAR";"f";"2014-06-19 10:41:29.506";"f";"";"66";"CONSOLIDADA";"";"Presencial";
"1218122";"01";"5754954";"";"";"41789";"GRADUAÇÃO";"Campus Central";"4I6";"2014";"1";"2014-01-27";"2014-06-14";"24T34";"30";"30";"REGULAR";"f";"2014-06-14 09:46:23.013";"f";"";"74";"CONSOLIDADA";"";"Presencial";
"1218122";"01";"5754365";"";"";"41789";"GRADUAÇÃO";"Campus Central";"4I6";"2014";"1";"2014-01-27";"2014-06-14";"24T34";"30";"30";"REGULAR";"f";"2014-06-14 09:46:23.013";"f";"";"74";"CONSOLIDADA";"";"Presencial";
"1218123";"01";"24345";"";"";"41790";"GRADUAÇÃO";"Campus Central";"4G3";"2014";"1";"2014-01-27";"2014-06-14";"35T34";"28";"30";"REGULAR";"f";"2014-06-10 17:41:20.975";"f";"";"72";"CONSOLIDADA";"";"Presencial";
"1218124";"01";"5755863";"";"";"41801";"GRADUAÇÃO";"Campus Central";"4I6";"2014";"1";"2014-01-27";"2014-06-14";"35N12";"27";"30";"REGULAR";"f";"2014-06-21 10:14:23.038";"f";"";"72";"CONSOLIDADA";"";"Presencial";
"1218125";"01";"5753617";"";"";"41802";"GRADUAÇÃO";"Campus Central";"4C4";"2014";"1";"2014-01-27";"2014-06-14";"5T1234";"5";"20";"REGULAR";"f";"2014-06-19 08:31:25.528";"f";"";"68";"CONSOLIDADA";"";"Presencial";
"1218126";"01";"5754365";"";"";"41803";"GRADUAÇÃO";"Campus Central";"4A10";"2014";"1";"2014-01-27";"2014-06-14";"24N34";"15";"20";"REGULAR";"f";"2014-06-14 09:41:42.062";"f";"";"72";"CONSOLIDADA";"";"Presencial";
"1218127";"01";"20832";"";"";"41791";"GRADUAÇÃO";"Campus Central";"4B4";"2014";"1";"2014-01-27";"2014-06-14";"35N34";"21";"22";"REGULAR";"f";"2014-06-16 21:04:04.938";"f";"";"70";"CONSOLIDADA";"";"Presencial";
"1218128";"01";"24852";"";"";"41804";"GRADUAÇÃO";"Campus Central";"4I2";"2014";"1";"2014-01-27";"2014-06-14";"24N12";"17";"20";"REGULAR";"f";"2014-06-18 19:03:46.582";"f";"";"66";"CONSOLIDADA";"";"Presencial";
"1218129";"01";"5753617";"";"";"41806";"GRADUAÇÃO";"Campus Central";"4B4";"2014";"1";"2014-01-27";"2014-06-14";"3T1234";"6";"20";"REGULAR";"f";"2014-06-13 11:05:01.387";"f";"";"72";"CONSOLIDADA";"";"Presencial";
"1218130";"01";"5754954";"";"";"41807";"GRADUAÇÃO";"Campus Central";"4B2";"2014";"1";"2014-01-27";"2014-06-14";"24T12";"12";"20";"REGULAR";"f";"2014-06-16 14:05:19.43";"f";"";"74";"CONSOLIDADA";"";"Presencial";
"1218131";"01";"23717";"";"";"41808";"GRADUAÇÃO";"Campus Central";"4I7";"2014";"1";"2014-01-27";"2014-06-14";"4T3456";"8";"20";"REGULAR";"f";"2014-06-09 11:49:39.414";"f";"";"68";"CONSOLIDADA";"";"Presencial";
"1218132";"01";"5755817";"";"";"41809";"GRADUAÇÃO";"Campus Central";"4I3";"2014";"1";"2014-01-27";"2014-06-14";"35T56";"10";"20";"REGULAR";"f";"2014-06-16 14:36:51.453";"f";"";"65";"CONSOLIDADA";"";"Presencial";
"1218132";"01";"24852";"";"";"41809";"GRADUAÇÃO";"Campus Central";"4I3";"2014";"1";"2014-01-27";"2014-06-14";"35T56";"10";"20";"REGULAR";"f";"2014-06-16 14:36:51.453";"f";"";"65";"CONSOLIDADA";"";"Presencial";
"1218133";"01";"5755863";"";"";"41810";"GRADUAÇÃO";"Campus Central";"4G4";"2014";"1";"2014-01-27";"2014-06-14";"35T34";"9";"20";"REGULAR";"f";"2014-06-21 10:28:04.757";"f";"";"72";"CONSOLIDADA";"";"Presencial";
"1218134";"01";"24367";"";"";"41811";"GRADUAÇÃO";"Campus Central";"4A5";"2014";"1";"2014-01-27";"2014-06-14";"6N1234";"6";"20";"REGULAR";"f";"2014-06-10 13:18:26.39";"f";"";"72";"CONSOLIDADA";"";"Presencial";
"1218135";"01";"5753702";"";"";"41812";"GRADUAÇÃO";"Campus Central";"4A5";"2014";"1";"2014-01-27";"2014-06-14";"24N34";"13";"20";"REGULAR";"f";"2014-06-18 09:10:57.422";"f";"";"70";"CONSOLIDADA";"";"Presencial";
"1218136";"01";"5752022";"";"";"37671";"STRICTO SENSU";"";"Sala do Orientador";"2014";"1";"2014-02-03";"2014-06-14";"6T12";"2";"2";"REGULAR";"f";"2014-06-11 18:29:56.916";"f";"";"34";"CONSOLIDADA";"";"Presencial";
"1218137";"01";"5752679";"";"";"41813";"GRADUAÇÃO";"Campus Central";"4B2";"2014";"1";"2014-01-27";"2014-06-14";"35N12";"9";"20";"REGULAR";"f";"2014-06-18 10:43:51.273";"f";"";"74";"CONSOLIDADA";"";"Presencial";
"1218138";"01";"5752679";"";"";"41814";"GRADUAÇÃO";"Campus Central";"4B2";"2014";"1";"2014-01-27";"2014-06-14";"35N34";"12";"20";"REGULAR";"f";"2014-06-18 15:54:32.633";"f";"";"74";"CONSOLIDADA";"";"Presencial";
"1218139";"01";"24367";"";"";"41816";"GRADUAÇÃO";"Campus Central";"4I8";"2014";"1";"2014-01-27";"2014-06-14";"24T34";"2";"20";"REGULAR";"f";"";"f";"";"";"EXCLUÍDA";"";"Presencial";
"1218139";"01";"5753065";"";"";"41816";"GRADUAÇÃO";"Campus Central";"4I8";"2014";"1";"2014-01-27";"2014-06-14";"24T34";"2";"20";"REGULAR";"f";"";"f";"";"";"EXCLUÍDA";"";"Presencial";
"1218139";"01";"5752679";"";"";"41816";"GRADUAÇÃO";"Campus Central";"4I8";"2014";"1";"2014-01-27";"2014-06-14";"24T34";"2";"20";"REGULAR";"f";"";"f";"";"";"EXCLUÍDA";"";"Presencial";
"1218140";"01";"5754365";"";"";"41819";"GRADUAÇÃO";"Campus Central";"4B1";"2014";"1";"2014-01-27";"2014-06-14";"35M56";"5";"20";"REGULAR";"f";"2014-06-09 15:48:47.574";"f";"";"76";"CONSOLIDADA";"";"Presencial";
"1218141";"01";"18547";"";"";"23765";"GRADUAÇÃO";"Campus Central";"4I3";"2014";"1";"2014-01-27";"2014-06-14";"4M34";"1";"20";"REGULAR";"f";"";"f";"";"";"EXCLUÍDA";"";"Presencial";
"1218142";"02";"5752196";"";"";"37671";"STRICTO SENSU";"";"Sala do Orientador";"2014";"1";"2014-02-03";"2014-06-14";"3T12";"";"1";"REGULAR";"f";"";"f";"";"";"EXCLUÍDA";"";"Presencial";
"1218143";"01";"5754365";"";"";"23766";"GRADUAÇÃO";"Campus Central";"Laboratório";"2014";"1";"2014-01-27";"2014-06-14";"7M123456";"1";"2";"REGULAR";"f";"2014-06-14 09:34:01.025";"f";"";"118";"CONSOLIDADA";"";"Presencial";
"1218144";"03";"5753597";"";"";"37671";"STRICTO SENSU";"";"Sala do Orientador";"2014";"1";"2014-02-03";"2014-06-14";"7M12";"0";"2";"REGULAR";"f";"";"f";"";"";"EXCLUÍDA";"";"Presencial";
"1218146";"03";"24852";"";"";"23766";"GRADUAÇÃO";"Campus Central";"Laboratório";"2014";"1";"2014-01-27";"2014-06-14";"7M123456";"1";"2";"REGULAR";"f";"2014-06-15 13:05:15.08";"f";"";"114";"CONSOLIDADA";"";"Presencial";
"1218147";"04";"5751879";"";"";"37671";"STRICTO SENSU";"";"Sala do Orientador";"2014";"1";"2014-02-03";"2014-06-14";"3T12";"1";"1";"REGULAR";"f";"2014-06-27 14:55:38.226";"f";"";"36";"CONSOLIDADA";"";"Presencial";
"1218149";"05";"5753702";"";"";"23766";"GRADUAÇÃO";"Campus Central";"Laboratório";"2014";"1";"2014-01-27";"2014-06-14";"7M123456";"0";"2";"REGULAR";"f";"";"f";"";"";"EXCLUÍDA";"";"Presencial";
"1218150";"14";"5753060";"";"";"26057";"GRADUAÇÃO";"";"CAICÓ/RN";"2014";"1";"2014-01-27";"2014-06-14";"";"3";"";"REGULAR";"t";"2014-06-26 16:53:28.597";"f";"";"0";"CONSOLIDADA";"";"A Distância";
"1218151";"02";"5753060";"";"";"26057";"GRADUAÇÃO";"";"CURRIAS NOVOS/RN";"2014";"1";"2014-01-27";"2014-06-14";"";"7";"";"REGULAR";"t";"2014-06-26 16:50:10.525";"f";"";"0";"CONSOLIDADA";"";"A Distância";
"1218152";"11";"5753060";"";"";"26057";"GRADUAÇÃO";"";"EXTREMOZ/RN";"2014";"1";"2014-01-27";"2014-06-14";"";"1";"";"REGULAR";"t";"";"f";"";"";"EXCLUÍDA";"";"A Distância";
"1218153";"20";"5753060";"";"";"26057";"GRADUAÇÃO";"";"GROSSOS/RN";"2014";"1";"2014-01-27";"2014-06-14";"";"3";"";"REGULAR";"t";"2014-06-26 11:32:38.964";"f";"";"0";"CONSOLIDADA";"";"A Distância";
"1218154";"15";"5753060";"";"";"26057";"GRADUAÇÃO";"";"LAJES/RN";"2014";"1";"2014-01-27";"2014-06-14";"";"1";"";"REGULAR";"t";"2014-06-26 11:25:07.461";"f";"";"0";"CONSOLIDADA";"";"A Distância";
"1218155";"12";"5753060";"";"";"26057";"GRADUAÇÃO";"";"LUÍS GOMES/RN";"2014";"1";"2014-01-27";"2014-06-14";"";"4";"";"REGULAR";"t";"2014-06-05 16:55:06.273";"f";"";"0";"CONSOLIDADA";"";"A Distância";
"1218156";"01";"5753060";"";"";"26057";"GRADUAÇÃO";"";"MACAU/RN";"2014";"1";"2014-01-27";"2014-06-14";"";"4";"";"REGULAR";"t";"2014-06-26 16:47:32.235";"f";"";"0";"CONSOLIDADA";"";"A Distância";
"1218157";"16";"5753060";"";"";"26057";"GRADUAÇÃO";"";"MARCELINO VIEIRA/RN";"2014";"1";"2014-01-27";"2014-06-14";"";"4";"";"REGULAR";"t";"2014-06-26 11:28:05.175";"f";"";"0";"CONSOLIDADA";"";"A Distância";
"1218158";"13";"5753060";"";"";"26057";"GRADUAÇÃO";"";"MARTINS/RN";"2014";"1";"2014-01-27";"2014-06-14";"";"2";"";"REGULAR";"t";"2014-06-26 11:22:05.747";"f";"";"0";"CONSOLIDADA";"";"A Distância";
"1218159";"18";"5753060";"";"";"26057";"GRADUAÇÃO";"";"NATAL/RN";"2014";"1";"2014-01-27";"2014-06-14";"";"3";"";"REGULAR";"t";"2014-06-26 11:30:14.057";"f";"";"0";"CONSOLIDADA";"";"A Distância";
"1218160";"03";"5753060";"";"";"26057";"GRADUAÇÃO";"";"NOVA CRUZ/RN";"2014";"1";"2014-01-27";"2014-06-14";"";"";"";"REGULAR";"t";"";"f";"";"";"EXCLUÍDA";"";"A Distância";
"1218161";"21";"5753060";"";"";"26057";"GRADUAÇÃO";"";"PARNAMIRIM/RN";"2014";"1";"2014-01-27";"2014-06-14";"";"7";"";"REGULAR";"t";"2014-06-26 16:44:06.552";"f";"";"0";"CONSOLIDADA";"";"A Distância";
"1218164";"05";"5751934";"";"";"37671";"STRICTO SENSU";"";"Sala do Orientador";"2014";"1";"2014-02-03";"2014-06-14";"3T12";"1";"1";"REGULAR";"f";"2014-06-14 15:55:38.726";"f";"";"32";"CONSOLIDADA";"";"Presencial";
"1218165";"01";"18547";"";"";"23772";"GRADUAÇÃO";"Campus Central";"4A3";"2014";"1";"2014-01-27";"2014-06-14";"27M123456  7T123456";"8";"20";"REGULAR";"f";"2014-06-23 10:28:40.121";"f";"";"348";"CONSOLIDADA";"";"Presencial";
"1218168";"02";"20832";"";"";"21297";"GRADUAÇÃO";"Campus Central";"4A4";"2014";"1";"2014-01-27";"2014-06-14";"35M34";"20";"40";"REGULAR";"f";"2014-06-16 18:11:59.373";"f";"";"70";"CONSOLIDADA";"";"Presencial";
"1218169";"06";"5753596";"";"";"37671";"STRICTO SENSU";"";"Sala do Orientador";"2014";"1";"2014-02-03";"2014-06-14";"3T12";"2";"2";"REGULAR";"f";"2014-06-19 21:23:06.82";"f";"";"36";"CONSOLIDADA";"";"Presencial";
"1218170";"14";"129544";"";"";"2054900";"GRADUAÇÃO";"";"CAICÓ/RN";"2014";"1";"2014-01-27";"2014-06-14";"";"9";"";"REGULAR";"t";"2014-06-20 19:17:24.847";"f";"";"0";"CONSOLIDADA";"";"A Distância";
"1218171";"02";"129544";"";"";"2054900";"GRADUAÇÃO";"";"CURRIAS NOVOS/RN";"2014";"1";"2014-01-27";"2014-06-14";"";"5";"";"REGULAR";"t";"2014-06-20 19:10:30.675";"f";"";"0";"CONSOLIDADA";"";"A Distância";
"1218172";"11";"129544";"";"";"2054900";"GRADUAÇÃO";"";"EXTREMOZ/RN";"2014";"1";"2014-01-27";"2014-06-14";"";"2";"";"REGULAR";"t";"2014-06-20 19:13:16.378";"f";"";"0";"CONSOLIDADA";"";"A Distância";
"1218173";"20";"129544";"";"";"2054900";"GRADUAÇÃO";"";"GROSSOS/RN";"2014";"1";"2014-01-27";"2014-06-14";"";"2";"";"REGULAR";"t";"2014-06-20 19:23:23.013";"f";"";"0";"CONSOLIDADA";"";"A Distância";
"1218174";"15";"129544";"";"";"2054900";"GRADUAÇÃO";"";"LAJES/RN";"2014";"1";"2014-01-27";"2014-06-14";"";"4";"";"REGULAR";"t";"2014-06-20 19:19:38.504";"f";"";"0";"CONSOLIDADA";"";"A Distância";
"1218175";"12";"129544";"";"";"2054900";"GRADUAÇÃO";"";"LUÍS GOMES/RN";"2014";"1";"2014-01-27";"2014-06-14";"";"5";"";"REGULAR";"t";"2014-06-20 19:14:28.835";"f";"";"0";"CONSOLIDADA";"";"A Distância";
"1218176";"01";"129544";"";"";"2054900";"GRADUAÇÃO";"";"MACAU/RN";"2014";"1";"2014-01-27";"2014-06-14";"";"2";"";"REGULAR";"t";"2014-06-20 19:08:55.366";"f";"";"0";"CONSOLIDADA";"";"A Distância";
"1218177";"16";"129544";"";"";"2054900";"GRADUAÇÃO";"";"MARCELINO VIEIRA/RN";"2014";"1";"2014-01-27";"2014-06-14";"";"2";"";"REGULAR";"t";"2014-06-20 19:21:28.829";"f";"";"0";"CONSOLIDADA";"";"A Distância";
"1218178";"13";"129544";"";"";"2054900";"GRADUAÇÃO";"";"MARTINS/RN";"2014";"1";"2014-01-27";"2014-06-14";"";"6";"";"REGULAR";"t";"2014-06-20 19:16:11.354";"f";"";"0";"CONSOLIDADA";"";"A Distância";
"1218179";"18";"129544";"";"";"2054900";"GRADUAÇÃO";"";"NATAL/RN";"2014";"1";"2014-01-27";"2014-06-14";"";"1";"";"REGULAR";"t";"2014-06-20 19:22:17.837";"f";"";"0";"CONSOLIDADA";"";"A Distância";
"1218180";"03";"129544";"";"";"2054900";"GRADUAÇÃO";"";"NOVA CRUZ/RN";"2014";"1";"2014-01-27";"2014-06-14";"";"3";"";"REGULAR";"t";"2014-06-20 19:12:01.798";"f";"";"0";"CONSOLIDADA";"";"A Distância";
"1218181";"21";"129544";"";"";"2054900";"GRADUAÇÃO";"";"PARNAMIRIM/RN";"2014";"1";"2014-01-27";"2014-06-14";"";"8";"";"REGULAR";"t";"2014-06-20 19:24:41.144";"f";"";"0";"CONSOLIDADA";"";"A Distância";
"1218182";"07";"5753005";"";"";"37671";"STRICTO SENSU";"";"Sala do Orientador";"2014";"1";"2014-02-03";"2014-06-14";"3T12";"1";"1";"REGULAR";"f";"2014-06-21 08:04:18.546";"f";"";"36";"CONSOLIDADA";"";"Presencial";
"1218184";"14";"22742";"";"";"25332";"GRADUAÇÃO";"";"CAICÓ/RN";"2014";"1";"2014-01-27";"2014-06-14";"";"3";"";"REGULAR";"t";"2014-06-18 15:11:04.703";"f";"";"0";"CONSOLIDADA";"";"A Distância";
"1218185";"02";"22742";"";"";"25332";"GRADUAÇÃO";"";"CURRIAS NOVOS/RN";"2014";"1";"2014-01-27";"2014-06-14";"";"4";"";"REGULAR";"t";"2014-06-18 15:39:41.022";"f";"";"0";"CONSOLIDADA";"";"A Distância";
"1218186";"11";"22742";"";"";"25332";"GRADUAÇÃO";"";"EXTREMOZ/RN";"2014";"1";"2014-01-27";"2014-06-14";"";"1";"";"REGULAR";"t";"";"f";"";"";"EXCLUÍDA";"";"A Distância";
"1218187";"20";"22742";"";"";"25332";"GRADUAÇÃO";"";"GROSSOS/RN";"2014";"1";"2014-01-27";"2014-06-14";"";"1";"";"REGULAR";"t";"2014-06-02 22:05:36.922";"f";"";"0";"CONSOLIDADA";"";"A Distância";
"1218188";"15";"22742";"";"";"25332";"GRADUAÇÃO";"";"LAJES/RN";"2014";"1";"2014-01-27";"2014-06-14";"";"";"";"REGULAR";"t";"";"f";"";"";"EXCLUÍDA";"";"A Distância";
"1218189";"12";"22742";"";"";"25332";"GRADUAÇÃO";"";"LUÍS GOMES/RN";"2014";"1";"2014-01-27";"2014-06-14";"";"";"";"REGULAR";"t";"";"f";"";"";"EXCLUÍDA";"";"A Distância";
"1218190";"01";"22742";"";"";"25332";"GRADUAÇÃO";"";"MACAU/RN";"2014";"1";"2014-01-27";"2014-06-14";"";"4";"";"REGULAR";"t";"2014-06-18 15:37:40.248";"f";"";"0";"CONSOLIDADA";"";"A Distância";
"1218191";"16";"22742";"";"";"25332";"GRADUAÇÃO";"";"MARCELINO VIEIRA/RN";"2014";"1";"2014-01-27";"2014-06-14";"";"1";"";"REGULAR";"t";"2014-06-02 22:00:49.335";"f";"";"0";"CONSOLIDADA";"";"A Distância";
"1218192";"13";"22742";"";"";"25332";"GRADUAÇÃO";"";"MARTINS/RN";"2014";"1";"2014-01-27";"2014-06-14";"";"2";"";"REGULAR";"t";"2014-06-18 14:18:38.629";"f";"";"0";"CONSOLIDADA";"";"A Distância";
"1218193";"18";"22742";"";"";"25332";"GRADUAÇÃO";"";"NATAL/RN";"2014";"1";"2014-01-27";"2014-06-14";"";"1";"";"REGULAR";"t";"2014-06-02 22:01:48.835";"f";"";"0";"CONSOLIDADA";"";"A Distância";
"1218194";"03";"22742";"";"";"25332";"GRADUAÇÃO";"";"NOVA CRUZ/RN";"2014";"1";"2014-01-27";"2014-06-14";"";"1";"";"REGULAR";"t";"2014-06-02 21:58:47.688";"f";"";"0";"CONSOLIDADA";"";"A Distância";
"1218195";"21";"22742";"";"";"25332";"GRADUAÇÃO";"";"PARNAMIRIM/RN";"2014";"1";"2014-01-27";"2014-06-14";"";"2";"";"REGULAR";"t";"2014-06-18 15:32:01.388";"f";"";"0";"CONSOLIDADA";"";"A Distância";
"1218196";"01";"20832";"";"";"41830";"GRADUAÇÃO";"Campus Central";"4A4";"2014";"1";"2014-01-27";"2014-06-14";"35M56";"6";"20";"REGULAR";"f";"2014-06-16 17:32:14.685";"f";"";"68";"CONSOLIDADA";"";"Presencial";
"1218197";"01";"20832";"";"";"41835";"GRADUAÇÃO";"Campus Central";"4I4";"2014";"1";"2014-01-27";"2014-06-14";"46M34";"11";"20";"REGULAR";"f";"2014-06-15 15:18:38.379";"f";"";"76";"CONSOLIDADA";"";"Presencial";
"1218199";"01";"18422";"";"";"41839";"GRADUAÇÃO";"Campus Central";"4B1";"2014";"1";"2014-01-27";"2014-06-14";"6T2345";"13";"20";"REGULAR";"f";"2014-06-15 15:05:27.443";"f";"";"76";"CONSOLIDADA";"";"Presencial";
"1218200";"08";"23205";"";"";"37671";"STRICTO SENSU";"";"Sala do Orientador";"2014";"1";"2014-02-03";"2014-06-14";"3T12";"1";"1";"REGULAR";"f";"2015-01-05 10:49:41.303";"f";"";"36";"CONSOLIDADA";"";"Presencial";
"1218201";"09";"15568";"";"";"37671";"STRICTO SENSU";"";"Sala do Orientador";"2014";"1";"2014-02-03";"2014-06-14";"3T12";"2";"2";"REGULAR";"f";"2014-06-13 23:23:35.665";"f";"";"36";"CONSOLIDADA";"";"Presencial";
"1218202";"14";"5756342";"";"";"2046770";"GRADUAÇÃO";"";"CAICÓ/RN";"2014";"1";"2014-01-27";"2014-06-14";"";"5";"";"REGULAR";"t";"2014-06-19 20:00:36.917";"f";"";"0";"CONSOLIDADA";"";"A Distância";
"1218203";"02";"5756342";"";"";"2046770";"GRADUAÇÃO";"";"CURRAIS NOVOS/RN";"2014";"1";"2014-01-27";"2014-06-14";"";"2";"";"REGULAR";"t";"2014-06-19 19:53:26.952";"f";"";"0";"CONSOLIDADA";"";"A Distância";
"1218204";"11";"5756342";"";"";"2046770";"GRADUAÇÃO";"";"EXTREMOZ/RN";"2014";"1";"2014-01-27";"2014-06-14";"";"2";"";"REGULAR";"t";"2014-06-19 19:56:03.277";"f";"";"0";"CONSOLIDADA";"";"A Distância";
"1218205";"20";"5756342";"";"";"2046770";"GRADUAÇÃO";"";"GROSSOS/RN";"2014";"1";"2014-01-27";"2014-06-14";"";"6";"";"REGULAR";"t";"2014-06-19 20:06:24.935";"f";"";"0";"CONSOLIDADA";"";"A Distância";
"1218206";"15";"5756342";"";"";"2046770";"GRADUAÇÃO";"";"LAJES/RN";"2014";"1";"2014-01-27";"2014-06-14";"";"6";"";"REGULAR";"t";"2014-06-19 20:02:17.629";"f";"";"0";"CONSOLIDADA";"";"A Distância";
"1218207";"12";"5756342";"";"";"2046770";"GRADUAÇÃO";"";"LUÍS GOMES/RN";"2014";"1";"2014-01-27";"2014-06-14";"";"5";"";"REGULAR";"t";"2014-06-19 19:57:18.233";"f";"";"0";"CONSOLIDADA";"";"A Distância";
"1218208";"01";"5756342";"";"";"2046770";"GRADUAÇÃO";"";"MACAU/RN";"2014";"1";"2014-01-27";"2014-06-14";"";"4";"";"REGULAR";"t";"2014-06-19 19:51:25.029";"f";"";"0";"CONSOLIDADA";"";"A Distância";
"1218209";"16";"5756342";"";"";"2046770";"GRADUAÇÃO";"";"MARCELINO VIEIRA/RN";"2014";"1";"2014-01-27";"2014-06-14";"";"9";"";"REGULAR";"t";"2014-06-19 20:03:51.635";"f";"";"0";"CONSOLIDADA";"";"A Distância";
"1218210";"13";"5756342";"";"";"2046770";"GRADUAÇÃO";"";"MARTINS/RN";"2014";"1";"2014-01-27";"2014-06-14";"";"10";"";"REGULAR";"t";"2014-06-19 19:59:08.971";"f";"";"0";"CONSOLIDADA";"";"A Distância";
"1218211";"18";"5756342";"";"";"2046770";"GRADUAÇÃO";"";"NATAL/RN";"2014";"1";"2014-01-27";"2014-06-14";"";"5";"";"REGULAR";"t";"2014-06-19 20:05:00.343";"f";"";"0";"CONSOLIDADA";"";"A Distância";
"1218212";"03";"5756342";"";"";"2046770";"GRADUAÇÃO";"";"NOVA CRUZ/RN";"2014";"1";"2014-01-27";"2014-06-14";"";"2";"";"REGULAR";"t";"2014-06-19 19:54:41.922";"f";"";"0";"CONSOLIDADA";"";"A Distância";
"1218213";"21";"5756342";"";"";"2046770";"GRADUAÇÃO";"";"PARNAMIRIM/RN";"2014";"1";"2014-01-27";"2014-06-14";"";"6";"";"REGULAR";"t";"2014-06-19 20:07:50.589";"f";"";"0";"CONSOLIDADA";"";"A Distância";
"1218214";"10";"26163";"";"";"37671";"STRICTO SENSU";"";"Sala do Orientador";"2014";"1";"2014-02-03";"2014-06-14";"3T12";"2";"3";"REGULAR";"f";"2016-07-20 11:45:03.472";"f";"";"36";"CONSOLIDADA";"";"Presencial";
"1218215";"11";"5752263";"";"";"37671";"STRICTO SENSU";"";"Sala do Orientador";"2014";"1";"2014-02-03";"2014-06-14";"3T12";"1";"2";"REGULAR";"f";"2014-06-21 10:26:56.421";"f";"";"36";"CONSOLIDADA";"";"Presencial";
"1218216";"12";"58407";"";"";"37671";"STRICTO SENSU";"";"Sala do Orientador";"2014";"1";"2014-02-03";"2014-06-14";"3T12";"2";"2";"REGULAR";"f";"2014-06-19 09:10:40.515";"f";"";"30";"CONSOLIDADA";"";"Presencial";
"1218217";"14";"5756342";"";"";"2046775";"GRADUAÇÃO";"";"CAICÓ/RN";"2014";"1";"2014-01-27";"2014-06-14";"";"11";"";"REGULAR";"t";"2014-06-19 20:19:25.663";"f";"";"0";"CONSOLIDADA";"";"A Distância";
"1218218";"02";"5756342";"";"";"2046775";"GRADUAÇÃO";"";"CURRAIS NOVOS/RN";"2014";"1";"2014-01-27";"2014-06-14";"";"3";"";"REGULAR";"t";"2014-06-19 20:10:17.16";"f";"";"0";"CONSOLIDADA";"";"A Distância";
"1218219";"11";"5756342";"";"";"2046775";"GRADUAÇÃO";"";"EXTREMOZ/RN";"2014";"1";"2014-01-27";"2014-06-14";"";"4";"";"REGULAR";"t";"2014-06-19 20:14:42.217";"f";"";"0";"CONSOLIDADA";"";"A Distância";
"1218220";"20";"5756342";"";"";"2046775";"GRADUAÇÃO";"";"GROSSOS/RN";"2014";"1";"2014-01-27";"2014-06-14";"";"7";"";"REGULAR";"t";"2014-06-19 20:25:07.175";"f";"";"0";"CONSOLIDADA";"";"A Distância";
"1218221";"15";"5756342";"";"";"2046775";"GRADUAÇÃO";"";"LAJES/RN";"2014";"1";"2014-01-27";"2014-06-14";"";"9";"";"REGULAR";"t";"2014-06-19 20:20:48.806";"f";"";"0";"CONSOLIDADA";"";"A Distância";
"1218222";"12";"5756342";"";"";"2046775";"GRADUAÇÃO";"";"LUÍS GOMES/RN";"2014";"1";"2014-01-27";"2014-06-14";"";"6";"";"REGULAR";"t";"2014-06-19 20:16:06.476";"f";"";"0";"CONSOLIDADA";"";"A Distância";
"1218223";"01";"5756342";"";"";"2046775";"GRADUAÇÃO";"";"MACAU/RN";"2014";"1";"2014-01-27";"2014-06-14";"";"5";"";"REGULAR";"t";"2014-06-19 20:09:06.609";"f";"";"0";"CONSOLIDADA";"";"A Distância";
"1218224";"16";"5756342";"";"";"2046775";"GRADUAÇÃO";"";"MARCELINO VIEIRA/RN";"2014";"1";"2014-01-27";"2014-06-14";"";"12";"";"REGULAR";"t";"2014-06-19 20:22:20.759";"f";"";"0";"CONSOLIDADA";"";"A Distância";
"1218225";"13";"5756342";"";"";"2046775";"GRADUAÇÃO";"";"MARTINS/RN";"2014";"1";"2014-01-27";"2014-06-14";"";"10";"";"REGULAR";"t";"2014-06-19 20:17:39.15";"f";"";"0";"CONSOLIDADA";"";"A Distância";
"1218226";"18";"5756342";"";"";"2046775";"GRADUAÇÃO";"";"NATAL/RN";"2014";"1";"2014-01-27";"2014-06-14";"";"7";"";"REGULAR";"t";"2014-06-19 20:23:46.603";"f";"";"0";"CONSOLIDADA";"";"A Distância";
"1218227";"03";"5756342";"";"";"2046775";"GRADUAÇÃO";"";"NOVA CRUZ/RN";"2014";"1";"2014-01-27";"2014-06-14";"";"7";"";"REGULAR";"t";"2014-06-19 20:11:32.327";"f";"";"0";"CONSOLIDADA";"";"A Distância";
"1218228";"21";"5756342";"";"";"2046775";"GRADUAÇÃO";"";"PARNAMIRIM/RN";"2014";"1";"2014-01-27";"2014-06-14";"";"7";"";"REGULAR";"t";"2014-06-19 20:26:33.087";"f";"";"0";"CONSOLIDADA";"";"A Distância";
"1218229";"13";"26028";"";"";"37671";"STRICTO SENSU";"";"Sala do Orientador";"2014";"1";"2014-02-03";"2014-06-14";"3T12";"2";"2";"REGULAR";"f";"2014-06-13 10:41:44.718";"f";"";"36";"CONSOLIDADA";"";"Presencial";
"1218230";"14";"16943";"";"";"37671";"STRICTO SENSU";"";"Sala do Orientador";"2014";"1";"2014-02-03";"2014-06-14";"3T12";"1";"1";"REGULAR";"f";"2014-06-30 15:45:46.087";"f";"";"36";"CONSOLIDADA";"";"Presencial";
"1218231";"14";"5754622";"";"";"2046779";"GRADUAÇÃO";"";"CAICÓ/RN";"2014";"1";"2014-01-27";"2014-06-14";"";"28";"";"REGULAR";"t";"2014-06-14 23:47:33.44";"f";"";"0";"CONSOLIDADA";"";"A Distância";
"1218232";"02";"5754622";"";"";"2046779";"GRADUAÇÃO";"";"CURRIAS NOVOS/RN";"2014";"1";"2014-01-27";"2014-06-14";"";"4";"";"REGULAR";"t";"2014-06-14 23:46:03.558";"f";"";"0";"CONSOLIDADA";"";"A Distância";
"1218233";"11";"5754622";"";"";"2046779";"GRADUAÇÃO";"";"EXTREMOZ/RN";"2014";"1";"2014-01-27";"2014-06-14";"";"6";"";"REGULAR";"t";"2014-06-15 11:24:54.284";"f";"";"0";"CONSOLIDADA";"";"A Distância";
"1218234";"20";"5754622";"";"";"2046779";"GRADUAÇÃO";"";"GROSSOS/RN";"2014";"1";"2014-01-27";"2014-06-14";"";"30";"";"REGULAR";"t";"2014-06-15 17:38:43.174";"f";"";"0";"CONSOLIDADA";"";"A Distância";
"1218235";"15";"5754622";"";"";"2046779";"GRADUAÇÃO";"";"LAJES/RN";"2014";"1";"2014-01-27";"2014-06-14";"";"10";"";"REGULAR";"t";"2014-06-19 20:15:20.681";"f";"";"0";"CONSOLIDADA";"";"A Distância";
"1218236";"12";"5754622";"";"";"2046779";"GRADUAÇÃO";"";"LUÍS GOMES/RN";"2014";"1";"2014-01-27";"2014-06-14";"";"37";"";"REGULAR";"t";"2014-06-15 17:29:48.828";"f";"";"0";"CONSOLIDADA";"";"A Distância";
"1218237";"01";"5754622";"";"";"2046779";"GRADUAÇÃO";"";"MACAU/RN";"2014";"1";"2014-01-27";"2014-06-14";"";"19";"";"REGULAR";"t";"2014-06-19 20:11:30.389";"f";"";"0";"CONSOLIDADA";"";"A Distância";
"1218238";"16";"5754622";"";"";"2046779";"GRADUAÇÃO";"";"MARCELINO VIEIRA/RN";"2014";"1";"2014-01-27";"2014-06-14";"";"5";"";"REGULAR";"t";"2014-06-21 09:49:18.374";"f";"";"0";"CONSOLIDADA";"";"A Distância";
"1218239";"13";"5754622";"";"";"2046779";"GRADUAÇÃO";"";"MARTINS/RN";"2014";"1";"2014-01-27";"2014-06-14";"";"30";"";"REGULAR";"t";"2014-06-21 09:47:26.338";"f";"";"0";"CONSOLIDADA";"";"A Distância";
"1218240";"18";"5754622";"";"";"2046779";"GRADUAÇÃO";"";"NATAL/RN";"2014";"1";"2014-01-27";"2014-06-14";"";"21";"";"REGULAR";"t";"2014-06-15 11:16:46.366";"f";"";"0";"CONSOLIDADA";"";"A Distância";
"1218241";"03";"5754622";"";"";"2046779";"GRADUAÇÃO";"";"NOVA CRUZ/RN";"2014";"1";"2014-01-27";"2014-06-14";"";"40";"";"REGULAR";"t";"2014-06-14 23:45:06.528";"f";"";"0";"CONSOLIDADA";"";"A Distância";
"1218242";"21";"5754622";"";"";"2046779";"GRADUAÇÃO";"";"PARNAMIRIM/RN";"2014";"1";"2014-01-27";"2014-06-14";"";"24";"";"REGULAR";"t";"2014-06-15 17:50:08.261";"f";"";"0";"CONSOLIDADA";"";"A Distância";
"1218243";"14A";"23122";"";"";"2046783";"GRADUAÇÃO";"";"CAICÓ/RN";"2014";"1";"2014-01-27";"2014-06-14";"";"10";"";"REGULAR";"t";"2014-06-13 15:20:48.368";"f";"";"0";"CONSOLIDADA";"";"A Distância";
"1218244";"02A";"23122";"";"";"2046783";"GRADUAÇÃO";"";"CURRAIS NOVOS/RN";"2014";"1";"2014-01-27";"2014-06-14";"";"4";"";"REGULAR";"t";"2014-06-13 15:24:47.319";"f";"";"0";"CONSOLIDADA";"";"A Distância";
"1218245";"11A";"23122";"";"";"2046783";"GRADUAÇÃO";"";"EXTREMOZ/RN";"2014";"1";"2014-01-27";"2014-06-14";"";"4";"";"REGULAR";"t";"2014-06-13 16:27:44.765";"f";"";"0";"CONSOLIDADA";"";"A Distância";
"1218246";"20A";"23122";"";"";"2046783";"GRADUAÇÃO";"";"GROSSOS/RN";"2014";"1";"2014-01-27";"2014-06-14";"";"1";"";"REGULAR";"t";"2014-06-13 15:22:27.053";"f";"";"0";"CONSOLIDADA";"";"A Distância";
"1218247";"15A";"23122";"";"";"2046783";"GRADUAÇÃO";"";"LAJES/RN";"2014";"1";"2014-01-27";"2014-06-14";"";"9";"";"REGULAR";"t";"2014-06-16 19:07:47.731";"f";"";"0";"CONSOLIDADA";"";"A Distância";
"1218248";"12A";"23122";"";"";"2046783";"GRADUAÇÃO";"";"LUÍS GOMES/RN";"2014";"1";"2014-01-27";"2014-06-14";"";"3";"";"REGULAR";"t";"2014-06-16 19:06:56.855";"f";"";"0";"CONSOLIDADA";"";"A Distância";
"1218249";"01A";"23122";"";"";"2046783";"GRADUAÇÃO";"";"MACAU/RN";"2014";"1";"2014-01-27";"2014-06-14";"";"10";"";"REGULAR";"t";"2014-06-18 11:12:28.094";"f";"";"0";"CONSOLIDADA";"";"A Distância";
"1218250";"16A";"23122";"";"";"2046783";"GRADUAÇÃO";"";"MARCELINO VIEIRA/RN";"2014";"1";"2014-01-27";"2014-06-14";"";"8";"";"REGULAR";"t";"2014-06-13 15:23:19.39";"f";"";"0";"CONSOLIDADA";"";"A Distância";
"1218251";"13A";"23122";"";"";"2046783";"GRADUAÇÃO";"";"MARTINS/RN";"2014";"1";"2014-01-27";"2014-06-14";"";"8";"";"REGULAR";"t";"2014-06-13 15:25:47.867";"f";"";"0";"CONSOLIDADA";"";"A Distância";
"1218252";"18A";"23122";"";"";"2046783";"GRADUAÇÃO";"";"NATAL/RN";"2014";"1";"2014-01-27";"2014-06-14";"";"7";"";"REGULAR";"t";"2014-06-18 11:11:04.101";"f";"";"0";"CONSOLIDADA";"";"A Distância";
"1218253";"03A";"23122";"";"";"2046783";"GRADUAÇÃO";"";"NOVA CRUZ/RN";"2014";"1";"2014-01-27";"2014-06-14";"";"3";"";"REGULAR";"t";"2014-06-13 15:24:05.556";"f";"";"0";"CONSOLIDADA";"";"A Distância";
"1218254";"21A";"23122";"";"";"2046783";"GRADUAÇÃO";"";"PARNAMIRIM/RN";"2014";"1";"2014-01-27";"2014-06-14";"";"7";"";"REGULAR";"t";"2014-06-13 15:21:39.593";"f";"";"0";"CONSOLIDADA";"";"A Distância";
"1218255";"14";"5755045";"";"";"25527";"GRADUAÇÃO";"";"CAICÓ/RN";"2014";"1";"2014-01-27";"2014-06-14";"";"13";"";"REGULAR";"t";"2014-06-07 15:32:33.347";"f";"";"0";"CONSOLIDADA";"";"A Distância";
"1218256";"02";"5755045";"";"";"25527";"GRADUAÇÃO";"";"CURRIAS NOVOS/RN";"2014";"1";"2014-01-27";"2014-06-14";"";"3";"";"REGULAR";"t";"2014-06-07 15:28:04.054";"f";"";"0";"CONSOLIDADA";"";"A Distância";
"1218257";"11";"5755045";"";"";"25527";"GRADUAÇÃO";"";"EXTREMOZ/RN";"2014";"1";"2014-01-27";"2014-06-14";"";"2";"";"REGULAR";"t";"2014-06-07 15:29:20.159";"f";"";"0";"CONSOLIDADA";"";"A Distância";
"1218258";"20";"5755045";"";"";"25527";"GRADUAÇÃO";"";"GROSSOS/RN";"2014";"1";"2014-01-27";"2014-06-14";"";"4";"";"REGULAR";"t";"2014-06-07 15:35:49.028";"f";"";"0";"CONSOLIDADA";"";"A Distância";
"1218259";"15";"5755045";"";"";"25527";"GRADUAÇÃO";"";"LAJES/RN";"2014";"1";"2014-01-27";"2014-06-14";"";"6";"";"REGULAR";"t";"2014-06-07 15:33:31.976";"f";"";"0";"CONSOLIDADA";"";"A Distância";
"1218260";"12";"5755045";"";"";"25527";"GRADUAÇÃO";"";"LUÍS GOMES/RN";"2014";"1";"2014-01-27";"2014-06-14";"";"12";"";"REGULAR";"t";"2014-06-07 15:30:20.893";"f";"";"0";"CONSOLIDADA";"";"A Distância";
"1218261";"01";"5755045";"";"";"25527";"GRADUAÇÃO";"";"MACAU/RN";"2014";"1";"2014-01-27";"2014-06-14";"";"7";"";"REGULAR";"t";"2014-06-07 15:26:51.248";"f";"";"0";"CONSOLIDADA";"";"A Distância";
"1218262";"16";"5755045";"";"";"25527";"GRADUAÇÃO";"";"MARCELINO VIEIRA/RN";"2014";"1";"2014-01-27";"2014-06-14";"";"7";"";"REGULAR";"t";"2014-06-07 15:34:21.569";"f";"";"0";"CONSOLIDADA";"";"A Distância";
"1218263";"13";"5755045";"";"";"25527";"GRADUAÇÃO";"";"MARTINS/RN";"2014";"1";"2014-01-27";"2014-06-14";"";"7";"";"REGULAR";"t";"2014-06-07 15:31:37.347";"f";"";"0";"CONSOLIDADA";"";"A Distância";
"1218264";"18";"5755045";"";"";"25527";"GRADUAÇÃO";"";"NATAL/RN";"2014";"1";"2014-01-27";"2014-06-14";"";"4";"";"REGULAR";"t";"2014-06-07 15:35:07.873";"f";"";"0";"CONSOLIDADA";"";"A Distância";
"1218265";"03";"5755045";"";"";"25527";"GRADUAÇÃO";"";"NOVA CRUZ/RN";"2014";"1";"2014-01-27";"2014-06-14";"";"";"";"REGULAR";"t";"";"f";"";"";"EXCLUÍDA";"";"A Distância";
"1218266";"21";"5755045";"";"";"25527";"GRADUAÇÃO";"";"PARNAMIRIM/RN";"2014";"1";"2014-01-27";"2014-06-14";"";"4";"";"REGULAR";"t";"2014-06-07 15:36:24.626";"f";"";"0";"CONSOLIDADA";"";"A Distância";
"1218267";"01";"5753689";"";"";"41439";"GRADUAÇÃO";"Campus Central";"4E6";"2014";"1";"2014-01-27";"2014-06-14";"6T56  6N12 (27/01/2014 - 14/06/2014)";"";"25";"REGULAR";"f";"";"f";"";"";"EXCLUÍDA";"";"Presencial";
"1218268";"01";"58407";"";"";"37673";"STRICTO SENSU";"";"Sala do Orientador";"2014";"1";"2014-02-03";"2014-06-14";"2T12";"1";"1";"REGULAR";"f";"2014-06-19 09:31:09.918";"f";"";"30";"CONSOLIDADA";"";"Presencial";
"1218269";"02";"2298994";"";"";"37673";"STRICTO SENSU";"";"Sala do Orientador";"2014";"1";"2014-02-03";"2014-06-14";"2T12";"2";"2";"REGULAR";"f";"2015-02-04 16:46:11.032";"f";"";"34";"CONSOLIDADA";"";"Presencial";
"1218278";"03";"5752263";"";"";"37673";"STRICTO SENSU";"";"Sala do Orientador";"2014";"1";"2014-02-03";"2014-06-14";"2T12";"1";"1";"REGULAR";"f";"2014-06-21 20:21:48.038";"f";"";"34";"CONSOLIDADA";"";"Presencial";
"1218287";"02";"5753542";"";"";"41439";"GRADUAÇÃO";"Campus Central";"Lab de Manufatura";"2014";"1";"2014-01-27";"2014-06-14";"35T12 (27/01/2014 - 14/06/2014)";"48";"25";"REGULAR";"f";"2014-06-17 09:28:42.543";"f";"";"72";"CONSOLIDADA";"";"Presencial";
"1218312";"04";"26163";"";"";"37673";"STRICTO SENSU";"";"Sala do Orientador";"2014";"1";"2014-02-03";"2014-06-14";"6T12";"1";"2";"REGULAR";"f";"2015-01-05 10:48:48.573";"f";"";"34";"CONSOLIDADA";"";"Presencial";
"1218321";"05";"5751934";"";"";"37673";"STRICTO SENSU";"";"Sala do Orientador";"2014";"1";"2014-02-03";"2014-06-14";"2T12";"1";"1";"REGULAR";"f";"2014-06-14 15:57:53.633";"f";"";"32";"CONSOLIDADA";"";"Presencial";
"1218322";"06";"5751879";"";"";"37673";"STRICTO SENSU";"";"Sala do Orientador";"2014";"1";"2014-02-03";"2014-06-14";"2T12";"1";"1";"REGULAR";"f";"2014-06-27 14:58:23.236";"f";"";"34";"CONSOLIDADA";"";"Presencial";
"1218323";"07";"5752022";"";"";"37673";"STRICTO SENSU";"";"Sala do Orientador";"2014";"1";"2014-02-03";"2014-06-14";"2T12";"1";"1";"REGULAR";"f";"2014-06-13 18:16:39.965";"f";"";"34";"CONSOLIDADA";"";"Presencial";
"1218340";"08";"5753005";"";"";"37673";"STRICTO SENSU";"";"Sala do Orientador";"2014";"1";"2014-02-03";"2014-06-14";"2T12";"1";"1";"REGULAR";"f";"2014-06-21 08:06:41.246";"f";"";"34";"CONSOLIDADA";"";"Presencial";
"1218341";"09";"3029901";"";"";"37673";"STRICTO SENSU";"";"Sala do Orientador";"2014";"1";"2014-02-03";"2014-06-14";"2T12";"1";"1";"REGULAR";"f";"2014-07-20 17:41:33.235";"f";"";"34";"CONSOLIDADA";"";"Presencial";
"1218350";"10";"16943";"";"";"37673";"STRICTO SENSU";"";"Sala do Orientador";"2014";"1";"2014-02-03";"2014-06-14";"2T12";"1";"1";"REGULAR";"f";"2014-06-30 15:27:08.72";"f";"";"34";"CONSOLIDADA";"";"Presencial";
"1218359";"11";"5753597";"";"";"37673";"STRICTO SENSU";"";"Sala do Orientador";"2014";"1";"2014-02-03";"2014-06-14";"7M34";"";"1";"REGULAR";"f";"";"f";"";"";"EXCLUÍDA";"";"Presencial";
"1218400";"03";"5753542";"";"";"41439";"GRADUAÇÃO";"Campus Central";"Lab de Manufatura";"2014";"1";"2014-01-27";"2014-06-14";"35M34 (27/01/2014 - 14/06/2014)";"46";"26";"REGULAR";"f";"2014-06-17 09:25:16.399";"f";"";"72";"CONSOLIDADA";"";"Presencial";
"1218617";"01";"3029901";"";"";"37679";"STRICTO SENSU";"";"Sala do Orientador";"2014";"1";"2014-02-03";"2014-06-14";"2T345";"0";"1";"REGULAR";"f";"";"f";"";"";"EXCLUÍDA";"";"Presencial";
"1218618";"01";"5753761";"";"";"41440";"GRADUAÇÃO";"Campus Central";"4I5";"2014";"1";"2014-01-27";"2014-06-14";"35M34 (27/01/2014 - 14/06/2014)";"41";"40";"REGULAR";"f";"2014-06-19 22:27:28.645";"f";"";"70";"CONSOLIDADA";"";"Presencial";
"1218619";"02";"5756159";"";"";"52450";"GRADUAÇÃO";"Campus Central";"LABMETROL";"2014";"1";"2014-01-27";"2014-06-14";"4N1234 (27/01/2014 - 14/06/2014)";"17";"17";"REGULAR";"f";"2014-06-11 10:49:55.033";"f";"";"76";"CONSOLIDADA";"";"Presencial";
"1218620";"03";"5753543";"";"";"52450";"GRADUAÇÃO";"Campus Central";"LABMETROL";"2014";"1";"2014-01-27";"2014-06-14";"35M12 (27/01/2014 - 14/06/2014)";"41";"25";"REGULAR";"f";"2014-06-18 15:00:09.377";"f";"";"72";"CONSOLIDADA";"";"Presencial";
"1218621";"04";"5756159";"";"";"52450";"GRADUAÇÃO";"Campus Central";"LABMETROL";"2014";"1";"2014-01-27";"2014-06-14";"46M12 (27/01/2014 - 14/06/2014)";"29";"25";"REGULAR";"f";"2014-06-11 11:06:16.719";"f";"";"74";"CONSOLIDADA";"";"Presencial";
"1218622";"05";"5753543";"";"";"52450";"GRADUAÇÃO";"Campus Central";"LABMETROL";"2014";"1";"2014-01-27";"2014-06-14";"35N12 (27/01/2014 - 14/06/2014)";"44";"25";"REGULAR";"f";"2014-06-18 15:07:11.021";"f";"";"72";"CONSOLIDADA";"";"Presencial";
"1218623";"01";"23918";"";"";"2040301";"GRADUAÇÃO";"Campus Central";"4E6";"2014";"1";"2014-01-27";"2014-06-14";"24M56";"30";"40";"REGULAR";"f";"2014-06-10 15:13:03.393";"f";"";"66";"CONSOLIDADA";"";"Presencial";
"1218624";"01";"3030594";"";"";"2040306";"GRADUAÇÃO";"Campus Central";"4G2";"2014";"1";"2014-01-27";"2014-06-14";"24M34";"26";"40";"REGULAR";"f";"2014-06-14 11:33:46.887";"f";"";"65";"CONSOLIDADA";"";"Presencial";
"1218625";"01";"23918";"";"";"2040169";"GRADUAÇÃO";"Campus Central";"4E5";"2014";"1";"2014-01-27";"2014-06-14";"24T12";"29";"40";"REGULAR";"f";"2014-06-10 15:57:12.064";"f";"";"66";"CONSOLIDADA";"";"Presencial";
"1218626";"01";"15493";"";"";"2040168";"GRADUAÇÃO";"Campus Central";"4A6";"2014";"1";"2014-01-27";"2014-06-14";"5M34";"9";"40";"REGULAR";"f";"2014-06-15 21:42:53.066";"f";"";"36";"CONSOLIDADA";"";"Presencial";
"1218627";"01";"5756082";"";"";"2040167";"GRADUAÇÃO";"Campus Central";"4F1";"2014";"1";"2014-01-27";"2014-06-14";"24M56";"28";"40";"REGULAR";"f";"2014-06-14 17:09:23.333";"f";"";"72";"CONSOLIDADA";"";"Presencial";
"1218628";"01";"22721";"";"";"2040170";"GRADUAÇÃO";"Campus Central";"4C2";"2014";"1";"2014-01-27";"2014-06-14";"35M56";"3";"30";"REGULAR";"f";"2014-06-14 13:15:37.299";"f";"";"70";"CONSOLIDADA";"";"Presencial";
"1218629";"01";"19045";"";"";"2040172";"GRADUAÇÃO";"Campus Central";"4A3";"2014";"1";"2014-01-27";"2014-06-14";"3M12";"25";"20";"REGULAR";"f";"2014-06-19 18:27:13.039";"f";"";"36";"CONSOLIDADA";"";"Presencial";
"1218630";"01";"19045";"";"";"2040357";"GRADUAÇÃO";"Campus Central";"A definir";"2014";"1";"2014-01-27";"2014-06-14";"4T45";"";"20";"REGULAR";"f";"";"f";"";"";"EXCLUÍDA";"";"Presencial";
"1218631";"01";"22721";"";"";"2044452";"GRADUAÇÃO";"Campus Central";"A definir";"2014";"1";"2014-01-27";"2014-06-14";"35N12";"5";"20";"REGULAR";"f";"2014-06-14 13:28:34.731";"f";"";"74";"CONSOLIDADA";"";"Presencial";
"1218632";"01";"15493";"";"";"2044454";"GRADUAÇÃO";"Campus Central";"4G2";"2014";"1";"2014-01-27";"2014-06-14";"5N12";"5";"20";"REGULAR";"f";"2014-06-07 11:37:47.127";"f";"";"34";"CONSOLIDADA";"";"Presencial";
"1218633";"01";"5753706";"";"";"21826";"GRADUAÇÃO";"Campus Central";"4A9";"2014";"1";"2014-01-27";"2014-06-14";"24N12";"25";"40";"REGULAR";"f";"2014-06-09 16:48:22.854";"f";"";"66";"CONSOLIDADA";"";"Presencial";
"1218634";"01";"20852";"";"";"24175";"GRADUAÇÃO";"Campus Central";"4F1";"2014";"1";"2014-01-27";"2014-06-14";"24N34";"14";"40";"REGULAR";"f";"2014-06-20 10:16:05.196";"f";"";"74";"CONSOLIDADA";"";"Presencial";
"1218635";"01";"3030594";"";"";"21433";"GRADUAÇÃO";"Campus Central";"4I7";"2014";"1";"2014-01-27";"2014-06-14";"4N1234";"16";"40";"REGULAR";"f";"2014-06-17 21:22:11.686";"f";"";"68";"CONSOLIDADA";"";"Presencial";
"1218636";"01";"5753618";"";"";"22807";"GRADUAÇÃO";"Campus Central";"4F1";"2014";"1";"2014-01-27";"2014-06-14";"35N12";"12";"40";"REGULAR";"f";"2014-06-06 10:50:39.077";"f";"";"66";"CONSOLIDADA";"";"Presencial";
"1218637";"01";"5755039";"";"";"22906";"GRADUAÇÃO";"Campus Central";"4F3";"2014";"1";"2014-01-27";"2014-06-14";"24N34";"17";"40";"REGULAR";"f";"2014-06-12 22:23:24.025";"f";"";"70";"CONSOLIDADA";"";"Presencial";
"1218638";"01";"5752857";"";"";"21427";"GRADUAÇÃO";"Campus Central";"4A7";"2014";"1";"2014-01-27";"2014-06-14";"2T345";"13";"40";"REGULAR";"f";"2014-06-21 18:47:03.328";"f";"";"54";"CONSOLIDADA";"";"Presencial";
"1218639";"01";"2289300";"";"";"21435";"GRADUAÇÃO";"Campus Central";"A definir";"2014";"1";"2014-01-27";"2014-06-14";"35N12";"18";"40";"REGULAR";"f";"2014-06-11 18:23:00.603";"f";"";"66";"CONSOLIDADA";"";"Presencial";
"1218639";"01";"5755888";"";"";"21435";"GRADUAÇÃO";"Campus Central";"A definir";"2014";"1";"2014-01-27";"2014-06-14";"35N12";"18";"40";"REGULAR";"f";"2014-06-11 18:23:00.603";"f";"";"66";"CONSOLIDADA";"";"Presencial";
"1218640";"14";"5752011";"";"";"2046750";"GRADUAÇÃO";"";"CAICÓ/RN";"2014";"1";"2014-01-27";"2014-06-14";"";"7";"";"REGULAR";"t";"2014-06-25 15:15:01.291";"f";"";"0";"CONSOLIDADA";"";"A Distância";
"1218641";"02";"5752011";"";"";"2046750";"GRADUAÇÃO";"";"CURRAIS NOVOS/RN";"2014";"1";"2014-01-27";"2014-06-14";"";"1";"";"REGULAR";"t";"2014-06-25 15:10:20.678";"f";"";"0";"CONSOLIDADA";"";"A Distância";
"1218642";"11";"5752011";"";"";"2046750";"GRADUAÇÃO";"";"EXTREMOZ/RN";"2014";"1";"2014-01-27";"2014-06-14";"";"";"";"REGULAR";"t";"";"f";"";"";"EXCLUÍDA";"";"A Distância";
"1218643";"20";"5752011";"";"";"2046750";"GRADUAÇÃO";"";"GROSSOS/RN";"2014";"1";"2014-01-27";"2014-06-14";"";"5";"";"REGULAR";"t";"2014-06-25 15:20:26.125";"f";"";"0";"CONSOLIDADA";"";"A Distância";
"1218644";"15";"5752011";"";"";"2046750";"GRADUAÇÃO";"";"LAJES/RN";"2014";"1";"2014-01-27";"2014-06-14";"";"";"";"REGULAR";"t";"";"f";"";"";"EXCLUÍDA";"";"A Distância";
"1218645";"12";"5752011";"";"";"2046750";"GRADUAÇÃO";"";"LUÍS GOMES/RN";"2014";"1";"2014-01-27";"2014-06-14";"";"2";"";"REGULAR";"t";"2014-06-25 15:12:39.295";"f";"";"0";"CONSOLIDADA";"";"A Distância";
"1218646";"01";"5752011";"";"";"2046750";"GRADUAÇÃO";"";"MACAU/RN";"2014";"1";"2014-01-27";"2014-06-14";"";"1";"";"REGULAR";"t";"2014-06-25 15:02:56.93";"f";"";"0";"CONSOLIDADA";"";"A Distância";
"1218647";"16";"5752011";"";"";"2046750";"GRADUAÇÃO";"";"MARCELINO VIEIRA/RN";"2014";"1";"2014-01-27";"2014-06-14";"";"";"";"REGULAR";"t";"";"f";"";"";"EXCLUÍDA";"";"A Distância";
"1218648";"13";"5752011";"";"";"2046750";"GRADUAÇÃO";"";"MARTINS/RN";"2014";"1";"2014-01-27";"2014-06-14";"";"5";"";"REGULAR";"t";"2014-06-25 15:14:15.495";"f";"";"0";"CONSOLIDADA";"";"A Distância";
"1218649";"18";"5752011";"";"";"2046750";"GRADUAÇÃO";"";"NATAL/RN";"2014";"1";"2014-01-27";"2014-06-14";"";"1";"";"REGULAR";"t";"2014-06-25 15:16:31.733";"f";"";"0";"CONSOLIDADA";"";"A Distância";
"1218650";"03";"5752011";"";"";"2046750";"GRADUAÇÃO";"";"NOVA CRUZ/RN";"2014";"1";"2014-01-27";"2014-06-14";"";"3";"";"REGULAR";"t";"2014-06-25 15:11:38.418";"f";"";"0";"CONSOLIDADA";"";"A Distância";
"1218651";"21";"5752011";"";"";"2046750";"GRADUAÇÃO";"";"PARNAMIRIM/RN";"2014";"1";"2014-01-27";"2014-06-14";"";"3";"";"REGULAR";"t";"2014-06-25 15:13:26.193";"f";"";"0";"CONSOLIDADA";"";"A Distância";
"1218652";"01";"5753706";"";"";"21428";"GRADUAÇÃO";"Campus Central";"4A5";"2014";"1";"2014-01-27";"2014-06-14";"3T345";"20";"40";"REGULAR";"f";"2014-06-09 16:54:40.543";"f";"";"51";"CONSOLIDADA";"";"Presencial";
"1218653";"01";"24047";"";"";"22806";"GRADUAÇÃO";"Campus Central";"4C1";"2014";"1";"2014-01-27";"2014-06-14";"6N123";"27";"30";"REGULAR";"f";"2014-06-06 12:05:04.881";"f";"";"49";"CONSOLIDADA";"";"Presencial";
"1218654";"14";"23122";"";"";"2046765";"GRADUAÇÃO";"";"CAICÓ/RN";"2014";"1";"2014-01-27";"2014-06-14";"";"5";"";"REGULAR";"t";"2014-06-08 10:08:19.866";"f";"";"0";"CONSOLIDADA";"";"A Distância";
"1218655";"02";"23122";"";"";"2046765";"GRADUAÇÃO";"";"CURRAIS NOVOS/RN";"2014";"1";"2014-01-27";"2014-06-14";"";"3";"";"REGULAR";"t";"2014-06-08 10:05:03.623";"f";"";"0";"CONSOLIDADA";"";"A Distância";
"1218656";"11";"23122";"";"";"2046765";"GRADUAÇÃO";"";"EXTREMOZ/RN";"2014";"1";"2014-01-27";"2014-06-14";"";"3";"";"REGULAR";"t";"2014-06-08 10:06:11.003";"f";"";"0";"CONSOLIDADA";"";"A Distância";
"1218657";"20";"23122";"";"";"2046765";"GRADUAÇÃO";"";"GROSSOS/RN";"2014";"1";"2014-01-27";"2014-06-14";"";"3";"";"REGULAR";"t";"2014-06-08 10:10:45.996";"f";"";"0";"CONSOLIDADA";"";"A Distância";
"1218658";"15";"23122";"";"";"2046765";"GRADUAÇÃO";"";"LAJES/RN";"2014";"1";"2014-01-27";"2014-06-14";"";"3";"";"REGULAR";"t";"2014-06-08 10:08:55.892";"f";"";"0";"CONSOLIDADA";"";"A Distância";
"1218659";"12";"23122";"";"";"2046765";"GRADUAÇÃO";"";"LUÍS GOMES/RN";"2014";"1";"2014-01-27";"2014-06-14";"";"4";"";"REGULAR";"t";"2014-06-08 10:06:55.885";"f";"";"0";"CONSOLIDADA";"";"A Distância";
"1218660";"01";"23122";"";"";"2046765";"GRADUAÇÃO";"";"MACAU/RN";"2014";"1";"2014-01-27";"2014-06-14";"";"3";"";"REGULAR";"t";"2014-06-08 10:04:17.979";"f";"";"0";"CONSOLIDADA";"";"A Distância";
"1218661";"16";"23122";"";"";"2046765";"GRADUAÇÃO";"";"MARCELINO VIEIRA/RN";"2014";"1";"2014-01-27";"2014-06-14";"";"12";"";"REGULAR";"t";"2014-06-08 10:09:34.333";"f";"";"0";"CONSOLIDADA";"";"A Distância";
"1218662";"13";"23122";"";"";"2046765";"GRADUAÇÃO";"";"MARTINS/RN";"2014";"1";"2014-01-27";"2014-06-14";"";"2";"";"REGULAR";"t";"2014-06-08 10:07:33.283";"f";"";"0";"CONSOLIDADA";"";"A Distância";
"1218663";"18";"23122";"";"";"2046765";"GRADUAÇÃO";"";"NATAL/RN";"2014";"1";"2014-01-27";"2014-06-14";"";"6";"";"REGULAR";"t";"2014-06-08 10:10:07.522";"f";"";"0";"CONSOLIDADA";"";"A Distância";
"1218664";"03";"23122";"";"";"2046765";"GRADUAÇÃO";"";"NOVA CRUZ/RN";"2014";"1";"2014-01-27";"2014-06-14";"";"3";"";"REGULAR";"t";"2014-06-08 10:05:38.33";"f";"";"0";"CONSOLIDADA";"";"A Distância";
"1218665";"21";"23122";"";"";"2046765";"GRADUAÇÃO";"";"PARNAMIRIM/RN";"2014";"1";"2014-01-27";"2014-06-14";"";"2";"";"REGULAR";"t";"2014-06-08 10:11:23.963";"f";"";"0";"CONSOLIDADA";"";"A Distância";
"1218666";"14";"18129";"";"";"2046762";"GRADUAÇÃO";"";"CAICÓ/RN";"2014";"1";"2014-01-27";"2014-06-14";"";"9";"";"REGULAR";"t";"2014-06-05 11:24:44.478";"f";"";"0";"CONSOLIDADA";"";"A Distância";
"1218667";"02";"18129";"";"";"2046762";"GRADUAÇÃO";"";"CURRIAS NOVOS/RN";"2014";"1";"2014-01-27";"2014-06-14";"";"1";"";"REGULAR";"t";"2014-06-05 11:20:12.95";"f";"";"0";"CONSOLIDADA";"";"A Distância";
"1218668";"11";"18129";"";"";"2046762";"GRADUAÇÃO";"";"EXTREMOZ/RN";"2014";"1";"2014-01-27";"2014-06-14";"";"";"";"REGULAR";"t";"";"f";"";"";"EXCLUÍDA";"";"A Distância";
"1218669";"20";"18129";"";"";"2046762";"GRADUAÇÃO";"";"GROSSOS/RN";"2014";"1";"2014-01-27";"2014-06-14";"";"10";"";"REGULAR";"t";"2014-06-10 17:27:46.758";"f";"";"0";"CONSOLIDADA";"";"A Distância";
"1218670";"15";"18129";"";"";"2046762";"GRADUAÇÃO";"";"LAJES/RN";"2014";"1";"2014-01-27";"2014-06-14";"";"5";"";"REGULAR";"t";"2014-06-10 17:23:35.787";"f";"";"0";"CONSOLIDADA";"";"A Distância";
"1218671";"12";"18129";"";"";"2046762";"GRADUAÇÃO";"";"LUÍS GOMES/RN";"2014";"1";"2014-01-27";"2014-06-14";"";"12";"";"REGULAR";"t";"2014-06-10 17:20:55.538";"f";"";"0";"CONSOLIDADA";"";"A Distância";
"1218672";"01";"18129";"";"";"2046762";"GRADUAÇÃO";"";"MACAU/RN";"2014";"1";"2014-01-27";"2014-06-14";"";"4";"";"REGULAR";"t";"2014-06-05 11:15:36.426";"f";"";"0";"CONSOLIDADA";"";"A Distância";
"1218673";"16";"18129";"";"";"2046762";"GRADUAÇÃO";"";"MARCELINO VIEIRA/RN";"2014";"1";"2014-01-27";"2014-06-14";"";"7";"";"REGULAR";"t";"2014-06-10 17:24:30.614";"f";"";"0";"CONSOLIDADA";"";"A Distância";
"1218674";"13";"18129";"";"";"2046762";"GRADUAÇÃO";"";"MARTINS/RN";"2014";"1";"2014-01-27";"2014-06-14";"";"13";"";"REGULAR";"t";"2014-06-10 17:22:26.633";"f";"";"0";"CONSOLIDADA";"";"A Distância";
"1218675";"18";"18129";"";"";"2046762";"GRADUAÇÃO";"";"NATAL/RN";"2014";"1";"2014-01-27";"2014-06-14";"";"4";"";"REGULAR";"t";"2014-06-10 17:25:12.003";"f";"";"0";"CONSOLIDADA";"";"A Distância";
"1218676";"03";"18129";"";"";"2046762";"GRADUAÇÃO";"";"NOVA CRUZ/RN";"2014";"1";"2014-01-27";"2014-06-14";"";"5";"";"REGULAR";"t";"2014-06-10 17:19:46.295";"f";"";"0";"CONSOLIDADA";"";"A Distância";
"1218677";"21";"18129";"";"";"2046762";"GRADUAÇÃO";"";"PARNAMIRIM/RN";"2014";"1";"2014-01-27";"2014-06-14";"";"8";"";"REGULAR";"t";"2014-06-10 17:28:39.666";"f";"";"0";"CONSOLIDADA";"";"A Distância";
"1218678";"14";"21571";"";"";"2046764";"GRADUAÇÃO";"";"CAICÓ/RN";"2014";"1";"2014-01-27";"2014-06-14";"";"11";"";"REGULAR";"t";"2014-06-21 10:57:50.861";"f";"";"0";"CONSOLIDADA";"";"A Distância";
"1218679";"02";"21571";"";"";"2046764";"GRADUAÇÃO";"";"CURRIAS NOVOS/RN";"2014";"1";"2014-01-27";"2014-06-14";"";"6";"";"REGULAR";"t";"2014-06-20 16:04:40.006";"f";"";"0";"CONSOLIDADA";"";"A Distância";
"1218680";"11";"21571";"";"";"2046764";"GRADUAÇÃO";"";"EXTREMOZ/RN";"2014";"1";"2014-01-27";"2014-06-14";"";"3";"";"REGULAR";"t";"2014-06-20 21:14:42.522";"f";"";"0";"CONSOLIDADA";"";"A Distância";
"1218681";"20";"21571";"";"";"2046764";"GRADUAÇÃO";"";"GROSSOS/RN";"2014";"1";"2014-01-27";"2014-06-14";"";"2";"";"REGULAR";"t";"2014-06-20 22:02:45.956";"f";"";"0";"CONSOLIDADA";"";"A Distância";
"1218682";"15";"21571";"";"";"2046764";"GRADUAÇÃO";"";"LAJES/RN";"2014";"1";"2014-01-27";"2014-06-14";"";"4";"";"REGULAR";"t";"2014-06-20 21:35:33.017";"f";"";"0";"CONSOLIDADA";"";"A Distância";
"1218683";"12";"21571";"";"";"2046764";"GRADUAÇÃO";"";"LUÍS GOMES/RN";"2014";"1";"2014-01-27";"2014-06-14";"";"28";"";"REGULAR";"t";"2014-06-20 15:51:15.739";"f";"";"0";"CONSOLIDADA";"";"A Distância";
"1218684";"01";"21571";"";"";"2046764";"GRADUAÇÃO";"";"MACAU/RN";"2014";"1";"2014-01-27";"2014-06-14";"";"12";"";"REGULAR";"t";"2014-06-20 15:58:46.819";"f";"";"0";"CONSOLIDADA";"";"A Distância";
"1218685";"16";"21571";"";"";"2046764";"GRADUAÇÃO";"";"MARCELINO VIEIRA/RN";"2014";"1";"2014-01-27";"2014-06-14";"";"9";"";"REGULAR";"t";"2014-06-21 11:01:17.371";"f";"";"0";"CONSOLIDADA";"";"A Distância";
"1218686";"13";"21571";"";"";"2046764";"GRADUAÇÃO";"";"MARTINS/RN";"2014";"1";"2014-01-27";"2014-06-14";"";"12";"";"REGULAR";"t";"2014-06-21 10:56:48.549";"f";"";"0";"CONSOLIDADA";"";"A Distância";
"1218687";"18";"21571";"";"";"2046764";"GRADUAÇÃO";"";"NATAL/RN";"2014";"1";"2014-01-27";"2014-06-14";"";"6";"";"REGULAR";"t";"2014-06-20 22:10:05.234";"f";"";"0";"CONSOLIDADA";"";"A Distância";
"1218688";"03";"21571";"";"";"2046764";"GRADUAÇÃO";"";"NOVA CRUZ/RN";"2014";"1";"2014-01-27";"2014-06-14";"";"12";"";"REGULAR";"t";"2014-06-20 16:12:02.621";"f";"";"0";"CONSOLIDADA";"";"A Distância";
"1218689";"21";"21571";"";"";"2046764";"GRADUAÇÃO";"";"PARNAMIRIM/RN";"2014";"1";"2014-01-27";"2014-06-14";"";"10";"";"REGULAR";"t";"2014-06-21 11:03:51.956";"f";"";"0";"CONSOLIDADA";"";"A Distância";
"1218690";"14";"5752222";"";"";"24574";"GRADUAÇÃO";"";"CAICÓ/RN";"2014";"1";"2014-01-27";"2014-06-14";"";"3";"";"REGULAR";"t";"2014-06-21 06:01:30.907";"f";"";"0";"CONSOLIDADA";"";"A Distância";
"1218691";"02";"5752222";"";"";"24574";"GRADUAÇÃO";"";"CURRIAS NOVOS/RN";"2014";"1";"2014-01-27";"2014-06-14";"";"3";"";"REGULAR";"t";"2014-06-21 06:00:21.218";"f";"";"0";"CONSOLIDADA";"";"A Distância";
"1218692";"01";"5752222";"";"";"24574";"GRADUAÇÃO";"";"MACAU/RN";"2014";"1";"2014-01-27";"2014-06-14";"";"";"";"REGULAR";"t";"2014-06-21 05:59:06.139";"f";"";"0";"CONSOLIDADA";"";"A Distância";
"1218693";"18";"5752222";"";"";"24574";"GRADUAÇÃO";"";"NATAL/RN";"2014";"1";"2014-01-27";"2014-06-14";"";"";"";"REGULAR";"t";"";"f";"";"";"EXCLUÍDA";"";"A Distância";
"1218694";"21";"5752222";"";"";"24574";"GRADUAÇÃO";"";"PARNAMIRIM/RN";"2014";"1";"2014-01-27";"2014-06-14";"";"2";"";"REGULAR";"t";"2014-06-21 06:02:39.477";"f";"";"0";"CONSOLIDADA";"";"A Distância";
"1218695";"14";"2258517";"";"";"2046777";"GRADUAÇÃO";"";"CAICÓ/RN";"2014";"1";"2014-01-27";"2014-06-14";"";"24";"";"REGULAR";"t";"2014-06-17 12:07:02.893";"f";"";"0";"CONSOLIDADA";"";"A Distância";
"1218696";"02";"2258517";"";"";"2046777";"GRADUAÇÃO";"";"CURRIAS NOVOS/RN";"2014";"1";"2014-01-27";"2014-06-14";"";"6";"";"REGULAR";"t";"2014-06-17 09:49:44.172";"f";"";"0";"CONSOLIDADA";"";"A Distância";
"1218697";"11";"2258517";"";"";"2046777";"GRADUAÇÃO";"";"EXTREMOZ/RN";"2014";"1";"2014-01-27";"2014-06-14";"";"2";"";"REGULAR";"t";"2014-06-17 11:59:56.915";"f";"";"0";"CONSOLIDADA";"";"A Distância";
"1218698";"20";"2258517";"";"";"2046777";"GRADUAÇÃO";"";"GROSSOS/RN";"2014";"1";"2014-01-27";"2014-06-14";"";"28";"";"REGULAR";"t";"2014-06-18 09:26:56.561";"f";"";"0";"CONSOLIDADA";"";"A Distância";
"1218699";"15";"2258517";"";"";"2046777";"GRADUAÇÃO";"";"LAJES/RN";"2014";"1";"2014-01-27";"2014-06-14";"";"4";"";"REGULAR";"t";"2014-06-17 12:38:10.411";"f";"";"0";"CONSOLIDADA";"";"A Distância";
"1218700";"12";"2258517";"";"";"2046777";"GRADUAÇÃO";"";"LUÍS GOMES/RN";"2014";"1";"2014-01-27";"2014-06-14";"";"38";"";"REGULAR";"t";"2014-06-17 12:02:04.503";"f";"";"0";"CONSOLIDADA";"";"A Distância";
"1218701";"01";"2258517";"";"";"2046777";"GRADUAÇÃO";"";"MACAU/RN";"2014";"1";"2014-01-27";"2014-06-14";"";"18";"";"REGULAR";"t";"2014-06-17 09:48:30.289";"f";"";"0";"CONSOLIDADA";"";"A Distância";
"1218702";"16";"2258517";"";"";"2046777";"GRADUAÇÃO";"";"MARCELINO VIEIRA/RN";"2014";"1";"2014-01-27";"2014-06-14";"";"4";"";"REGULAR";"t";"2014-06-18 09:24:58.238";"f";"";"0";"CONSOLIDADA";"";"A Distância";
"1218703";"13";"2258517";"";"";"2046777";"GRADUAÇÃO";"";"MARTINS/RN";"2014";"1";"2014-01-27";"2014-06-14";"";"22";"";"REGULAR";"t";"2014-06-17 12:03:34.026";"f";"";"0";"CONSOLIDADA";"";"A Distância";
"1218704";"18";"2258517";"";"";"2046777";"GRADUAÇÃO";"";"NATAL/RN";"2014";"1";"2014-01-27";"2014-06-14";"";"17";"";"REGULAR";"t";"2014-06-18 09:25:53.16";"f";"";"0";"CONSOLIDADA";"";"A Distância";
"1218705";"03";"2258517";"";"";"2046777";"GRADUAÇÃO";"";"NOVA CRUZ/RN";"2014";"1";"2014-01-27";"2014-06-14";"";"37";"";"REGULAR";"t";"2014-06-17 11:48:55.343";"f";"";"0";"CONSOLIDADA";"";"A Distância";
"1218706";"21";"2258517";"";"";"2046777";"GRADUAÇÃO";"";"PARNAMIRIM/RN";"2014";"1";"2014-01-27";"2014-06-14";"";"20";"";"REGULAR";"t";"2014-06-18 09:28:26.209";"f";"";"0";"CONSOLIDADA";"";"A Distância";
"1218707";"01";"5755444";"";"";"25639";"GRADUAÇÃO";"Campus Central";"2-H-4";"2014";"1";"2014-01-27";"2014-06-14";"35T34";"25";"45";"REGULAR";"f";"2014-06-23 21:18:07.296";"f";"";"72";"CONSOLIDADA";"";"Presencial";
"1218708";"02";"5755497";"";"";"25639";"GRADUAÇÃO";"Campus Central";"2-H-5";"2014";"1";"2014-01-27";"2014-06-14";"24N34";"35";"45";"REGULAR";"f";"2014-06-17 23:37:44.156";"f";"";"66";"CONSOLIDADA";"";"Presencial";
"1218709";"14";"5753860";"";"";"2046752";"GRADUAÇÃO";"";"CAICÓ/RN";"2014";"1";"2014-01-27";"2014-06-14";"";"6";"";"REGULAR";"t";"2014-06-03 14:47:11.112";"f";"";"0";"CONSOLIDADA";"";"A Distância";
"1218710";"02";"5753860";"";"";"2046752";"GRADUAÇÃO";"";"CURRAIS NOVOS/RN";"2014";"1";"2014-01-27";"2014-06-14";"";"4";"";"REGULAR";"t";"2014-06-03 14:43:44.669";"f";"";"0";"CONSOLIDADA";"";"A Distância";
"1218711";"11";"5753860";"";"";"2046752";"GRADUAÇÃO";"";"EXTREMOZ/RN";"2014";"1";"2014-01-27";"2014-06-14";"";"";"";"REGULAR";"t";"";"f";"";"";"EXCLUÍDA";"";"A Distância";
"1218712";"20";"5753860";"";"";"2046752";"GRADUAÇÃO";"";"GROSSOS/RN";"2014";"1";"2014-01-27";"2014-06-14";"";"";"";"REGULAR";"t";"";"f";"";"";"EXCLUÍDA";"";"A Distância";
"1218713";"15";"5753860";"";"";"2046752";"GRADUAÇÃO";"";"LAJES/RN";"2014";"1";"2014-01-27";"2014-06-14";"";"2";"";"REGULAR";"t";"2014-06-03 14:48:46.007";"f";"";"0";"CONSOLIDADA";"";"A Distância";
"1218714";"12";"5753860";"";"";"2046752";"GRADUAÇÃO";"";"LUÍS GOMES/RN";"2014";"1";"2014-01-27";"2014-06-14";"";"";"";"REGULAR";"t";"";"f";"";"";"EXCLUÍDA";"";"A Distância";
"1218715";"01";"5753860";"";"";"2046752";"GRADUAÇÃO";"";"MACAU/RN";"2014";"1";"2014-01-27";"2014-06-14";"";"";"";"REGULAR";"t";"2014-06-03 14:35:15.835";"f";"";"0";"CONSOLIDADA";"";"A Distância";
"1218716";"16";"5753860";"";"";"2046752";"GRADUAÇÃO";"";"MARCELINO VIEIRA/RN";"2014";"1";"2014-01-27";"2014-06-14";"";"";"";"REGULAR";"t";"";"f";"";"";"EXCLUÍDA";"";"A Distância";
"1218717";"13";"5753860";"";"";"2046752";"GRADUAÇÃO";"";"MARTINS/RN";"2014";"1";"2014-01-27";"2014-06-14";"";"3";"";"REGULAR";"t";"2014-06-03 14:45:21.275";"f";"";"0";"CONSOLIDADA";"";"A Distância";
"1218718";"18";"5753860";"";"";"2046752";"GRADUAÇÃO";"";"NATAL/RN";"2014";"1";"2014-01-27";"2014-06-14";"";"1";"";"REGULAR";"t";"2014-06-03 14:49:50.596";"f";"";"0";"CONSOLIDADA";"";"A Distância";
"1218719";"03";"5753860";"";"";"2046752";"GRADUAÇÃO";"";"NOVA CRUZ/RN";"2014";"1";"2014-01-27";"2014-06-14";"";"";"";"REGULAR";"t";"";"f";"";"";"EXCLUÍDA";"";"A Distância";
"1218720";"21";"5753860";"";"";"2046752";"GRADUAÇÃO";"";"PARNAMIRIM/RN";"2014";"1";"2014-01-27";"2014-06-14";"";"1";"";"REGULAR";"t";"2014-06-03 14:54:03.199";"f";"";"0";"CONSOLIDADA";"";"A Distância";
"1218721";"03";"5755497";"";"";"25639";"GRADUAÇÃO";"Campus Central";"2-H-1";"2014";"1";"2014-01-27";"2014-06-14";"35T12";"26";"45";"REGULAR";"f";"2014-06-02 08:26:25.158";"f";"";"66";"CONSOLIDADA";"";"Presencial";
"1218723";"01";"20829";"";"";"20470";"GRADUAÇÃO";"Campus Currais Novos";"CAMPUS DE C.NOVOS";"2014";"1";"2014-01-27";"2014-06-14";"45T56";"8";"55";"REGULAR";"f";"2014-06-13 11:18:14.641";"f";"";"72";"CONSOLIDADA";"";"Presencial";
"1218725";"05";"5753895";"";"";"25639";"GRADUAÇÃO";"Campus Central";"Sala K - DEART";"2014";"1";"2014-01-27";"2014-06-14";"24M12";"16";"45";"REGULAR";"f";"2014-06-13 08:37:31.749";"f";"";"74";"CONSOLIDADA";"";"Presencial";
"1218726";"01";"5756347";"";"";"23145";"GRADUAÇÃO";"Campus Central";"2-G-1";"2014";"1";"2014-01-27";"2014-06-14";"35N34";"30";"45";"REGULAR";"f";"2014-06-19 19:43:01.703";"f";"";"71";"CONSOLIDADA";"";"Presencial";
"1218727";"02";"5756347";"";"";"23145";"GRADUAÇÃO";"Campus Central";"2-B-4";"2014";"1";"2014-01-27";"2014-06-14";"35N12";"42";"45";"REGULAR";"f";"2014-06-20 01:16:14.056";"f";"";"66";"CONSOLIDADA";"";"Presencial";
"1218728";"03";"5755444";"";"";"23145";"GRADUAÇÃO";"Campus Central";"2-H-1";"2014";"1";"2014-01-27";"2014-06-14";"35N12";"32";"45";"REGULAR";"f";"2014-06-23 07:15:49.973";"f";"";"70";"CONSOLIDADA";"";"Presencial";
"1218729";"01";"5755497";"";"";"2050501";"GRADUAÇÃO";"Campus Central";"2-I-7";"2014";"1";"2014-01-27";"2014-06-14";"5T34";"37";"50";"REGULAR";"f";"2014-06-06 21:39:38.12";"f";"";"34";"CONSOLIDADA";"";"Presencial";
"1218730";"02";"5755497";"";"";"2050501";"GRADUAÇÃO";"Campus Central";"2-I-7";"2014";"1";"2014-01-27";"2014-06-14";"6N12";"46";"50";"REGULAR";"f";"2014-06-17 23:45:18.539";"f";"";"34";"CONSOLIDADA";"";"Presencial";
"1218731";"01";"5755444";"";"";"2050502";"GRADUAÇÃO";"Campus Central";"2-I-8";"2014";"1";"2014-01-27";"2014-06-14";"4T12";"31";"50";"REGULAR";"f";"2014-06-23 07:22:17.898";"f";"";"36";"CONSOLIDADA";"";"Presencial";
"1218732";"02";"5755444";"";"";"2050502";"GRADUAÇÃO";"Campus Central";"2-I-8";"2014";"1";"2014-01-27";"2014-06-14";"6N12";"41";"50";"REGULAR";"f";"2014-06-23 07:30:14.445";"f";"";"38";"CONSOLIDADA";"";"Presencial";
"1218733";"01";"15496";"";"";"25603";"GRADUAÇÃO";"Campus Central";"1-H-3";"2014";"1";"2014-01-27";"2014-06-14";"24T34";"32";"40";"REGULAR";"f";"2014-06-13 18:02:27.231";"f";"";"74";"CONSOLIDADA";"";"Presencial";
"1218734";"02";"5753895";"";"";"25603";"GRADUAÇÃO";"Campus Central";"2-E-1";"2014";"1";"2014-01-27";"2014-06-14";"24M56";"28";"60";"REGULAR";"f";"2014-06-13 08:43:52.03";"f";"";"74";"CONSOLIDADA";"";"Presencial";
"1218735";"14";"25988";"";"";"2046778";"GRADUAÇÃO";"";"CAICÓ/RN";"2014";"1";"2014-01-27";"2014-06-14";"";"28";"";"REGULAR";"t";"2014-06-18 17:28:00.296";"f";"";"0";"CONSOLIDADA";"";"A Distância";
"1218736";"02";"25988";"";"";"2046778";"GRADUAÇÃO";"";"CURRAIS NOVOS/RN";"2014";"1";"2014-01-27";"2014-06-14";"";"6";"";"REGULAR";"t";"2014-06-18 17:22:29.664";"f";"";"0";"CONSOLIDADA";"";"A Distância";
"1218737";"11";"25988";"";"";"2046778";"GRADUAÇÃO";"";"EXTREMOZ/RN";"2014";"1";"2014-01-27";"2014-06-14";"";"5";"";"REGULAR";"t";"2014-06-18 17:24:47.942";"f";"";"0";"CONSOLIDADA";"";"A Distância";
"1218738";"20";"25988";"";"";"2046778";"GRADUAÇÃO";"";"GROSSOS/RN";"2014";"1";"2014-01-27";"2014-06-14";"";"28";"";"REGULAR";"t";"2014-06-18 17:32:22.305";"f";"";"0";"CONSOLIDADA";"";"A Distância";
"1218739";"15";"25988";"";"";"2046778";"GRADUAÇÃO";"";"LAJES/RN";"2014";"1";"2014-01-27";"2014-06-14";"";"9";"";"REGULAR";"t";"2014-06-18 17:29:03.346";"f";"";"0";"CONSOLIDADA";"";"A Distância";
"1218740";"12";"25988";"";"";"2046778";"GRADUAÇÃO";"";"LUÍS GOMES/RN";"2014";"1";"2014-01-27";"2014-06-14";"";"37";"";"REGULAR";"t";"2014-06-18 17:26:03.195";"f";"";"0";"CONSOLIDADA";"";"A Distância";
"1218741";"01";"25988";"";"";"2046778";"GRADUAÇÃO";"";"MACAU/RN";"2014";"1";"2014-01-27";"2014-06-14";"";"19";"";"REGULAR";"t";"2014-06-18 17:21:19.979";"f";"";"0";"CONSOLIDADA";"";"A Distância";
"1218742";"16";"25988";"";"";"2046778";"GRADUAÇÃO";"";"MARCELINO VIEIRA/RN";"2014";"1";"2014-01-27";"2014-06-14";"";"8";"";"REGULAR";"t";"2014-06-18 17:29:54.296";"f";"";"0";"CONSOLIDADA";"";"A Distância";
"1218743";"13";"25988";"";"";"2046778";"GRADUAÇÃO";"";"MARTINS/RN";"2014";"1";"2014-01-27";"2014-06-14";"";"18";"";"REGULAR";"t";"2014-06-18 17:27:02.681";"f";"";"0";"CONSOLIDADA";"";"A Distância";
"1218744";"18";"25988";"";"";"2046778";"GRADUAÇÃO";"";"NATAL/RN";"2014";"1";"2014-01-27";"2014-06-14";"";"20";"";"REGULAR";"t";"2014-06-18 17:31:21.084";"f";"";"0";"CONSOLIDADA";"";"A Distância";
"1218745";"03";"25988";"";"";"2046778";"GRADUAÇÃO";"";"NOVA CRUZ/RN";"2014";"1";"2014-01-27";"2014-06-14";"";"38";"";"REGULAR";"t";"2014-06-18 17:23:41.56";"f";"";"0";"CONSOLIDADA";"";"A Distância";
"1218746";"21";"25988";"";"";"2046778";"GRADUAÇÃO";"";"PARNAMIRIM/RN";"2014";"1";"2014-01-27";"2014-06-14";"";"20";"";"REGULAR";"t";"2014-06-18 17:34:10.248";"f";"";"0";"CONSOLIDADA";"";"A Distância";
"1218747";"01";"5756588";"";"";"46963";"GRADUAÇÃO";"Campus Central";"4A8";"2014";"1";"2014-01-27";"2014-06-14";"35M34";"25";"35";"REGULAR";"f";"2014-06-13 08:45:23.823";"f";"";"69";"CONSOLIDADA";"";"Presencial";
"1218748";"02";"5756588";"";"";"46963";"GRADUAÇÃO";"Campus Central";"4A1";"2014";"1";"2014-01-27";"2014-06-14";"24T12";"27";"35";"REGULAR";"f";"2014-06-13 08:50:30.812";"f";"";"67";"CONSOLIDADA";"";"Presencial";
"1218749";"01";"16978";"";"";"46968";"GRADUAÇÃO";"Campus Central";"4A6";"2014";"1";"2014-01-27";"2014-06-14";"35M12";"41";"35";"REGULAR";"f";"2014-06-10 20:04:30.402";"f";"";"66";"CONSOLIDADA";"";"Presencial";
"1218750";"03";"5753895";"";"";"25603";"GRADUAÇÃO";"Campus Central";"2-E-1";"2014";"1";"2014-01-27";"2014-06-14";"24N12";"21";"60";"REGULAR";"f";"2014-06-13 08:57:55.013";"f";"";"74";"CONSOLIDADA";"";"Presencial";
"1218751";"02";"16978";"";"";"46968";"GRADUAÇÃO";"Campus Central";"4A3";"2014";"1";"2014-01-27";"2014-06-14";"35T34";"21";"30";"REGULAR";"f";"2014-06-10 19:18:32.423";"f";"";"66";"CONSOLIDADA";"";"Presencial";
"1218752";"01";"5754735";"";"";"46985";"GRADUAÇÃO";"Campus Central";"4A7";"2014";"1";"2014-01-27";"2014-06-14";"35M12";"17";"35";"REGULAR";"f";"2014-06-13 15:48:59.611";"f";"";"76";"CONSOLIDADA";"";"Presencial";
"1218753";"04";"5756347";"";"";"25603";"GRADUAÇÃO";"Campus Central";"2-F-1";"2014";"1";"2014-01-27";"2014-06-14";"24N12";"8";"50";"REGULAR";"f";"2014-06-20 21:43:29.088";"f";"";"68";"CONSOLIDADA";"";"Presencial";
"1218754";"02";"5754735";"";"";"46985";"GRADUAÇÃO";"Campus Central";"4C1";"2014";"1";"2014-01-27";"2014-06-14";"35N12";"44";"36";"REGULAR";"f";"2014-06-13 15:50:06.699";"f";"";"76";"CONSOLIDADA";"";"Presencial";
"1218755";"05";"5756453";"";"";"25603";"GRADUAÇÃO";"Campus Central";"2-F-1";"2014";"1";"2014-01-27";"2014-06-14";"24N34";"13";"50";"REGULAR";"f";"2014-06-11 21:39:27.779";"f";"";"66";"CONSOLIDADA";"";"Presencial";
"1218756";"06";"22897";"";"";"25603";"GRADUAÇÃO";"Campus Central";"3-A-3";"2014";"1";"2014-01-27";"2014-06-14";"35T34";"31";"40";"REGULAR";"f";"2014-06-10 13:43:02.046";"f";"";"70";"CONSOLIDADA";"";"Presencial";
"1218758";"08";"5756453";"";"";"25603";"GRADUAÇÃO";"Campus Central";"3-A-3";"2014";"1";"2014-01-27";"2014-06-14";"35N12";"51";"65";"REGULAR";"f";"2014-06-11 20:50:54.313";"f";"";"72";"CONSOLIDADA";"";"Presencial";
"1218759";"09";"5756347";"";"";"25603";"GRADUAÇÃO";"Campus Central";"3-H-2";"2014";"1";"2014-01-27";"2014-06-14";"35M12";"38";"55";"REGULAR";"f";"2014-06-20 21:04:37.843";"f";"";"72";"CONSOLIDADA";"";"Presencial";
"1218760";"10";"22897";"";"";"25603";"GRADUAÇÃO";"Campus Central";"3-H-2";"2014";"1";"2014-01-27";"2014-06-14";"35M34";"31";"70";"REGULAR";"f";"2014-06-12 23:50:22.984";"f";"";"68";"CONSOLIDADA";"";"Presencial";
"1218761";"11";"15496";"";"";"25603";"GRADUAÇÃO";"Campus Central";"1-B-5";"2014";"1";"2014-01-27";"2014-06-14";"24M34";"30";"51";"REGULAR";"f";"2014-06-13 18:04:50.682";"f";"";"74";"CONSOLIDADA";"";"Presencial";
"1218762";"01";"5756453";"";"";"23313";"GRADUAÇÃO";"Campus Central";"2-E-2";"2014";"1";"2014-01-27";"2014-06-14";"24N12";"57";"50";"REGULAR";"f";"2014-06-11 20:36:44.325";"f";"";"68";"CONSOLIDADA";"";"Presencial";
"1218763";"02";"5753666";"";"";"23313";"GRADUAÇÃO";"Campus Central";"2-E-2";"2014";"1";"2014-01-27";"2014-06-14";"24M56";"32";"50";"REGULAR";"f";"2014-06-21 09:21:00.789";"f";"";"68";"CONSOLIDADA";"";"Presencial";
"1218764";"01";"15496";"";"";"2055514";"GRADUAÇÃO";"Campus Central";"A definir";"2014";"1";"2014-01-27";"2014-06-14";"24T12";"30";"55";"REGULAR";"f";"2014-06-13 18:00:05.938";"f";"";"74";"CONSOLIDADA";"";"Presencial";
"1218765";"02";"5755497";"";"";"2055514";"GRADUAÇÃO";"Campus Central";"A definir";"2014";"1";"2014-01-27";"2014-06-14";"24N12";"26";"60";"REGULAR";"f";"2014-06-06 21:31:36.237";"f";"";"66";"CONSOLIDADA";"";"Presencial";
"1218766";"01";"5756376";"";"";"2047404";"GRADUAÇÃO";"Campus Caicó";"Sala A7";"2014";"1";"2014-01-27";"2014-06-14";"4N1234";"20";"40";"REGULAR";"f";"2014-06-13 09:33:10.772";"f";"";"76";"CONSOLIDADA";"";"Presencial";
"1218767";"02";"5756376";"";"";"2047404";"GRADUAÇÃO";"Campus Caicó";"Sala A7";"2014";"1";"2014-01-27";"2014-06-14";"4M1234";"25";"40";"REGULAR";"f";"2014-06-13 09:38:45.511";"f";"";"76";"CONSOLIDADA";"";"Presencial";
"1218768";"01";"19013";"";"";"2053851";"GRADUAÇÃO";"Campus Central";"Departamento de Enfermagem";"2014";"1";"2014-01-27";"2014-06-14";"3T23";"33";"30";"REGULAR";"f";"2014-06-10 23:10:41.5";"f";"";"38";"CONSOLIDADA";"";"Presencial";
"1218770";"14";"23122";"";"";"2046753";"GRADUAÇÃO";"";"CAICÓ/RN";"2014";"1";"2014-01-27";"2014-06-14";"";"6";"";"REGULAR";"t";"2014-06-08 10:17:20.287";"f";"";"0";"CONSOLIDADA";"";"A Distância";
"1218771";"02";"23122";"";"";"2046753";"GRADUAÇÃO";"";"CURRIAS NOVOS/RN";"2014";"1";"2014-01-27";"2014-06-14";"";"4";"";"REGULAR";"t";"2014-06-08 10:14:53.742";"f";"";"0";"CONSOLIDADA";"";"A Distância";
"1218772";"11";"23122";"";"";"2046753";"GRADUAÇÃO";"";"EXTREMOZ/RN";"2014";"1";"2014-01-27";"2014-06-14";"";"";"";"REGULAR";"t";"";"f";"";"";"EXCLUÍDA";"";"A Distância";
"1218773";"20";"23122";"";"";"2046753";"GRADUAÇÃO";"";"GROSSOS/RN";"2014";"1";"2014-01-27";"2014-06-14";"";"2";"";"REGULAR";"t";"2014-06-08 10:19:08.1";"f";"";"0";"CONSOLIDADA";"";"A Distância";
"1218774";"15";"23122";"";"";"2046753";"GRADUAÇÃO";"";"LAJES/RN";"2014";"1";"2014-01-27";"2014-06-14";"";"2";"";"REGULAR";"t";"2014-06-08 10:17:59.915";"f";"";"0";"CONSOLIDADA";"";"A Distância";
"1218775";"12";"23122";"";"";"2046753";"GRADUAÇÃO";"";"LUÍS GOMES/RN";"2014";"1";"2014-01-27";"2014-06-14";"";"1";"";"REGULAR";"t";"";"f";"";"";"INTERROMPIDA";"";"A Distância";
"1218776";"01";"23122";"";"";"2046753";"GRADUAÇÃO";"";"MACAU/RN";"2014";"1";"2014-01-27";"2014-06-14";"";"1";"";"REGULAR";"t";"2014-06-08 10:13:30.903";"f";"";"0";"CONSOLIDADA";"";"A Distância";
"1218777";"13";"23122";"";"";"2046753";"GRADUAÇÃO";"";"MARTINS/RN";"2014";"1";"2014-01-27";"2014-06-14";"";"2";"";"REGULAR";"t";"2014-06-08 10:16:08.556";"f";"";"0";"CONSOLIDADA";"";"A Distância";
"1218778";"18";"23122";"";"";"2046753";"GRADUAÇÃO";"";"NATAL/RN";"2014";"1";"2014-01-27";"2014-06-14";"";"1";"";"REGULAR";"t";"2014-06-08 10:18:35.593";"f";"";"0";"CONSOLIDADA";"";"A Distância";
"1218779";"03";"23122";"";"";"2046753";"GRADUAÇÃO";"";"NOVA CRUZ/RN";"2014";"1";"2014-01-27";"2014-06-14";"";"1";"";"REGULAR";"t";"2014-06-08 10:15:32.38";"f";"";"0";"CONSOLIDADA";"";"A Distância";
"1218780";"21";"23122";"";"";"2046753";"GRADUAÇÃO";"";"PARNAMIRIM/RN";"2014";"1";"2014-01-27";"2014-06-14";"";"2";"";"REGULAR";"t";"2014-06-08 10:20:57.575";"f";"";"0";"CONSOLIDADA";"";"A Distância";
"1218781";"14";"22741";"";"";"2021908";"GRADUAÇÃO";"";"CAICÓ/RN";"2014";"1";"2014-01-27";"2014-06-14";"";"28";"";"REGULAR";"t";"2014-06-19 22:34:19.347";"f";"";"0";"CONSOLIDADA";"";"A Distância";
"1218782";"02";"22741";"";"";"2021908";"GRADUAÇÃO";"";"CURRIAS NOVOS/RN";"2014";"1";"2014-01-27";"2014-06-14";"";"7";"";"REGULAR";"t";"2014-06-19 22:27:11.38";"f";"";"0";"CONSOLIDADA";"";"A Distância";
"1218783";"11";"22741";"";"";"2021908";"GRADUAÇÃO";"";"EXTREMOZ/RN";"2014";"1";"2014-01-27";"2014-06-14";"";"3";"";"REGULAR";"t";"2014-06-20 15:52:53.661";"f";"";"0";"CONSOLIDADA";"";"A Distância";
"1218784";"20";"22741";"";"";"2021908";"GRADUAÇÃO";"";"GROSSOS/RN";"2014";"1";"2014-01-27";"2014-06-14";"";"27";"";"REGULAR";"t";"2014-06-20 16:03:33.358";"f";"";"0";"CONSOLIDADA";"";"A Distância";
"1218785";"15";"22741";"";"";"2021908";"GRADUAÇÃO";"";"LAJES/RN";"2014";"1";"2014-01-27";"2014-06-14";"";"11";"";"REGULAR";"t";"2014-06-19 22:35:27.932";"f";"";"0";"CONSOLIDADA";"";"A Distância";
"1218786";"12";"22741";"";"";"2021908";"GRADUAÇÃO";"";"LUÍS GOMES/RN";"2014";"1";"2014-01-27";"2014-06-14";"";"39";"";"REGULAR";"t";"2014-06-19 22:31:10.644";"f";"";"0";"CONSOLIDADA";"";"A Distância";
"1218787";"01";"22741";"";"";"2021908";"GRADUAÇÃO";"";"MACAU/RN";"2014";"1";"2014-01-27";"2014-06-14";"";"19";"";"REGULAR";"t";"2014-06-19 22:25:59.346";"f";"";"0";"CONSOLIDADA";"";"A Distância";
"1218788";"16";"22741";"";"";"2021908";"GRADUAÇÃO";"";"MARCELINO VIEIRA/RN";"2014";"1";"2014-01-27";"2014-06-14";"";"9";"";"REGULAR";"t";"2014-06-19 22:36:33.414";"f";"";"0";"CONSOLIDADA";"";"A Distância";
"1218789";"13";"22741";"";"";"2021908";"GRADUAÇÃO";"";"MARTINS/RN";"2014";"1";"2014-01-27";"2014-06-14";"";"33";"";"REGULAR";"t";"2014-06-20 15:53:50.658";"f";"";"0";"CONSOLIDADA";"";"A Distância";
"1218790";"18";"22741";"";"";"2021908";"GRADUAÇÃO";"";"NATAL/RN";"2014";"1";"2014-01-27";"2014-06-14";"";"17";"";"REGULAR";"t";"2014-06-19 22:17:49.514";"f";"";"0";"CONSOLIDADA";"";"A Distância";
"1218791";"03";"22741";"";"";"2021908";"GRADUAÇÃO";"";"NOVA CRUZ/RN";"2014";"1";"2014-01-27";"2014-06-14";"";"37";"";"REGULAR";"t";"2014-06-19 22:28:33.033";"f";"";"0";"CONSOLIDADA";"";"A Distância";
"1218792";"21";"22741";"";"";"2021908";"GRADUAÇÃO";"";"PARNAMIRIM/RN";"2014";"1";"2014-01-27";"2014-06-14";"";"20";"";"REGULAR";"t";"2014-06-19 22:37:46.058";"f";"";"0";"CONSOLIDADA";"";"A Distância";
"1218805";"14";"5753650";"";"";"2046803";"GRADUAÇÃO";"";"CAICÓ/RN";"2014";"1";"2014-01-27";"2014-06-14";"";"25";"";"REGULAR";"t";"2014-06-17 11:51:46.385";"f";"";"0";"CONSOLIDADA";"";"A Distância";
"1218806";"02";"5753650";"";"";"2046803";"GRADUAÇÃO";"";"CURRIAS NOVOS/RN";"2014";"1";"2014-01-27";"2014-06-14";"";"8";"";"REGULAR";"t";"2014-06-10 13:27:16.268";"f";"";"0";"CONSOLIDADA";"";"A Distância";
"1218807";"11";"5753650";"";"";"2046803";"GRADUAÇÃO";"";"EXTREMOZ/RN";"2014";"1";"2014-01-27";"2014-06-14";"";"7";"";"REGULAR";"t";"2014-06-10 13:29:36.81";"f";"";"0";"CONSOLIDADA";"";"A Distância";
"1218808";"20";"5753650";"";"";"2046803";"GRADUAÇÃO";"";"GROSSOS/RN";"2014";"1";"2014-01-27";"2014-06-14";"";"28";"";"REGULAR";"t";"2014-06-10 13:37:20.329";"f";"";"0";"CONSOLIDADA";"";"A Distância";
"1218809";"15";"5753650";"";"";"2046803";"GRADUAÇÃO";"";"LAJES/RN";"2014";"1";"2014-01-27";"2014-06-14";"";"10";"";"REGULAR";"t";"2014-06-10 13:33:59.338";"f";"";"0";"CONSOLIDADA";"";"A Distância";
"1218810";"12";"5753650";"";"";"2046803";"GRADUAÇÃO";"";"LUÍS GOMES/RN";"2014";"1";"2014-01-27";"2014-06-14";"";"39";"";"REGULAR";"t";"2014-06-17 11:52:40.142";"f";"";"0";"CONSOLIDADA";"";"A Distância";
"1218811";"01";"5753650";"";"";"2046803";"GRADUAÇÃO";"";"MACAU/RN";"2014";"1";"2014-01-27";"2014-06-14";"";"25";"";"REGULAR";"t";"2014-06-10 13:24:14.83";"f";"";"0";"CONSOLIDADA";"";"A Distância";
"1218812";"16";"5753650";"";"";"2046803";"GRADUAÇÃO";"";"MARCELINO VIEIRA/RN";"2014";"1";"2014-01-27";"2014-06-14";"";"17";"";"REGULAR";"t";"2014-06-10 13:34:59.888";"f";"";"0";"CONSOLIDADA";"";"A Distância";
"1218813";"13";"5753650";"";"";"2046803";"GRADUAÇÃO";"";"MARTINS/RN";"2014";"1";"2014-01-27";"2014-06-14";"";"26";"";"REGULAR";"t";"2014-06-10 13:32:14.211";"f";"";"0";"CONSOLIDADA";"";"A Distância";
"1218814";"18";"5753650";"";"";"2046803";"GRADUAÇÃO";"";"NATAL/RN";"2014";"1";"2014-01-27";"2014-06-14";"";"25";"";"REGULAR";"t";"2014-06-10 13:36:14.771";"f";"";"0";"CONSOLIDADA";"";"A Distância";
"1218815";"03";"5753650";"";"";"2046803";"GRADUAÇÃO";"";"NOVA CRUZ/RN";"2014";"1";"2014-01-27";"2014-06-14";"";"33";"";"REGULAR";"t";"2014-06-10 13:28:34.159";"f";"";"0";"CONSOLIDADA";"";"A Distância";
"1218816";"21";"5753650";"";"";"2046803";"GRADUAÇÃO";"";"PARNAMIRIM/RN";"2014";"1";"2014-01-27";"2014-06-14";"";"21";"";"REGULAR";"t";"2014-06-10 13:38:18.644";"f";"";"0";"CONSOLIDADA";"";"A Distância";
"1218817";"14A";"5752289";"";"";"27124";"GRADUAÇÃO";"";"CAICÓ/RN";"2014";"1";"2014-01-27";"2014-06-14";"";"3";"";"REGULAR";"t";"2014-06-17 23:16:41.472";"f";"";"0";"CONSOLIDADA";"";"A Distância";
"1218818";"02A";"5752289";"";"";"27124";"GRADUAÇÃO";"";"CURRAIS NOVOS/RN";"2014";"1";"2014-01-27";"2014-06-14";"";"9";"";"REGULAR";"t";"2014-06-21 00:35:54.03";"f";"";"0";"CONSOLIDADA";"";"A Distância";
"1218819";"11A";"5752289";"";"";"27124";"GRADUAÇÃO";"";"EXTREMOZ/RN";"2014";"1";"2014-01-27";"2014-06-14";"";"4";"";"REGULAR";"t";"2014-06-17 22:17:50.333";"f";"";"0";"CONSOLIDADA";"";"A Distância";
"1218820";"15A";"5752289";"";"";"27124";"GRADUAÇÃO";"";"LAJES/RN";"2014";"1";"2014-01-27";"2014-06-14";"";"1";"";"REGULAR";"t";"2014-06-05 22:43:38.975";"f";"";"0";"CONSOLIDADA";"";"A Distância";
"1218821";"12A";"5752289";"";"";"27124";"GRADUAÇÃO";"";"LUÍS GOMES/RN";"2014";"1";"2014-01-27";"2014-06-14";"";"6";"";"REGULAR";"t";"2014-06-17 23:10:59.097";"f";"";"0";"CONSOLIDADA";"";"A Distância";
"1218822";"13";"5752289";"";"";"27124";"GRADUAÇÃO";"";"MARTINS/RN";"2014";"1";"2014-01-27";"2014-06-14";"";"2";"";"REGULAR";"t";"2014-06-05 22:37:21.949";"f";"";"0";"CONSOLIDADA";"";"A Distância";
"1218823";"03A";"5752289";"";"";"27124";"GRADUAÇÃO";"";"NOVA CRUZ/RN";"2014";"1";"2014-01-27";"2014-06-14";"";"14";"";"REGULAR";"t";"2014-06-05 22:21:24.32";"f";"";"0";"CONSOLIDADA";"";"A Distância";
"1218824";"01";"5756591";"";"";"52635";"GRADUAÇÃO";"Campus Santa Cruz";"HUAB";"2014";"1";"2014-04-17";"2014-05-22";"35M123456 (17/04/2014 - 22/05/2014)";"6";"6";"REGULAR";"f";"2014-06-11 12:39:49.593";"f";"";"72";"CONSOLIDADA";"";"Presencial";
"1218824";"01";"5752176";"";"";"52635";"GRADUAÇÃO";"Campus Santa Cruz";"HUAB";"2014";"1";"2014-04-17";"2014-05-22";"35M123456 (17/04/2014 - 22/05/2014)";"6";"6";"REGULAR";"f";"2014-06-11 12:39:49.593";"f";"";"72";"CONSOLIDADA";"";"Presencial";
"1218825";"01";"5755270";"";"";"54923";"GRADUAÇÃO";"Campus Santa Cruz";"Laboratório de Motricidade";"2014";"1";"2014-01-27";"2014-06-14";"6M123 (27/01/2014 - 14/06/2014)";"18";"22";"REGULAR";"f";"2014-06-13 09:02:02.034";"f";"";"54";"CONSOLIDADA";"";"Presencial";
"1218826";"02";"5755270";"";"";"54923";"GRADUAÇÃO";"Campus Santa Cruz";"Laboratório de Motricidade";"2014";"1";"2014-01-27";"2014-06-14";"6M456 (27/01/2014 - 14/06/2014)";"11";"22";"REGULAR";"f";"2014-06-13 09:03:50.916";"f";"";"54";"CONSOLIDADA";"";"Presencial";
"1218831";"01";"5753089";"";"";"2047930";"GRADUAÇÃO";"Campus Caicó";"A-02";"2014";"1";"2014-01-27";"2014-06-14";"4T6";"66";"65";"REGULAR";"f";"2014-06-14 15:22:21.176";"f";"";"19";"CONSOLIDADA";"";"Presencial";
"1218832";"01";"5756408";"";"";"43187";"GRADUAÇÃO";"Campus Central";"EEN Sala de aula Nº19";"2014";"1";"2014-04-08";"2014-05-08";"35N1234 (08/04/2014 - 08/05/2014)";"4";"54";"REGULAR";"f";"2014-06-04 09:59:12.724";"f";"";"40";"CONSOLIDADA";"";"Presencial";
"1218833";"01";"26472";"";"";"43188";"GRADUAÇÃO";"Campus Central";"EEN Sala de aula Nº 19";"2014";"1";"2014-01-28";"2014-03-06";"7T123  35N1234 (28/01/2014 - 06/03/2014)";"3";"54";"REGULAR";"f";"2014-06-06 10:45:45.301";"f";"";"59";"CONSOLIDADA";"";"Presencial";
"1218833";"01";"5753772";"";"";"43188";"GRADUAÇÃO";"Campus Central";"EEN Sala de aula Nº 19";"2014";"1";"2014-01-28";"2014-03-06";"7T123  35N1234 (28/01/2014 - 06/03/2014)";"3";"54";"REGULAR";"f";"2014-06-06 10:45:45.301";"f";"";"59";"CONSOLIDADA";"";"Presencial";
"1218834";"01";"5754642";"";"";"43189";"GRADUAÇÃO";"Campus Central";"EEN Sala de aula Nº19";"2014";"1";"2014-03-11";"2014-04-03";"7T123  35N1234 (11/03/2014 - 03/04/2014)";"6";"54";"REGULAR";"f";"2014-06-07 09:38:57.938";"f";"";"41";"CONSOLIDADA";"";"Presencial";
"1218835";"01";"5756366";"";"";"43190";"GRADUAÇÃO";"Campus Central";"EEN Sala de aula Nº19";"2014";"1";"2014-05-13";"2014-06-12";"7T1234  35N1234 (13/05/2014 - 12/06/2014)";"6";"54";"REGULAR";"f";"2014-06-13 18:18:24.986";"f";"";"56";"CONSOLIDADA";"";"Presencial";
"1218836";"01";"5756363";"";"";"43191";"GRADUAÇÃO";"Campus Central";"EEN Sala de aula Nº19";"2014";"1";"2014-01-27";"2014-03-24";"7T456  246N1234 (27/01/2014 - 24/03/2014)";"3";"54";"REGULAR";"f";"2014-06-03 17:03:49.222";"f";"";"108";"CONSOLIDADA";"";"Presencial";
"1218837";"01";"5755794";"";"";"43192";"GRADUAÇÃO";"Campus Central";"EEN Sala de aula Nº 19";"2014";"1";"2014-05-05";"2014-06-04";"246N1234 7N12 (05/05/2014 - 04/06/2014)";"6";"54";"REGULAR";"f";"2014-06-07 14:54:14.026";"f";"";"64";"CONSOLIDADA";"";"Presencial";
"1218838";"01";"5752875";"";"";"46146";"GRADUAÇÃO";"Campus Central";"EEN Sala de aula Nº 21";"2014";"1";"2014-01-27";"2014-02-15";"7T3456  23456N1234 (27/01/2014 - 15/02/2014)";"30";"45";"REGULAR";"f";"2014-06-16 16:20:08.673";"f";"";"72";"CONSOLIDADA";"";"Presencial";
"1218839";"01";"5753559";"";"";"46148";"GRADUAÇÃO";"Campus Central";"EEN Sala de aula Nº 21";"2014";"1";"2014-02-17";"2014-03-10";"246N1234 (17/02/2014 - 10/03/2014)";"32";"45";"REGULAR";"f";"2014-06-03 10:25:23.561";"f";"";"33";"CONSOLIDADA";"";"Presencial";
"1218839";"01";"5752858";"";"";"46148";"GRADUAÇÃO";"Campus Central";"EEN Sala de aula Nº 21";"2014";"1";"2014-02-17";"2014-03-10";"246N1234 (17/02/2014 - 10/03/2014)";"32";"45";"REGULAR";"f";"2014-06-03 10:25:23.561";"f";"";"33";"CONSOLIDADA";"";"Presencial";
"1218840";"01";"5756363";"";"";"46149";"GRADUAÇÃO";"Campus Central";"EEN Sala de aula Nº 21";"2014";"1";"2014-04-16";"2014-05-23";"246N1234 7N12 (16/04/2014 - 23/05/2014)";"35";"45";"REGULAR";"f";"2014-05-28 13:43:11.387";"f";"";"68";"CONSOLIDADA";"";"Presencial";
"1218841";"01";"5755794";"";"";"46150";"GRADUAÇÃO";"Campus Central";"EEN Sala de aula Nº 21";"2014";"1";"2014-04-01";"2014-05-27";"7T12  35N1234 (01/04/2014 - 27/05/2014)";"32";"45";"REGULAR";"f";"2014-06-03 20:39:18.252";"f";"";"76";"CONSOLIDADA";"";"Presencial";
"1218841";"01";"5756363";"";"";"46150";"GRADUAÇÃO";"Campus Central";"EEN Sala de aula Nº 21";"2014";"1";"2014-04-01";"2014-05-27";"7T12  35N1234 (01/04/2014 - 27/05/2014)";"32";"45";"REGULAR";"f";"2014-06-03 20:39:18.252";"f";"";"76";"CONSOLIDADA";"";"Presencial";
"1218842";"01";"5756363";"";"";"46151";"GRADUAÇÃO";"Campus Central";"EEN Sala de aula Nº 21";"2014";"1";"2014-02-18";"2014-03-27";"7T12  35N1234 (18/02/2014 - 27/03/2014)";"33";"45";"REGULAR";"f";"2014-05-24 17:31:39.695";"f";"";"54";"CONSOLIDADA";"";"Presencial";
"1218842";"01";"5756366";"";"";"46151";"GRADUAÇÃO";"Campus Central";"EEN Sala de aula Nº 21";"2014";"1";"2014-02-18";"2014-03-27";"7T12  35N1234 (18/02/2014 - 27/03/2014)";"33";"45";"REGULAR";"f";"2014-05-24 17:31:39.695";"f";"";"54";"CONSOLIDADA";"";"Presencial";
"1218843";"01";"5756334";"";"";"46153";"GRADUAÇÃO";"Campus Central";"EEN Sala de aula Nº 21";"2014";"1";"2014-03-12";"2014-04-14";"246N1234 7N123 (12/03/2014 - 14/04/2014)";"32";"45";"REGULAR";"f";"2014-06-19 20:15:09.018";"f";"";"75";"CONSOLIDADA";"";"Presencial";
"1218844";"01";"5752875";"";"";"46154";"GRADUAÇÃO";"Campus Central";"EEN Sala de aula Nº 21";"2014";"1";"2014-05-26";"2014-06-11";"7T456  246N1234 (26/05/2014 - 11/06/2014)";"32";"45";"REGULAR";"f";"2014-06-27 19:20:20.545";"f";"";"38";"CONSOLIDADA";"";"Presencial";
"1218845";"01";"5753630";"";"";"46155";"GRADUAÇÃO";"Campus Central";"EEN Sala de aula Nº 21";"2014";"1";"2014-03-17";"2014-06-04";"23456T56 (17/03/2014 - 04/06/2014)";"31";"45";"REGULAR";"f";"2014-06-17 20:46:13.783";"f";"";"108";"CONSOLIDADA";"";"Presencial";
"1218845";"01";"5751598";"";"";"46155";"GRADUAÇÃO";"Campus Central";"EEN Sala de aula Nº 21";"2014";"1";"2014-03-17";"2014-06-04";"23456T56 (17/03/2014 - 04/06/2014)";"31";"45";"REGULAR";"f";"2014-06-17 20:46:13.783";"f";"";"108";"CONSOLIDADA";"";"Presencial";
"1218845";"01";"5756366";"";"";"46155";"GRADUAÇÃO";"Campus Central";"EEN Sala de aula Nº 21";"2014";"1";"2014-03-17";"2014-06-04";"23456T56 (17/03/2014 - 04/06/2014)";"31";"45";"REGULAR";"f";"2014-06-17 20:46:13.783";"f";"";"108";"CONSOLIDADA";"";"Presencial";
"1218845";"01";"5755794";"";"";"46155";"GRADUAÇÃO";"Campus Central";"EEN Sala de aula Nº 21";"2014";"1";"2014-03-17";"2014-06-04";"23456T56 (17/03/2014 - 04/06/2014)";"31";"45";"REGULAR";"f";"2014-06-17 20:46:13.783";"f";"";"108";"CONSOLIDADA";"";"Presencial";
"1218845";"01";"26011";"";"";"46155";"GRADUAÇÃO";"Campus Central";"EEN Sala de aula Nº 21";"2014";"1";"2014-03-17";"2014-06-04";"23456T56 (17/03/2014 - 04/06/2014)";"31";"45";"REGULAR";"f";"2014-06-17 20:46:13.783";"f";"";"108";"CONSOLIDADA";"";"Presencial";
"1218845";"01";"5754642";"";"";"46155";"GRADUAÇÃO";"Campus Central";"EEN Sala de aula Nº 21";"2014";"1";"2014-03-17";"2014-06-04";"23456T56 (17/03/2014 - 04/06/2014)";"31";"45";"REGULAR";"f";"2014-06-17 20:46:13.783";"f";"";"108";"CONSOLIDADA";"";"Presencial";
"1218845";"01";"5357706";"";"";"46155";"GRADUAÇÃO";"Campus Central";"EEN Sala de aula Nº 21";"2014";"1";"2014-03-17";"2014-06-04";"23456T56 (17/03/2014 - 04/06/2014)";"31";"45";"REGULAR";"f";"2014-06-17 20:46:13.783";"f";"";"108";"CONSOLIDADA";"";"Presencial";
"1218845";"01";"24229";"";"";"46155";"GRADUAÇÃO";"Campus Central";"EEN Sala de aula Nº 21";"2014";"1";"2014-03-17";"2014-06-04";"23456T56 (17/03/2014 - 04/06/2014)";"31";"45";"REGULAR";"f";"2014-06-17 20:46:13.783";"f";"";"108";"CONSOLIDADA";"";"Presencial";
"1218846";"01";"5756408";"";"";"46156";"GRADUAÇÃO";"Campus Central";"EEN Sala de aula Nº29";"2014";"1";"2014-02-27";"2014-05-27";"35N1234 (27/02/2014 - 27/05/2014)";"29";"45";"REGULAR";"f";"2014-06-09 18:50:48.865";"f";"";"92";"CONSOLIDADA";"";"Presencial";
"1218846";"01";"5756288";"";"";"46156";"GRADUAÇÃO";"Campus Central";"EEN Sala de aula Nº29";"2014";"1";"2014-02-27";"2014-05-27";"35N1234 (27/02/2014 - 27/05/2014)";"29";"45";"REGULAR";"f";"2014-06-09 18:50:48.865";"f";"";"92";"CONSOLIDADA";"";"Presencial";
"1218847";"01";"5756408";"";"";"46157";"GRADUAÇÃO";"Campus Central";"EEN Sala de aula Nº 29";"2014";"1";"2014-01-27";"2014-03-15";"7T123  246N1234 (27/01/2014 - 15/03/2014)";"30";"45";"REGULAR";"f";"2014-06-04 10:06:32.895";"f";"";"94";"CONSOLIDADA";"";"Presencial";
"1218847";"01";"5756288";"";"";"46157";"GRADUAÇÃO";"Campus Central";"EEN Sala de aula Nº 29";"2014";"1";"2014-01-27";"2014-03-15";"7T123  246N1234 (27/01/2014 - 15/03/2014)";"30";"45";"REGULAR";"f";"2014-06-04 10:06:32.895";"f";"";"94";"CONSOLIDADA";"";"Presencial";
"1218847";"01";"5752879";"";"";"46157";"GRADUAÇÃO";"Campus Central";"EEN Sala de aula Nº 29";"2014";"1";"2014-01-27";"2014-03-15";"7T123  246N1234 (27/01/2014 - 15/03/2014)";"30";"45";"REGULAR";"f";"2014-06-04 10:06:32.895";"f";"";"94";"CONSOLIDADA";"";"Presencial";
"1218848";"01";"5755517";"";"";"46158";"GRADUAÇÃO";"Campus Central";"EEN Sala de aula Nº 29";"2014";"1";"2014-01-28";"2014-02-25";"35N1234 (28/01/2014 - 25/02/2014)";"31";"45";"REGULAR";"f";"2014-06-13 10:57:34.424";"f";"";"36";"CONSOLIDADA";"";"Presencial";
"1218849";"01";"5756288";"";"";"46160";"GRADUAÇÃO";"Campus Central";"EEN Sala de aula Nº 29";"2014";"1";"2014-03-17";"2014-05-30";"7T456  246N1234 (17/03/2014 - 30/05/2014)";"31";"45";"REGULAR";"f";"2014-06-25 08:27:40.085";"f";"";"153";"CONSOLIDADA";"";"Presencial";
"1218849";"01";"5753630";"";"";"46160";"GRADUAÇÃO";"Campus Central";"EEN Sala de aula Nº 29";"2014";"1";"2014-03-17";"2014-05-30";"7T456  246N1234 (17/03/2014 - 30/05/2014)";"31";"45";"REGULAR";"f";"2014-06-25 08:27:40.085";"f";"";"153";"CONSOLIDADA";"";"Presencial";
"1218850";"01";"5756408";"";"";"46161";"GRADUAÇÃO";"Campus Central";"EEN Sala de aula Nº 29";"2014";"1";"2014-03-19";"2014-06-06";"23456T56 (19/03/2014 - 06/06/2014)";"35";"45";"REGULAR";"f";"2014-06-17 21:50:55.497";"f";"";"108";"CONSOLIDADA";"";"Presencial";
"1218850";"01";"5756366";"";"";"46161";"GRADUAÇÃO";"Campus Central";"EEN Sala de aula Nº 29";"2014";"1";"2014-03-19";"2014-06-06";"23456T56 (19/03/2014 - 06/06/2014)";"35";"45";"REGULAR";"f";"2014-06-17 21:50:55.497";"f";"";"108";"CONSOLIDADA";"";"Presencial";
"1218850";"01";"5752858";"";"";"46161";"GRADUAÇÃO";"Campus Central";"EEN Sala de aula Nº 29";"2014";"1";"2014-03-19";"2014-06-06";"23456T56 (19/03/2014 - 06/06/2014)";"35";"45";"REGULAR";"f";"2014-06-17 21:50:55.497";"f";"";"108";"CONSOLIDADA";"";"Presencial";
"1218850";"01";"5755794";"";"";"46161";"GRADUAÇÃO";"Campus Central";"EEN Sala de aula Nº 29";"2014";"1";"2014-03-19";"2014-06-06";"23456T56 (19/03/2014 - 06/06/2014)";"35";"45";"REGULAR";"f";"2014-06-17 21:50:55.497";"f";"";"108";"CONSOLIDADA";"";"Presencial";
"1218850";"01";"5756334";"";"";"46161";"GRADUAÇÃO";"Campus Central";"EEN Sala de aula Nº 29";"2014";"1";"2014-03-19";"2014-06-06";"23456T56 (19/03/2014 - 06/06/2014)";"35";"45";"REGULAR";"f";"2014-06-17 21:50:55.497";"f";"";"108";"CONSOLIDADA";"";"Presencial";
"1218850";"01";"26045";"";"";"46161";"GRADUAÇÃO";"Campus Central";"EEN Sala de aula Nº 29";"2014";"1";"2014-03-19";"2014-06-06";"23456T56 (19/03/2014 - 06/06/2014)";"35";"45";"REGULAR";"f";"2014-06-17 21:50:55.497";"f";"";"108";"CONSOLIDADA";"";"Presencial";
"1218850";"01";"5755733";"";"";"46161";"GRADUAÇÃO";"Campus Central";"EEN Sala de aula Nº 29";"2014";"1";"2014-03-19";"2014-06-06";"23456T56 (19/03/2014 - 06/06/2014)";"35";"45";"REGULAR";"f";"2014-06-17 21:50:55.497";"f";"";"108";"CONSOLIDADA";"";"Presencial";
"1218851";"01";"5755076";"";"";"46162";"GRADUAÇÃO";"Campus Central";"EEN Sala de aula Nº 30";"2014";"1";"2014-03-25";"2014-05-15";"35N1234 (25/03/2014 - 15/05/2014)";"39";"45";"REGULAR";"f";"2014-06-20 17:04:47.459";"f";"";"56";"CONSOLIDADA";"";"Presencial";
"1218852";"01";"5755733";"";"";"46163";"GRADUAÇÃO";"Campus Central";"EEN Sala de aula Nº 30";"2014";"1";"2014-01-27";"2014-04-07";"7T45  246N1234 (27/01/2014 - 07/04/2014)";"36";"45";"REGULAR";"f";"2014-06-06 13:14:11.073";"f";"";"132";"CONSOLIDADA";"";"Presencial";
"1218853";"01";"5756334";"";"";"46165";"GRADUAÇÃO";"Campus Central";"EEN Sala de aula Nº30";"2014";"1";"2014-04-09";"2014-06-06";"7T12  246N1234 (09/04/2014 - 06/06/2014)";"37";"45";"REGULAR";"f";"2014-06-21 10:18:56.076";"f";"";"112";"CONSOLIDADA";"";"Presencial";
"1218853";"01";"5756734";"";"";"46165";"GRADUAÇÃO";"Campus Central";"EEN Sala de aula Nº30";"2014";"1";"2014-04-09";"2014-06-06";"7T12  246N1234 (09/04/2014 - 06/06/2014)";"37";"45";"REGULAR";"f";"2014-06-21 10:18:56.076";"f";"";"112";"CONSOLIDADA";"";"Presencial";
"1218854";"01";"5755076";"";"";"46166";"GRADUAÇÃO";"Campus Central";"EEN Sala de aula Nº 30";"2014";"1";"2014-01-28";"2014-03-20";"7T12  35N1234 (28/01/2014 - 20/03/2014)";"40";"45";"REGULAR";"f";"2014-05-22 10:04:11.35";"f";"";"70";"CONSOLIDADA";"";"Presencial";
"1218855";"01";"5752875";"";"";"46168";"GRADUAÇÃO";"Campus Central";"EEN Sala de aula Nº 30";"2014";"1";"2014-03-24";"2014-05-16";"23456T234 (24/03/2014 - 16/05/2014)";"38";"45";"REGULAR";"f";"2014-06-21 11:10:09.277";"f";"";"108";"CONSOLIDADA";"";"Presencial";
"1218855";"01";"5756408";"";"";"46168";"GRADUAÇÃO";"Campus Central";"EEN Sala de aula Nº 30";"2014";"1";"2014-03-24";"2014-05-16";"23456T234 (24/03/2014 - 16/05/2014)";"38";"45";"REGULAR";"f";"2014-06-21 11:10:09.277";"f";"";"108";"CONSOLIDADA";"";"Presencial";
"1218855";"01";"5755517";"";"";"46168";"GRADUAÇÃO";"Campus Central";"EEN Sala de aula Nº 30";"2014";"1";"2014-03-24";"2014-05-16";"23456T234 (24/03/2014 - 16/05/2014)";"38";"45";"REGULAR";"f";"2014-06-21 11:10:09.277";"f";"";"108";"CONSOLIDADA";"";"Presencial";
"1218855";"01";"5756288";"";"";"46168";"GRADUAÇÃO";"Campus Central";"EEN Sala de aula Nº 30";"2014";"1";"2014-03-24";"2014-05-16";"23456T234 (24/03/2014 - 16/05/2014)";"38";"45";"REGULAR";"f";"2014-06-21 11:10:09.277";"f";"";"108";"CONSOLIDADA";"";"Presencial";
"1218856";"01";"5755593";"";"";"46169";"GRADUAÇÃO";"Campus Central";"EEN Sala de aula Nº 31";"2014";"1";"2014-04-07";"2014-06-09";"23N1234 (07/04/2014 - 09/06/2014)";"17";"45";"REGULAR";"f";"2014-06-12 12:37:46.32";"f";"";"72";"CONSOLIDADA";"";"Presencial";
"1218857";"01";"5755593";"";"";"46170";"GRADUAÇÃO";"Campus Central";"EEN Sala de aula Nº 31";"2014";"1";"2014-01-28";"2014-04-01";"35N1234 (28/01/2014 - 01/04/2014)";"22";"45";"REGULAR";"f";"2014-06-12 12:36:38.003";"f";"";"72";"CONSOLIDADA";"";"Presencial";
"1218859";"01";"5755900";"";"";"46171";"GRADUAÇÃO";"Campus Central";"EEN Sala de aula Nº 31";"2014";"1";"2014-01-27";"2014-03-31";"7T34  26N1234 (27/01/2014 - 31/03/2014)";"21";"45";"REGULAR";"f";"2014-06-24 10:02:42.005";"f";"";"90";"CONSOLIDADA";"";"Presencial";
"1218859";"01";"5754642";"";"";"46171";"GRADUAÇÃO";"Campus Central";"EEN Sala de aula Nº 31";"2014";"1";"2014-01-27";"2014-03-31";"7T34  26N1234 (27/01/2014 - 31/03/2014)";"21";"45";"REGULAR";"f";"2014-06-24 10:02:42.005";"f";"";"90";"CONSOLIDADA";"";"Presencial";
"1218860";"01";"5755733";"";"";"46173";"GRADUAÇÃO";"Campus Central";"EEN Sala de aula Nº 31";"2014";"1";"2014-04-03";"2014-06-12";"7T23  56N1234 (03/04/2014 - 12/06/2014)";"18";"45";"REGULAR";"f";"2014-06-20 15:17:13.472";"f";"";"92";"CONSOLIDADA";"";"Presencial";
"1218860";"01";"5755900";"";"";"46173";"GRADUAÇÃO";"Campus Central";"EEN Sala de aula Nº 31";"2014";"1";"2014-04-03";"2014-06-12";"7T23  56N1234 (03/04/2014 - 12/06/2014)";"18";"45";"REGULAR";"f";"2014-06-20 15:17:13.472";"f";"";"92";"CONSOLIDADA";"";"Presencial";
"1218860";"01";"5357706";"";"";"46173";"GRADUAÇÃO";"Campus Central";"EEN Sala de aula Nº 31";"2014";"1";"2014-04-03";"2014-06-12";"7T23  56N1234 (03/04/2014 - 12/06/2014)";"18";"45";"REGULAR";"f";"2014-06-20 15:17:13.472";"f";"";"92";"CONSOLIDADA";"";"Presencial";
"1218861";"01";"5754642";"";"";"46174";"GRADUAÇÃO";"Campus Central";"EEN Sala de aula Nº 31";"2014";"1";"2014-01-29";"2014-06-04";"4N1234 (29/01/2014 - 04/06/2014)";"22";"45";"REGULAR";"f";"2014-06-24 09:05:12.156";"f";"";"68";"CONSOLIDADA";"";"Presencial";
"1218862";"01";"5753630";"";"";"46175";"GRADUAÇÃO";"Campus Central";"EEN Sala de aula Nº 24";"2014";"1";"2014-03-24";"2014-05-22";"23456T234 (24/03/2014 - 22/05/2014)";"20";"45";"REGULAR";"f";"2014-06-20 17:01:31.307";"f";"";"120";"CONSOLIDADA";"";"Presencial";
"1218862";"01";"5357706";"";"";"46175";"GRADUAÇÃO";"Campus Central";"EEN Sala de aula Nº 24";"2014";"1";"2014-03-24";"2014-05-22";"23456T234 (24/03/2014 - 22/05/2014)";"20";"45";"REGULAR";"f";"2014-06-20 17:01:31.307";"f";"";"120";"CONSOLIDADA";"";"Presencial";
"1218862";"01";"5755076";"";"";"46175";"GRADUAÇÃO";"Campus Central";"EEN Sala de aula Nº 24";"2014";"1";"2014-03-24";"2014-05-22";"23456T234 (24/03/2014 - 22/05/2014)";"20";"45";"REGULAR";"f";"2014-06-20 17:01:31.307";"f";"";"120";"CONSOLIDADA";"";"Presencial";
"1218863";"01";"5755900";"";"";"46176";"GRADUAÇÃO";"Campus Central";"EEN Sala de aula Nº24";"2014";"1";"2014-01-28";"2014-05-08";"35N1234 (28/01/2014 - 08/05/2014)";"22";"45";"REGULAR";"f";"2014-06-25 12:38:29.353";"f";"";"108";"CONSOLIDADA";"";"Presencial";
"1218863";"01";"5754642";"";"";"46176";"GRADUAÇÃO";"Campus Central";"EEN Sala de aula Nº24";"2014";"1";"2014-01-28";"2014-05-08";"35N1234 (28/01/2014 - 08/05/2014)";"22";"45";"REGULAR";"f";"2014-06-25 12:38:29.353";"f";"";"108";"CONSOLIDADA";"";"Presencial";
"1218865";"01";"5756366";"";"";"46178";"GRADUAÇÃO";"Campus Central";"EEN Sala de aula Nº 24";"2014";"1";"2014-01-27";"2014-05-26";"24N1234 (27/01/2014 - 26/05/2014)";"21";"45";"REGULAR";"f";"2014-06-06 20:59:57.493";"f";"";"128";"CONSOLIDADA";"";"Presencial";
"1218865";"01";"5755794";"";"";"46178";"GRADUAÇÃO";"Campus Central";"EEN Sala de aula Nº 24";"2014";"1";"2014-01-27";"2014-05-26";"24N1234 (27/01/2014 - 26/05/2014)";"21";"45";"REGULAR";"f";"2014-06-06 20:59:57.493";"f";"";"128";"CONSOLIDADA";"";"Presencial";
"1218865";"01";"5756334";"";"";"46178";"GRADUAÇÃO";"Campus Central";"EEN Sala de aula Nº 24";"2014";"1";"2014-01-27";"2014-05-26";"24N1234 (27/01/2014 - 26/05/2014)";"21";"45";"REGULAR";"f";"2014-06-06 20:59:57.493";"f";"";"128";"CONSOLIDADA";"";"Presencial";
"1218866";"01";"5357706";"";"";"46179";"GRADUAÇÃO";"Campus Central";"EEN Sala de aula Nº 24";"2014";"1";"2014-02-17";"2014-05-28";"23456T2345 (17/02/2014 - 28/05/2014)";"18";"45";"REGULAR";"f";"2014-06-20 17:17:17.591";"f";"";"264";"CONSOLIDADA";"";"Presencial";
"1218866";"01";"5755900";"";"";"46179";"GRADUAÇÃO";"Campus Central";"EEN Sala de aula Nº 24";"2014";"1";"2014-02-17";"2014-05-28";"23456T2345 (17/02/2014 - 28/05/2014)";"18";"45";"REGULAR";"f";"2014-06-20 17:17:17.591";"f";"";"264";"CONSOLIDADA";"";"Presencial";
"1218869";"01A";"5755270";"";"";"43471";"GRADUAÇÃO";"Campus Santa Cruz";"Bloco I - Sala 9";"2014";"1";"2014-01-27";"2014-06-14";"4N123";"101";"49";"REGULAR";"f";"2014-06-13 08:55:15.724";"f";"1218868";"57";"CONSOLIDADA";"";"Presencial";
"1218869";"01A";"5755092";"";"";"43471";"GRADUAÇÃO";"Campus Santa Cruz";"Bloco I - Sala 9";"2014";"1";"2014-01-27";"2014-06-14";"4N123";"101";"49";"REGULAR";"f";"2014-06-13 08:55:15.724";"f";"1218868";"57";"CONSOLIDADA";"";"Presencial";
"1218870";"01";"5756276";"";"";"54926";"GRADUAÇÃO";"Campus Santa Cruz";"Laboratório de Motricidade";"2014";"1";"2014-01-27";"2014-06-14";"5T12 (27/01/2014 - 14/06/2014)";"10";"11";"REGULAR";"f";"2014-06-10 08:44:12.078";"f";"";"34";"CONSOLIDADA";"";"Presencial";
"1218871";"02";"5756276";"";"";"54926";"GRADUAÇÃO";"Campus Santa Cruz";"Laboratório de Motricidade";"2014";"1";"2014-01-27";"2014-06-14";"5T34 (27/01/2014 - 14/06/2014)";"9";"12";"REGULAR";"f";"2014-06-10 08:45:11.436";"f";"";"34";"CONSOLIDADA";"";"Presencial";
"1218872";"01";"5752711";"";"";"52463";"GRADUAÇÃO";"Campus Santa Cruz";"Bloco I - Sala 1";"2014";"1";"2014-01-27";"2014-03-14";"46T123 (27/01/2014 - 14/03/2014)";"42";"51";"REGULAR";"f";"2014-06-12 14:37:24.501";"f";"";"39";"CONSOLIDADA";"";"Presencial";
"1218873";"01";"5755889";"";"";"2037500";"GRADUAÇÃO";"Campus Central";"Anfiteatro A";"2014";"1";"2014-01-27";"2014-06-14";"2N1234 4N12";"34";"52";"REGULAR";"f";"2014-06-18 09:04:22.308";"f";"";"116";"CONSOLIDADA";"";"Presencial";
"1218874";"01";"26317";"";"";"25740";"GRADUAÇÃO";"Campus Central";"Sala dos embriões";"2014";"1";"2014-01-27";"2014-06-14";"2M12";"8";"36";"REGULAR";"f";"2014-06-10 15:41:56.795";"f";"";"34";"CONSOLIDADA";"";"Presencial";
"1218875";"01";"5755085";"";"";"52464";"GRADUAÇÃO";"Campus Santa Cruz";"UBS";"2014";"1";"2014-05-06";"2014-05-27";"35M345 (06/05/2014 - 27/05/2014)";"7";"7";"REGULAR";"f";"2014-06-21 23:40:04.691";"f";"";"21";"CONSOLIDADA";"";"Presencial";
"1218877";"02";"5755546";"";"";"25740";"GRADUAÇÃO";"Campus Central";"Sala dos embriões";"2014";"1";"2014-01-27";"2014-06-14";"3T12";"26";"53";"REGULAR";"f";"2014-06-16 21:43:47.136";"f";"";"36";"CONSOLIDADA";"";"Presencial";
"1218878";"02";"5755085";"";"";"52464";"GRADUAÇÃO";"Campus Santa Cruz";"UBS";"2014";"1";"2014-05-29";"2014-06-14";"35M345 (29/05/2014 - 14/06/2014)";"9";"7";"REGULAR";"f";"2014-06-21 23:58:55.052";"f";"";"18";"CONSOLIDADA";"";"Presencial";
"1218879";"03";"5755085";"";"";"52464";"GRADUAÇÃO";"Campus Santa Cruz";"UBS";"2014";"1";"2014-03-18";"2014-04-03";"35M345 (18/03/2014 - 03/04/2014)";"7";"7";"REGULAR";"f";"2014-06-21 23:19:53.705";"f";"";"18";"CONSOLIDADA";"";"Presencial";
"1218880";"04";"5755085";"";"";"52464";"GRADUAÇÃO";"Campus Santa Cruz";"UBS";"2014";"1";"2014-04-08";"2014-04-29";"35M345 (08/04/2014 - 29/04/2014)";"7";"7";"REGULAR";"f";"2014-06-21 23:13:50.475";"f";"";"18";"CONSOLIDADA";"";"Presencial";
"1218881";"05";"5755085";"";"";"52464";"GRADUAÇÃO";"Campus Santa Cruz";"UBS";"2014";"1";"2014-02-18";"2014-03-13";"35M345 (18/02/2014 - 13/03/2014)";"12";"12";"REGULAR";"f";"2014-06-21 23:06:47.446";"f";"";"21";"CONSOLIDADA";"";"Presencial";
"1218882";"01";"5755546";"";"";"2043100";"GRADUAÇÃO";"Campus Central";"Sala dos epitélios";"2014";"1";"2014-01-27";"2014-06-14";"3T34";"21";"56";"REGULAR";"f";"2014-06-16 21:20:07.145";"f";"";"38";"CONSOLIDADA";"";"Presencial";
"1218883";"02";"5755546";"";"";"2043100";"GRADUAÇÃO";"Campus Central";"Sala dos epitélios";"2014";"1";"2014-01-27";"2014-06-14";"6N12";"24";"53";"REGULAR";"f";"2014-06-16 21:39:52.276";"f";"";"38";"CONSOLIDADA";"";"Presencial";
"1218884";"01";"5752711";"";"";"52465";"GRADUAÇÃO";"Campus Santa Cruz";"Clínica Escola Facisa";"2014";"1";"2014-01-28";"2014-03-13";"35M456 (28/01/2014 - 13/03/2014)";"15";"14";"REGULAR";"f";"2014-06-12 14:43:24.846";"f";"";"39";"CONSOLIDADA";"";"Presencial";
"1218885";"01";"5753637";"";"";"2039150";"GRADUAÇÃO";"Campus Central";"Sala dos epitélios";"2014";"1";"2014-01-27";"2014-06-14";"4T234";"2";"50";"REGULAR";"f";"2014-06-11 15:32:46.49";"f";"";"54";"CONSOLIDADA";"";"Presencial";
"1218885";"01";"5756632";"";"";"2039150";"GRADUAÇÃO";"Campus Central";"Sala dos epitélios";"2014";"1";"2014-01-27";"2014-06-14";"4T234";"2";"50";"REGULAR";"f";"2014-06-11 15:32:46.49";"f";"";"54";"CONSOLIDADA";"";"Presencial";
"1218886";"02";"5752711";"";"";"52465";"GRADUAÇÃO";"Campus Santa Cruz";"Clínica Escola Facisa";"2014";"1";"2014-03-18";"2014-04-29";"35M456 (18/03/2014 - 29/04/2014)";"15";"12";"REGULAR";"f";"2014-06-12 14:52:06.689";"f";"";"36";"CONSOLIDADA";"";"Presencial";
"1218887";"03";"5752711";"";"";"52465";"GRADUAÇÃO";"Campus Santa Cruz";"Clínica Escola Facisa";"2014";"1";"2014-05-06";"2014-06-14";"35M456 (06/05/2014 - 14/06/2014)";"12";"17";"REGULAR";"f";"2014-06-12 14:47:23.53";"f";"";"36";"CONSOLIDADA";"";"Presencial";
"1218888";"01";"5755589";"";"";"52467";"GRADUAÇÃO";"Campus Santa Cruz";"Bloco I - Sala 9";"2014";"1";"2014-01-27";"2014-06-12";"2T12 4T123 (27/01/2014 - 12/06/2014)";"27";"36";"REGULAR";"f";"2014-06-11 20:43:38.603";"f";"";"93";"CONSOLIDADA";"";"Presencial";
"1218889";"01";"5755551";"";"";"52468";"GRADUAÇÃO";"Campus Santa Cruz";"UBS";"2014";"1";"2014-02-17";"2014-03-26";"24M123 (17/02/2014 - 26/03/2014)";"4";"6";"REGULAR";"f";"2014-06-15 15:20:39.985";"f";"";"30";"CONSOLIDADA";"";"Presencial";
"1218890";"02";"5755551";"";"";"52468";"GRADUAÇÃO";"Campus Santa Cruz";"UBS";"2014";"1";"2014-03-31";"2014-05-05";"24M123 (31/03/2014 - 05/05/2014)";"4";"6";"REGULAR";"f";"2014-06-15 15:23:53.783";"f";"";"30";"CONSOLIDADA";"";"Presencial";
"1218891";"03";"5755551";"";"";"52468";"GRADUAÇÃO";"Campus Santa Cruz";"UBS";"2014";"1";"2014-05-07";"2014-06-09";"24M123 (07/05/2014 - 09/06/2014)";"5";"6";"REGULAR";"f";"2014-06-16 07:38:15.664";"f";"";"30";"CONSOLIDADA";"";"Presencial";
"1218892";"04";"5755531";"";"";"52468";"GRADUAÇÃO";"Campus Santa Cruz";"UBS";"2014";"1";"2014-02-17";"2014-03-26";"24M123 (17/02/2014 - 26/03/2014)";"4";"6";"REGULAR";"f";"2014-06-14 16:50:00.528";"f";"";"30";"CONSOLIDADA";"";"Presencial";
"1218893";"05";"5755531";"";"";"52468";"GRADUAÇÃO";"Campus Santa Cruz";"UBS";"2014";"1";"2014-03-31";"2014-05-05";"24M123 (31/03/2014 - 05/05/2014)";"5";"6";"REGULAR";"f";"2014-06-14 16:51:38.208";"f";"";"30";"CONSOLIDADA";"";"Presencial";
"1218894";"06";"5755531";"";"";"52468";"GRADUAÇÃO";"Campus Santa Cruz";"UBS";"2014";"1";"2014-05-07";"2014-06-09";"24M123 (07/05/2014 - 09/06/2014)";"5";"6";"REGULAR";"f";"2014-06-14 16:55:59.233";"f";"";"30";"CONSOLIDADA";"";"Presencial";
"1218895";"14";"5752222";"";"";"2042264";"GRADUAÇÃO";"";"CAICÓ/RN";"2014";"1";"2014-01-27";"2014-06-14";"";"24";"";"REGULAR";"t";"2014-06-21 05:54:49.93";"f";"";"0";"CONSOLIDADA";"";"A Distância";
"1218896";"02";"5752222";"";"";"2042264";"GRADUAÇÃO";"";"CURRIAS NOVOS/RN";"2014";"1";"2014-01-27";"2014-06-14";"";"32";"";"REGULAR";"t";"2014-06-21 05:45:37.558";"f";"";"0";"CONSOLIDADA";"";"A Distância";
"1218897";"11";"5752222";"";"";"2042264";"GRADUAÇÃO";"";"EXTREMOZ/RN";"2014";"1";"2014-01-27";"2014-06-14";"";"2";"";"REGULAR";"t";"2014-06-21 05:48:27.995";"f";"";"0";"CONSOLIDADA";"";"A Distância";
"1218898";"22";"5752222";"";"";"2042264";"GRADUAÇÃO";"";"GUAMARÉ/RN";"2014";"1";"2014-01-27";"2014-06-14";"";"25";"";"REGULAR";"t";"2014-06-21 05:57:40.606";"f";"";"0";"CONSOLIDADA";"";"A Distância";
"1218899";"15";"5752222";"";"";"2042264";"GRADUAÇÃO";"";"LAJES/RN";"2014";"1";"2014-01-27";"2014-06-14";"";"";"";"REGULAR";"t";"";"f";"";"";"EXCLUÍDA";"";"A Distância";
"1218900";"12";"5752222";"";"";"2042264";"GRADUAÇÃO";"";"LUÍS GOMES/RN";"2014";"1";"2014-01-27";"2014-06-14";"";"26";"";"REGULAR";"t";"2014-06-21 05:50:47.053";"f";"";"0";"CONSOLIDADA";"";"A Distância";
"1218901";"01";"5752222";"";"";"2042264";"GRADUAÇÃO";"";"MACAU/RN";"2014";"1";"2014-01-27";"2014-06-14";"";"25";"";"REGULAR";"t";"2014-06-21 05:40:23.206";"f";"";"0";"CONSOLIDADA";"";"A Distância";
"1218902";"13";"5752222";"";"";"2042264";"GRADUAÇÃO";"";"MARTINS/RN";"2014";"1";"2014-01-27";"2014-06-14";"";"1";"";"REGULAR";"t";"2014-06-21 05:51:30.969";"f";"";"0";"CONSOLIDADA";"";"A Distância";
"1218903";"03";"5752222";"";"";"2042264";"GRADUAÇÃO";"";"NOVA CRUZ/RN";"2014";"1";"2014-01-27";"2014-06-14";"";"17";"";"REGULAR";"t";"2014-06-21 05:47:10.96";"f";"";"0";"CONSOLIDADA";"";"A Distância";
"1218904";"01";"5752220";"";"";"47084";"GRADUAÇÃO";"Campus Central";"A definir";"2014";"1";"2014-01-27";"2014-06-14";"35T56";"18";"30";"REGULAR";"f";"2014-06-10 10:01:31.519";"f";"";"70";"CONSOLIDADA";"";"Presencial";
"1218905";"01";"18681";"";"";"2044400";"GRADUAÇÃO";"Campus Central";"4B3";"2014";"1";"2014-01-27";"2014-06-14";"3M56";"11";"20";"REGULAR";"f";"2014-06-25 16:10:03.758";"f";"";"42";"CONSOLIDADA";"";"Presencial";
"1218906";"14A";"19122";"";"";"27121";"GRADUAÇÃO";"";"CAICÓ/RN";"2014";"1";"2014-01-27";"2014-06-14";"";"1";"";"REGULAR";"t";"2014-06-25 10:09:39.834";"f";"";"0";"CONSOLIDADA";"";"A Distância";
"1218906";"14A";"";"4942767";"";"27121";"GRADUAÇÃO";"";"CAICÓ/RN";"2014";"1";"2014-01-27";"2014-06-14";"";"1";"";"REGULAR";"t";"2014-06-25 10:09:39.834";"f";"";"0";"CONSOLIDADA";"";"A Distância";
"1218907";"02A";"19122";"";"";"27121";"GRADUAÇÃO";"";"CURRAIS NOVOS/RN";"2014";"1";"2014-01-27";"2014-06-14";"";"3";"";"REGULAR";"t";"2014-06-25 10:01:43.047";"f";"";"0";"CONSOLIDADA";"";"A Distância";
"1218907";"02A";"";"4942767";"";"27121";"GRADUAÇÃO";"";"CURRAIS NOVOS/RN";"2014";"1";"2014-01-27";"2014-06-14";"";"3";"";"REGULAR";"t";"2014-06-25 10:01:43.047";"f";"";"0";"CONSOLIDADA";"";"A Distância";
"1218908";"11A";"19122";"";"";"27121";"GRADUAÇÃO";"";"EXTREMOZ/RN";"2014";"1";"2014-01-27";"2014-06-14";"";"";"";"REGULAR";"t";"";"f";"";"";"EXCLUÍDA";"";"A Distância";
"1218909";"22";"";"4942767";"";"27121";"GRADUAÇÃO";"";"GUAMARÉ/RN";"2014";"1";"2014-01-27";"2014-06-14";"";"4";"";"REGULAR";"t";"2014-06-25 10:11:58.053";"f";"";"0";"CONSOLIDADA";"";"A Distância";
"1218909";"22";"19122";"";"";"27121";"GRADUAÇÃO";"";"GUAMARÉ/RN";"2014";"1";"2014-01-27";"2014-06-14";"";"4";"";"REGULAR";"t";"2014-06-25 10:11:58.053";"f";"";"0";"CONSOLIDADA";"";"A Distância";
"1218910";"15";"19122";"";"";"27121";"GRADUAÇÃO";"";"LAJES/RN";"2014";"1";"2014-01-27";"2014-06-14";"";"";"";"REGULAR";"t";"";"f";"";"";"EXCLUÍDA";"";"A Distância";
"1218911";"12";"";"4942767";"";"27121";"GRADUAÇÃO";"";"LUÍS GOMES/RN";"2014";"1";"2014-01-27";"2014-06-14";"";"2";"";"REGULAR";"t";"2014-06-25 10:06:45.452";"f";"";"0";"CONSOLIDADA";"";"A Distância";
"1218911";"12";"19122";"";"";"27121";"GRADUAÇÃO";"";"LUÍS GOMES/RN";"2014";"1";"2014-01-27";"2014-06-14";"";"2";"";"REGULAR";"t";"2014-06-25 10:06:45.452";"f";"";"0";"CONSOLIDADA";"";"A Distância";
"1218912";"01A";"";"4942767";"";"27121";"GRADUAÇÃO";"";"MACAU/RN";"2014";"1";"2014-01-27";"2014-06-14";"";"1";"";"REGULAR";"t";"2014-06-25 09:43:45.026";"f";"";"0";"CONSOLIDADA";"";"A Distância";
"1218912";"01A";"19122";"";"";"27121";"GRADUAÇÃO";"";"MACAU/RN";"2014";"1";"2014-01-27";"2014-06-14";"";"1";"";"REGULAR";"t";"2014-06-25 09:43:45.026";"f";"";"0";"CONSOLIDADA";"";"A Distância";
"1218913";"13";"19122";"";"";"27121";"GRADUAÇÃO";"";"MARTINS/RN";"2014";"1";"2014-01-27";"2014-06-14";"";"1";"";"REGULAR";"t";"";"f";"";"";"INTERROMPIDA";"";"A Distância";
"1218913";"13";"";"4942767";"";"27121";"GRADUAÇÃO";"";"MARTINS/RN";"2014";"1";"2014-01-27";"2014-06-14";"";"1";"";"REGULAR";"t";"";"f";"";"";"INTERROMPIDA";"";"A Distância";
"1218914";"03A";"";"4942767";"";"27121";"GRADUAÇÃO";"";"NOVA CRUZ/RN";"2014";"1";"2014-01-27";"2014-06-14";"";"1";"";"REGULAR";"t";"2014-06-25 10:03:37.747";"f";"";"0";"CONSOLIDADA";"";"A Distância";
"1218914";"03A";"19122";"";"";"27121";"GRADUAÇÃO";"";"NOVA CRUZ/RN";"2014";"1";"2014-01-27";"2014-06-14";"";"1";"";"REGULAR";"t";"2014-06-25 10:03:37.747";"f";"";"0";"CONSOLIDADA";"";"A Distância";
"1218915";"01";"5753709";"";"";"48487";"GRADUAÇÃO";"Campus Central";"Salas do 4 ou 5 subsolo do HUOL";"2014";"1";"2014-01-27";"2014-06-14";"5T234";"2";"45";"REGULAR";"f";"2014-06-13 21:41:48.158";"f";"";"54";"CONSOLIDADA";"";"Presencial";
"1218916";"01";"5754970";"";"";"48486";"GRADUAÇÃO";"Campus Central";"Salas do 4 ou 5 subsolo do HUOL";"2014";"1";"2014-01-27";"2014-06-14";"2M34";"26";"50";"REGULAR";"f";"2014-06-12 07:57:56.803";"f";"";"36";"CONSOLIDADA";"";"Presencial";
"1218916";"01";"5756460";"";"";"48486";"GRADUAÇÃO";"Campus Central";"Salas do 4 ou 5 subsolo do HUOL";"2014";"1";"2014-01-27";"2014-06-14";"2M34";"26";"50";"REGULAR";"f";"2014-06-12 07:57:56.803";"f";"";"36";"CONSOLIDADA";"";"Presencial";
"1218917";"01";"5752013";"";"";"48491";"GRADUAÇÃO";"Campus Central";"Salas do 4 ou 5 subsolo do HUOL";"2014";"1";"2014-01-27";"2014-06-14";"2T234";"28";"50";"REGULAR";"f";"2014-06-09 15:38:57.688";"f";"";"54";"CONSOLIDADA";"";"Presencial";
"1218918";"14A";"5753581";"";"";"46634";"GRADUAÇÃO";"";"CAICÓ/RN";"2014";"1";"2014-01-27";"2014-06-14";"";"27";"";"REGULAR";"t";"2014-06-21 10:05:06.339";"f";"";"0";"CONSOLIDADA";"";"A Distância";
"1218919";"02A";"5753581";"";"";"46634";"GRADUAÇÃO";"";"CURRAIS NOVOS/RN";"2014";"1";"2014-01-27";"2014-06-14";"";"25";"";"REGULAR";"t";"2014-06-21 10:00:20.982";"f";"";"0";"CONSOLIDADA";"";"A Distância";
"1218920";"11A";"5753581";"";"";"46634";"GRADUAÇÃO";"";"EXTREMOZ/RN";"2014";"1";"2014-01-27";"2014-06-14";"";"";"";"REGULAR";"t";"2014-06-21 10:08:56.312";"f";"";"0";"CONSOLIDADA";"";"A Distância";
"1218921";"22A";"5753581";"";"";"46634";"GRADUAÇÃO";"";"GUAMARÉ/RN";"2014";"1";"2014-01-27";"2014-06-14";"";"19";"";"REGULAR";"t";"2014-06-21 10:03:22.561";"f";"";"0";"CONSOLIDADA";"";"A Distância";
"1218922";"15";"5753581";"";"";"46634";"GRADUAÇÃO";"";"LAJES/RN";"2014";"1";"2014-01-27";"2014-06-14";"";"";"";"REGULAR";"t";"";"f";"";"";"EXCLUÍDA";"";"A Distância";
"1218923";"12A";"5753581";"";"";"46634";"GRADUAÇÃO";"";"LUÍS GOMES/RN";"2014";"1";"2014-01-27";"2014-06-14";"";"21";"";"REGULAR";"t";"2014-06-21 10:06:37.337";"f";"";"0";"CONSOLIDADA";"";"A Distância";
"1218924";"01A";"5753581";"";"";"46634";"GRADUAÇÃO";"";"MACAU/RN";"2014";"1";"2014-01-27";"2014-06-14";"";"21";"";"REGULAR";"t";"2014-06-21 09:53:10.5";"f";"";"0";"CONSOLIDADA";"";"A Distância";
"1218925";"13A";"5753581";"";"";"46634";"GRADUAÇÃO";"";"MARTINS/RN";"2014";"1";"2014-01-27";"2014-06-14";"";"";"";"REGULAR";"t";"";"f";"";"";"EXCLUÍDA";"";"A Distância";
"1218926";"03A";"5753581";"";"";"46634";"GRADUAÇÃO";"";"NOVA CRUZ/RN";"2014";"1";"2014-01-27";"2014-06-14";"";"13";"";"REGULAR";"t";"2014-06-21 10:10:58.967";"f";"";"0";"CONSOLIDADA";"";"A Distância";
"1218927";"01";"5755416";"";"";"45277";"STRICTO SENSU";"";"3H3";"2014";"1";"2014-02-22";"2014-06-28";"7M3456";"17";"17";"REGULAR";"f";"2014-06-30 22:21:03.267";"f";"";"68";"CONSOLIDADA";"";"Presencial";
"1218928";"01";"3375074";"";"";"45274";"STRICTO SENSU";"";"Setor 3";"2014";"1";"2014-02-22";"2014-06-28";"6T6  6N123 (22/02/2014 - 28/06/2014)";"14";"15";"REGULAR";"f";"2014-07-04 12:53:31.989";"f";"";"52";"CONSOLIDADA";"";"Presencial";
"1218929";"01";"5755347";"";"";"48525";"GRADUAÇÃO";"Campus Central";"Salas do 4 ou 5 subsolo do HUOL";"2014";"1";"2014-01-27";"2014-06-14";"6M23  4T12";"28";"50";"REGULAR";"f";"2014-06-13 18:03:34.655";"f";"";"76";"CONSOLIDADA";"";"Presencial";
"1218929";"01";"5756460";"";"";"48525";"GRADUAÇÃO";"Campus Central";"Salas do 4 ou 5 subsolo do HUOL";"2014";"1";"2014-01-27";"2014-06-14";"6M23  4T12";"28";"50";"REGULAR";"f";"2014-06-13 18:03:34.655";"f";"";"76";"CONSOLIDADA";"";"Presencial";
"1218932";"01A";"5755136";"";"";"46744";"GRADUAÇÃO";"Campus Central";"Salas do 4 ou 5 subsolo do HUOL e Clínica de Fono";"2014";"1";"2014-01-27";"2014-06-14";"4M34  2T5234";"8";"12";"REGULAR";"f";"2014-06-18 11:51:24.588";"f";"1218931";"106";"CONSOLIDADA";"";"Presencial";
"1218932";"01A";"5753707";"";"";"46744";"GRADUAÇÃO";"Campus Central";"Salas do 4 ou 5 subsolo do HUOL e Clínica de Fono";"2014";"1";"2014-01-27";"2014-06-14";"4M34  2T5234";"8";"12";"REGULAR";"f";"2014-06-18 11:51:24.588";"f";"1218931";"106";"CONSOLIDADA";"";"Presencial";
"1218933";"01B";"5756028";"";"";"46744";"GRADUAÇÃO";"Campus Central";"Salas do 4 ou 5 subsolo do HUOL e Clínica de Fono";"2014";"1";"2014-01-27";"2014-06-14";"4M34  2T2345";"10";"12";"REGULAR";"f";"2014-06-18 11:51:23.222";"f";"1218931";"106";"CONSOLIDADA";"";"Presencial";
"1218933";"01B";"5753707";"";"";"46744";"GRADUAÇÃO";"Campus Central";"Salas do 4 ou 5 subsolo do HUOL e Clínica de Fono";"2014";"1";"2014-01-27";"2014-06-14";"4M34  2T2345";"10";"12";"REGULAR";"f";"2014-06-18 11:51:23.222";"f";"1218931";"106";"CONSOLIDADA";"";"Presencial";
"1218933";"01B";"5755054";"";"";"46744";"GRADUAÇÃO";"Campus Central";"Salas do 4 ou 5 subsolo do HUOL e Clínica de Fono";"2014";"1";"2014-01-27";"2014-06-14";"4M34  2T2345";"10";"12";"REGULAR";"f";"2014-06-18 11:51:23.222";"f";"1218931";"106";"CONSOLIDADA";"";"Presencial";
"1218934";"01C";"5753707";"";"";"46744";"GRADUAÇÃO";"Campus Central";"Salas do 4 ou 5 subsolo do HUOL e Clínica de Fono";"2014";"1";"2014-01-27";"2014-06-14";"4M56  2T5234";"9";"12";"REGULAR";"f";"2014-06-18 11:51:24.001";"f";"1218931";"106";"CONSOLIDADA";"";"Presencial";
"1218934";"01C";"5755136";"";"";"46744";"GRADUAÇÃO";"Campus Central";"Salas do 4 ou 5 subsolo do HUOL e Clínica de Fono";"2014";"1";"2014-01-27";"2014-06-14";"4M56  2T5234";"9";"12";"REGULAR";"f";"2014-06-18 11:51:24.001";"f";"1218931";"106";"CONSOLIDADA";"";"Presencial";
"1218935";"01D";"5756028";"";"";"46744";"GRADUAÇÃO";"Campus Central";"Salas do 4 ou 5 subsolo do HUOL e Clínica de Fono";"2014";"1";"2014-01-27";"2014-06-14";"4M56  2T2345";"10";"12";"REGULAR";"f";"2014-06-18 11:51:21.713";"f";"1218931";"106";"CONSOLIDADA";"";"Presencial";
"1218935";"01D";"5755054";"";"";"46744";"GRADUAÇÃO";"Campus Central";"Salas do 4 ou 5 subsolo do HUOL e Clínica de Fono";"2014";"1";"2014-01-27";"2014-06-14";"4M56  2T2345";"10";"12";"REGULAR";"f";"2014-06-18 11:51:21.713";"f";"1218931";"106";"CONSOLIDADA";"";"Presencial";
"1218935";"01D";"5753707";"";"";"46744";"GRADUAÇÃO";"Campus Central";"Salas do 4 ou 5 subsolo do HUOL e Clínica de Fono";"2014";"1";"2014-01-27";"2014-06-14";"4M56  2T2345";"10";"12";"REGULAR";"f";"2014-06-18 11:51:21.713";"f";"1218931";"106";"CONSOLIDADA";"";"Presencial";
"1218937";"01A";"5753709";"";"";"48488";"GRADUAÇÃO";"Campus Central";"Salas do 4 ou 5 subsolo do HUOL";"2014";"1";"2014-01-27";"2014-06-14";"3M123";"39";"50";"REGULAR";"f";"2014-06-26 10:01:49.035";"f";"1218936";"54";"CONSOLIDADA";"";"Presencial";
"1218939";"01A";"5756442";"";"";"48527";"GRADUAÇÃO";"Campus Central";"Salas do 4 ou 5 subsolo do HUOL";"2014";"1";"2014-01-27";"2014-06-14";"3M456";"40";"50";"REGULAR";"f";"2014-06-20 17:48:32.869";"f";"1218938";"54";"CONSOLIDADA";"";"Presencial";
"1218939";"01A";"5752013";"";"";"48527";"GRADUAÇÃO";"Campus Central";"Salas do 4 ou 5 subsolo do HUOL";"2014";"1";"2014-01-27";"2014-06-14";"3M456";"40";"50";"REGULAR";"f";"2014-06-20 17:48:32.869";"f";"1218938";"54";"CONSOLIDADA";"";"Presencial";
"1218940";"01";"26132";"";"";"45279";"STRICTO SENSU";"";"Sala de seminários da Matemática";"2014";"1";"2014-01-02";"2014-01-26";"234567M123456 (02/01/2014 - 26/01/2014)";"13";"13";"REGULAR";"f";"2014-01-28 10:53:20.94";"f";"";"";"CONSOLIDADA";"";"Presencial";
"1218940";"01";"5752603";"";"";"45279";"STRICTO SENSU";"";"Sala de seminários da Matemática";"2014";"1";"2014-01-02";"2014-01-26";"234567M123456 (02/01/2014 - 26/01/2014)";"13";"13";"REGULAR";"f";"2014-01-28 10:53:20.94";"f";"";"";"CONSOLIDADA";"";"Presencial";
"1218941";"01";"5755589";"";"";"52469";"GRADUAÇÃO";"Campus Santa Cruz";"Clínica Escola Facisa";"2014";"1";"2014-05-07";"2014-06-09";"24M123 (07/05/2014 - 09/06/2014)";"8";"12";"REGULAR";"f";"2014-06-10 20:49:41.802";"f";"";"30";"CONSOLIDADA";"";"Presencial";
"1218942";"14A";"22736";"";"";"45854";"GRADUAÇÃO";"";"CAICÓ/RN";"2014";"1";"2014-01-27";"2014-06-14";"";"20";"";"REGULAR";"t";"2014-06-13 09:51:16.417";"f";"";"0";"CONSOLIDADA";"";"A Distância";
"1218943";"02";"22736";"";"";"45854";"GRADUAÇÃO";"";"CURRIAS NOVOS/RN";"2014";"1";"2014-01-27";"2014-06-14";"";"17";"";"REGULAR";"t";"2014-06-13 09:56:28.265";"f";"";"0";"CONSOLIDADA";"";"A Distância";
"1218944";"11A";"22736";"";"";"45854";"GRADUAÇÃO";"";"EXTREMOZ/RN";"2014";"1";"2014-01-27";"2014-06-14";"";"2";"";"REGULAR";"t";"2014-06-05 11:54:53.003";"f";"";"0";"CONSOLIDADA";"";"A Distância";
"1218945";"22";"22736";"";"";"45854";"GRADUAÇÃO";"";"GUAMARÉ/RN";"2014";"1";"2014-01-27";"2014-06-14";"";"16";"";"REGULAR";"t";"2014-06-20 09:05:39.822";"f";"";"0";"CONSOLIDADA";"";"A Distância";
"1218946";"15";"22736";"";"";"45854";"GRADUAÇÃO";"";"LAJES/RN";"2014";"1";"2014-01-27";"2014-06-14";"";"";"";"REGULAR";"t";"";"f";"";"";"EXCLUÍDA";"";"A Distância";
"1218947";"12A";"22736";"";"";"45854";"GRADUAÇÃO";"";"LUÍS GOMES/RN";"2014";"1";"2014-01-27";"2014-06-14";"";"18";"";"REGULAR";"t";"2014-06-20 09:01:25.767";"f";"";"0";"CONSOLIDADA";"";"A Distância";
"1218948";"01A";"22736";"";"";"45854";"GRADUAÇÃO";"";"MACAU/RN";"2014";"1";"2014-01-27";"2014-06-14";"";"17";"";"REGULAR";"t";"2014-06-13 10:14:47.524";"f";"";"0";"CONSOLIDADA";"";"A Distância";
"1218949";"13A";"22736";"";"";"45854";"GRADUAÇÃO";"";"MARTINS/RN";"2014";"1";"2014-01-27";"2014-06-14";"";"";"";"REGULAR";"t";"";"f";"";"";"EXCLUÍDA";"";"A Distância";
"1218950";"03A";"22736";"";"";"45854";"GRADUAÇÃO";"";"NOVA CRUZ/RN";"2014";"1";"2014-01-27";"2014-06-14";"";"11";"";"REGULAR";"t";"2014-06-05 11:53:17.969";"f";"";"0";"CONSOLIDADA";"";"A Distância";
"1218951";"02";"5755589";"";"";"52469";"GRADUAÇÃO";"Campus Santa Cruz";"Clínica Escola Facisa";"2014";"1";"2014-02-17";"2014-03-26";"24M123 (17/02/2014 - 26/03/2014)";"9";"12";"REGULAR";"f";"2014-06-09 20:30:37.823";"f";"";"30";"CONSOLIDADA";"";"Presencial";
"1218952";"03";"5755589";"";"";"52469";"GRADUAÇÃO";"Campus Santa Cruz";"Clínica Escola Facisa";"2014";"1";"2014-03-31";"2014-05-05";"24M123 (31/03/2014 - 05/05/2014)";"10";"12";"REGULAR";"f";"2014-06-09 20:35:20.496";"f";"";"30";"CONSOLIDADA";"";"Presencial";
"1218953";"14A";"22129";"";"";"46630";"GRADUAÇÃO";"";"CAICÓ/RN";"2014";"1";"2014-01-27";"2014-06-14";"";"";"";"REGULAR";"t";"2014-06-20 19:33:23.032";"f";"";"0";"CONSOLIDADA";"";"A Distância";
"1218954";"02A";"22129";"";"";"46630";"GRADUAÇÃO";"";"CURRIAS NOVOS/RN";"2014";"1";"2014-01-27";"2014-06-14";"";"";"";"REGULAR";"t";"2014-06-20 19:26:47.323";"f";"";"0";"CONSOLIDADA";"";"A Distância";
"1218955";"11A";"22129";"";"";"46630";"GRADUAÇÃO";"";"EXTREMOZ/RN";"2014";"1";"2014-01-27";"2014-06-14";"";"";"";"REGULAR";"t";"";"f";"";"";"EXCLUÍDA";"";"A Distância";
"1218956";"22A";"22129";"";"";"46630";"GRADUAÇÃO";"";"GUAMARÉ/RN";"2014";"1";"2014-01-27";"2014-06-14";"";"";"";"REGULAR";"t";"";"f";"";"";"EXCLUÍDA";"";"A Distância";
"1218957";"15";"22129";"";"";"46630";"GRADUAÇÃO";"";"LAJES/RN";"2014";"1";"2014-01-27";"2014-06-14";"";"";"";"REGULAR";"t";"";"f";"";"";"EXCLUÍDA";"";"A Distância";
"1218958";"12A";"22129";"";"";"46630";"GRADUAÇÃO";"";"LUÍS GOMES/RN";"2014";"1";"2014-01-27";"2014-06-14";"";"";"";"REGULAR";"t";"";"f";"";"";"EXCLUÍDA";"";"A Distância";
"1218959";"01A";"22129";"";"";"46630";"GRADUAÇÃO";"";"MACAU/RN";"2014";"1";"2014-01-27";"2014-06-14";"";"";"";"REGULAR";"t";"";"f";"";"";"EXCLUÍDA";"";"A Distância";
"1218960";"13A";"22129";"";"";"46630";"GRADUAÇÃO";"";"MARTINS/RN";"2014";"1";"2014-01-27";"2014-06-14";"";"";"";"REGULAR";"t";"";"f";"";"";"EXCLUÍDA";"";"A Distância";
"1218961";"03A";"22129";"";"";"46630";"GRADUAÇÃO";"";"NOVA CRUZ/RN";"2014";"1";"2014-01-27";"2014-06-14";"";"1";"";"REGULAR";"t";"2014-06-20 19:31:06.104";"f";"";"0";"CONSOLIDADA";"";"A Distância";
"1218963";"01A";"5754970";"";"";"48490";"GRADUAÇÃO";"Campus Central";"Salas do 4 e 5 sub-solo HUOL";"2014";"1";"2014-01-27";"2014-06-14";"4M125";"20";"25";"REGULAR";"f";"2014-06-12 07:57:14.121";"f";"1218962";"54";"CONSOLIDADA";"";"Presencial";
"1218964";"01";"5755589";"";"";"52472";"GRADUAÇÃO";"Campus Santa Cruz";"Bloco I - Sala 9";"2014";"1";"2014-01-27";"2014-06-12";"2T34 4T45 (27/01/2014 - 12/06/2014)";"27";"36";"REGULAR";"f";"2014-06-11 20:59:00.392";"f";"";"78";"CONSOLIDADA";"";"Presencial";
"1218964";"01";"5756198";"";"";"52472";"GRADUAÇÃO";"Campus Santa Cruz";"Bloco I - Sala 9";"2014";"1";"2014-01-27";"2014-06-12";"2T34 4T45 (27/01/2014 - 12/06/2014)";"27";"36";"REGULAR";"f";"2014-06-11 20:59:00.392";"f";"";"78";"CONSOLIDADA";"";"Presencial";
"1218965";"01B";"5754970";"";"";"48490";"GRADUAÇÃO";"Campus Central";"Salas do 4 e 5 sub-solo HUOL";"2014";"1";"2014-01-27";"2014-06-14";"4M123";"21";"25";"REGULAR";"f";"2014-06-12 07:57:15.478";"f";"1218962";"54";"CONSOLIDADA";"";"Presencial";
"1218966";"01";"5755551";"";"";"52473";"GRADUAÇÃO";"Campus Santa Cruz";"UBS";"2014";"1";"2014-02-17";"2014-03-26";"24M45 (17/02/2014 - 26/03/2014)";"4";"6";"REGULAR";"f";"2014-06-15 15:36:29.111";"f";"";"22";"CONSOLIDADA";"";"Presencial";
"1218967";"01";"22818";"";"";"26712";"GRADUAÇÃO";"Campus Central";"2H2";"2014";"1";"2014-01-27";"2014-06-14";"46M34";"11";"25";"REGULAR";"f";"2014-06-11 15:24:29.026";"f";"";"70";"CONSOLIDADA";"";"Presencial";
"1218969";"01A";"5756442";"";"";"48489";"GRADUAÇÃO";"Campus Central";"Salas do 4 e 5 sub-solo HUOL";"2014";"1";"2014-01-27";"2014-06-14";"4T234";"42";"50";"REGULAR";"f";"2014-06-20 17:50:02.477";"f";"1218968";"57";"CONSOLIDADA";"";"Presencial";
"1218969";"01A";"5752013";"";"";"48489";"GRADUAÇÃO";"Campus Central";"Salas do 4 e 5 sub-solo HUOL";"2014";"1";"2014-01-27";"2014-06-14";"4T234";"42";"50";"REGULAR";"f";"2014-06-20 17:50:02.477";"f";"1218968";"57";"CONSOLIDADA";"";"Presencial";
"1218970";"02";"5755551";"";"";"52473";"GRADUAÇÃO";"Campus Santa Cruz";"UBS";"2014";"1";"2014-03-31";"2014-05-05";"24M45 (31/03/2014 - 05/05/2014)";"4";"6";"REGULAR";"f";"2014-06-15 15:45:23.461";"f";"";"22";"CONSOLIDADA";"";"Presencial";
"1218971";"02";"22818";"";"";"26712";"GRADUAÇÃO";"Campus Central";"2G2";"2014";"1";"2014-01-27";"2014-06-14";"46N12";"33";"27";"REGULAR";"f";"2014-06-11 15:42:34.132";"f";"";"68";"CONSOLIDADA";"";"Presencial";
"1218972";"01";"3560906";"";"";"26716";"GRADUAÇÃO";"Campus Central";"Setor II";"2014";"1";"2014-01-27";"2014-06-14";"26N12";"";"25";"REGULAR";"f";"";"f";"";"";"EXCLUÍDA";"";"Presencial";
"1218974";"01A";"5756062";"";"";"48526";"GRADUAÇÃO";"Campus Central";"Salas do 4 e 5 sub-solo HUOL";"2014";"1";"2014-01-27";"2014-06-14";"5M12345";"36";"50";"REGULAR";"f";"2014-06-19 00:50:09.349";"f";"1218973";"90";"CONSOLIDADA";"";"Presencial";
"1218975";"03";"5755551";"";"";"52473";"GRADUAÇÃO";"Campus Santa Cruz";"UBS";"2014";"1";"2014-05-07";"2014-06-11";"24M45 (07/05/2014 - 11/06/2014)";"5";"6";"REGULAR";"f";"2014-06-16 07:40:23.918";"f";"";"22";"CONSOLIDADA";"";"Presencial";
"1218976";"01";"5755738";"";"";"26717";"GRADUAÇÃO";"Campus Central";"2G5/2H3";"2014";"1";"2014-01-27";"2014-06-14";"46N12";"29";"29";"REGULAR";"f";"2014-06-20 14:57:07.292";"f";"";"74";"CONSOLIDADA";"";"Presencial";
"1218978";"01A";"5753032";"";"";"48528";"GRADUAÇÃO";"Campus Central";"Salas do 4 e 5 sub-solo HUOL";"2014";"1";"2014-01-27";"2014-06-14";"5T234";"39";"50";"REGULAR";"f";"2014-06-20 09:59:55.323";"f";"1218977";"54";"CONSOLIDADA";"";"Presencial";
"1218979";"04";"5755531";"";"";"52473";"GRADUAÇÃO";"Campus Santa Cruz";"UBS";"2014";"1";"2014-02-17";"2014-03-26";"24M45 (17/02/2014 - 26/03/2014)";"4";"6";"REGULAR";"f";"2014-06-14 19:47:04.197";"f";"";"24";"CONSOLIDADA";"";"Presencial";
"1218980";"05";"5755531";"";"";"52473";"GRADUAÇÃO";"Campus Santa Cruz";"UBS";"2014";"1";"2014-03-31";"2014-05-05";"24M45 (31/03/2014 - 05/05/2014)";"5";"6";"REGULAR";"f";"2014-06-14 19:49:42.912";"f";"";"22";"CONSOLIDADA";"";"Presencial";
"1218981";"14";"5752736";"";"";"51465";"GRADUAÇÃO";"";"CAICÓ/RN";"2014";"1";"2014-01-27";"2014-06-14";"";"2";"";"REGULAR";"t";"2014-06-21 16:45:54.883";"f";"";"0";"CONSOLIDADA";"";"A Distância";
"1218982";"02";"5752736";"";"";"51465";"GRADUAÇÃO";"";"CURRIAS NOVOS/RN";"2014";"1";"2014-01-27";"2014-06-14";"";"3";"";"REGULAR";"t";"2014-06-21 16:46:36.11";"f";"";"0";"CONSOLIDADA";"";"A Distância";
"1218983";"11";"5752736";"";"";"51465";"GRADUAÇÃO";"";"EXTREMOZ/RN";"2014";"1";"2014-01-27";"2014-06-14";"";"2";"";"REGULAR";"t";"2014-06-21 16:48:20.116";"f";"";"0";"CONSOLIDADA";"";"A Distância";
"1218984";"12";"5752736";"";"";"51465";"GRADUAÇÃO";"";"LUÍS GOMES/RN";"2014";"1";"2014-01-27";"2014-06-14";"";"2";"";"REGULAR";"t";"2014-06-21 16:49:13.549";"f";"";"0";"CONSOLIDADA";"";"A Distância";
"1218985";"13";"5752736";"";"";"51465";"GRADUAÇÃO";"";"MARTINS/RN";"2014";"1";"2014-01-27";"2014-06-14";"";"1";"";"REGULAR";"t";"2014-06-21 16:50:01.243";"f";"";"0";"CONSOLIDADA";"";"A Distância";
"1218986";"03";"5752736";"";"";"51465";"GRADUAÇÃO";"";"NOVA CRUZ/RN";"2014";"1";"2014-01-27";"2014-06-14";"";"3";"";"REGULAR";"t";"2014-06-21 16:47:29.197";"f";"";"0";"CONSOLIDADA";"";"A Distância";
"1218987";"01";"5755917";"";"";"26721";"GRADUAÇÃO";"Campus Central";"2H9";"2014";"1";"2014-01-27";"2014-06-14";"35M34";"10";"25";"REGULAR";"f";"2014-06-12 15:22:49.49";"f";"";"72";"CONSOLIDADA";"";"Presencial";
"1218988";"06";"5755531";"";"";"52473";"GRADUAÇÃO";"Campus Santa Cruz";"UBS";"2014";"1";"2014-05-07";"2014-06-11";"24M45 (07/05/2014 - 11/06/2014)";"5";"6";"REGULAR";"f";"2014-06-14 17:00:13.252";"f";"";"22";"CONSOLIDADA";"";"Presencial";
"1218989";"02";"130657";"";"";"26721";"GRADUAÇÃO";"Campus Central";"2A3";"2014";"1";"2014-01-27";"2014-06-14";"35N34";"27";"27";"REGULAR";"f";"2014-06-11 17:24:56.087";"f";"";"72";"CONSOLIDADA";"";"Presencial";
"1218990";"14";"5752736";"";"";"51466";"GRADUAÇÃO";"";"CAICÓ/RN";"2014";"1";"2014-01-27";"2014-06-14";"";"2";"";"REGULAR";"t";"2014-06-21 16:04:13.887";"f";"";"0";"CONSOLIDADA";"";"A Distância";
"1218991";"02";"5752736";"";"";"51466";"GRADUAÇÃO";"";"CURRIAS NOVOS/RN";"2014";"1";"2014-01-27";"2014-06-14";"";"";"";"REGULAR";"t";"";"f";"";"";"EXCLUÍDA";"";"A Distância";
"1218992";"11";"5752736";"";"";"51466";"GRADUAÇÃO";"";"EXTREMOZ/RN";"2014";"1";"2014-01-27";"2014-06-14";"";"3";"";"REGULAR";"t";"2014-06-21 16:06:51.023";"f";"";"0";"CONSOLIDADA";"";"A Distância";
"1218993";"12";"5752736";"";"";"51466";"GRADUAÇÃO";"";"LUÍS GOMES/RN";"2014";"1";"2014-01-27";"2014-06-14";"";"2";"";"REGULAR";"t";"2014-06-21 16:06:06.755";"f";"";"0";"CONSOLIDADA";"";"A Distância";
"1218994";"13";"5752736";"";"";"51466";"GRADUAÇÃO";"";"MARTINS/RN";"2014";"1";"2014-01-27";"2014-06-14";"";"1";"";"REGULAR";"t";"2014-06-21 16:05:01.122";"f";"";"0";"CONSOLIDADA";"";"A Distância";
"1218995";"03";"5752736";"";"";"51466";"GRADUAÇÃO";"";"NOVA CRUZ/RN";"2014";"1";"2014-01-27";"2014-06-14";"";"";"";"REGULAR";"t";"";"f";"";"";"EXCLUÍDA";"";"A Distância";
"1218996";"01";"5752748";"";"";"26722";"GRADUAÇÃO";"Campus Central";"2F2";"2014";"1";"2014-01-27";"2014-06-14";"35M12";"10";"25";"REGULAR";"f";"2014-06-10 16:21:49.626";"f";"";"72";"CONSOLIDADA";"";"Presencial";
"1218997";"01";"5755589";"";"";"52474";"GRADUAÇÃO";"Campus Santa Cruz";"Clínica Escola Facisa";"2014";"1";"2014-05-07";"2014-06-11";"24M45 (07/05/2014 - 11/06/2014)";"8";"12";"REGULAR";"f";"2014-06-11 21:02:16.171";"f";"";"22";"CONSOLIDADA";"";"Presencial";
"1218998";"01";"5755917";"";"";"26724";"GRADUAÇÃO";"Campus Central";"5G2";"2014";"1";"2014-01-27";"2014-06-14";"35T34";"55";"50";"REGULAR";"f";"2014-06-12 14:10:57.73";"f";"";"72";"CONSOLIDADA";"";"Presencial";
"1218999";"01";"26600";"";"";"26725";"GRADUAÇÃO";"Campus Central";"5G1";"2014";"1";"2014-01-27";"2014-06-14";"6T2345";"55";"66";"REGULAR";"f";"2014-06-16 20:49:59";"f";"";"72";"CONSOLIDADA";"";"Presencial";
"1219000";"14";"5752736";"";"";"51467";"GRADUAÇÃO";"";"CAICÓ/RN";"2014";"1";"2014-01-27";"2014-06-14";"";"1";"";"REGULAR";"t";"2014-06-21 15:52:23.909";"f";"";"0";"CONSOLIDADA";"";"A Distância";
"1219001";"02";"5752736";"";"";"51467";"GRADUAÇÃO";"";"CURRIAS NOVOS/RN";"2014";"1";"2014-01-27";"2014-06-14";"";"2";"";"REGULAR";"t";"2014-06-21 16:01:48.848";"f";"";"0";"CONSOLIDADA";"";"A Distância";
"1219002";"11";"5752736";"";"";"51467";"GRADUAÇÃO";"";"EXTREMOZ/RN";"2014";"1";"2014-01-27";"2014-06-14";"";"2";"";"REGULAR";"t";"2014-06-21 15:58:53.863";"f";"";"0";"CONSOLIDADA";"";"A Distância";
"1219003";"12";"5752736";"";"";"51467";"GRADUAÇÃO";"";"LUÍS GOMES/RN";"2014";"1";"2014-01-27";"2014-06-14";"";"1";"";"REGULAR";"t";"2014-06-21 15:55:37.981";"f";"";"0";"CONSOLIDADA";"";"A Distância";
"1219004";"13";"5752736";"";"";"51467";"GRADUAÇÃO";"";"MARTINS/RN";"2014";"1";"2014-01-27";"2014-06-14";"";"";"";"REGULAR";"t";"2014-06-21 15:54:51.163";"f";"";"0";"CONSOLIDADA";"";"A Distância";
"1219005";"03";"5752736";"";"";"51467";"GRADUAÇÃO";"";"NOVA CRUZ/RN";"2014";"1";"2014-01-27";"2014-06-14";"";"3";"";"REGULAR";"t";"2014-06-21 16:00:24.315";"f";"";"0";"CONSOLIDADA";"";"A Distância";
"1219006";"01";"15556";"";"";"25054";"GRADUAÇÃO";"Campus Central";"2A1";"2014";"1";"2014-01-27";"2014-06-14";"46M12";"18";"66";"REGULAR";"f";"2014-06-11 23:43:01.729";"f";"";"66";"CONSOLIDADA";"";"Presencial";
"1219007";"02";"5755589";"";"";"52474";"GRADUAÇÃO";"Campus Santa Cruz";"Clínica Escola Facisa";"2014";"1";"2014-02-17";"2014-03-26";"24M45 (17/02/2014 - 26/03/2014)";"9";"12";"REGULAR";"f";"2014-06-09 21:10:17.051";"f";"";"24";"CONSOLIDADA";"";"Presencial";
"1219008";"03";"5755589";"";"";"52474";"GRADUAÇÃO";"Campus Santa Cruz";"Clínica Escola Facisa";"2014";"1";"2014-03-31";"2014-05-05";"24M45 (31/03/2014 - 05/05/2014)";"10";"12";"REGULAR";"f";"2014-06-09 21:17:01.963";"f";"";"22";"CONSOLIDADA";"";"Presencial";
"1219009";"02";"5752683";"";"";"25054";"GRADUAÇÃO";"Campus Central";"2A1";"2014";"1";"2014-01-27";"2014-06-14";"46N12";"16";"65";"REGULAR";"f";"2014-06-12 07:25:37.719";"f";"";"74";"CONSOLIDADA";"";"Presencial";
"1219010";"01";"17675";"";"";"25107";"GRADUAÇÃO";"Campus Central";"2A1";"2014";"1";"2014-01-27";"2014-06-14";"26M34";"11";"66";"REGULAR";"f";"2014-06-11 14:38:47.164";"f";"";"72";"CONSOLIDADA";"";"Presencial";
"1219011";"02";"17675";"";"";"25107";"GRADUAÇÃO";"Campus Central";"2A1";"2014";"1";"2014-01-27";"2014-06-14";"2N12 6N34";"8";"65";"REGULAR";"f";"2014-06-11 14:31:50.513";"f";"";"72";"CONSOLIDADA";"";"Presencial";
"1219012";"01";"5756198";"";"";"52475";"GRADUAÇÃO";"Campus Santa Cruz";"Clínica Escola Facisa";"2014";"1";"2014-03-31";"2014-05-05";"24M45 (31/03/2014 - 05/05/2014)";"8";"12";"REGULAR";"f";"2014-06-09 21:58:10.77";"f";"";"26";"CONSOLIDADA";"";"Presencial";
"1219013";"01";"17736";"";"";"25080";"GRADUAÇÃO";"Campus Central";"2A2";"2014";"1";"2014-01-27";"2014-06-14";"35M34";"23";"60";"REGULAR";"f";"2014-06-18 09:38:06.47";"f";"";"72";"CONSOLIDADA";"";"Presencial";
"1219014";"02";"5756198";"";"";"52475";"GRADUAÇÃO";"Campus Santa Cruz";"Clínica Escola Facisa";"2014";"1";"2014-05-07";"2014-06-11";"24M45 (07/05/2014 - 11/06/2014)";"9";"12";"REGULAR";"f";"2014-06-13 08:53:31.603";"f";"";"22";"CONSOLIDADA";"";"Presencial";
"1219015";"02";"17736";"";"";"25080";"GRADUAÇÃO";"Campus Central";"2A2";"2014";"1";"2014-01-27";"2014-06-14";"35N12";"42";"60";"REGULAR";"f";"2014-06-18 09:46:35.784";"f";"";"72";"CONSOLIDADA";"";"Presencial";
"1219016";"03";"5756198";"";"";"52475";"GRADUAÇÃO";"Campus Santa Cruz";"Clínica Escola Facisa";"2014";"1";"2014-02-17";"2014-03-26";"24M45 (17/02/2014 - 26/03/2014)";"10";"12";"REGULAR";"f";"2014-06-09 21:46:36.135";"f";"";"26";"CONSOLIDADA";"";"Presencial";
"1219017";"01";"26133";"";"";"25056";"GRADUAÇÃO";"Campus Central";"2A1";"2014";"1";"2014-01-27";"2014-06-14";"35M12";"12";"66";"REGULAR";"f";"2014-06-20 10:20:58.731";"f";"";"74";"CONSOLIDADA";"";"Presencial";
"1219018";"02";"26133";"";"";"25056";"GRADUAÇÃO";"Campus Central";"2A1";"2014";"1";"2014-01-27";"2014-06-14";"35N12";"12";"65";"REGULAR";"f";"2014-06-20 10:23:26.654";"f";"";"74";"CONSOLIDADA";"";"Presencial";
"1219019";"01";"3560906";"";"";"25060";"GRADUAÇÃO";"Campus Central";"2A2";"2014";"1";"2014-01-27";"2014-06-14";"46M12";"52";"60";"REGULAR";"f";"2014-06-21 10:05:11.961";"f";"";"70";"CONSOLIDADA";"";"Presencial";
"1219020";"02";"3560906";"";"";"25060";"GRADUAÇÃO";"Campus Central";"2A2";"2014";"1";"2014-01-27";"2014-06-14";"46N34";"48";"60";"REGULAR";"f";"2014-06-21 10:23:44.25";"f";"";"66";"CONSOLIDADA";"";"Presencial";
"1219021";"01";"22836";"";"";"25062";"GRADUAÇÃO";"Campus Central";"2A3";"2014";"1";"2014-01-27";"2014-06-14";"35M34";"72";"65";"REGULAR";"f";"2014-06-21 20:39:54.394";"f";"";"70";"CONSOLIDADA";"";"Presencial";
"1219022";"02";"5755738";"";"";"25062";"GRADUAÇÃO";"Campus Central";"2A3";"2014";"1";"2014-01-27";"2014-06-14";"46N34";"52";"60";"REGULAR";"f";"2014-06-20 15:27:51.137";"f";"";"72";"CONSOLIDADA";"";"Presencial";
"1219023";"01";"5756591";"";"";"52634";"GRADUAÇÃO";"Campus Santa Cruz";"UBS";"2014";"1";"2014-04-16";"2014-05-21";"24M123456 (16/04/2014 - 21/05/2014)";"6";"6";"REGULAR";"f";"2014-06-10 16:32:20.795";"f";"";"72";"CONSOLIDADA";"";"Presencial";
"1219024";"01";"5752301";"";"";"25094";"GRADUAÇÃO";"Campus Central";"2A2";"2014";"1";"2014-01-27";"2014-06-14";"26M34";"42";"60";"REGULAR";"f";"2014-06-12 13:49:26.145";"f";"";"72";"CONSOLIDADA";"";"Presencial";
"1219026";"01A";"5755054";"";"";"46747";"GRADUAÇÃO";"Campus Central";"Salas do 4 e 5 sub-solo HUOL e Clinica de Fono";"2014";"1";"2014-01-27";"2014-06-14";"6M123456";"19";"20";"REGULAR";"f";"2014-06-13 13:24:14.531";"f";"1219025";"114";"CONSOLIDADA";"";"Presencial";
"1219027";"01";"5756101";"";"";"48324";"GRADUAÇÃO";"Campus Central";"Sala II-DFS";"2014";"1";"2014-01-27";"2014-06-14";"35T34";"6";"40";"REGULAR";"f";"2014-06-13 11:52:29.75";"f";"";"72";"CONSOLIDADA";"";"Presencial";
"1219027";"01";"21735";"";"";"48324";"GRADUAÇÃO";"Campus Central";"Sala II-DFS";"2014";"1";"2014-01-27";"2014-06-14";"35T34";"6";"40";"REGULAR";"f";"2014-06-13 11:52:29.75";"f";"";"72";"CONSOLIDADA";"";"Presencial";
"1219028";"02";"5752301";"";"";"25094";"GRADUAÇÃO";"Campus Central";"2A2";"2014";"1";"2014-01-27";"2014-06-14";"26N12";"48";"60";"REGULAR";"f";"2014-06-12 13:54:23.38";"f";"";"70";"CONSOLIDADA";"";"Presencial";
"1219029";"01B";"5755054";"";"";"46747";"GRADUAÇÃO";"Campus Central";"Salas do 4 e 5 sub-solo HUOL e Clinica de Fono";"2014";"1";"2014-01-27";"2014-06-14";"6M123456";"14";"20";"REGULAR";"f";"2014-06-13 13:24:17.033";"f";"1219025";"114";"CONSOLIDADA";"";"Presencial";
"1219029";"01B";"5755136";"";"";"46747";"GRADUAÇÃO";"Campus Central";"Salas do 4 e 5 sub-solo HUOL e Clinica de Fono";"2014";"1";"2014-01-27";"2014-06-14";"6M123456";"14";"20";"REGULAR";"f";"2014-06-13 13:24:17.033";"f";"1219025";"114";"CONSOLIDADA";"";"Presencial";
"1219030";"03";"5752263";"";"";"43653";"GRADUAÇÃO";"Campus Central";"Embriões";"2014";"1";"2014-01-27";"2014-06-14";"35T34";"1";"15";"REGULAR";"f";"2014-06-13 17:02:27.711";"f";"";"68";"CONSOLIDADA";"";"Presencial";
"1219030";"03";"23679";"";"";"43653";"GRADUAÇÃO";"Campus Central";"Embriões";"2014";"1";"2014-01-27";"2014-06-14";"35T34";"1";"15";"REGULAR";"f";"2014-06-13 17:02:27.711";"f";"";"68";"CONSOLIDADA";"";"Presencial";
"1219031";"01";"5755424";"";"";"25070";"GRADUAÇÃO";"Campus Central";"2A3";"2014";"1";"2014-01-27";"2014-06-14";"46M34";"54";"60";"REGULAR";"f";"2014-06-21 18:57:12.984";"f";"";"76";"CONSOLIDADA";"";"Presencial";
"1219032";"02";"5755424";"";"";"25070";"GRADUAÇÃO";"Campus Central";"2A3";"2014";"1";"2014-01-27";"2014-06-14";"24N12";"53";"60";"REGULAR";"f";"2014-06-21 19:05:44.953";"f";"";"74";"CONSOLIDADA";"";"Presencial";
"1219033";"01";"5756062";"";"";"48521";"GRADUAÇÃO";"Campus Central";"Clínica Escola de Fonoaudiologia";"2014";"1";"2014-01-27";"2014-06-14";"24M1234  24T12 6T1 (27/01/2014 - 14/06/2014)";"6";"7";"REGULAR";"f";"2014-06-13 23:12:02.587";"f";"";"235";"CONSOLIDADA";"";"Presencial";
"1219033";"01";"5752739";"";"";"48521";"GRADUAÇÃO";"Campus Central";"Clínica Escola de Fonoaudiologia";"2014";"1";"2014-01-27";"2014-06-14";"24M1234  24T12 6T1 (27/01/2014 - 14/06/2014)";"6";"7";"REGULAR";"f";"2014-06-13 23:12:02.587";"f";"";"235";"CONSOLIDADA";"";"Presencial";
"1219034";"01";"5753653";"";"";"48523";"GRADUAÇÃO";"Campus Central";"Clínica Escola de Fonoaudiologia";"2014";"1";"2014-01-27";"2014-06-14";"3M1234 5M12345 (27/01/2014 - 14/06/2014)";"7";"7";"REGULAR";"f";"2014-06-13 09:09:01.157";"f";"";"162";"CONSOLIDADA";"";"Presencial";
"1219034";"01";"5753680";"";"";"48523";"GRADUAÇÃO";"Campus Central";"Clínica Escola de Fonoaudiologia";"2014";"1";"2014-01-27";"2014-06-14";"3M1234 5M12345 (27/01/2014 - 14/06/2014)";"7";"7";"REGULAR";"f";"2014-06-13 09:09:01.157";"f";"";"162";"CONSOLIDADA";"";"Presencial";
"1219035";"01";"5755551";"";"";"52477";"GRADUAÇÃO";"Campus Santa Cruz";"Bloco I - Sala 9";"2014";"1";"2014-01-28";"2014-06-11";"35T345 (28/01/2014 - 11/06/2014)";"27";"36";"REGULAR";"f";"2014-06-11 20:28:57.129";"f";"";"90";"CONSOLIDADA";"";"Presencial";
"1219035";"01";"5755531";"";"";"52477";"GRADUAÇÃO";"Campus Santa Cruz";"Bloco I - Sala 9";"2014";"1";"2014-01-28";"2014-06-11";"35T345 (28/01/2014 - 11/06/2014)";"27";"36";"REGULAR";"f";"2014-06-11 20:28:57.129";"f";"";"90";"CONSOLIDADA";"";"Presencial";
"1219035";"01";"5753682";"";"";"52477";"GRADUAÇÃO";"Campus Santa Cruz";"Bloco I - Sala 9";"2014";"1";"2014-01-28";"2014-06-11";"35T345 (28/01/2014 - 11/06/2014)";"27";"36";"REGULAR";"f";"2014-06-11 20:28:57.129";"f";"";"90";"CONSOLIDADA";"";"Presencial";
"1219036";"01";"5755424";"";"";"26720";"GRADUAÇÃO";"Campus Central";"2G5";"2014";"1";"2014-01-27";"2014-06-14";"24N34";"3";"25";"REGULAR";"f";"2014-06-21 19:10:39.227";"f";"";"74";"CONSOLIDADA";"";"Presencial";
"1219037";"01";"5755347";"";"";"48524";"GRADUAÇÃO";"Campus Central";"Unidade Básica de Saúde";"2014";"1";"2014-01-27";"2014-06-14";"3T1234 (27/01/2014 - 14/06/2014)";"6";"7";"REGULAR";"f";"2014-06-13 17:51:27.819";"f";"";"76";"CONSOLIDADA";"";"Presencial";
"1219037";"01";"5756460";"";"";"48524";"GRADUAÇÃO";"Campus Central";"Unidade Básica de Saúde";"2014";"1";"2014-01-27";"2014-06-14";"3T1234 (27/01/2014 - 14/06/2014)";"6";"7";"REGULAR";"f";"2014-06-13 17:51:27.819";"f";"";"76";"CONSOLIDADA";"";"Presencial";
"1219038";"01";"5753529";"";"";"25097";"GRADUAÇÃO";"Campus Central";"2F3";"2014";"1";"2014-01-27";"2014-06-14";"46M34";"13";"60";"REGULAR";"f";"2014-06-03 16:39:49.669";"f";"";"77";"CONSOLIDADA";"";"Presencial";
"1219039";"02";"5753032";"";"";"48521";"GRADUAÇÃO";"Campus Central";"Clínica Escola de Fonoaudiologia";"2014";"1";"2014-01-27";"2014-06-14";"345M1234  6T1 (27/01/2014 - 14/06/2014)";"6";"7";"REGULAR";"f";"2014-06-13 14:31:33.926";"f";"";"242";"CONSOLIDADA";"";"Presencial";
"1219039";"02";"5753708";"";"";"48521";"GRADUAÇÃO";"Campus Central";"Clínica Escola de Fonoaudiologia";"2014";"1";"2014-01-27";"2014-06-14";"345M1234  6T1 (27/01/2014 - 14/06/2014)";"6";"7";"REGULAR";"f";"2014-06-13 14:31:33.926";"f";"";"242";"CONSOLIDADA";"";"Presencial";
"1219040";"02";"5755917";"";"";"25097";"GRADUAÇÃO";"Campus Central";"2B3";"2014";"1";"2014-01-27";"2014-06-14";"46N34";"61";"63";"REGULAR";"f";"2014-06-12 14:21:15.716";"f";"";"72";"CONSOLIDADA";"";"Presencial";
"1219041";"02";"5755136";"";"";"48523";"GRADUAÇÃO";"Campus Central";"Clínica Escola de Fonoaudiologia";"2014";"1";"2014-01-27";"2014-06-14";"2M12345  5T1234 (27/01/2014 - 14/06/2014)";"6";"7";"REGULAR";"f";"2014-06-13 09:01:37.755";"f";"";"162";"CONSOLIDADA";"";"Presencial";
"1219041";"02";"5753653";"";"";"48523";"GRADUAÇÃO";"Campus Central";"Clínica Escola de Fonoaudiologia";"2014";"1";"2014-01-27";"2014-06-14";"2M12345  5T1234 (27/01/2014 - 14/06/2014)";"6";"7";"REGULAR";"f";"2014-06-13 09:01:37.755";"f";"";"162";"CONSOLIDADA";"";"Presencial";
"1219042";"02";"5756460";"";"";"48524";"GRADUAÇÃO";"Campus Central";"Unidade Básica de Saúde";"2014";"1";"2014-01-27";"2014-06-14";"2T1234 (27/01/2014 - 14/06/2014)";"6";"7";"REGULAR";"f";"2014-06-13 17:54:16.774";"f";"";"72";"CONSOLIDADA";"";"Presencial";
"1219042";"02";"5755347";"";"";"48524";"GRADUAÇÃO";"Campus Central";"Unidade Básica de Saúde";"2014";"1";"2014-01-27";"2014-06-14";"2T1234 (27/01/2014 - 14/06/2014)";"6";"7";"REGULAR";"f";"2014-06-13 17:54:16.774";"f";"";"72";"CONSOLIDADA";"";"Presencial";
"1219043";"03";"5756028";"";"";"48521";"GRADUAÇÃO";"Campus Central";"Clínica Escola de Fonoaudiologia";"2014";"1";"2014-01-27";"2014-06-14";"35M1234  24T34 6T1 (27/01/2014 - 14/06/2014)";"7";"7";"REGULAR";"f";"2014-06-12 07:59:26.324";"f";"";"127";"CONSOLIDADA";"";"Presencial";
"1219043";"03";"5754970";"";"";"48521";"GRADUAÇÃO";"Campus Central";"Clínica Escola de Fonoaudiologia";"2014";"1";"2014-01-27";"2014-06-14";"35M1234  24T34 6T1 (27/01/2014 - 14/06/2014)";"7";"7";"REGULAR";"f";"2014-06-12 07:59:26.324";"f";"";"127";"CONSOLIDADA";"";"Presencial";
"1219044";"03";"5755136";"";"";"48523";"GRADUAÇÃO";"Campus Central";"Clínica Escola de Fonoaudiologia";"2014";"1";"2014-01-27";"2014-06-14";"2M1234  3T51234 (27/01/2014 - 14/06/2014)";"7";"7";"REGULAR";"f";"2014-06-13 13:06:39.974";"f";"";"167";"CONSOLIDADA";"";"Presencial";
"1219044";"03";"5755054";"";"";"48523";"GRADUAÇÃO";"Campus Central";"Clínica Escola de Fonoaudiologia";"2014";"1";"2014-01-27";"2014-06-14";"2M1234  3T51234 (27/01/2014 - 14/06/2014)";"7";"7";"REGULAR";"f";"2014-06-13 13:06:39.974";"f";"";"167";"CONSOLIDADA";"";"Presencial";
"1219045";"03";"5755347";"";"";"48524";"GRADUAÇÃO";"Campus Central";"Unidade Básica de Saúde";"2014";"1";"2014-01-27";"2014-06-14";"5T1234 (27/01/2014 - 14/06/2014)";"7";"7";"REGULAR";"f";"2014-06-13 17:53:04.8";"f";"";"72";"CONSOLIDADA";"";"Presencial";
"1219045";"03";"5756460";"";"";"48524";"GRADUAÇÃO";"Campus Central";"Unidade Básica de Saúde";"2014";"1";"2014-01-27";"2014-06-14";"5T1234 (27/01/2014 - 14/06/2014)";"7";"7";"REGULAR";"f";"2014-06-13 17:53:04.8";"f";"";"72";"CONSOLIDADA";"";"Presencial";
"1219046";"04";"5756062";"";"";"48521";"GRADUAÇÃO";"Campus Central";"Clínica Escola de Fonoaudiologia";"2014";"1";"2014-01-27";"2014-06-14";"2M1234  24T1234 6T1 (27/01/2014 - 14/06/2014)";"7";"7";"REGULAR";"f";"2014-06-13 23:10:10.598";"f";"";"239";"CONSOLIDADA";"";"Presencial";
"1219046";"04";"5753032";"";"";"48521";"GRADUAÇÃO";"Campus Central";"Clínica Escola de Fonoaudiologia";"2014";"1";"2014-01-27";"2014-06-14";"2M1234  24T1234 6T1 (27/01/2014 - 14/06/2014)";"7";"7";"REGULAR";"f";"2014-06-13 23:10:10.598";"f";"";"239";"CONSOLIDADA";"";"Presencial";
"1219047";"04";"5753707";"";"";"48523";"GRADUAÇÃO";"Campus Central";"Clínica Escola de Fonoaudiologia";"2014";"1";"2014-01-27";"2014-06-14";"3M12345 5M1234 (27/01/2014 - 14/06/2014)";"7";"7";"REGULAR";"f";"2014-06-13 16:18:08.94";"f";"";"159";"CONSOLIDADA";"";"Presencial";
"1219047";"04";"5753680";"";"";"48523";"GRADUAÇÃO";"Campus Central";"Clínica Escola de Fonoaudiologia";"2014";"1";"2014-01-27";"2014-06-14";"3M12345 5M1234 (27/01/2014 - 14/06/2014)";"7";"7";"REGULAR";"f";"2014-06-13 16:18:08.94";"f";"";"159";"CONSOLIDADA";"";"Presencial";
"1219048";"04";"5756460";"";"";"48524";"GRADUAÇÃO";"Campus Central";"Unidade Básica de Saúde";"2014";"1";"2014-01-27";"2014-06-14";"4M1234 (27/01/2014 - 14/06/2014)";"7";"7";"REGULAR";"f";"2014-06-13 17:55:10.108";"f";"";"72";"CONSOLIDADA";"";"Presencial";
"1219048";"04";"5755347";"";"";"48524";"GRADUAÇÃO";"Campus Central";"Unidade Básica de Saúde";"2014";"1";"2014-01-27";"2014-06-14";"4M1234 (27/01/2014 - 14/06/2014)";"7";"7";"REGULAR";"f";"2014-06-13 17:55:10.108";"f";"";"72";"CONSOLIDADA";"";"Presencial";
"1219049";"05";"5756460";"";"";"48521";"GRADUAÇÃO";"Campus Central";"Clínica Escola de Fonoaudiologia";"2014";"1";"2014-01-27";"2014-06-14";"35M12  24T1234 6T1 (27/01/2014 - 14/06/2014)";"6";"7";"REGULAR";"f";"2014-06-13 21:29:40.143";"f";"";"147";"CONSOLIDADA";"";"Presencial";
"1219049";"05";"5754970";"";"";"48521";"GRADUAÇÃO";"Campus Central";"Clínica Escola de Fonoaudiologia";"2014";"1";"2014-01-27";"2014-06-14";"35M12  24T1234 6T1 (27/01/2014 - 14/06/2014)";"6";"7";"REGULAR";"f";"2014-06-13 21:29:40.143";"f";"";"147";"CONSOLIDADA";"";"Presencial";
"1219049";"05";"5752739";"";"";"48521";"GRADUAÇÃO";"Campus Central";"Clínica Escola de Fonoaudiologia";"2014";"1";"2014-01-27";"2014-06-14";"35M12  24T1234 6T1 (27/01/2014 - 14/06/2014)";"6";"7";"REGULAR";"f";"2014-06-13 21:29:40.143";"f";"";"147";"CONSOLIDADA";"";"Presencial";
"1219050";"05";"5755054";"";"";"48523";"GRADUAÇÃO";"Campus Central";"Clínica Escola de Fonoaudiologia";"2014";"1";"2014-01-27";"2014-06-14";"3T1234 5T51234 (27/01/2014 - 14/06/2014)";"7";"7";"REGULAR";"f";"2014-06-13 13:05:05.08";"f";"";"166";"CONSOLIDADA";"";"Presencial";
"1219050";"05";"5755136";"";"";"48523";"GRADUAÇÃO";"Campus Central";"Clínica Escola de Fonoaudiologia";"2014";"1";"2014-01-27";"2014-06-14";"3T1234 5T51234 (27/01/2014 - 14/06/2014)";"7";"7";"REGULAR";"f";"2014-06-13 13:05:05.08";"f";"";"166";"CONSOLIDADA";"";"Presencial";
"1219051";"05";"5756460";"";"";"48524";"GRADUAÇÃO";"Campus Central";"Unidade Básica de Saúde";"2014";"1";"2014-01-27";"2014-06-14";"2M1234 (27/01/2014 - 14/06/2014)";"7";"7";"REGULAR";"f";"2014-06-13 17:57:03.176";"f";"";"72";"CONSOLIDADA";"";"Presencial";
"1219051";"05";"5755347";"";"";"48524";"GRADUAÇÃO";"Campus Central";"Unidade Básica de Saúde";"2014";"1";"2014-01-27";"2014-06-14";"2M1234 (27/01/2014 - 14/06/2014)";"7";"7";"REGULAR";"f";"2014-06-13 17:57:03.176";"f";"";"72";"CONSOLIDADA";"";"Presencial";
"1219052";"01";"5755551";"";"";"52478";"GRADUAÇÃO";"Campus Santa Cruz";"UBS";"2014";"1";"2014-02-18";"2014-03-27";"35M234 (18/02/2014 - 27/03/2014)";"4";"6";"REGULAR";"f";"2014-06-15 15:13:42.917";"f";"";"33";"CONSOLIDADA";"";"Presencial";
"1219053";"02";"5755551";"";"";"52478";"GRADUAÇÃO";"Campus Santa Cruz";"UBS";"2014";"1";"2014-04-01";"2014-05-08";"35M234 (01/04/2014 - 08/05/2014)";"4";"6";"REGULAR";"f";"2014-06-15 15:17:15.176";"f";"";"30";"CONSOLIDADA";"";"Presencial";
"1219054";"03";"5755551";"";"";"52478";"GRADUAÇÃO";"Campus Santa Cruz";"UBS";"2014";"1";"2014-05-13";"2014-06-12";"35M234 (13/05/2014 - 12/06/2014)";"5";"6";"REGULAR";"f";"2014-06-16 07:34:27.527";"f";"";"30";"CONSOLIDADA";"";"Presencial";
"1219055";"04";"5755531";"";"";"52478";"GRADUAÇÃO";"Campus Santa Cruz";"UBS";"2014";"1";"2014-02-18";"2014-03-27";"35M234 (18/02/2014 - 27/03/2014)";"4";"6";"REGULAR";"f";"2014-06-14 16:46:52.464";"f";"";"33";"CONSOLIDADA";"";"Presencial";
"1219056";"05";"5755531";"";"";"52478";"GRADUAÇÃO";"Campus Santa Cruz";"UBS";"2014";"1";"2014-04-01";"2014-05-08";"35M234 (01/04/2014 - 08/05/2014)";"5";"6";"REGULAR";"f";"2014-06-14 16:47:43.901";"f";"";"30";"CONSOLIDADA";"";"Presencial";
"1219057";"06";"5755531";"";"";"52478";"GRADUAÇÃO";"Campus Santa Cruz";"UBS";"2014";"1";"2014-05-13";"2014-06-12";"35M234 (13/05/2014 - 12/06/2014)";"5";"6";"REGULAR";"f";"2014-06-14 16:48:45.197";"f";"";"30";"CONSOLIDADA";"";"Presencial";
"1219058";"01";"5753682";"";"";"52479";"GRADUAÇÃO";"Campus Santa Cruz";"Clínica Escola Facisa";"2014";"1";"2014-05-13";"2014-06-12";"35M123 (13/05/2014 - 12/06/2014)";"8";"12";"REGULAR";"f";"2014-06-13 08:22:21.804";"f";"";"30";"CONSOLIDADA";"";"Presencial";
"1219059";"02";"5753682";"";"";"52479";"GRADUAÇÃO";"Campus Santa Cruz";"Clínica Escola Facisa";"2014";"1";"2014-02-18";"2014-03-27";"35M123 (18/02/2014 - 27/03/2014)";"9";"12";"REGULAR";"f";"2014-06-11 20:32:49.107";"f";"";"33";"CONSOLIDADA";"";"Presencial";
"1219060";"03";"5753682";"";"";"52479";"GRADUAÇÃO";"Campus Santa Cruz";"Clínica Escola Facisa";"2014";"1";"2014-04-01";"2014-05-08";"35M123 (01/04/2014 - 08/05/2014)";"10";"12";"REGULAR";"f";"2014-06-11 20:34:56.421";"f";"";"30";"CONSOLIDADA";"";"Presencial";
"1219061";"01";"5753682";"";"";"52480";"GRADUAÇÃO";"Campus Santa Cruz";"Clínica Escola Facisa";"2014";"1";"2014-04-01";"2014-05-08";"35M456 (01/04/2014 - 08/05/2014)";"8";"12";"REGULAR";"f";"2014-06-13 08:24:28.57";"f";"";"30";"CONSOLIDADA";"";"Presencial";
"1219062";"02";"5753682";"";"";"52480";"GRADUAÇÃO";"Campus Santa Cruz";"Clínica Escola Facisa";"2014";"1";"2014-05-13";"2014-06-12";"35M456 (13/05/2014 - 12/06/2014)";"9";"12";"REGULAR";"f";"2014-06-13 08:30:25.506";"f";"";"30";"CONSOLIDADA";"";"Presencial";
"1219063";"03";"5753682";"";"";"52480";"GRADUAÇÃO";"Campus Santa Cruz";"Clínica Escola Facisa";"2014";"1";"2014-02-18";"2014-03-27";"35M456 (18/02/2014 - 27/03/2014)";"10";"12";"REGULAR";"f";"2014-06-13 08:27:11.482";"f";"";"33";"CONSOLIDADA";"";"Presencial";
"1219064";"02";"5755758";"";"";"52634";"GRADUAÇÃO";"Campus Santa Cruz";"UBS";"2014";"1";"2014-04-16";"2014-05-21";"24M123456 (16/04/2014 - 21/05/2014)";"5";"6";"REGULAR";"f";"2014-06-14 11:28:21.329";"f";"";"60";"CONSOLIDADA";"";"Presencial";
"1219065";"03";"5756591";"";"";"52634";"GRADUAÇÃO";"Campus Santa Cruz";"UBS";"2014";"1";"2014-01-27";"2014-03-03";"24M123456 (27/01/2014 - 03/03/2014)";"6";"6";"REGULAR";"f";"2014-06-11 11:55:36.448";"f";"";"60";"CONSOLIDADA";"";"Presencial";
"1219066";"04";"5755092";"";"";"52634";"GRADUAÇÃO";"Campus Santa Cruz";"UBS";"2014";"1";"2014-01-27";"2014-03-03";"24M123456 (27/01/2014 - 03/03/2014)";"6";"6";"REGULAR";"f";"2014-06-21 21:28:13.537";"f";"";"60";"CONSOLIDADA";"";"Presencial";
"1219067";"05";"5756591";"";"";"52634";"GRADUAÇÃO";"Campus Santa Cruz";"UBS";"2014";"1";"2014-03-10";"2014-04-14";"24M123456 (10/03/2014 - 14/04/2014)";"8";"6";"REGULAR";"f";"2014-06-10 16:36:33.196";"f";"";"60";"CONSOLIDADA";"";"Presencial";
"1219068";"02";"5756591";"";"";"52635";"GRADUAÇÃO";"Campus Santa Cruz";"HUAB";"2014";"1";"2014-04-17";"2014-05-22";"35M123456 (17/04/2014 - 22/05/2014)";"5";"6";"REGULAR";"f";"2014-06-11 12:57:43.086";"f";"";"66";"CONSOLIDADA";"";"Presencial";
"1219068";"02";"5752176";"";"";"52635";"GRADUAÇÃO";"Campus Santa Cruz";"HUAB";"2014";"1";"2014-04-17";"2014-05-22";"35M123456 (17/04/2014 - 22/05/2014)";"5";"6";"REGULAR";"f";"2014-06-11 12:57:43.086";"f";"";"66";"CONSOLIDADA";"";"Presencial";
"1219069";"01";"26600";"";"";"25099";"GRADUAÇÃO";"Campus Central";"2H1";"2014";"1";"2014-01-27";"2014-06-14";"35M34";"28";"60";"REGULAR";"f";"2014-06-16 21:01:10.832";"f";"";"70";"CONSOLIDADA";"";"Presencial";
"1219070";"03";"5752176";"";"";"52635";"GRADUAÇÃO";"Campus Santa Cruz";"HUAB";"2014";"1";"2014-01-28";"2014-03-04";"35M123456 (28/01/2014 - 04/03/2014)";"6";"6";"REGULAR";"f";"2014-06-11 13:04:28.572";"f";"";"60";"CONSOLIDADA";"";"Presencial";
"1219070";"03";"5756591";"";"";"52635";"GRADUAÇÃO";"Campus Santa Cruz";"HUAB";"2014";"1";"2014-01-28";"2014-03-04";"35M123456 (28/01/2014 - 04/03/2014)";"6";"6";"REGULAR";"f";"2014-06-11 13:04:28.572";"f";"";"60";"CONSOLIDADA";"";"Presencial";
"1219071";"04";"5752176";"";"";"52635";"GRADUAÇÃO";"Campus Santa Cruz";"HUAB";"2014";"1";"2014-01-28";"2014-03-04";"35M123456 (28/01/2014 - 04/03/2014)";"6";"6";"REGULAR";"f";"2014-06-11 13:09:44.262";"f";"";"66";"CONSOLIDADA";"";"Presencial";
"1219071";"04";"5756591";"";"";"52635";"GRADUAÇÃO";"Campus Santa Cruz";"HUAB";"2014";"1";"2014-01-28";"2014-03-04";"35M123456 (28/01/2014 - 04/03/2014)";"6";"6";"REGULAR";"f";"2014-06-11 13:09:44.262";"f";"";"66";"CONSOLIDADA";"";"Presencial";
"1219072";"02";"5755917";"";"";"25099";"GRADUAÇÃO";"Campus Central";"Setor II";"2014";"1";"2014-01-27";"2014-06-14";"35N12";"";"60";"REGULAR";"f";"";"f";"";"";"EXCLUÍDA";"";"Presencial";
"1219073";"01";"22163";"";"";"27725";"GRADUAÇÃO";"Campus Central";"2H2";"2014";"1";"2014-01-27";"2014-06-14";"35M12";"42";"36";"REGULAR";"f";"2014-06-22 13:27:41.224";"f";"";"72";"CONSOLIDADA";"";"Presencial";
"1219074";"05";"5752176";"";"";"52635";"GRADUAÇÃO";"Campus Santa Cruz";"HUAB";"2014";"1";"2014-03-11";"2014-04-15";"35M123456 (11/03/2014 - 15/04/2014)";"8";"6";"REGULAR";"f";"2014-06-11 13:14:28.954";"f";"";"66";"CONSOLIDADA";"";"Presencial";
"1219074";"05";"5756591";"";"";"52635";"GRADUAÇÃO";"Campus Santa Cruz";"HUAB";"2014";"1";"2014-03-11";"2014-04-15";"35M123456 (11/03/2014 - 15/04/2014)";"8";"6";"REGULAR";"f";"2014-06-11 13:14:28.954";"f";"";"66";"CONSOLIDADA";"";"Presencial";
"1219075";"01";"5752174";"";"";"27728";"GRADUAÇÃO";"Campus Central";"2H10";"2014";"1";"2014-01-27";"2014-06-14";"35M12";"78";"31";"REGULAR";"f";"2014-06-11 11:39:37.648";"f";"";"72";"CONSOLIDADA";"";"Presencial";
"1219076";"01";"22836";"";"";"25088";"GRADUAÇÃO";"Campus Central";"2H1";"2014";"1";"2014-01-27";"2014-06-14";"35M56";"36";"40";"REGULAR";"f";"2014-06-21 21:47:56.37";"f";"";"66";"CONSOLIDADA";"";"Presencial";
"1219077";"01";"5755516";"";"";"52636";"GRADUAÇÃO";"Campus Santa Cruz";"Clínica Escola Facisa";"2014";"1";"2014-03-10";"2014-04-18";"246T123 (10/03/2014 - 18/04/2014)";"6";"6";"REGULAR";"f";"2014-06-09 17:42:11.927";"f";"";"51";"CONSOLIDADA";"";"Presencial";
"1219078";"02";"5755516";"";"";"52636";"GRADUAÇÃO";"Campus Santa Cruz";"Clínica Escola Facisa";"2014";"1";"2014-03-10";"2014-04-18";"246T456 (10/03/2014 - 18/04/2014)";"5";"6";"REGULAR";"f";"2014-06-09 17:57:34.105";"f";"";"51";"CONSOLIDADA";"";"Presencial";
"1219079";"01";"5755114";"";"";"25069";"GRADUAÇÃO";"Campus Central";"2F3";"2014";"1";"2014-01-27";"2014-06-14";"2M34 6M12";"23";"25";"REGULAR";"f";"2014-06-12 03:55:26.427";"f";"";"74";"CONSOLIDADA";"";"Presencial";
"1219080";"02";"5755114";"";"";"25069";"GRADUAÇÃO";"Campus Central";"2A2";"2014";"1";"2014-01-27";"2014-06-14";"2N34 4N12";"25";"25";"REGULAR";"f";"2014-06-15 10:57:02.094";"f";"";"76";"CONSOLIDADA";"";"Presencial";
"1219081";"03";"5755516";"";"";"52636";"GRADUAÇÃO";"Campus Santa Cruz";"Clínica Escola Facisa";"2014";"1";"2014-04-21";"2014-05-30";"246T123 (21/04/2014 - 30/05/2014)";"7";"6";"REGULAR";"f";"2014-06-17 21:26:06.531";"f";"";"51";"CONSOLIDADA";"";"Presencial";
"1219082";"01";"5755738";"";"";"25089";"GRADUAÇÃO";"Campus Central";"Setor V";"2014";"1";"2014-01-27";"2014-06-14";"35T56";"";"50";"REGULAR";"f";"";"f";"";"";"EXCLUÍDA";"";"Presencial";
"1219083";"04";"5755516";"";"";"52636";"GRADUAÇÃO";"Campus Santa Cruz";"Clínica Escola Facisa";"2014";"1";"2014-04-21";"2014-05-30";"246T456 (21/04/2014 - 30/05/2014)";"6";"6";"REGULAR";"f";"2014-06-17 21:28:02.221";"f";"";"51";"CONSOLIDADA";"";"Presencial";
"1219084";"14A";"5756452";"";"";"46909";"GRADUAÇÃO";"";"CAICÓ/RN";"2014";"1";"2014-01-27";"2014-06-14";"";"2";"";"REGULAR";"t";"2014-06-12 18:58:37.914";"f";"";"0";"CONSOLIDADA";"";"A Distância";
"1219085";"02A";"5756452";"";"";"46909";"GRADUAÇÃO";"";"CURRAIS NOVOS/RN";"2014";"1";"2014-01-27";"2014-06-14";"";"";"";"REGULAR";"t";"2014-06-12 18:50:33.125";"f";"";"0";"CONSOLIDADA";"";"A Distância";
"1219092";"03A";"5756452";"";"";"46909";"GRADUAÇÃO";"";"NOVA CRUZ/RN";"2014";"1";"2014-01-27";"2014-06-14";"";"3";"";"REGULAR";"t";"2014-06-12 18:56:25.209";"f";"";"0";"CONSOLIDADA";"";"A Distância";
"1219093";"02";"5755738";"";"";"25089";"GRADUAÇÃO";"Campus Central";"2A3";"2014";"1";"2014-01-27";"2014-06-14";"46M56";"36";"40";"REGULAR";"f";"2014-06-20 15:22:08.993";"f";"";"68";"CONSOLIDADA";"";"Presencial";
"1219094";"01";"5755114";"";"";"25067";"GRADUAÇÃO";"Campus Central";"2C4";"2014";"1";"2014-01-27";"2014-06-14";"2N12 4N34";"4";"25";"REGULAR";"f";"2014-06-21 19:08:42.003";"f";"";"72";"CONSOLIDADA";"";"Presencial";
"1219095";"01";"20789";"";"";"25079";"GRADUAÇÃO";"Campus Central";"Setor II";"2014";"1";"2014-01-27";"2014-06-14";"26M34";"";"50";"REGULAR";"f";"";"f";"";"";"EXCLUÍDA";"";"Presencial";
"1219096";"14";"5755490";"";"";"2042276";"GRADUAÇÃO";"";"CAICÓ/RN";"2014";"1";"2014-01-27";"2014-06-14";"";"4";"";"REGULAR";"t";"2014-06-11 17:49:40.578";"f";"";"0";"CONSOLIDADA";"";"A Distância";
"1219097";"15";"5755490";"";"";"2042276";"GRADUAÇÃO";"";"LAJES/RN";"2014";"1";"2014-01-27";"2014-06-14";"";"";"";"REGULAR";"t";"";"f";"";"";"EXCLUÍDA";"";"A Distância";
"1219098";"13";"5755490";"";"";"2042276";"GRADUAÇÃO";"";"MARTINS/RN";"2014";"1";"2014-01-27";"2014-06-14";"";"3";"";"REGULAR";"t";"2014-06-05 11:27:58.403";"f";"";"0";"CONSOLIDADA";"";"A Distância";
"1219099";"05";"5755516";"";"";"52636";"GRADUAÇÃO";"Campus Santa Cruz";"Clínica Escola Facisa";"2014";"1";"2014-01-27";"2014-03-07";"246T123 (27/01/2014 - 07/03/2014)";"7";"6";"REGULAR";"f";"2014-06-09 17:51:03.045";"f";"";"50";"CONSOLIDADA";"";"Presencial";
"1219100";"06";"5484636";"";"";"25798";"GRADUAÇÃO";"Campus Central";"3F5";"2014";"1";"2014-01-27";"2014-06-14";"35T34";"28";"48";"REGULAR";"f";"2014-06-16 10:33:47.321";"f";"";"74";"CONSOLIDADA";"";"Presencial";
"1219101";"01";"5755758";"";"";"52637";"GRADUAÇÃO";"Campus Santa Cruz";"Clínica Escola Facisa";"2014";"1";"2014-03-10";"2014-04-18";"246T456 (10/03/2014 - 18/04/2014)";"6";"6";"REGULAR";"f";"2014-06-12 12:05:06.577";"f";"";"57";"CONSOLIDADA";"";"Presencial";
"1219102";"02";"5755758";"";"";"52637";"GRADUAÇÃO";"Campus Santa Cruz";"Clínica Escola Facisa";"2014";"1";"2014-03-10";"2014-04-18";"246T123 (10/03/2014 - 18/04/2014)";"5";"6";"REGULAR";"f";"2014-06-14 11:09:46.949";"f";"";"51";"CONSOLIDADA";"";"Presencial";
"1219103";"13";"5753659";"";"";"25799";"GRADUAÇÃO";"Campus Central";"LAB I";"2014";"1";"2014-01-27";"2014-06-14";"6T123";"3";"16";"REGULAR";"f";"2014-06-02 16:14:48.195";"f";"";"51";"CONSOLIDADA";"";"Presencial";
"1219104";"01";"22922";"";"";"25814";"GRADUAÇÃO";"Campus Central";"3F5";"2014";"1";"2014-01-27";"2014-06-14";"246N12";"28";"40";"REGULAR";"f";"2014-06-17 12:47:54.411";"f";"";"102";"CONSOLIDADA";"";"Presencial";
"1219105";"03";"5755758";"";"";"52637";"GRADUAÇÃO";"Campus Santa Cruz";"Clínica Escola Facisa";"2014";"1";"2014-04-21";"2014-05-30";"246T456 (21/04/2014 - 30/05/2014)";"7";"6";"REGULAR";"f";"2014-06-14 22:28:18.918";"f";"";"51";"CONSOLIDADA";"";"Presencial";
"1219106";"04";"5755758";"";"";"52637";"GRADUAÇÃO";"Campus Santa Cruz";"Clínica Escola Facisa";"2014";"1";"2014-04-21";"2014-05-30";"246T123 (21/04/2014 - 30/05/2014)";"6";"6";"REGULAR";"f";"2014-06-14 22:33:55.391";"f";"";"57";"CONSOLIDADA";"";"Presencial";
"1219107";"05";"5756446";"";"";"25792";"GRADUAÇÃO";"Campus Central";"3F6";"2014";"1";"2014-01-27";"2014-06-14";"35T12";"21";"55";"REGULAR";"f";"2014-06-13 21:11:50.097";"f";"";"68";"CONSOLIDADA";"";"Presencial";
"1219107";"05";"5752177";"";"";"25792";"GRADUAÇÃO";"Campus Central";"3F6";"2014";"1";"2014-01-27";"2014-06-14";"35T12";"21";"55";"REGULAR";"f";"2014-06-13 21:11:50.097";"f";"";"68";"CONSOLIDADA";"";"Presencial";
"1219108";"05";"5755758";"";"";"52637";"GRADUAÇÃO";"Campus Santa Cruz";"Clínica Escola Facisa";"2014";"1";"2014-01-27";"2014-03-07";"246T456 (27/01/2014 - 07/03/2014)";"7";"6";"REGULAR";"f";"2014-05-27 10:31:22.795";"f";"";"50";"CONSOLIDADA";"";"Presencial";
"1219109";"01";"5755092";"";"";"52638";"GRADUAÇÃO";"Campus Santa Cruz";"MEJC / HUAB";"2014";"1";"2014-01-28";"2014-02-28";"356T456 (28/01/2014 - 28/02/2014)";"6";"6";"REGULAR";"f";"2014-06-21 20:49:36.588";"f";"";"45";"CONSOLIDADA";"";"Presencial";
"1219110";"02";"5755092";"";"";"52638";"GRADUAÇÃO";"Campus Santa Cruz";"MEJC / HUAB";"2014";"1";"2014-01-28";"2014-02-28";"356T123 (28/01/2014 - 28/02/2014)";"6";"6";"REGULAR";"f";"2014-06-21 21:01:10.356";"f";"";"45";"CONSOLIDADA";"";"Presencial";
"1219111";"03";"5755092";"";"";"52638";"GRADUAÇÃO";"Campus Santa Cruz";"MEJC / HUAB";"2014";"1";"2014-03-10";"2014-04-11";"356T456 (10/03/2014 - 11/04/2014)";"6";"6";"REGULAR";"f";"2014-06-21 21:08:56.481";"f";"";"45";"CONSOLIDADA";"";"Presencial";
"1219112";"04";"5755092";"";"";"52638";"GRADUAÇÃO";"Campus Santa Cruz";"MEJC / HUAB";"2014";"1";"2014-03-10";"2014-04-11";"356T123 (10/03/2014 - 11/04/2014)";"6";"6";"REGULAR";"f";"2014-06-21 21:16:11.998";"f";"";"54";"CONSOLIDADA";"";"Presencial";
"1219113";"05";"5755092";"";"";"52638";"GRADUAÇÃO";"Campus Santa Cruz";"MEJC / HUAB";"2014";"1";"2014-04-22";"2014-05-23";"356T456 (22/04/2014 - 23/05/2014)";"7";"6";"REGULAR";"f";"2014-06-21 21:20:01.357";"f";"";"42";"CONSOLIDADA";"";"Presencial";
"1219114";"01";"5755516";"";"";"52639";"GRADUAÇÃO";"Campus Santa Cruz";"MEJC / HUAB";"2014";"1";"2014-01-28";"2014-02-28";"356T123 (28/01/2014 - 28/02/2014)";"6";"6";"REGULAR";"f";"2014-06-02 23:12:07.056";"f";"";"51";"CONSOLIDADA";"";"Presencial";
"1219114";"01";"5753636";"";"";"52639";"GRADUAÇÃO";"Campus Santa Cruz";"MEJC / HUAB";"2014";"1";"2014-01-28";"2014-02-28";"356T123 (28/01/2014 - 28/02/2014)";"6";"6";"REGULAR";"f";"2014-06-02 23:12:07.056";"f";"";"51";"CONSOLIDADA";"";"Presencial";
"1219115";"02";"5755516";"";"";"52639";"GRADUAÇÃO";"Campus Santa Cruz";"MEJC / HUAB";"2014";"1";"2014-01-28";"2014-02-28";"356T456 (28/01/2014 - 28/02/2014)";"6";"6";"REGULAR";"f";"2014-06-02 23:11:11.296";"f";"";"45";"CONSOLIDADA";"";"Presencial";
"1219115";"02";"5753636";"";"";"52639";"GRADUAÇÃO";"Campus Santa Cruz";"MEJC / HUAB";"2014";"1";"2014-01-28";"2014-02-28";"356T456 (28/01/2014 - 28/02/2014)";"6";"6";"REGULAR";"f";"2014-06-02 23:11:11.296";"f";"";"45";"CONSOLIDADA";"";"Presencial";
"1219116";"03";"5753636";"";"";"52639";"GRADUAÇÃO";"Campus Santa Cruz";"MEJC / HUAB";"2014";"1";"2014-03-10";"2014-04-11";"356T123 (10/03/2014 - 11/04/2014)";"6";"6";"REGULAR";"f";"2014-06-02 23:13:00.476";"f";"";"54";"CONSOLIDADA";"";"Presencial";
"1219117";"04";"5753636";"";"";"52639";"GRADUAÇÃO";"Campus Santa Cruz";"MEJC / HUAB";"2014";"1";"2014-03-10";"2014-04-11";"356T456 (10/03/2014 - 11/04/2014)";"6";"6";"REGULAR";"f";"2014-06-02 23:14:02.25";"f";"";"48";"CONSOLIDADA";"";"Presencial";
"1219118";"05";"5753636";"";"";"52639";"GRADUAÇÃO";"Campus Santa Cruz";"MEJC / HUAB";"2014";"1";"2014-04-22";"2014-05-23";"356T123 (22/04/2014 - 23/05/2014)";"7";"6";"REGULAR";"f";"2014-06-02 23:15:01.999";"f";"";"43";"CONSOLIDADA";"";"Presencial";
"1219118";"05";"5755516";"";"";"52639";"GRADUAÇÃO";"Campus Santa Cruz";"MEJC / HUAB";"2014";"1";"2014-04-22";"2014-05-23";"356T123 (22/04/2014 - 23/05/2014)";"7";"6";"REGULAR";"f";"2014-06-02 23:15:01.999";"f";"";"43";"CONSOLIDADA";"";"Presencial";
"1219119";"01";"5754333";"";"";"27733";"GRADUAÇÃO";"Campus Central";"2H8";"2014";"1";"2014-01-27";"2014-06-14";"35M34";"22";"40";"REGULAR";"f";"2014-06-13 18:33:53.099";"f";"";"74";"CONSOLIDADA";"";"Presencial";
"1219120";"02";"5754333";"";"";"27733";"GRADUAÇÃO";"Campus Central";"2C4";"2014";"1";"2014-01-27";"2014-06-14";"35N12";"83";"46";"REGULAR";"f";"2014-06-13 18:41:08.837";"f";"";"74";"CONSOLIDADA";"";"Presencial";
"1219121";"01";"5755100";"";"";"55098";"GRADUAÇÃO";"Campus Santa Cruz";"4M Bloco I - Sala 1 E 6M Bloco I - Sala - 8";"2014";"1";"2014-01-27";"2014-06-14";"46M123 (27/01/2014 - 14/06/2014)";"48";"51";"REGULAR";"f";"2014-06-27 23:25:28.112";"f";"";"114";"CONSOLIDADA";"";"Presencial";
"1219121";"01";"5756401";"";"";"55098";"GRADUAÇÃO";"Campus Santa Cruz";"4M Bloco I - Sala 1 E 6M Bloco I - Sala - 8";"2014";"1";"2014-01-27";"2014-06-14";"46M123 (27/01/2014 - 14/06/2014)";"48";"51";"REGULAR";"f";"2014-06-27 23:25:28.112";"f";"";"114";"CONSOLIDADA";"";"Presencial";
"1219122";"01";"22809";"";"";"27735";"GRADUAÇÃO";"Campus Central";"2H7";"2014";"1";"2014-01-27";"2014-06-14";"46M12";"17";"25";"REGULAR";"f";"2014-06-21 12:02:32.408";"f";"";"76";"CONSOLIDADA";"";"Presencial";
"1219123";"01";"2277825";"";"";"25594";"GRADUAÇÃO";"Campus Central";"2A1";"2014";"1";"2014-01-27";"2014-06-14";"35M34";"18";"66";"REGULAR";"f";"2014-06-10 20:10:10.5";"f";"";"72";"CONSOLIDADA";"";"Presencial";
"1219124";"02";"2277825";"";"";"25594";"GRADUAÇÃO";"Campus Central";"2A1";"2014";"1";"2014-01-27";"2014-06-14";"35N34";"17";"66";"REGULAR";"f";"2014-06-13 09:54:49.064";"f";"";"72";"CONSOLIDADA";"";"Presencial";
"1219125";"01";"5755591";"";"";"25595";"GRADUAÇÃO";"Campus Central";"2A1";"2014";"1";"2014-01-27";"2014-06-14";"2M12 4M34";"15";"66";"REGULAR";"f";"2014-06-13 23:07:19.16";"f";"";"80";"CONSOLIDADA";"";"Presencial";
"1219126";"02";"5755591";"";"";"25595";"GRADUAÇÃO";"Campus Central";"2A1";"2014";"1";"2014-01-27";"2014-06-14";"24N34";"12";"65";"REGULAR";"f";"2014-06-13 23:15:07.397";"f";"";"78";"CONSOLIDADA";"";"Presencial";
"1219127";"01";"5755085";"";"";"55099";"GRADUAÇÃO";"Campus Santa Cruz";"UBS";"2014";"1";"2014-05-06";"2014-05-27";"35M12 (06/05/2014 - 27/05/2014)";"9";"7";"REGULAR";"f";"2014-06-21 23:33:22.881";"f";"";"14";"CONSOLIDADA";"";"Presencial";
"1219128";"02";"5755085";"";"";"55099";"GRADUAÇÃO";"Campus Santa Cruz";"UBS";"2014";"1";"2014-05-29";"2014-06-14";"35M12 (29/05/2014 - 14/06/2014)";"10";"7";"REGULAR";"f";"2014-06-21 23:56:50.891";"f";"";"16";"CONSOLIDADA";"";"Presencial";
"1219130";"11";"5752164";"";"";"2042276";"GRADUAÇÃO";"";"EXTREMOZ/RN";"2014";"1";"2014-01-27";"2014-06-14";"";"1";"";"REGULAR";"t";"";"f";"";"";"EXCLUÍDA";"";"A Distância";
"1219131";"12";"5752164";"";"";"2042276";"GRADUAÇÃO";"";"LUÍS GOMES/RN";"2014";"1";"2014-01-27";"2014-06-14";"";"5";"";"REGULAR";"t";"2014-06-11 15:04:27.571";"f";"";"0";"CONSOLIDADA";"";"A Distância";
"1219132";"03";"5752164";"";"";"2042276";"GRADUAÇÃO";"";"NOVA CRUZ/RN";"2014";"1";"2014-01-27";"2014-06-14";"";"8";"";"REGULAR";"t";"2014-06-11 15:03:24.183";"f";"";"0";"CONSOLIDADA";"";"A Distância";
"1219133";"03";"5755085";"";"";"55099";"GRADUAÇÃO";"Campus Santa Cruz";"UBS";"2014";"1";"2014-03-18";"2014-04-03";"35M12 (18/03/2014 - 03/04/2014)";"7";"8";"REGULAR";"f";"2014-06-21 23:17:12.507";"f";"";"12";"CONSOLIDADA";"";"Presencial";
"1219134";"14A";"5754972";"";"";"46631";"GRADUAÇÃO";"";"CAICÓ/RN";"2014";"1";"2014-01-27";"2014-06-14";"";"3";"";"REGULAR";"t";"2014-06-18 17:53:39.211";"f";"";"0";"CONSOLIDADA";"";"A Distância";
"1219135";"02A";"5754972";"";"";"46631";"GRADUAÇÃO";"";"CURRAIS NOVOS/RN";"2014";"1";"2014-01-27";"2014-06-14";"";"1";"";"REGULAR";"t";"2014-06-18 22:28:22.031";"f";"";"0";"CONSOLIDADA";"";"A Distância";
"1219136";"11A";"5754972";"";"";"46631";"GRADUAÇÃO";"";"EXTREMOZ/RN";"2014";"1";"2014-01-27";"2014-06-14";"";"";"";"REGULAR";"t";"";"f";"";"";"EXCLUÍDA";"";"A Distância";
"1219137";"12A";"5754972";"";"";"46631";"GRADUAÇÃO";"";"LUÍS GOMES/RN";"2014";"1";"2014-01-27";"2014-06-14";"";"1";"";"REGULAR";"t";"2014-06-18 18:01:17.856";"f";"";"0";"CONSOLIDADA";"";"A Distância";
"1219138";"13A";"5754972";"";"";"46631";"GRADUAÇÃO";"";"MARTINS/RN";"2014";"1";"2014-01-27";"2014-06-14";"";"";"";"REGULAR";"t";"";"f";"";"";"EXCLUÍDA";"";"A Distância";
"1219139";"03A";"5754972";"";"";"46631";"GRADUAÇÃO";"";"NOVA CRUZ/RN";"2014";"1";"2014-01-27";"2014-06-14";"";"1";"";"REGULAR";"t";"2014-06-18 18:17:13.672";"f";"";"0";"CONSOLIDADA";"";"A Distância";
"1219140";"14";"18033";"";"";"2042258";"GRADUAÇÃO";"";"CAICÓ/RN";"2014";"1";"2014-01-27";"2014-06-14";"";"5";"";"REGULAR";"t";"2014-06-14 10:37:38.245";"f";"";"0";"CONSOLIDADA";"";"A Distância";
"1219141";"02";"18033";"";"";"2042258";"GRADUAÇÃO";"";"CURRIAS NOVOS/RN";"2014";"1";"2014-01-27";"2014-06-14";"";"8";"";"REGULAR";"t";"2014-06-14 10:34:03.45";"f";"";"0";"CONSOLIDADA";"";"A Distância";
"1219142";"11";"18033";"";"";"2042258";"GRADUAÇÃO";"";"EXTREMOZ/RN";"2014";"1";"2014-01-27";"2014-06-14";"";"3";"";"REGULAR";"t";"2014-06-14 10:35:29.907";"f";"";"0";"CONSOLIDADA";"";"A Distância";
"1219143";"22";"18033";"";"";"2042258";"GRADUAÇÃO";"";"GUAMARÉ/RN";"2014";"1";"2014-01-27";"2014-06-14";"";"3";"";"REGULAR";"t";"2014-06-14 10:38:22.04";"f";"";"0";"CONSOLIDADA";"";"A Distância";
"1219144";"15";"18033";"";"";"2042258";"GRADUAÇÃO";"";"LAJES/RN";"2014";"1";"2014-01-27";"2014-06-14";"";"";"";"REGULAR";"t";"";"f";"";"";"EXCLUÍDA";"";"A Distância";
"1219145";"12";"18033";"";"";"2042258";"GRADUAÇÃO";"";"LUÍS GOMES/RN";"2014";"1";"2014-01-27";"2014-06-14";"";"1";"";"REGULAR";"t";"2014-06-14 10:36:02.636";"f";"";"0";"CONSOLIDADA";"";"A Distância";
"1219146";"01";"18033";"";"";"2042258";"GRADUAÇÃO";"";"MACAU/RN";"2014";"1";"2014-01-27";"2014-06-14";"";"3";"";"REGULAR";"t";"2014-06-14 10:32:28.727";"f";"";"0";"CONSOLIDADA";"";"A Distância";
"1219147";"13";"18033";"";"";"2042258";"GRADUAÇÃO";"";"MARTINS/RN";"2014";"1";"2014-01-27";"2014-06-14";"";"2";"";"REGULAR";"t";"2014-06-14 10:36:34.456";"f";"";"0";"CONSOLIDADA";"";"A Distância";
"1219148";"03";"18033";"";"";"2042258";"GRADUAÇÃO";"";"NOVA CRUZ/RN";"2014";"1";"2014-01-27";"2014-06-14";"";"1";"";"REGULAR";"t";"2014-06-14 10:34:47.479";"f";"";"0";"CONSOLIDADA";"";"A Distância";
"1219149";"04";"5755085";"";"";"55099";"GRADUAÇÃO";"Campus Santa Cruz";"UBS";"2014";"1";"2014-04-08";"2014-04-29";"35M12 (08/04/2014 - 29/04/2014)";"7";"7";"REGULAR";"f";"2014-06-21 23:10:42.412";"f";"";"12";"CONSOLIDADA";"";"Presencial";
"1219150";"14";"5752263";"";"";"2042265";"GRADUAÇÃO";"";"CAICÓ/RN";"2014";"1";"2014-01-27";"2014-06-14";"";"31";"";"REGULAR";"t";"2014-06-21 10:15:32.271";"f";"";"0";"CONSOLIDADA";"";"A Distância";
"1219151";"02";"5752263";"";"";"2042265";"GRADUAÇÃO";"";"CURRIAS NOVOS/RN";"2014";"1";"2014-01-27";"2014-06-14";"";"30";"";"REGULAR";"t";"2014-06-21 09:48:57.318";"f";"";"0";"CONSOLIDADA";"";"A Distância";
"1219152";"11";"5752263";"";"";"2042265";"GRADUAÇÃO";"";"EXTREMOZ/RN";"2014";"1";"2014-01-27";"2014-06-14";"";"2";"";"REGULAR";"t";"2014-06-05 18:49:03.178";"f";"";"0";"CONSOLIDADA";"";"A Distância";
"1219153";"22";"5752263";"";"";"2042265";"GRADUAÇÃO";"";"GUAMARÉ/RN";"2014";"1";"2014-01-27";"2014-06-14";"";"24";"";"REGULAR";"t";"2014-06-21 10:05:25.659";"f";"";"0";"CONSOLIDADA";"";"A Distância";
"1219154";"15";"5752263";"";"";"2042265";"GRADUAÇÃO";"";"LAJES/RN";"2014";"1";"2014-01-27";"2014-06-14";"";"";"";"REGULAR";"t";"";"f";"";"";"EXCLUÍDA";"";"A Distância";
"1219155";"12";"5752263";"";"";"2042265";"GRADUAÇÃO";"";"LUÍS GOMES/RN";"2014";"1";"2014-01-27";"2014-06-14";"";"28";"";"REGULAR";"t";"2014-06-21 10:09:10.288";"f";"";"0";"CONSOLIDADA";"";"A Distância";
"1219156";"01";"5752263";"";"";"2042265";"GRADUAÇÃO";"";"MACAU/RN";"2014";"1";"2014-01-27";"2014-06-14";"";"25";"";"REGULAR";"t";"2014-06-21 09:45:59.953";"f";"";"0";"CONSOLIDADA";"";"A Distância";
"1219157";"13";"5752263";"";"";"2042265";"GRADUAÇÃO";"";"MARTINS/RN";"2014";"1";"2014-01-27";"2014-06-14";"";"1";"";"REGULAR";"t";"2014-06-05 18:56:35.529";"f";"";"0";"CONSOLIDADA";"";"A Distância";
"1219158";"03";"5752263";"";"";"2042265";"GRADUAÇÃO";"";"NOVA CRUZ/RN";"2014";"1";"2014-01-27";"2014-06-14";"";"18";"";"REGULAR";"t";"2014-06-21 09:57:58.874";"f";"";"0";"CONSOLIDADA";"";"A Distância";
"1219159";"05";"5755085";"";"";"55099";"GRADUAÇÃO";"Campus Santa Cruz";"UBS";"2014";"1";"2014-02-18";"2014-03-13";"35M12 (18/02/2014 - 13/03/2014)";"15";"12";"REGULAR";"f";"2014-06-21 22:59:29.502";"f";"";"14";"CONSOLIDADA";"";"Presencial";
"1219160";"14";"";"99318625";"";"2042278";"GRADUAÇÃO";"";"CAICÓ/RN";"2014";"1";"2014-01-27";"2014-06-14";"";"3";"";"REGULAR";"t";"2014-06-06 20:28:12.614";"f";"";"0";"CONSOLIDADA";"";"A Distância";
"1219161";"02";"";"99318625";"";"2042278";"GRADUAÇÃO";"";"CURRIAS NOVOS/RN";"2014";"1";"2014-01-27";"2014-06-14";"";"2";"";"REGULAR";"t";"2014-06-06 20:28:50.22";"f";"";"0";"CONSOLIDADA";"";"A Distância";
"1219162";"11";"";"99318625";"";"2042278";"GRADUAÇÃO";"";"EXTREMOZ/RN";"2014";"1";"2014-01-27";"2014-06-14";"";"5";"";"REGULAR";"t";"2014-06-06 20:29:21.105";"f";"";"0";"CONSOLIDADA";"";"A Distância";
"1219163";"15";"";"99318625";"";"2042278";"GRADUAÇÃO";"";"LAJES/RN";"2014";"1";"2014-01-27";"2014-06-14";"";"1";"";"REGULAR";"t";"2014-06-06 20:29:50.632";"f";"";"0";"CONSOLIDADA";"";"A Distância";
"1219164";"12";"";"99318625";"";"2042278";"GRADUAÇÃO";"";"LUÍS GOMES/RN";"2014";"1";"2014-01-27";"2014-06-14";"";"2";"";"REGULAR";"t";"2014-06-06 20:30:17.94";"f";"";"0";"CONSOLIDADA";"";"A Distância";
"1219165";"13";"";"99318625";"";"2042278";"GRADUAÇÃO";"";"MARTINS/RN";"2014";"1";"2014-01-27";"2014-06-14";"";"1";"";"REGULAR";"t";"2014-06-06 20:30:45.573";"f";"";"0";"CONSOLIDADA";"";"A Distância";
"1219166";"03";"";"99318625";"";"2042278";"GRADUAÇÃO";"";"NOVA CRUZ/RN";"2014";"1";"2014-01-27";"2014-06-14";"";"4";"";"REGULAR";"t";"2014-06-06 20:31:22.752";"f";"";"0";"CONSOLIDADA";"";"A Distância";
"1219167";"01";"5755100";"";"";"55100";"GRADUAÇÃO";"Campus Santa Cruz";"Centro de Treinamento";"2014";"1";"2014-01-28";"2014-03-13";"3M1234 5M123 (28/01/2014 - 13/03/2014)";"18";"14";"REGULAR";"f";"2014-06-27 23:38:01.934";"f";"";"45";"CONSOLIDADA";"";"Presencial";
"1219168";"15A";"20811";"";"";"27148";"GRADUAÇÃO";"";"LAJES/RN";"2014";"1";"2014-01-27";"2014-06-14";"";"";"";"REGULAR";"t";"";"f";"";"";"EXCLUÍDA";"";"A Distância";
"1219168";"15A";"21789";"";"";"27148";"GRADUAÇÃO";"";"LAJES/RN";"2014";"1";"2014-01-27";"2014-06-14";"";"";"";"REGULAR";"t";"";"f";"";"";"EXCLUÍDA";"";"A Distância";
"1219169";"12";"21789";"";"";"27148";"GRADUAÇÃO";"";"LUÍS GOMES/RN";"2014";"1";"2014-01-27";"2014-06-14";"";"5";"";"REGULAR";"t";"2014-06-20 14:57:52.588";"f";"";"0";"CONSOLIDADA";"";"A Distância";
"1219169";"12";"20811";"";"";"27148";"GRADUAÇÃO";"";"LUÍS GOMES/RN";"2014";"1";"2014-01-27";"2014-06-14";"";"5";"";"REGULAR";"t";"2014-06-20 14:57:52.588";"f";"";"0";"CONSOLIDADA";"";"A Distância";
"1219170";"01A";"20811";"";"";"27148";"GRADUAÇÃO";"";"MACAU/RN";"2014";"1";"2014-01-27";"2014-06-14";"";"2";"";"REGULAR";"t";"2014-06-20 14:33:48.582";"f";"";"0";"CONSOLIDADA";"";"A Distância";
"1219170";"01A";"21789";"";"";"27148";"GRADUAÇÃO";"";"MACAU/RN";"2014";"1";"2014-01-27";"2014-06-14";"";"2";"";"REGULAR";"t";"2014-06-20 14:33:48.582";"f";"";"0";"CONSOLIDADA";"";"A Distância";
"1219171";"13";"21789";"";"";"27148";"GRADUAÇÃO";"";"MARTINS/RN";"2014";"1";"2014-01-27";"2014-06-14";"";"";"";"REGULAR";"t";"";"f";"";"";"EXCLUÍDA";"";"A Distância";
"1219171";"13";"20811";"";"";"27148";"GRADUAÇÃO";"";"MARTINS/RN";"2014";"1";"2014-01-27";"2014-06-14";"";"";"";"REGULAR";"t";"";"f";"";"";"EXCLUÍDA";"";"A Distância";
"1219172";"03A";"21789";"";"";"27148";"GRADUAÇÃO";"";"NOVA CRUZ/RN";"2014";"1";"2014-01-27";"2014-06-14";"";"2";"";"REGULAR";"t";"2014-06-20 14:54:31.885";"f";"";"0";"CONSOLIDADA";"";"A Distância";
"1219172";"03A";"20811";"";"";"27148";"GRADUAÇÃO";"";"NOVA CRUZ/RN";"2014";"1";"2014-01-27";"2014-06-14";"";"2";"";"REGULAR";"t";"2014-06-20 14:54:31.885";"f";"";"0";"CONSOLIDADA";"";"A Distância";
"1219173";"02";"5755100";"";"";"55100";"GRADUAÇÃO";"Campus Santa Cruz";"Centro de Treinamento";"2014";"1";"2014-03-18";"2014-04-29";"3M1234 5M123 (18/03/2014 - 29/04/2014)";"16";"17";"REGULAR";"f";"";"f";"";"";"EXCLUÍDA";"";"Presencial";
"1219174";"03";"5755100";"";"";"55100";"GRADUAÇÃO";"Campus Santa Cruz";"Centro de Treinamento";"2014";"1";"2014-05-06";"2014-06-14";"3M1234 5M123 (06/05/2014 - 14/06/2014)";"14";"14";"REGULAR";"f";"";"f";"";"";"EXCLUÍDA";"";"Presencial";
"1219175";"14";"5754978";"";"";"27171";"GRADUAÇÃO";"";"CAICÓ/RN";"2014";"1";"2014-01-27";"2014-06-14";"";"8";"";"REGULAR";"t";"2014-06-16 08:06:08.019";"f";"";"0";"CONSOLIDADA";"";"A Distância";
"1219176";"02";"5754978";"";"";"27171";"GRADUAÇÃO";"";"CURRIAS NOVOS/RN";"2014";"1";"2014-01-27";"2014-06-14";"";"18";"";"REGULAR";"t";"2014-06-16 08:00:21.889";"f";"";"0";"CONSOLIDADA";"";"A Distância";
"1219177";"11";"5754978";"";"";"27171";"GRADUAÇÃO";"";"EXTREMOZ/RN";"2014";"1";"2014-01-27";"2014-06-14";"";"8";"";"REGULAR";"t";"2014-06-16 08:03:14.191";"f";"";"0";"CONSOLIDADA";"";"A Distância";
"1219178";"22";"5754978";"";"";"27171";"GRADUAÇÃO";"";"GUAMARÉ/RN";"2014";"1";"2014-01-27";"2014-06-14";"";"3";"";"REGULAR";"t";"2014-06-16 08:07:01.897";"f";"";"0";"CONSOLIDADA";"";"A Distância";
"1219179";"15";"5754978";"";"";"27171";"GRADUAÇÃO";"";"LAJES/RN";"2014";"1";"2014-01-27";"2014-06-14";"";"";"";"REGULAR";"t";"";"f";"";"";"EXCLUÍDA";"";"A Distância";
"1219180";"12";"5754978";"";"";"27171";"GRADUAÇÃO";"";"LUÍS GOMES/RN";"2014";"1";"2014-01-27";"2014-06-14";"";"10";"";"REGULAR";"t";"2014-06-16 08:04:16.406";"f";"";"0";"CONSOLIDADA";"";"A Distância";
"1219181";"01";"5754978";"";"";"27171";"GRADUAÇÃO";"";"MACAU/RN";"2014";"1";"2014-01-27";"2014-06-14";"";"3";"";"REGULAR";"t";"2014-06-16 07:58:40.905";"f";"";"0";"CONSOLIDADA";"";"A Distância";
"1219182";"13";"5754978";"";"";"27171";"GRADUAÇÃO";"";"MARTINS/RN";"2014";"1";"2014-01-27";"2014-06-14";"";"3";"";"REGULAR";"t";"";"f";"";"";"INTERROMPIDA";"";"A Distância";
"1219183";"03";"5754978";"";"";"27171";"GRADUAÇÃO";"";"NOVA CRUZ/RN";"2014";"1";"2014-01-27";"2014-06-14";"";"9";"";"REGULAR";"t";"2014-06-16 08:01:58.786";"f";"";"0";"CONSOLIDADA";"";"A Distância";
"1219184";"14";"5753766";"";"";"2042262";"GRADUAÇÃO";"";"CAICÓ/RN";"2014";"1";"2014-01-27";"2014-06-14";"";"33";"";"REGULAR";"t";"2014-06-19 12:50:42.679";"f";"";"0";"CONSOLIDADA";"";"A Distância";
"1219184";"14";"26317";"";"";"2042262";"GRADUAÇÃO";"";"CAICÓ/RN";"2014";"1";"2014-01-27";"2014-06-14";"";"33";"";"REGULAR";"t";"2014-06-19 12:50:42.679";"f";"";"0";"CONSOLIDADA";"";"A Distância";
"1219185";"02";"5753766";"";"";"2042262";"GRADUAÇÃO";"";"CURRIAS NOVOS/RN";"2014";"1";"2014-01-27";"2014-06-14";"";"42";"";"REGULAR";"t";"2014-06-19 13:00:51.288";"f";"";"0";"CONSOLIDADA";"";"A Distância";
"1219185";"02";"26317";"";"";"2042262";"GRADUAÇÃO";"";"CURRIAS NOVOS/RN";"2014";"1";"2014-01-27";"2014-06-14";"";"42";"";"REGULAR";"t";"2014-06-19 13:00:51.288";"f";"";"0";"CONSOLIDADA";"";"A Distância";
"1219186";"11";"5753766";"";"";"2042262";"GRADUAÇÃO";"";"EXTREMOZ/RN";"2014";"1";"2014-01-27";"2014-06-14";"";"3";"";"REGULAR";"t";"2014-06-19 12:58:35.742";"f";"";"0";"CONSOLIDADA";"";"A Distância";
"1219186";"11";"26317";"";"";"2042262";"GRADUAÇÃO";"";"EXTREMOZ/RN";"2014";"1";"2014-01-27";"2014-06-14";"";"3";"";"REGULAR";"t";"2014-06-19 12:58:35.742";"f";"";"0";"CONSOLIDADA";"";"A Distância";
"1219187";"22";"5753766";"";"";"2042262";"GRADUAÇÃO";"";"GUAMARÉ/RN";"2014";"1";"2014-01-27";"2014-06-14";"";"25";"";"REGULAR";"t";"2014-06-19 12:48:41.005";"f";"";"0";"CONSOLIDADA";"";"A Distância";
"1219187";"22";"26317";"";"";"2042262";"GRADUAÇÃO";"";"GUAMARÉ/RN";"2014";"1";"2014-01-27";"2014-06-14";"";"25";"";"REGULAR";"t";"2014-06-19 12:48:41.005";"f";"";"0";"CONSOLIDADA";"";"A Distância";
"1219188";"15";"26317";"";"";"2042262";"GRADUAÇÃO";"";"LAJES/RN";"2014";"1";"2014-01-27";"2014-06-14";"";"1";"";"REGULAR";"t";"2014-06-05 20:07:57.585";"f";"";"0";"CONSOLIDADA";"";"A Distância";
"1219188";"15";"5753766";"";"";"2042262";"GRADUAÇÃO";"";"LAJES/RN";"2014";"1";"2014-01-27";"2014-06-14";"";"1";"";"REGULAR";"t";"2014-06-05 20:07:57.585";"f";"";"0";"CONSOLIDADA";"";"A Distância";
"1219189";"12";"26317";"";"";"2042262";"GRADUAÇÃO";"";"LUÍS GOMES/RN";"2014";"1";"2014-01-27";"2014-06-14";"";"33";"";"REGULAR";"t";"2014-06-19 12:57:35.592";"f";"";"0";"CONSOLIDADA";"";"A Distância";
"1219189";"12";"5753766";"";"";"2042262";"GRADUAÇÃO";"";"LUÍS GOMES/RN";"2014";"1";"2014-01-27";"2014-06-14";"";"33";"";"REGULAR";"t";"2014-06-19 12:57:35.592";"f";"";"0";"CONSOLIDADA";"";"A Distância";
"1219190";"01";"5753766";"";"";"2042262";"GRADUAÇÃO";"";"MACAU/RN";"2014";"1";"2014-01-27";"2014-06-14";"";"28";"";"REGULAR";"t";"2014-06-19 12:54:50.969";"f";"";"0";"CONSOLIDADA";"";"A Distância";
"1219190";"01";"26317";"";"";"2042262";"GRADUAÇÃO";"";"MACAU/RN";"2014";"1";"2014-01-27";"2014-06-14";"";"28";"";"REGULAR";"t";"2014-06-19 12:54:50.969";"f";"";"0";"CONSOLIDADA";"";"A Distância";
"1219191";"13";"26317";"";"";"2042262";"GRADUAÇÃO";"";"MARTINS/RN";"2014";"1";"2014-01-27";"2014-06-14";"";"3";"";"REGULAR";"t";"2014-06-19 12:56:20.002";"f";"";"0";"CONSOLIDADA";"";"A Distância";
"1219191";"13";"5753766";"";"";"2042262";"GRADUAÇÃO";"";"MARTINS/RN";"2014";"1";"2014-01-27";"2014-06-14";"";"3";"";"REGULAR";"t";"2014-06-19 12:56:20.002";"f";"";"0";"CONSOLIDADA";"";"A Distância";
"1219192";"03";"5753766";"";"";"2042262";"GRADUAÇÃO";"";"NOVA CRUZ/RN";"2014";"1";"2014-01-27";"2014-06-14";"";"23";"";"REGULAR";"t";"2014-06-19 12:59:37.447";"f";"";"0";"CONSOLIDADA";"";"A Distância";
"1219192";"03";"26317";"";"";"2042262";"GRADUAÇÃO";"";"NOVA CRUZ/RN";"2014";"1";"2014-01-27";"2014-06-14";"";"23";"";"REGULAR";"t";"2014-06-19 12:59:37.447";"f";"";"0";"CONSOLIDADA";"";"A Distância";
"1219193";"01";"5752711";"";"";"55101";"GRADUAÇÃO";"Campus Santa Cruz";"Clínica Escola Facisa";"2014";"1";"2014-01-28";"2014-03-13";"35M123 (28/01/2014 - 13/03/2014)";"15";"14";"REGULAR";"f";"2014-07-07 10:59:03.866";"f";"";"39";"CONSOLIDADA";"";"Presencial";
"1219194";"02";"5755100";"";"";"55101";"GRADUAÇÃO";"Campus Santa Cruz";"Clínica Escola Facisa";"2014";"1";"2014-03-18";"2014-04-29";"35M123 (18/03/2014 - 29/04/2014)";"18";"13";"REGULAR";"f";"2014-07-07 15:59:00.522";"f";"";"33";"CONSOLIDADA";"";"Presencial";
"1219195";"03";"5755100";"";"";"55101";"GRADUAÇÃO";"Campus Santa Cruz";"Clínica Escola Facisa";"2014";"1";"2014-05-06";"2014-06-14";"35M123 (06/05/2014 - 14/06/2014)";"15";"17";"REGULAR";"f";"2014-07-07 16:01:44.239";"f";"";"36";"CONSOLIDADA";"";"Presencial";
"1219196";"14A";"23169";"";"";"2042263";"GRADUAÇÃO";"";"CAICÓ/RN";"2014";"1";"2014-01-27";"2014-06-14";"";"38";"";"REGULAR";"t";"2014-06-26 16:45:35.801";"f";"";"0";"CONSOLIDADA";"";"A Distância";
"1219196";"14A";"26065";"";"";"2042263";"GRADUAÇÃO";"";"CAICÓ/RN";"2014";"1";"2014-01-27";"2014-06-14";"";"38";"";"REGULAR";"t";"2014-06-26 16:45:35.801";"f";"";"0";"CONSOLIDADA";"";"A Distância";
"1219197";"11A";"26065";"";"";"2042263";"GRADUAÇÃO";"";"EXTREMOZ/RN";"2014";"1";"2014-01-27";"2014-06-14";"";"5";"";"REGULAR";"t";"2014-06-26 15:42:43.984";"f";"";"0";"CONSOLIDADA";"";"A Distância";
"1219197";"11A";"23169";"";"";"2042263";"GRADUAÇÃO";"";"EXTREMOZ/RN";"2014";"1";"2014-01-27";"2014-06-14";"";"5";"";"REGULAR";"t";"2014-06-26 15:42:43.984";"f";"";"0";"CONSOLIDADA";"";"A Distância";
"1219198";"15A";"26065";"";"";"2042263";"GRADUAÇÃO";"";"LAJES/RN";"2014";"1";"2014-01-27";"2014-06-14";"";"1";"";"REGULAR";"t";"2014-06-26 15:48:32.772";"f";"";"0";"CONSOLIDADA";"";"A Distância";
"1219198";"15A";"23169";"";"";"2042263";"GRADUAÇÃO";"";"LAJES/RN";"2014";"1";"2014-01-27";"2014-06-14";"";"1";"";"REGULAR";"t";"2014-06-26 15:48:32.772";"f";"";"0";"CONSOLIDADA";"";"A Distância";
"1219199";"01A";"23169";"";"";"2042263";"GRADUAÇÃO";"";"MACAU/RN";"2014";"1";"2014-01-27";"2014-06-14";"";"27";"";"REGULAR";"t";"2014-06-26 14:51:57.599";"f";"";"0";"CONSOLIDADA";"";"A Distância";
"1219199";"01A";"26065";"";"";"2042263";"GRADUAÇÃO";"";"MACAU/RN";"2014";"1";"2014-01-27";"2014-06-14";"";"27";"";"REGULAR";"t";"2014-06-26 14:51:57.599";"f";"";"0";"CONSOLIDADA";"";"A Distância";
"1219200";"03A";"23169";"";"";"2042263";"GRADUAÇÃO";"";"NOVA CRUZ/RN";"2014";"1";"2014-01-27";"2014-06-14";"";"25";"";"REGULAR";"t";"2014-06-26 15:41:24.179";"f";"";"0";"CONSOLIDADA";"";"A Distância";
"1219200";"03A";"26065";"";"";"2042263";"GRADUAÇÃO";"";"NOVA CRUZ/RN";"2014";"1";"2014-01-27";"2014-06-14";"";"25";"";"REGULAR";"t";"2014-06-26 15:41:24.179";"f";"";"0";"CONSOLIDADA";"";"A Distância";
"1219201";"01";"5755100";"";"";"55102";"GRADUAÇÃO";"Campus Santa Cruz";"Hospital Currais Novos";"2014";"1";"2014-05-26";"2014-06-09";"2M123456 (26/05/2014 - 09/06/2014)";"8";"7";"REGULAR";"f";"2014-06-27 23:33:34.21";"f";"";"18";"CONSOLIDADA";"";"Presencial";
"1219202";"14B";"23169";"";"";"2042263";"GRADUAÇÃO";"";"CAICÓ/RN";"2014";"1";"2014-01-27";"2014-06-14";"";"2";"";"REGULAR";"t";"";"f";"";"";"EXCLUÍDA";"";"A Distância";
"1219203";"02";"26065";"";"";"2042263";"GRADUAÇÃO";"";"CURRIAS NOVOS/RN";"2014";"1";"2014-01-27";"2014-06-14";"";"37";"";"REGULAR";"t";"2014-06-26 15:03:13.758";"f";"";"0";"CONSOLIDADA";"";"A Distância";
"1219203";"02";"23169";"";"";"2042263";"GRADUAÇÃO";"";"CURRIAS NOVOS/RN";"2014";"1";"2014-01-27";"2014-06-14";"";"37";"";"REGULAR";"t";"2014-06-26 15:03:13.758";"f";"";"0";"CONSOLIDADA";"";"A Distância";
"1219204";"11B";"23169";"";"";"2042263";"GRADUAÇÃO";"";"EXTREMOZ/RN";"2014";"1";"2014-01-27";"2014-06-14";"";"0";"";"REGULAR";"t";"";"f";"";"";"EXCLUÍDA";"";"A Distância";
"1219205";"22";"26065";"";"";"2042263";"GRADUAÇÃO";"";"GUAMARÉ/RN";"2014";"1";"2014-01-27";"2014-06-14";"";"26";"";"REGULAR";"t";"2014-06-26 15:51:52.085";"f";"";"0";"CONSOLIDADA";"";"A Distância";
"1219205";"22";"23169";"";"";"2042263";"GRADUAÇÃO";"";"GUAMARÉ/RN";"2014";"1";"2014-01-27";"2014-06-14";"";"26";"";"REGULAR";"t";"2014-06-26 15:51:52.085";"f";"";"0";"CONSOLIDADA";"";"A Distância";
"1219206";"15B";"23169";"";"";"2042263";"GRADUAÇÃO";"";"LAJES/RN";"2014";"1";"2014-01-27";"2014-06-14";"";"";"";"REGULAR";"t";"";"f";"";"";"EXCLUÍDA";"";"A Distância";
"1219207";"12";"23169";"";"";"2042263";"GRADUAÇÃO";"";"LUÍS GOMES/RN";"2014";"1";"2014-01-27";"2014-06-14";"";"31";"";"REGULAR";"t";"2014-06-26 15:44:42.269";"f";"";"0";"CONSOLIDADA";"";"A Distância";
"1219207";"12";"26065";"";"";"2042263";"GRADUAÇÃO";"";"LUÍS GOMES/RN";"2014";"1";"2014-01-27";"2014-06-14";"";"31";"";"REGULAR";"t";"2014-06-26 15:44:42.269";"f";"";"0";"CONSOLIDADA";"";"A Distância";
"1219208";"01B";"23169";"";"";"2042263";"GRADUAÇÃO";"";"MACAU/RN";"2014";"1";"2014-01-27";"2014-06-14";"";"0";"";"REGULAR";"t";"";"f";"";"";"EXCLUÍDA";"";"A Distância";
"1219209";"13";"23169";"";"";"2042263";"GRADUAÇÃO";"";"MARTINS/RN";"2014";"1";"2014-01-27";"2014-06-14";"";"3";"";"REGULAR";"t";"2014-06-26 15:45:51.729";"f";"";"0";"CONSOLIDADA";"";"A Distância";
"1219209";"13";"26065";"";"";"2042263";"GRADUAÇÃO";"";"MARTINS/RN";"2014";"1";"2014-01-27";"2014-06-14";"";"3";"";"REGULAR";"t";"2014-06-26 15:45:51.729";"f";"";"0";"CONSOLIDADA";"";"A Distância";
"1219210";"03B";"23169";"";"";"2042263";"GRADUAÇÃO";"";"NOVA CRUZ/RN";"2014";"1";"2014-01-27";"2014-06-14";"";"0";"";"REGULAR";"t";"";"f";"";"";"EXCLUÍDA";"";"A Distância";
"1219211";"02";"5755100";"";"";"55102";"GRADUAÇÃO";"Campus Santa Cruz";"Hospital Currais Novos";"2014";"1";"2014-05-05";"2014-05-19";"2M123456 (05/05/2014 - 19/05/2014)";"11";"8";"REGULAR";"f";"2014-06-27 23:35:47.402";"f";"";"18";"CONSOLIDADA";"";"Presencial";
"1219212";"03";"5755085";"";"";"55102";"GRADUAÇÃO";"Campus Santa Cruz";"Hospital Currais Novos";"2014";"1";"2014-04-07";"2014-04-28";"2M123456 (07/04/2014 - 28/04/2014)";"7";"7";"REGULAR";"f";"2014-06-21 21:55:33.445";"f";"";"18";"CONSOLIDADA";"";"Presencial";
"1219213";"14";"5752675";"";"";"2042271";"GRADUAÇÃO";"";"CAICÓ/RN";"2014";"1";"2014-01-27";"2014-06-14";"";"7";"";"REGULAR";"t";"2014-06-16 13:44:11.288";"f";"";"0";"CONSOLIDADA";"";"A Distância";
"1219214";"02";"5752675";"";"";"2042271";"GRADUAÇÃO";"";"CURRAIS NOVOS/RN";"2014";"1";"2014-01-27";"2014-06-14";"";"7";"";"REGULAR";"t";"2014-06-16 13:40:30.484";"f";"";"0";"CONSOLIDADA";"";"A Distância";
"1219215";"11";"5752675";"";"";"2042271";"GRADUAÇÃO";"";"EXTREMOZ/RN";"2014";"1";"2014-01-27";"2014-06-14";"";"6";"";"REGULAR";"t";"2014-06-16 13:42:05.962";"f";"";"0";"CONSOLIDADA";"";"A Distância";
"1219216";"15";"5752675";"";"";"2042271";"GRADUAÇÃO";"";"LAJES/RN";"2014";"1";"2014-01-27";"2014-06-14";"";"1";"";"REGULAR";"t";"2014-06-11 14:31:20.228";"f";"";"0";"CONSOLIDADA";"";"A Distância";
"1219217";"12";"5752675";"";"";"2042271";"GRADUAÇÃO";"";"LUÍS GOMES/RN";"2014";"1";"2014-01-27";"2014-06-14";"";"3";"";"REGULAR";"t";"2014-06-16 13:42:41.547";"f";"";"0";"CONSOLIDADA";"";"A Distância";
"1219218";"13";"5752675";"";"";"2042271";"GRADUAÇÃO";"";"MARTINS/RN";"2014";"1";"2014-01-27";"2014-06-14";"";"2";"";"REGULAR";"t";"2014-06-16 13:43:12.637";"f";"";"0";"CONSOLIDADA";"";"A Distância";
"1219219";"03";"5752675";"";"";"2042271";"GRADUAÇÃO";"";"NOVA CRUZ/RN";"2014";"1";"2014-01-27";"2014-06-14";"";"5";"";"REGULAR";"t";"2014-06-16 13:41:31.178";"f";"";"0";"CONSOLIDADA";"";"A Distância";
"1219220";"04";"5755085";"";"";"55102";"GRADUAÇÃO";"Campus Santa Cruz";"Hospital Currais Novos";"2014";"1";"2014-03-17";"2014-03-31";"2M123456 (17/03/2014 - 31/03/2014)";"7";"7";"REGULAR";"f";"2014-06-21 21:30:11.956";"f";"";"18";"CONSOLIDADA";"";"Presencial";
"1219221";"05";"5755085";"";"";"55102";"GRADUAÇÃO";"Campus Santa Cruz";"Hospital Currais Novos";"2014";"1";"2014-02-17";"2014-03-10";"2M123456 (17/02/2014 - 10/03/2014)";"15";"15";"REGULAR";"f";"2014-06-21 21:05:31.117";"f";"";"18";"CONSOLIDADA";"";"Presencial";
"1219222";"14";"18411";"";"";"47494";"GRADUAÇÃO";"";"CAICÓ/RN";"2014";"1";"2014-01-27";"2014-06-14";"";"32";"";"REGULAR";"t";"2014-06-18 23:56:11.213";"f";"";"0";"CONSOLIDADA";"";"A Distância";
"1219223";"23";"18411";"";"";"47494";"GRADUAÇÃO";"";"CARAÚBAS/RN";"2014";"1";"2014-01-27";"2014-06-14";"";"29";"";"REGULAR";"t";"2014-06-21 19:28:32.901";"f";"";"0";"CONSOLIDADA";"";"A Distância";
"1219224";"02";"18411";"";"";"47494";"GRADUAÇÃO";"";"CURRIAS NOVOS/RN";"2014";"1";"2014-01-27";"2014-06-14";"";"36";"";"REGULAR";"t";"2014-06-18 21:59:27.246";"f";"";"0";"CONSOLIDADA";"";"A Distância";
"1219225";"20";"18411";"";"";"47494";"GRADUAÇÃO";"";"GROSSOS/RN";"2014";"1";"2014-01-27";"2014-06-14";"";"31";"";"REGULAR";"t";"2014-06-19 09:21:39.791";"f";"";"0";"CONSOLIDADA";"";"A Distância";
"1219226";"03";"18411";"";"";"47494";"GRADUAÇÃO";"";"NOVA CRUZ/RN";"2014";"1";"2014-01-27";"2014-06-14";"";"46";"";"REGULAR";"t";"2014-06-18 22:54:45.997";"f";"";"0";"CONSOLIDADA";"";"A Distância";
"1219227";"03";"5756276";"";"";"54926";"GRADUAÇÃO";"Campus Santa Cruz";"Laboratório de Motricidade";"2014";"1";"2014-01-27";"2014-06-14";"5T56 (27/01/2014 - 14/06/2014)";"10";"11";"REGULAR";"f";"2014-06-10 08:46:10.377";"f";"";"34";"CONSOLIDADA";"";"Presencial";
"1219228";"01";"5756198";"";"";"52470";"GRADUAÇÃO";"Campus Santa Cruz";"Clínica Escola Facisa";"2014";"1";"2014-03-31";"2014-05-05";"24M123 (31/03/2014 - 05/05/2014)";"8";"12";"REGULAR";"f";"2014-06-09 22:01:47.602";"f";"";"30";"CONSOLIDADA";"";"Presencial";
"1219229";"01";"5752249";"";"";"41852";"GRADUAÇÃO";"Campus Central";"IMBURANA (2º andar; 2ª sala)";"2014";"1";"2014-01-27";"2014-06-14";"2T1234";"32";"45";"REGULAR";"f";"2014-06-15 07:09:39.201";"f";"";"68";"CONSOLIDADA";"";"Presencial";
"1219229";"01";"2304092";"";"";"41852";"GRADUAÇÃO";"Campus Central";"IMBURANA (2º andar; 2ª sala)";"2014";"1";"2014-01-27";"2014-06-14";"2T1234";"32";"45";"REGULAR";"f";"2014-06-15 07:09:39.201";"f";"";"68";"CONSOLIDADA";"";"Presencial";
"1219230";"01";"5752604";"";"";"2044813";"GRADUAÇÃO";"Campus Santa Cruz";"Bloco I - Sala 3";"2014";"1";"2014-01-27";"2014-06-14";"26M23";"2";"45";"REGULAR";"f";"2014-06-21 12:28:58.952";"f";"";"74";"CONSOLIDADA";"";"Presencial";
"1219231";"02";"2304092";"";"";"41852";"GRADUAÇÃO";"Campus Central";"IMBURANA (2º andar; 2ª sala)";"2014";"1";"2014-01-27";"2014-06-14";"2N1234";"25";"45";"REGULAR";"f";"2014-06-15 07:03:31.092";"f";"";"68";"CONSOLIDADA";"";"Presencial";
"1219231";"02";"5752249";"";"";"41852";"GRADUAÇÃO";"Campus Central";"IMBURANA (2º andar; 2ª sala)";"2014";"1";"2014-01-27";"2014-06-14";"2N1234";"25";"45";"REGULAR";"f";"2014-06-15 07:03:31.092";"f";"";"68";"CONSOLIDADA";"";"Presencial";
"1219232";"22";"5755233";"";"";"47494";"GRADUAÇÃO";"";"GUAMARÉ/RN";"2014";"1";"2014-01-27";"2014-06-14";"";"27";"";"REGULAR";"t";"2014-06-14 22:35:14.495";"f";"";"0";"CONSOLIDADA";"";"A Distância";
"1219233";"12";"5755233";"";"";"47494";"GRADUAÇÃO";"";"LUÍS GOMES/RN";"2014";"1";"2014-01-27";"2014-06-14";"";"32";"";"REGULAR";"t";"2014-06-14 22:38:43.613";"f";"";"0";"CONSOLIDADA";"";"A Distância";
"1219234";"01";"5755233";"";"";"47494";"GRADUAÇÃO";"";"MACAU/RN";"2014";"1";"2014-01-27";"2014-06-14";"";"32";"";"REGULAR";"t";"2014-06-14 22:33:47.742";"f";"";"0";"CONSOLIDADA";"";"A Distância";
"1219235";"16";"5755233";"";"";"47494";"GRADUAÇÃO";"";"MARCELINO VIEIRA/RN";"2014";"1";"2014-01-27";"2014-06-14";"";"39";"";"REGULAR";"t";"2014-06-14 22:37:13.64";"f";"";"0";"CONSOLIDADA";"";"A Distância";
"1219236";"13";"5755233";"";"";"47494";"GRADUAÇÃO";"";"MARTINS/RN";"2014";"1";"2014-01-27";"2014-06-14";"";"42";"";"REGULAR";"t";"2014-06-14 22:40:16.251";"f";"";"0";"CONSOLIDADA";"";"A Distância";
"1219238";"01A";"5751834";"";"";"43380";"GRADUAÇÃO";"Campus Santa Cruz";"Bloco I - Sala 3";"2014";"1";"2014-01-27";"2014-06-14";"35T12";"5";"48";"REGULAR";"f";"2014-06-19 22:14:04.552";"f";"1219237";"76";"CONSOLIDADA";"";"Presencial";
"1219238";"01A";"5756714";"";"";"43380";"GRADUAÇÃO";"Campus Santa Cruz";"Bloco I - Sala 3";"2014";"1";"2014-01-27";"2014-06-14";"35T12";"5";"48";"REGULAR";"f";"2014-06-19 22:14:04.552";"f";"1219237";"76";"CONSOLIDADA";"";"Presencial";
"1219238";"01A";"5752021";"";"";"43380";"GRADUAÇÃO";"Campus Santa Cruz";"Bloco I - Sala 3";"2014";"1";"2014-01-27";"2014-06-14";"35T12";"5";"48";"REGULAR";"f";"2014-06-19 22:14:04.552";"f";"1219237";"76";"CONSOLIDADA";"";"Presencial";
"1219240";"01A";"5756714";"";"";"43381";"GRADUAÇÃO";"Campus Santa Cruz";"Bloco I - Sala 3";"2014";"1";"2014-01-27";"2014-06-14";"35T345";"1";"45";"REGULAR";"f";"2014-06-19 03:47:12.71";"f";"1219239";"105";"CONSOLIDADA";"";"Presencial";
"1219240";"01A";"5751834";"";"";"43381";"GRADUAÇÃO";"Campus Santa Cruz";"Bloco I - Sala 3";"2014";"1";"2014-01-27";"2014-06-14";"35T345";"1";"45";"REGULAR";"f";"2014-06-19 03:47:12.71";"f";"1219239";"105";"CONSOLIDADA";"";"Presencial";
"1219241";"01";"5753601";"";"";"43382";"GRADUAÇÃO";"Campus Santa Cruz";"Bloco I - Sala 3";"2014";"1";"2014-01-27";"2014-06-14";"6M456";"0";"45";"REGULAR";"f";"2014-06-10 20:44:38.764";"f";"";"51";"CONSOLIDADA";"";"Presencial";
"1219242";"01";"5755460";"";"";"43731";"GRADUAÇÃO";"Campus Santa Cruz";"Bloco I - Sala 4";"2014";"1";"2014-01-27";"2014-06-14";"5T12";"27";"40";"REGULAR";"f";"2014-06-21 21:42:45.503";"f";"";"34";"CONSOLIDADA";"";"Presencial";
"1219243";"22";"5752233";"";"";"25732";"GRADUAÇÃO";"";"GUAMARÉ/RN";"2014";"1";"2014-01-27";"2014-06-14";"";"27";"";"REGULAR";"t";"2014-06-16 17:49:46.011";"f";"";"0";"CONSOLIDADA";"";"A Distância";
"1219244";"12";"5752233";"";"";"25732";"GRADUAÇÃO";"";"LUÍS GOMES/RN";"2014";"1";"2014-01-27";"2014-06-14";"";"30";"";"REGULAR";"t";"2014-06-16 17:59:36.97";"f";"";"0";"CONSOLIDADA";"";"A Distância";
"1219245";"01";"5752233";"";"";"25732";"GRADUAÇÃO";"";"MACAU/RN";"2014";"1";"2014-01-27";"2014-06-14";"";"33";"";"REGULAR";"t";"2014-06-16 17:27:17.33";"f";"";"0";"CONSOLIDADA";"";"A Distância";
"1219246";"16";"5752233";"";"";"25732";"GRADUAÇÃO";"";"MARCELINO VIEIRA/RN";"2014";"1";"2014-01-27";"2014-06-14";"";"37";"";"REGULAR";"t";"2014-06-16 18:09:27.582";"f";"";"0";"CONSOLIDADA";"";"A Distância";
"1219247";"13";"5752233";"";"";"25732";"GRADUAÇÃO";"";"MARTINS/RN";"2014";"1";"2014-01-27";"2014-06-14";"";"42";"";"REGULAR";"t";"2014-06-16 17:39:24.682";"f";"";"0";"CONSOLIDADA";"";"A Distância";
"1219248";"14";"5752290";"";"";"25732";"GRADUAÇÃO";"";"CAICÓ/RN";"2014";"1";"2014-01-27";"2014-06-14";"";"30";"";"REGULAR";"t";"2014-06-25 12:06:48.638";"f";"";"0";"CONSOLIDADA";"";"A Distância";
"1219249";"23";"5752290";"";"";"25732";"GRADUAÇÃO";"";"CARAÚBAS/RN";"2014";"1";"2014-01-27";"2014-06-14";"";"28";"";"REGULAR";"t";"2014-06-25 12:18:23.109";"f";"";"0";"CONSOLIDADA";"";"A Distância";
"1219250";"02";"5752290";"";"";"25732";"GRADUAÇÃO";"";"CURRIAS NOVOS/RN";"2014";"1";"2014-01-27";"2014-06-14";"";"35";"";"REGULAR";"t";"2014-06-25 11:56:05.661";"f";"";"0";"CONSOLIDADA";"";"A Distância";
"1219251";"20";"5752290";"";"";"25732";"GRADUAÇÃO";"";"GROSSOS/RN";"2014";"1";"2014-01-27";"2014-06-14";"";"36";"";"REGULAR";"t";"2014-06-25 12:09:50.46";"f";"";"0";"CONSOLIDADA";"";"A Distância";
"1219252";"03";"5752290";"";"";"25732";"GRADUAÇÃO";"";"NOVA CRUZ/RN";"2014";"1";"2014-01-27";"2014-06-14";"";"46";"";"REGULAR";"t";"2014-06-25 12:01:32.84";"f";"";"0";"CONSOLIDADA";"";"A Distância";
"1219253";"01";"5756715";"";"";"43490";"GRADUAÇÃO";"Campus Santa Cruz";"Bloco I - Sala 4";"2014";"1";"2014-01-27";"2014-06-14";"2M345";"31";"40";"REGULAR";"f";"2014-06-09 11:37:37.426";"f";"";"57";"CONSOLIDADA";"";"Presencial";
"1219253";"01";"5752552";"";"";"43490";"GRADUAÇÃO";"Campus Santa Cruz";"Bloco I - Sala 4";"2014";"1";"2014-01-27";"2014-06-14";"2M345";"31";"40";"REGULAR";"f";"2014-06-09 11:37:37.426";"f";"";"57";"CONSOLIDADA";"";"Presencial";
"1219254";"01";"5755460";"";"";"43491";"GRADUAÇÃO";"Campus Santa Cruz";"Bloco I - Sala 4";"2014";"1";"2014-01-27";"2014-06-14";"3T45 5T34";"29";"40";"REGULAR";"f";"2014-06-21 21:05:20.448";"f";"";"70";"CONSOLIDADA";"";"Presencial";
"1219255";"01";"5756382";"";"";"43732";"GRADUAÇÃO";"Campus Santa Cruz";"Bloco I - Sala 4";"2014";"1";"2014-01-27";"2014-06-14";"2T123";"30";"40";"REGULAR";"f";"2014-06-11 16:29:28.105";"f";"";"54";"CONSOLIDADA";"";"Presencial";
"1219257";"01A";"5756603";"";"";"43392";"GRADUAÇÃO";"Campus Santa Cruz";"Bloco I - Sala 3";"2014";"1";"2014-01-27";"2014-06-14";"4M234";"0";"45";"REGULAR";"f";"2014-06-13 20:31:49.431";"f";"1219256";"51";"CONSOLIDADA";"";"Presencial";
"1219257";"01A";"5754552";"";"";"43392";"GRADUAÇÃO";"Campus Santa Cruz";"Bloco I - Sala 3";"2014";"1";"2014-01-27";"2014-06-14";"4M234";"0";"45";"REGULAR";"f";"2014-06-13 20:31:49.431";"f";"1219256";"51";"CONSOLIDADA";"";"Presencial";
"1219258";"01";"25120";"";"";"41855";"GRADUAÇÃO";"Campus Central";"UMBUZEIRO  (Térreo; 4ª sala)";"2014";"1";"2014-01-27";"2014-06-14";"7M45  6N34";"20";"45";"REGULAR";"f";"2014-06-14 15:53:08.069";"f";"";"78";"CONSOLIDADA";"";"Presencial";
"1219258";"01";"5752266";"";"";"41855";"GRADUAÇÃO";"Campus Central";"UMBUZEIRO  (Térreo; 4ª sala)";"2014";"1";"2014-01-27";"2014-06-14";"7M45  6N34";"20";"45";"REGULAR";"f";"2014-06-14 15:53:08.069";"f";"";"78";"CONSOLIDADA";"";"Presencial";
"1219258";"01";"5755759";"";"";"41855";"GRADUAÇÃO";"Campus Central";"UMBUZEIRO  (Térreo; 4ª sala)";"2014";"1";"2014-01-27";"2014-06-14";"7M45  6N34";"20";"45";"REGULAR";"f";"2014-06-14 15:53:08.069";"f";"";"78";"CONSOLIDADA";"";"Presencial";
"1219259";"01";"5754329";"";"";"43336";"GRADUAÇÃO";"Campus Central";"PAU-BRASIL (1º andar - 1º sala)";"2014";"1";"2014-01-27";"2014-06-14";"6T2345";"50";"45";"REGULAR";"f";"2014-06-10 09:08:13.398";"f";"";"68";"CONSOLIDADA";"";"Presencial";
"1219259";"01";"5754273";"";"";"43336";"GRADUAÇÃO";"Campus Central";"PAU-BRASIL (1º andar - 1º sala)";"2014";"1";"2014-01-27";"2014-06-14";"6T2345";"50";"45";"REGULAR";"f";"2014-06-10 09:08:13.398";"f";"";"68";"CONSOLIDADA";"";"Presencial";
"1219259";"01";"18133";"";"";"43336";"GRADUAÇÃO";"Campus Central";"PAU-BRASIL (1º andar - 1º sala)";"2014";"1";"2014-01-27";"2014-06-14";"6T2345";"50";"45";"REGULAR";"f";"2014-06-10 09:08:13.398";"f";"";"68";"CONSOLIDADA";"";"Presencial";
"1219261";"01A";"5756382";"";"";"43395";"GRADUAÇÃO";"Campus Santa Cruz";"Bloco I - Sala 9";"2014";"1";"2014-01-27";"2014-06-14";"24M12";"30";"40";"REGULAR";"f";"2014-06-11 21:45:42.935";"f";"1219260";"72";"CONSOLIDADA";"";"Presencial";
"1219262";"01";"18133";"";"";"20955";"GRADUAÇÃO";"Campus Central";"PAU-BRASIL (1º andar - 1º sala)";"2014";"1";"2014-01-27";"2014-06-14";"4M12 6M123";"22";"40";"REGULAR";"f";"2014-06-06 22:19:13.082";"f";"";"82";"CONSOLIDADA";"";"Presencial";
"1219262";"01";"5754329";"";"";"20955";"GRADUAÇÃO";"Campus Central";"PAU-BRASIL (1º andar - 1º sala)";"2014";"1";"2014-01-27";"2014-06-14";"4M12 6M123";"22";"40";"REGULAR";"f";"2014-06-06 22:19:13.082";"f";"";"82";"CONSOLIDADA";"";"Presencial";
"1219263";"01";"5756299";"";"";"43755";"GRADUAÇÃO";"Campus Santa Cruz";"Bloco I - Sala 3";"2014";"1";"2014-01-27";"2014-06-14";"6T345";"35";"40";"REGULAR";"f";"2014-06-13 03:52:42.021";"f";"";"51";"CONSOLIDADA";"";"Presencial";
"1219263";"01";"5756046";"";"";"43755";"GRADUAÇÃO";"Campus Santa Cruz";"Bloco I - Sala 3";"2014";"1";"2014-01-27";"2014-06-14";"6T345";"35";"40";"REGULAR";"f";"2014-06-13 03:52:42.021";"f";"";"51";"CONSOLIDADA";"";"Presencial";
"1219264";"01";"5755759";"";"";"43335";"GRADUAÇÃO";"Campus Central";"PAU D'ARCO (1º andar; 2ª sala)";"2014";"1";"2014-01-27";"2014-06-14";"2M2345";"7";"40";"REGULAR";"f";"2014-06-09 22:12:26.783";"f";"";"68";"CONSOLIDADA";"";"Presencial";
"1219264";"01";"15568";"";"";"43335";"GRADUAÇÃO";"Campus Central";"PAU D'ARCO (1º andar; 2ª sala)";"2014";"1";"2014-01-27";"2014-06-14";"2M2345";"7";"40";"REGULAR";"f";"2014-06-09 22:12:26.783";"f";"";"68";"CONSOLIDADA";"";"Presencial";
"1219266";"01A";"5753601";"";"";"43756";"GRADUAÇÃO";"Campus Santa Cruz";"Bloco I - Sala 13";"2014";"1";"2014-01-27";"2014-06-14";"4M456";"20";"30";"REGULAR";"f";"2014-06-10 20:48:47.179";"f";"1219265";"51";"CONSOLIDADA";"";"Presencial";
"1219267";"01";"5752475";"";"";"52177";"GRADUAÇÃO";"Campus Santa Cruz";"Bloco I - Sala 3";"2014";"1";"2014-01-27";"2014-06-14";"6T12";"41";"40";"REGULAR";"f";"2014-06-13 20:37:01.76";"f";"";"38";"CONSOLIDADA";"";"Presencial";
"1219267";"01";"5756603";"";"";"52177";"GRADUAÇÃO";"Campus Santa Cruz";"Bloco I - Sala 3";"2014";"1";"2014-01-27";"2014-06-14";"6T12";"41";"40";"REGULAR";"f";"2014-06-13 20:37:01.76";"f";"";"38";"CONSOLIDADA";"";"Presencial";
"1219267";"01";"5754552";"";"";"52177";"GRADUAÇÃO";"Campus Santa Cruz";"Bloco I - Sala 3";"2014";"1";"2014-01-27";"2014-06-14";"6T12";"41";"40";"REGULAR";"f";"2014-06-13 20:37:01.76";"f";"";"38";"CONSOLIDADA";"";"Presencial";
"1219268";"01";"2297576";"";"";"43337";"GRADUAÇÃO";"Campus Central";"CARNAÚBA (1º andar; 3ª sala)";"2014";"1";"2014-01-27";"2014-06-14";"4M1234";"54";"45";"REGULAR";"f";"2014-06-15 11:55:18.234";"f";"";"68";"CONSOLIDADA";"";"Presencial";
"1219268";"01";"5752266";"";"";"43337";"GRADUAÇÃO";"Campus Central";"CARNAÚBA (1º andar; 3ª sala)";"2014";"1";"2014-01-27";"2014-06-14";"4M1234";"54";"45";"REGULAR";"f";"2014-06-15 11:55:18.234";"f";"";"68";"CONSOLIDADA";"";"Presencial";
"1219268";"01";"5754273";"";"";"43337";"GRADUAÇÃO";"Campus Central";"CARNAÚBA (1º andar; 3ª sala)";"2014";"1";"2014-01-27";"2014-06-14";"4M1234";"54";"45";"REGULAR";"f";"2014-06-15 11:55:18.234";"f";"";"68";"CONSOLIDADA";"";"Presencial";
"1219268";"01";"22188";"";"";"43337";"GRADUAÇÃO";"Campus Central";"CARNAÚBA (1º andar; 3ª sala)";"2014";"1";"2014-01-27";"2014-06-14";"4M1234";"54";"45";"REGULAR";"f";"2014-06-15 11:55:18.234";"f";"";"68";"CONSOLIDADA";"";"Presencial";
"1219269";"02";"2297576";"";"";"43337";"GRADUAÇÃO";"Campus Central";"CARNAÚBA (1º andar; 3ª sala)";"2014";"1";"2014-01-27";"2014-06-14";"4N1234";"37";"45";"REGULAR";"f";"2014-06-15 11:57:05.928";"f";"";"68";"CONSOLIDADA";"";"Presencial";
"1219269";"02";"5752266";"";"";"43337";"GRADUAÇÃO";"Campus Central";"CARNAÚBA (1º andar; 3ª sala)";"2014";"1";"2014-01-27";"2014-06-14";"4N1234";"37";"45";"REGULAR";"f";"2014-06-15 11:57:05.928";"f";"";"68";"CONSOLIDADA";"";"Presencial";
"1219269";"02";"5754273";"";"";"43337";"GRADUAÇÃO";"Campus Central";"CARNAÚBA (1º andar; 3ª sala)";"2014";"1";"2014-01-27";"2014-06-14";"4N1234";"37";"45";"REGULAR";"f";"2014-06-15 11:57:05.928";"f";"";"68";"CONSOLIDADA";"";"Presencial";
"1219269";"02";"22188";"";"";"43337";"GRADUAÇÃO";"Campus Central";"CARNAÚBA (1º andar; 3ª sala)";"2014";"1";"2014-01-27";"2014-06-14";"4N1234";"37";"45";"REGULAR";"f";"2014-06-15 11:57:05.928";"f";"";"68";"CONSOLIDADA";"";"Presencial";
"1219270";"02";"5754273";"";"";"43336";"GRADUAÇÃO";"Campus Central";"PAU-BRASIL (1º andar - 1º sala)";"2014";"1";"2014-01-27";"2014-06-14";"6N1234";"27";"45";"REGULAR";"f";"2014-06-10 09:02:13.934";"f";"";"68";"CONSOLIDADA";"";"Presencial";
"1219270";"02";"5754329";"";"";"43336";"GRADUAÇÃO";"Campus Central";"PAU-BRASIL (1º andar - 1º sala)";"2014";"1";"2014-01-27";"2014-06-14";"6N1234";"27";"45";"REGULAR";"f";"2014-06-10 09:02:13.934";"f";"";"68";"CONSOLIDADA";"";"Presencial";
"1219270";"02";"18133";"";"";"43336";"GRADUAÇÃO";"Campus Central";"PAU-BRASIL (1º andar - 1º sala)";"2014";"1";"2014-01-27";"2014-06-14";"6N1234";"27";"45";"REGULAR";"f";"2014-06-10 09:02:13.934";"f";"";"68";"CONSOLIDADA";"";"Presencial";
"1219271";"02";"24855";"";"";"2055551";"GRADUAÇÃO";"Campus Central";"Aroeira";"2014";"1";"2014-01-27";"2014-06-14";"6M2345";"19";"20";"REGULAR";"f";"2014-06-18 15:24:51.418";"f";"";"76";"CONSOLIDADA";"";"Presencial";
"1219272";"01";"5753864";"";"";"43334";"GRADUAÇÃO";"Campus Central";"CB";"2014";"1";"2014-01-27";"2014-06-14";"6T2345";"61";"60";"REGULAR";"f";"2014-06-06 16:47:59.906";"f";"";"68";"CONSOLIDADA";"";"Presencial";
"1219273";"01";"18097";"";"";"20379";"GRADUAÇÃO";"Campus Central";"CATOLÉ (1º andar; 5º sala)";"2014";"1";"2014-01-27";"2014-06-14";"35T12";"23";"30";"REGULAR";"f";"2014-06-21 22:03:09.098";"f";"";"74";"CONSOLIDADA";"";"Presencial";
"1219274";"01";"5752266";"";"";"2055950";"GRADUAÇÃO";"Campus Central";"JUCÁ (2º andar; 5ª sala)";"2014";"1";"2014-01-27";"2014-06-14";"6T2345";"7";"10";"REGULAR";"f";"2014-06-16 07:04:05.17";"f";"";"72";"CONSOLIDADA";"";"Presencial";
"1219275";"01";"5756034";"";"";"41853";"GRADUAÇÃO";"Campus Central";"FAVELEIRA  (2º andar; 4ª sala)";"2014";"1";"2014-01-27";"2014-06-14";"3T1234";"41";"45";"REGULAR";"f";"2014-06-10 18:49:36.583";"f";"";"68";"CONSOLIDADA";"";"Presencial";
"1219275";"01";"5752265";"";"";"41853";"GRADUAÇÃO";"Campus Central";"FAVELEIRA  (2º andar; 4ª sala)";"2014";"1";"2014-01-27";"2014-06-14";"3T1234";"41";"45";"REGULAR";"f";"2014-06-10 18:49:36.583";"f";"";"68";"CONSOLIDADA";"";"Presencial";
"1219276";"02";"5752265";"";"";"41853";"GRADUAÇÃO";"Campus Central";"FAVELEIRA  (2º andar; 4ª sala)";"2014";"1";"2014-01-27";"2014-06-14";"3N1234";"28";"45";"REGULAR";"f";"2014-06-10 18:55:09.15";"f";"";"72";"CONSOLIDADA";"";"Presencial";
"1219276";"02";"5756034";"";"";"41853";"GRADUAÇÃO";"Campus Central";"FAVELEIRA  (2º andar; 4ª sala)";"2014";"1";"2014-01-27";"2014-06-14";"3N1234";"28";"45";"REGULAR";"f";"2014-06-10 18:55:09.15";"f";"";"72";"CONSOLIDADA";"";"Presencial";
"1219277";"01";"5754633";"";"";"41857";"GRADUAÇÃO";"Campus Central";"IMBURANA (2º andar; 2ª sala)";"2014";"1";"2014-01-27";"2014-06-14";"5T1234";"36";"40";"REGULAR";"f";"2014-06-13 19:27:22.504";"f";"";"68";"CONSOLIDADA";"";"Presencial";
"1219278";"02";"5754633";"";"";"41857";"GRADUAÇÃO";"Campus Central";"IMBURANA (2º andar; 2ª sala)";"2014";"1";"2014-01-27";"2014-06-14";"5N1234";"38";"40";"REGULAR";"f";"2014-06-13 19:29:54.557";"f";"";"68";"CONSOLIDADA";"";"Presencial";
"1219279";"01";"5753757";"";"";"41861";"GRADUAÇÃO";"Campus Central";"ANF. DOS RÉPTEIS ("B")";"2014";"1";"2014-01-27";"2014-06-14";"2T1234";"17";"40";"REGULAR";"f";"2014-06-11 11:31:42.399";"f";"";"68";"CONSOLIDADA";"";"Presencial";
"1219280";"02";"5753757";"";"";"41861";"GRADUAÇÃO";"Campus Central";"JUCÁ (2º andar; 5ª sala)";"2014";"1";"2014-01-27";"2014-06-14";"2N1234";"28";"40";"REGULAR";"f";"2014-06-11 11:33:57.563";"f";"";"68";"CONSOLIDADA";"";"Presencial";
"1219281";"01";"3020219";"";"";"41862";"GRADUAÇÃO";"Campus Central";"FAVELEIRA  (2º andar; 4ª sala)";"2014";"1";"2014-01-27";"2014-06-14";"4T1234";"20";"40";"REGULAR";"f";"2014-06-13 10:47:55.268";"f";"";"68";"CONSOLIDADA";"";"Presencial";
"1219282";"02";"3020219";"";"";"41862";"GRADUAÇÃO";"Campus Central";"JUCÁ (2º andar; 5ª sala)";"2014";"1";"2014-01-27";"2014-06-14";"4N1234";"30";"40";"REGULAR";"f";"2014-06-13 10:53:19.122";"f";"";"68";"CONSOLIDADA";"";"Presencial";
"1219283";"01";"5753621";"";"";"41863";"GRADUAÇÃO";"Campus Central";"JUCÁ (2º andar; 5ª sala)";"2014";"1";"2014-01-27";"2014-06-14";"3T1234";"29";"40";"REGULAR";"f";"2014-06-12 12:19:35.131";"f";"";"76";"CONSOLIDADA";"";"Presencial";
"1219284";"02";"5753621";"";"";"41863";"GRADUAÇÃO";"Campus Central";"JUCÁ (2º andar; 5ª sala)";"2014";"1";"2014-01-27";"2014-06-14";"5N1234";"32";"40";"REGULAR";"f";"2014-06-12 12:18:56.217";"f";"";"72";"CONSOLIDADA";"";"Presencial";
"1219285";"01";"5756034";"";"";"41866";"GRADUAÇÃO";"Campus Central";"FAVELEIRA ( (2º andar; 4ª sala))";"2014";"1";"2014-01-27";"2014-06-14";"2T1234";"20";"40";"REGULAR";"f";"2014-06-10 18:34:16.85";"f";"";"68";"CONSOLIDADA";"";"Presencial";
"1219286";"02";"5756034";"";"";"41866";"GRADUAÇÃO";"Campus Central";"AROEIRA (2º andar; 1ª sala)";"2014";"1";"2014-01-27";"2014-06-14";"2N1234";"21";"40";"REGULAR";"f";"2014-06-10 18:31:16.608";"f";"";"68";"CONSOLIDADA";"";"Presencial";
"1219287";"01";"25120";"";"";"41867";"GRADUAÇÃO";"Campus Central";"IMBURANA (2º andar; 2ª sala)";"2014";"1";"2014-01-27";"2014-06-14";"4T1234";"18";"40";"REGULAR";"f";"2014-06-09 15:21:13.105";"f";"";"68";"CONSOLIDADA";"";"Presencial";
"1219288";"02";"5753864";"";"";"41867";"GRADUAÇÃO";"Campus Central";"AROEIRA (2º andar; 1ª sala)";"2014";"1";"2014-01-27";"2014-06-14";"4N1234";"24";"40";"REGULAR";"f";"2014-06-06 20:20:32.614";"f";"";"68";"CONSOLIDADA";"";"Presencial";
"1219289";"01";"2297576";"";"";"42888";"GRADUAÇÃO";"Campus Central";"LAB. DIDÁTICO II - DBEZ";"2014";"1";"2014-01-27";"2014-06-14";"5M1234";"12";"15";"REGULAR";"f";"2014-06-13 17:12:50.388";"f";"";"68";"CONSOLIDADA";"";"Presencial";
"1219290";"01";"25442";"";"";"43331";"GRADUAÇÃO";"Campus Central";"PAU D'ARCO (1º andar; 2ª sala)";"2014";"1";"2014-01-27";"2014-06-14";"6M2345";"23";"45";"REGULAR";"f";"2014-06-16 11:18:53.755";"f";"";"72";"CONSOLIDADA";"";"Presencial";
"1219290";"01";"5753054";"";"";"43331";"GRADUAÇÃO";"Campus Central";"PAU D'ARCO (1º andar; 2ª sala)";"2014";"1";"2014-01-27";"2014-06-14";"6M2345";"23";"45";"REGULAR";"f";"2014-06-16 11:18:53.755";"f";"";"72";"CONSOLIDADA";"";"Presencial";
"1219290";"01";"5752693";"";"";"43331";"GRADUAÇÃO";"Campus Central";"PAU D'ARCO (1º andar; 2ª sala)";"2014";"1";"2014-01-27";"2014-06-14";"6M2345";"23";"45";"REGULAR";"f";"2014-06-16 11:18:53.755";"f";"";"72";"CONSOLIDADA";"";"Presencial";
"1219291";"02";"5752693";"";"";"43331";"GRADUAÇÃO";"Campus Central";"PAU D'ARCO (1º andar; 2ª sala)";"2014";"1";"2014-01-27";"2014-06-14";"6N1234";"29";"43";"REGULAR";"f";"2014-06-16 11:20:36.459";"f";"";"68";"CONSOLIDADA";"";"Presencial";
"1219291";"02";"25442";"";"";"43331";"GRADUAÇÃO";"Campus Central";"PAU D'ARCO (1º andar; 2ª sala)";"2014";"1";"2014-01-27";"2014-06-14";"6N1234";"29";"43";"REGULAR";"f";"2014-06-16 11:20:36.459";"f";"";"68";"CONSOLIDADA";"";"Presencial";
"1219291";"02";"5753054";"";"";"43331";"GRADUAÇÃO";"Campus Central";"PAU D'ARCO (1º andar; 2ª sala)";"2014";"1";"2014-01-27";"2014-06-14";"6N1234";"29";"43";"REGULAR";"f";"2014-06-16 11:20:36.459";"f";"";"68";"CONSOLIDADA";"";"Presencial";
"1219292";"01";"5753757";"";"";"44359";"GRADUAÇÃO";"Campus Central";"FAVELEIRA (2º andar; 4ª sala)";"2014";"1";"2014-01-27";"2014-06-14";"5T1234";"7";"25";"REGULAR";"f";"2014-06-11 11:37:41.167";"f";"";"68";"CONSOLIDADA";"";"Presencial";
"1219293";"02";"5753757";"";"";"44359";"GRADUAÇÃO";"Campus Central";"FAVELEIRA (2º andar; 4ª sala)";"2014";"1";"2014-01-27";"2014-06-14";"5N1234";"14";"25";"REGULAR";"f";"2014-06-11 11:42:55.683";"f";"";"68";"CONSOLIDADA";"";"Presencial";
"1219294";"01";"5753054";"";"";"44360";"GRADUAÇÃO";"Campus Central";"FAVELEIRA  (2º andar; 4ª sala)";"2014";"1";"2014-01-27";"2014-06-14";"6T1234";"39";"45";"REGULAR";"f";"2014-06-20 11:58:22.72";"f";"";"72";"CONSOLIDADA";"";"Presencial";
"1219294";"01";"24923";"";"";"44360";"GRADUAÇÃO";"Campus Central";"FAVELEIRA  (2º andar; 4ª sala)";"2014";"1";"2014-01-27";"2014-06-14";"6T1234";"39";"45";"REGULAR";"f";"2014-06-20 11:58:22.72";"f";"";"72";"CONSOLIDADA";"";"Presencial";
"1219295";"02";"24923";"";"";"44360";"GRADUAÇÃO";"Campus Central";"JUCÁ (2º andar; 5ª sala)";"2014";"1";"2014-01-27";"2014-06-14";"6N1234";"21";"40";"REGULAR";"f";"2014-06-20 12:29:20.359";"f";"";"72";"CONSOLIDADA";"";"Presencial";
"1219295";"02";"5753054";"";"";"44360";"GRADUAÇÃO";"Campus Central";"JUCÁ (2º andar; 5ª sala)";"2014";"1";"2014-01-27";"2014-06-14";"6N1234";"21";"40";"REGULAR";"f";"2014-06-20 12:29:20.359";"f";"";"72";"CONSOLIDADA";"";"Presencial";
"1219296";"01";"5752693";"";"";"26185";"GRADUAÇÃO";"Campus Central";"IMBURANA (2º andar; 2ª sala)";"2014";"1";"2014-01-27";"2014-06-14";"3T1234";"35";"43";"REGULAR";"f";"2014-06-16 11:28:44.576";"f";"";"72";"CONSOLIDADA";"";"Presencial";
"1219296";"01";"5752701";"";"";"26185";"GRADUAÇÃO";"Campus Central";"IMBURANA (2º andar; 2ª sala)";"2014";"1";"2014-01-27";"2014-06-14";"3T1234";"35";"43";"REGULAR";"f";"2014-06-16 11:28:44.576";"f";"";"72";"CONSOLIDADA";"";"Presencial";
"1219297";"02";"5752701";"";"";"26185";"GRADUAÇÃO";"Campus Central";"IMBURANA (2º andar; 2ª sala)";"2014";"1";"2014-01-27";"2014-06-14";"3N1234";"49";"43";"REGULAR";"f";"2014-06-16 11:31:09.449";"f";"";"72";"CONSOLIDADA";"";"Presencial";
"1219297";"02";"5752693";"";"";"26185";"GRADUAÇÃO";"Campus Central";"IMBURANA (2º andar; 2ª sala)";"2014";"1";"2014-01-27";"2014-06-14";"3N1234";"49";"43";"REGULAR";"f";"2014-06-16 11:31:09.449";"f";"";"72";"CONSOLIDADA";"";"Presencial";
"1219298";"01";"21615";"";"";"25711";"GRADUAÇÃO";"Campus Central";"CATOLÉ (1º andar; 5º sala)";"2014";"1";"2014-01-27";"2014-06-14";"6T1234";"30";"40";"REGULAR";"f";"2014-06-17 13:02:22.675";"f";"";"72";"CONSOLIDADA";"";"Presencial";
"1219299";"02";"21615";"";"";"25711";"GRADUAÇÃO";"Campus Central";"AROEIRA (2º andar; 1ª sala)";"2014";"1";"2014-01-27";"2014-06-14";"6N1234";"32";"40";"REGULAR";"f";"2014-06-18 00:31:19.985";"f";"";"72";"CONSOLIDADA";"";"Presencial";
"1219300";"01";"19162";"";"";"47094";"GRADUAÇÃO";"Campus Central";"MCC";"2014";"1";"2014-01-27";"2014-06-14";"6T3456";"24";"35";"REGULAR";"f";"2014-06-19 22:39:20.317";"f";"";"72";"CONSOLIDADA";"";"Presencial";
"1219301";"02";"19061";"";"";"47094";"GRADUAÇÃO";"Campus Central";"MCC";"2014";"1";"2014-01-27";"2014-06-14";"2N1234";"13";"35";"REGULAR";"f";"2014-06-11 14:15:03.51";"f";"";"68";"CONSOLIDADA";"";"Presencial";
"1219302";"01";"5754273";"";"";"43338";"GRADUAÇÃO";"Campus Central";"PAU D'ARCO (1º andar; 2ª sala)";"2014";"1";"2014-01-27";"2014-06-14";"3M56";"19";"45";"REGULAR";"f";"2014-06-20 19:20:33.503";"f";"";"36";"CONSOLIDADA";"";"Presencial";
"1219302";"01";"5756209";"";"";"43338";"GRADUAÇÃO";"Campus Central";"PAU D'ARCO (1º andar; 2ª sala)";"2014";"1";"2014-01-27";"2014-06-14";"3M56";"19";"45";"REGULAR";"f";"2014-06-20 19:20:33.503";"f";"";"36";"CONSOLIDADA";"";"Presencial";
"1219303";"02";"5754273";"";"";"43338";"GRADUAÇÃO";"Campus Central";"PAU D'ARCO (1º andar; 2ª sala)";"2014";"1";"2014-01-27";"2014-06-14";"3N12";"16";"45";"REGULAR";"f";"2014-06-15 11:46:58.481";"f";"";"38";"CONSOLIDADA";"";"Presencial";
"1219303";"02";"5753766";"";"";"43338";"GRADUAÇÃO";"Campus Central";"PAU D'ARCO (1º andar; 2ª sala)";"2014";"1";"2014-01-27";"2014-06-14";"3N12";"16";"45";"REGULAR";"f";"2014-06-15 11:46:58.481";"f";"";"38";"CONSOLIDADA";"";"Presencial";
"1219304";"02";"5755759";"";"";"43335";"GRADUAÇÃO";"Campus Central";"PAU D'ARCO (1º andar; 2ª sala)";"2014";"1";"2014-01-27";"2014-06-14";"2N1234";"15";"48";"REGULAR";"f";"2014-06-10 01:39:47.289";"f";"";"68";"CONSOLIDADA";"";"Presencial";
"1219304";"02";"15568";"";"";"43335";"GRADUAÇÃO";"Campus Central";"PAU D'ARCO (1º andar; 2ª sala)";"2014";"1";"2014-01-27";"2014-06-14";"2N1234";"15";"48";"REGULAR";"f";"2014-06-10 01:39:47.289";"f";"";"68";"CONSOLIDADA";"";"Presencial";
"1219305";"02";"5752266";"";"";"41855";"GRADUAÇÃO";"Campus Central";"UMBUZEIRO  (Térreo; 4ª sala)";"2014";"1";"2014-01-27";"2014-06-14";"7M23  6T34";"34";"45";"REGULAR";"f";"2014-06-14 15:56:13.623";"f";"";"74";"CONSOLIDADA";"";"Presencial";
"1219305";"02";"25120";"";"";"41855";"GRADUAÇÃO";"Campus Central";"UMBUZEIRO  (Térreo; 4ª sala)";"2014";"1";"2014-01-27";"2014-06-14";"7M23  6T34";"34";"45";"REGULAR";"f";"2014-06-14 15:56:13.623";"f";"";"74";"CONSOLIDADA";"";"Presencial";
"1219305";"02";"5755759";"";"";"41855";"GRADUAÇÃO";"Campus Central";"UMBUZEIRO  (Térreo; 4ª sala)";"2014";"1";"2014-01-27";"2014-06-14";"7M23  6T34";"34";"45";"REGULAR";"f";"2014-06-14 15:56:13.623";"f";"";"74";"CONSOLIDADA";"";"Presencial";
"1219306";"01";"5756034";"";"";"43333";"GRADUAÇÃO";"Campus Central";"MULUNGÚ (1º andar; 4ª sala)";"2014";"1";"2014-01-27";"2014-06-14";"6N1234";"11";"35";"REGULAR";"f";"2014-06-10 01:42:43.638";"f";"";"72";"CONSOLIDADA";"";"Presencial";
"1219306";"01";"5755759";"";"";"43333";"GRADUAÇÃO";"Campus Central";"MULUNGÚ (1º andar; 4ª sala)";"2014";"1";"2014-01-27";"2014-06-14";"6N1234";"11";"35";"REGULAR";"f";"2014-06-10 01:42:43.638";"f";"";"72";"CONSOLIDADA";"";"Presencial";
"1219307";"02";"5755759";"";"";"43333";"GRADUAÇÃO";"Campus Central";"IMBURANA (2º andar; 2ª sala)";"2014";"1";"2014-01-27";"2014-06-14";"6M1234";"27";"35";"REGULAR";"f";"2014-06-13 18:12:39.728";"f";"";"72";"CONSOLIDADA";"";"Presencial";
"1219307";"02";"5756034";"";"";"43333";"GRADUAÇÃO";"Campus Central";"IMBURANA (2º andar; 2ª sala)";"2014";"1";"2014-01-27";"2014-06-14";"6M1234";"27";"35";"REGULAR";"f";"2014-06-13 18:12:39.728";"f";"";"72";"CONSOLIDADA";"";"Presencial";
"1219308";"01";"19576";"";"";"25562";"GRADUAÇÃO";"Campus Central";"Lab. Experimental I - Dpto. de Física";"2014";"1";"2014-01-27";"2014-06-14";"5M456";"36";"20";"REGULAR";"f";"2014-06-17 12:22:08.9";"f";"";"51";"CONSOLIDADA";"";"Presencial";
"1219308";"01";"16939";"";"";"25562";"GRADUAÇÃO";"Campus Central";"Lab. Experimental I - Dpto. de Física";"2014";"1";"2014-01-27";"2014-06-14";"5M456";"36";"20";"REGULAR";"f";"2014-06-17 12:22:08.9";"f";"";"51";"CONSOLIDADA";"";"Presencial";
"1219309";"02";"5755773";"";"";"25562";"GRADUAÇÃO";"Campus Central";"Lab. Experimental I - Dpto. de Física";"2014";"1";"2014-01-27";"2014-06-14";"5N123";"28";"20";"REGULAR";"f";"2014-06-18 14:24:28.741";"f";"";"54";"CONSOLIDADA";"";"Presencial";
"1219310";"03";"5751879";"";"";"25562";"GRADUAÇÃO";"Campus Central";"Lab. Experimental I - Dpto. de Física";"2014";"1";"2014-01-27";"2014-06-14";"4T456";"23";"20";"REGULAR";"f";"2014-06-13 14:38:48.925";"f";"";"54";"CONSOLIDADA";"";"Presencial";
"1219311";"04";"5755773";"";"";"25562";"GRADUAÇÃO";"Campus Central";"Lab. Experimental I - Dpto. de Física";"2014";"1";"2014-01-27";"2014-06-14";"6N123";"16";"24";"REGULAR";"f";"2014-06-18 15:05:33.018";"f";"";"57";"CONSOLIDADA";"";"Presencial";
"1219312";"05";"5756204";"";"";"25562";"GRADUAÇÃO";"Campus Central";"Lab. Experimental I - Dpto. de Física";"2014";"1";"2014-01-27";"2014-06-14";"2T123";"19";"20";"REGULAR";"f";"2014-06-16 13:17:56.975";"f";"";"51";"CONSOLIDADA";"";"Presencial";
"1219313";"06";"19576";"";"";"25562";"GRADUAÇÃO";"Campus Central";"Lab. Experimental I - Dpto. de Física";"2014";"1";"2014-01-27";"2014-06-14";"4T123";"19";"20";"REGULAR";"f";"2014-06-17 12:22:50.192";"f";"";"51";"CONSOLIDADA";"";"Presencial";
"1219314";"07";"16939";"";"";"25562";"GRADUAÇÃO";"Campus Central";"Lab. Experimental I - Dpto. de Física";"2014";"1";"2014-01-27";"2014-06-14";"3M456";"19";"21";"REGULAR";"f";"2014-06-17 14:09:52.496";"f";"";"54";"CONSOLIDADA";"";"Presencial";
"1219315";"08";"5754285";"";"";"25562";"GRADUAÇÃO";"Campus Central";"Lab. Experimental I - Dpto. de Física";"2014";"1";"2014-01-27";"2014-06-14";"3M123";"17";"20";"REGULAR";"f";"2014-06-03 09:18:34.138";"f";"";"51";"CONSOLIDADA";"";"Presencial";
"1219316";"09";"5754285";"";"";"25562";"GRADUAÇÃO";"Campus Central";"Lab. Experimental I - Dpto. de Física";"2014";"1";"2014-01-27";"2014-06-14";"6T123";"24";"24";"REGULAR";"f";"2014-06-06 14:21:47.234";"f";"";"51";"CONSOLIDADA";"";"Presencial";
"1219317";"10";"5755773";"";"";"25562";"GRADUAÇÃO";"Campus Central";"Lab. Experimental I - Dpto. de Física";"2014";"1";"2014-01-27";"2014-06-14";"3N123";"21";"20";"REGULAR";"f";"2014-06-20 09:51:00.424";"f";"";"54";"CONSOLIDADA";"";"Presencial";
"1219318";"01";"17606";"";"";"22918";"GRADUAÇÃO";"Campus Central";"Lab. Experimental I - Dpto. de Física";"2014";"1";"2014-01-27";"2014-06-14";"3T456";"6";"15";"REGULAR";"f";"2014-06-09 12:05:37.878";"f";"";"51";"CONSOLIDADA";"";"Presencial";
"1219319";"02";"5754285";"";"";"22918";"GRADUAÇÃO";"Campus Central";"Lab. Experimental II - Dpto. de Física";"2014";"1";"2014-01-27";"2014-06-14";"6N123";"20";"20";"REGULAR";"f";"2014-06-06 14:16:35.061";"f";"";"51";"CONSOLIDADA";"";"Presencial";
"1219320";"03";"19576";"";"";"22918";"GRADUAÇÃO";"Campus Central";"Lab. Experimental II - Dpto. de Física";"2014";"1";"2014-01-27";"2014-06-14";"6T456";"6";"20";"REGULAR";"f";"2014-06-17 12:23:28.168";"f";"";"54";"CONSOLIDADA";"";"Presencial";
"1219321";"04";"19180";"";"";"22918";"GRADUAÇÃO";"Campus Central";"Lab. Experimental II - Dpto. de Física";"2014";"1";"2014-01-27";"2014-06-14";"4T456";"15";"20";"REGULAR";"f";"2014-06-10 05:11:28.654";"f";"";"54";"CONSOLIDADA";"";"Presencial";
"1219322";"05";"5755427";"";"";"22918";"GRADUAÇÃO";"Campus Central";"Lab. Experimental II - Dpto. de Física";"2014";"1";"2014-01-27";"2014-06-14";"5T123";"16";"20";"REGULAR";"f";"2014-06-16 10:58:36.161";"f";"";"51";"CONSOLIDADA";"";"Presencial";
"1219323";"06";"19180";"";"";"22918";"GRADUAÇÃO";"Campus Central";"Lab. Experimental II - Dpto. de Física";"2014";"1";"2014-01-27";"2014-06-14";"6M456";"30";"20";"REGULAR";"f";"2014-06-09 12:29:43.157";"f";"";"54";"CONSOLIDADA";"";"Presencial";
"1219324";"07";"19180";"";"";"22918";"GRADUAÇÃO";"Campus Central";"Lab. Experimental II - Dpto. de Física";"2014";"1";"2014-01-27";"2014-06-14";"6T123";"18";"20";"REGULAR";"f";"2014-06-09 08:06:56.447";"f";"";"54";"CONSOLIDADA";"";"Presencial";
"1219325";"08";"19180";"";"";"22918";"GRADUAÇÃO";"Campus Central";"Lab. Experimental II - Dpto. de Física";"2014";"1";"2014-01-27";"2014-06-14";"4T123";"10";"20";"REGULAR";"f";"2014-06-10 05:08:04.745";"f";"";"54";"CONSOLIDADA";"";"Presencial";
"1219326";"09";"17606";"";"";"22918";"GRADUAÇÃO";"Campus Central";"Lab. Experimental II - Dpto. de Física";"2014";"1";"2014-01-27";"2014-06-14";"2T456";"15";"20";"REGULAR";"f";"2014-06-09 12:09:39.453";"f";"";"51";"CONSOLIDADA";"";"Presencial";
"1219327";"01";"5755039";"";"";"24227";"GRADUAÇÃO";"Campus Central";"4C2";"2014";"1";"2014-01-27";"2014-06-14";"35M34";"16";"20";"REGULAR";"f";"2014-06-12 22:26:47.987";"f";"";"74";"CONSOLIDADA";"";"Presencial";
"1219328";"01";"5756619";"";"";"54963";"GRADUAÇÃO";"Campus Santa Cruz";"Bloco I - Sala 3";"2014";"1";"2014-01-27";"2014-03-10";"2T234 (27/01/2014 - 10/03/2014)";"10";"49";"REGULAR";"f";"2014-06-13 16:52:50.047";"f";"";"18";"CONSOLIDADA";"";"Presencial";
"1219328";"01";"5755767";"";"";"54963";"GRADUAÇÃO";"Campus Santa Cruz";"Bloco I - Sala 3";"2014";"1";"2014-01-27";"2014-03-10";"2T234 (27/01/2014 - 10/03/2014)";"10";"49";"REGULAR";"f";"2014-06-13 16:52:50.047";"f";"";"18";"CONSOLIDADA";"";"Presencial";
"1219329";"01";"5756619";"";"";"54964";"GRADUAÇÃO";"Campus Santa Cruz";"Laboratório de Informática";"2014";"1";"2014-03-17";"2014-06-09";"2T123 (17/03/2014 - 09/06/2014)";"5";"26";"REGULAR";"f";"2014-06-13 16:40:30.435";"f";"";"36";"CONSOLIDADA";"";"Presencial";
"1219329";"01";"5755767";"";"";"54964";"GRADUAÇÃO";"Campus Santa Cruz";"Laboratório de Informática";"2014";"1";"2014-03-17";"2014-06-09";"2T123 (17/03/2014 - 09/06/2014)";"5";"26";"REGULAR";"f";"2014-06-13 16:40:30.435";"f";"";"36";"CONSOLIDADA";"";"Presencial";
"1219330";"02";"5755767";"";"";"54964";"GRADUAÇÃO";"Campus Santa Cruz";"Laboratório de Informática";"2014";"1";"2014-03-17";"2014-06-09";"2T456 (17/03/2014 - 09/06/2014)";"5";"24";"REGULAR";"f";"2014-06-16 17:44:11.95";"f";"";"36";"CONSOLIDADA";"";"Presencial";
"1219330";"02";"5756619";"";"";"54964";"GRADUAÇÃO";"Campus Santa Cruz";"Laboratório de Informática";"2014";"1";"2014-03-17";"2014-06-09";"2T456 (17/03/2014 - 09/06/2014)";"5";"24";"REGULAR";"f";"2014-06-16 17:44:11.95";"f";"";"36";"CONSOLIDADA";"";"Presencial";
"1219331";"01";"5752475";"";"";"54966";"GRADUAÇÃO";"Campus Santa Cruz";"Bloco I - Sala 4";"2014";"1";"2014-01-31";"2014-03-28";"6M2345 (31/01/2014 - 28/03/2014)";"37";"40";"REGULAR";"f";"2014-06-13 16:14:12.765";"f";"";"36";"CONSOLIDADA";"";"Presencial";
"1219331";"01";"5755767";"";"";"54966";"GRADUAÇÃO";"Campus Santa Cruz";"Bloco I - Sala 4";"2014";"1";"2014-01-31";"2014-03-28";"6M2345 (31/01/2014 - 28/03/2014)";"37";"40";"REGULAR";"f";"2014-06-13 16:14:12.765";"f";"";"36";"CONSOLIDADA";"";"Presencial";
"1219332";"14";"5753094";"";"";"47438";"GRADUAÇÃO";"";"CAICÓ/RN";"2014";"1";"2014-01-27";"2014-06-14";"";"33";"";"REGULAR";"t";"2014-06-19 13:34:52.465";"f";"";"0";"CONSOLIDADA";"";"A Distância";
"1219333";"02";"5753094";"";"";"47438";"GRADUAÇÃO";"";"CURRIAS NOVOS/RN";"2014";"1";"2014-01-27";"2014-06-14";"";"36";"";"REGULAR";"t";"2014-06-19 13:33:52.442";"f";"";"0";"CONSOLIDADA";"";"A Distância";
"1219334";"22";"5753094";"";"";"47438";"GRADUAÇÃO";"";"GUAMARÉ/RN";"2014";"1";"2014-01-27";"2014-06-14";"";"30";"";"REGULAR";"t";"2014-06-19 13:32:27.517";"f";"";"0";"CONSOLIDADA";"";"A Distância";
"1219335";"01";"5753094";"";"";"47438";"GRADUAÇÃO";"";"MACAU/RN";"2014";"1";"2014-01-27";"2014-06-14";"";"33";"";"REGULAR";"t";"2014-06-19 13:33:13.54";"f";"";"0";"CONSOLIDADA";"";"A Distância";
"1219336";"03";"5753094";"";"";"47438";"GRADUAÇÃO";"";"NOVA CRUZ/RN";"2014";"1";"2014-01-27";"2014-06-14";"";"48";"";"REGULAR";"t";"2014-06-26 11:11:22.433";"f";"";"0";"CONSOLIDADA";"";"A Distância";
"1219337";"01";"5756443";"";"";"54967";"GRADUAÇÃO";"Campus Santa Cruz";"Laboratório Multidisciplinar";"2014";"1";"2014-04-08";"2014-04-28";"36M123456 (08/04/2014 - 28/04/2014)";"19";"14";"REGULAR";"f";"2014-06-11 11:05:02.102";"f";"";"36";"CONSOLIDADA";"";"Presencial";
"1219338";"23";"18182";"";"";"47438";"GRADUAÇÃO";"";"CARAÚBAS/RN";"2014";"1";"2014-01-27";"2014-06-14";"";"29";"";"REGULAR";"t";"2014-06-14 12:56:57.823";"f";"";"0";"CONSOLIDADA";"";"A Distância";
"1219339";"20";"18182";"";"";"47438";"GRADUAÇÃO";"";"GROSSOS/RN";"2014";"1";"2014-01-27";"2014-06-14";"";"36";"";"REGULAR";"t";"2014-06-14 12:59:27.368";"f";"";"0";"CONSOLIDADA";"";"A Distância";
"1219340";"12";"18182";"";"";"47438";"GRADUAÇÃO";"";"LUÍS GOMES/RN";"2014";"1";"2014-01-27";"2014-06-14";"";"31";"";"REGULAR";"t";"2014-06-14 13:02:42.565";"f";"";"0";"CONSOLIDADA";"";"A Distância";
"1219341";"16";"18182";"";"";"47438";"GRADUAÇÃO";"";"MARCELINO VIEIRA/RN";"2014";"1";"2014-01-27";"2014-06-14";"";"39";"";"REGULAR";"t";"2014-06-14 13:16:56.47";"f";"";"0";"CONSOLIDADA";"";"A Distância";
"1219342";"13";"18182";"";"";"47438";"GRADUAÇÃO";"";"MARTINS/RN";"2014";"1";"2014-01-27";"2014-06-14";"";"41";"";"REGULAR";"t";"2014-06-14 13:14:41.71";"f";"";"0";"CONSOLIDADA";"";"A Distância";
"1219343";"02";"5756443";"";"";"54967";"GRADUAÇÃO";"Campus Santa Cruz";"Laboratório Multidisciplinar";"2014";"1";"2014-05-02";"2014-05-20";"36M123456 (02/05/2014 - 20/05/2014)";"11";"13";"REGULAR";"f";"2014-06-13 17:31:02.746";"f";"";"36";"CONSOLIDADA";"";"Presencial";
"1219343";"02";"5756619";"";"";"54967";"GRADUAÇÃO";"Campus Santa Cruz";"Laboratório Multidisciplinar";"2014";"1";"2014-05-02";"2014-05-20";"36M123456 (02/05/2014 - 20/05/2014)";"11";"13";"REGULAR";"f";"2014-06-13 17:31:02.746";"f";"";"36";"CONSOLIDADA";"";"Presencial";
"1219344";"03";"5756619";"";"";"54967";"GRADUAÇÃO";"Campus Santa Cruz";"Laboratório de Informática";"2014";"1";"2014-05-25";"2014-06-10";"36M123456 (25/05/2014 - 10/06/2014)";"7";"13";"REGULAR";"f";"2014-06-18 11:08:03.728";"f";"";"36";"CONSOLIDADA";"";"Presencial";
"1219355";"23A";"22129";"";"";"46630";"GRADUAÇÃO";"";"CARAÚBAS/RN";"2014";"1";"2014-01-27";"2014-06-14";"";"";"";"REGULAR";"t";"";"f";"";"";"EXCLUÍDA";"";"A Distância";
"1219359";"12B";"22129";"";"";"46630";"GRADUAÇÃO";"";"LUÍS GOMES/RN";"2014";"1";"2014-01-27";"2014-06-14";"";"";"";"REGULAR";"t";"";"f";"";"";"EXCLUÍDA";"";"A Distância";
"1219361";"16A";"22129";"";"";"46630";"GRADUAÇÃO";"";"MARCELINO VIEIRA/RN";"2014";"1";"2014-01-27";"2014-06-14";"";"";"";"REGULAR";"t";"";"f";"";"";"EXCLUÍDA";"";"A Distância";
"1219362";"13B";"22129";"";"";"46630";"GRADUAÇÃO";"";"MARTINS/RN";"2014";"1";"2014-01-27";"2014-06-14";"";"";"";"REGULAR";"t";"";"f";"";"";"EXCLUÍDA";"";"A Distância";
"1219363";"03B";"22129";"";"";"46630";"GRADUAÇÃO";"";"NOVA CRUZ/RN";"2014";"1";"2014-01-27";"2014-06-14";"";"";"";"REGULAR";"t";"";"f";"";"";"EXCLUÍDA";"";"A Distância";
"1219364";"14A";"5752677";"";"";"46529";"GRADUAÇÃO";"";"CAICÓ/RN";"2014";"1";"2014-01-27";"2014-06-14";"";"34";"";"REGULAR";"t";"2014-06-11 11:20:09.924";"f";"";"0";"CONSOLIDADA";"";"A Distância";
"1219365";"02A";"5752677";"";"";"46529";"GRADUAÇÃO";"";"CURRIAS NOVOS/RN";"2014";"1";"2014-01-27";"2014-06-14";"";"38";"";"REGULAR";"t";"2014-06-11 11:06:56.037";"f";"";"0";"CONSOLIDADA";"";"A Distância";
"1219366";"22";"5752677";"";"";"46529";"GRADUAÇÃO";"";"GUAMARÉ/RN";"2014";"1";"2014-01-27";"2014-06-14";"";"30";"";"REGULAR";"t";"2014-06-11 11:26:23.229";"f";"";"0";"CONSOLIDADA";"";"A Distância";
"1219367";"01A";"5752677";"";"";"46529";"GRADUAÇÃO";"";"MACAU/RN";"2014";"1";"2014-01-27";"2014-06-14";"";"34";"";"REGULAR";"t";"2014-06-11 10:58:45.222";"f";"";"0";"CONSOLIDADA";"";"A Distância";
"1219368";"03A";"5752677";"";"";"46529";"GRADUAÇÃO";"";"NOVA CRUZ/RN";"2014";"1";"2014-01-27";"2014-06-14";"";"48";"";"REGULAR";"t";"2014-06-11 11:17:43.797";"f";"";"0";"CONSOLIDADA";"";"A Distância";
"1219369";"01";"5756299";"";"";"54969";"GRADUAÇÃO";"Campus Santa Cruz";"Bloco I - Sala 4";"2014";"1";"2014-01-28";"2014-05-27";"3T23 (28/01/2014 - 27/05/2014)";"22";"32";"REGULAR";"f";"2014-06-13 03:36:20.216";"f";"";"34";"CONSOLIDADA";"";"Presencial";
"1219370";"23A";"5752251";"";"";"46529";"GRADUAÇÃO";"";"CARAÚBAS/RN";"2014";"1";"2014-01-27";"2014-06-14";"";"29";"";"REGULAR";"t";"2014-06-21 10:03:56.347";"f";"";"0";"CONSOLIDADA";"";"A Distância";
"1219371";"20A";"5752251";"";"";"46529";"GRADUAÇÃO";"";"GROSSOS/RN";"2014";"1";"2014-01-27";"2014-06-14";"";"36";"";"REGULAR";"t";"2014-06-21 10:06:46.766";"f";"";"0";"CONSOLIDADA";"";"A Distância";
"1219372";"12A";"5752251";"";"";"46529";"GRADUAÇÃO";"";"LUÍS GOMES/RN";"2014";"1";"2014-01-27";"2014-06-14";"";"32";"";"REGULAR";"t";"2014-06-21 09:55:39.641";"f";"";"0";"CONSOLIDADA";"";"A Distância";
"1219373";"16A";"5752251";"";"";"46529";"GRADUAÇÃO";"";"MARCELINO VIEIRA/RN";"2014";"1";"2014-01-27";"2014-06-14";"";"39";"";"REGULAR";"t";"2014-06-21 10:01:47.957";"f";"";"0";"CONSOLIDADA";"";"A Distância";
"1219374";"13A";"5752251";"";"";"46529";"GRADUAÇÃO";"";"MARTINS/RN";"2014";"1";"2014-01-27";"2014-06-14";"";"42";"";"REGULAR";"t";"2014-06-21 09:59:00.601";"f";"";"0";"CONSOLIDADA";"";"A Distância";
"1219375";"01";"5756299";"";"";"54970";"GRADUAÇÃO";"Campus Santa Cruz";"Bloco I - Sala 4";"2014";"1";"2014-04-02";"2014-05-28";"4T12 (02/04/2014 - 28/05/2014)";"8";"8";"REGULAR";"f";"2014-06-13 03:37:43.139";"f";"";"18";"CONSOLIDADA";"";"Presencial";
"1219386";"02";"5756299";"";"";"54970";"GRADUAÇÃO";"Campus Santa Cruz";"Bloco I - Sala 4";"2014";"1";"2014-04-02";"2014-05-28";"4T34 (02/04/2014 - 28/05/2014)";"";"8";"REGULAR";"f";"";"f";"";"";"EXCLUÍDA";"";"Presencial";
"1219387";"03";"5756299";"";"";"54970";"GRADUAÇÃO";"Campus Santa Cruz";"Bloco I - Sala 4";"2014";"1";"2014-04-02";"2014-05-28";"4T56 (02/04/2014 - 28/05/2014)";"4";"8";"REGULAR";"f";"2014-06-13 03:39:50.037";"f";"";"18";"CONSOLIDADA";"";"Presencial";
"1219388";"04";"5756299";"";"";"54970";"GRADUAÇÃO";"Campus Santa Cruz";"Bloco I - Sala 4";"2014";"1";"2014-04-03";"2014-05-29";"5T56 (03/04/2014 - 29/05/2014)";"10";"8";"REGULAR";"f";"2014-06-13 03:48:42.121";"f";"";"18";"CONSOLIDADA";"";"Presencial";
"1219389";"14";"19175";"";"";"47470";"GRADUAÇÃO";"";"CAICÓ/RN";"2014";"1";"2014-01-27";"2014-06-14";"";"33";"";"REGULAR";"t";"2014-07-02 17:11:52.87";"f";"";"0";"CONSOLIDADA";"";"A Distância";
"1219390";"23";"19175";"";"";"47470";"GRADUAÇÃO";"";"CARAÚBAS/RN";"2014";"1";"2014-01-27";"2014-06-14";"";"29";"";"REGULAR";"t";"2014-07-02 17:18:54.652";"f";"";"0";"CONSOLIDADA";"";"A Distância";
"1219391";"02";"19175";"";"";"47470";"GRADUAÇÃO";"";"CURRIAS NOVOS/RN";"2014";"1";"2014-01-27";"2014-06-14";"";"38";"";"REGULAR";"t";"2014-07-02 17:08:29.112";"f";"";"0";"CONSOLIDADA";"";"A Distância";
"1219392";"20";"19175";"";"";"47470";"GRADUAÇÃO";"";"GROSSOS/RN";"2014";"1";"2014-01-27";"2014-06-14";"";"36";"";"REGULAR";"t";"2014-07-02 17:15:43.382";"f";"";"0";"CONSOLIDADA";"";"A Distância";
"1219393";"03";"19175";"";"";"47470";"GRADUAÇÃO";"";"NOVA CRUZ/RN";"2014";"1";"2014-01-27";"2014-06-14";"";"48";"";"REGULAR";"t";"2014-07-02 17:04:35.985";"f";"";"0";"CONSOLIDADA";"";"A Distância";
"1219394";"22";"5753703";"";"";"47470";"GRADUAÇÃO";"";"GUAMARÉ/RN";"2014";"1";"2014-01-27";"2014-06-14";"";"30";"";"REGULAR";"t";"2014-06-15 09:09:30.87";"f";"";"0";"CONSOLIDADA";"";"A Distância";
"1219395";"12";"5753703";"";"";"47470";"GRADUAÇÃO";"";"LUÍS GOMES/RN";"2014";"1";"2014-01-27";"2014-06-14";"";"32";"";"REGULAR";"t";"2014-06-13 23:54:54.405";"f";"";"0";"CONSOLIDADA";"";"A Distância";
"1219396";"01";"5753703";"";"";"47470";"GRADUAÇÃO";"";"MACAU/RN";"2014";"1";"2014-01-27";"2014-06-14";"";"34";"";"REGULAR";"t";"2014-06-13 23:58:03.655";"f";"";"0";"CONSOLIDADA";"";"A Distância";
"1219397";"16";"5753703";"";"";"47470";"GRADUAÇÃO";"";"MARCELINO VIEIRA/RN";"2014";"1";"2014-01-27";"2014-06-14";"";"39";"";"REGULAR";"t";"2014-06-14 00:06:16.3";"f";"";"0";"CONSOLIDADA";"";"A Distância";
"1219398";"13";"5753703";"";"";"47470";"GRADUAÇÃO";"";"MARTINS/RN";"2014";"1";"2014-01-27";"2014-06-14";"";"41";"";"REGULAR";"t";"2014-06-13 23:59:46.509";"f";"";"0";"CONSOLIDADA";"";"A Distância";
"1219399";"01";"5755767";"";"";"54979";"GRADUAÇÃO";"Campus Santa Cruz";"Bloco I - Sala 4";"2014";"1";"2014-01-29";"2014-03-12";"4M123456 (29/01/2014 - 12/03/2014)";"35";"40";"REGULAR";"f";"2014-06-13 16:19:07.516";"f";"";"36";"CONSOLIDADA";"";"Presencial";
"1219400";"14";"5752589";"";"";"2046751";"GRADUAÇÃO";"";"CAICÓ/RN";"2014";"1";"2014-01-27";"2014-06-14";"";"4";"";"REGULAR";"t";"2014-06-05 16:37:01.219";"f";"";"0";"CONSOLIDADA";"";"A Distância";
"1219401";"02";"5752589";"";"";"2046751";"GRADUAÇÃO";"";"CURRAIS NOVOS/RN";"2014";"1";"2014-01-27";"2014-06-14";"";"4";"";"REGULAR";"t";"2014-06-05 17:46:41.088";"f";"";"0";"CONSOLIDADA";"";"A Distância";
"1219404";"15";"5752589";"";"";"2046751";"GRADUAÇÃO";"";"LAJES/RN";"2014";"1";"2014-01-27";"2014-06-14";"";"1";"";"REGULAR";"t";"2014-06-05 17:51:00.086";"f";"";"0";"CONSOLIDADA";"";"A Distância";
"1219406";"01";"5752589";"";"";"2046751";"GRADUAÇÃO";"";"MACAU/RN";"2014";"1";"2014-01-27";"2014-06-14";"";"";"";"REGULAR";"t";"2014-06-05 17:45:05.532";"f";"";"0";"CONSOLIDADA";"";"A Distância";
"1219407";"16";"5752589";"";"";"2046751";"GRADUAÇÃO";"";"MARCELINO VIEIRA/RN";"2014";"1";"2014-01-27";"2014-06-14";"";"1";"";"REGULAR";"t";"2014-06-05 16:39:44.787";"f";"";"0";"CONSOLIDADA";"";"A Distância";
"1219408";"13";"5752589";"";"";"2046751";"GRADUAÇÃO";"";"MARTINS/RN";"2014";"1";"2014-01-27";"2014-06-14";"";"3";"";"REGULAR";"t";"2014-06-05 17:49:49.893";"f";"";"0";"CONSOLIDADA";"";"A Distância";
"1219409";"18";"5752589";"";"";"2046751";"GRADUAÇÃO";"";"NATAL/RN";"2014";"1";"2014-01-27";"2014-06-14";"";"2";"";"REGULAR";"t";"2014-06-05 16:40:29.909";"f";"";"0";"CONSOLIDADA";"";"A Distância";
"1219410";"03";"5752589";"";"";"2046751";"GRADUAÇÃO";"";"NOVA CRUZ/RN";"2014";"1";"2014-01-27";"2014-06-14";"";"1";"";"REGULAR";"t";"2014-06-05 17:48:17.063";"f";"";"0";"CONSOLIDADA";"";"A Distância";
"1219411";"21";"5752589";"";"";"2046751";"GRADUAÇÃO";"";"PARNAMIRIM/RN";"2014";"1";"2014-01-27";"2014-06-14";"";"1";"";"REGULAR";"t";"2014-06-05 17:52:56.116";"f";"";"0";"CONSOLIDADA";"";"A Distância";
"1219412";"04";"23186";"";"";"27152";"GRADUAÇÃO";"";"CAMPINA GRANDE/PB";"2014";"1";"2014-01-27";"2014-06-14";"";"2";"";"REGULAR";"t";"2014-06-06 09:16:20.321";"f";"";"0";"CONSOLIDADA";"";"A Distância";
"1219413";"02A";"23186";"";"";"27152";"GRADUAÇÃO";"";"CURRIAS NOVOS/RN";"2014";"1";"2014-01-27";"2014-06-14";"";"3";"";"REGULAR";"t";"2014-06-20 07:27:13.08";"f";"";"0";"CONSOLIDADA";"";"A Distância";
"1219414";"11A";"23186";"";"";"27152";"GRADUAÇÃO";"";"EXTREMOZ/RN";"2014";"1";"2014-01-27";"2014-06-14";"";"4";"";"REGULAR";"t";"2014-06-20 07:33:26.262";"f";"";"0";"CONSOLIDADA";"";"A Distância";
"1219415";"12";"23186";"";"";"27152";"GRADUAÇÃO";"";"LUÍS GOMES/RN";"2014";"1";"2014-01-27";"2014-06-14";"";"";"";"REGULAR";"t";"";"f";"";"";"EXCLUÍDA";"";"A Distância";
"1219416";"01A";"23186";"";"";"27152";"GRADUAÇÃO";"";"MACAU/RN";"2014";"1";"2014-01-27";"2014-06-14";"";"2";"";"REGULAR";"t";"2014-06-20 07:24:24.256";"f";"";"0";"CONSOLIDADA";"";"A Distância";
"1219417";"03A";"23186";"";"";"27152";"GRADUAÇÃO";"";"NOVA CRUZ/RN";"2014";"1";"2014-01-27";"2014-06-14";"";"2";"";"REGULAR";"t";"";"f";"";"";"EXCLUÍDA";"";"A Distância";
"1219418";"06";"23186";"";"";"27152";"GRADUAÇÃO";"";"PETROLINA/PE";"2014";"1";"2014-01-27";"2014-06-14";"";"1";"";"REGULAR";"t";"2014-06-06 09:17:39.509";"f";"";"0";"CONSOLIDADA";"";"A Distância";
"1219419";"02B";"5752289";"";"";"27124";"GRADUAÇÃO";"";"CURRAIS NOVOS/RN";"2014";"1";"2014-01-27";"2014-06-14";"";"3";"";"REGULAR";"t";"2014-06-17 21:52:28.477";"f";"";"0";"CONSOLIDADA";"";"A Distância";
"1219420";"11B";"5752289";"";"";"27124";"GRADUAÇÃO";"";"EXTREMOZ/RN";"2014";"1";"2014-01-27";"2014-06-14";"";"1";"";"REGULAR";"t";"2014-06-05 22:28:12.365";"f";"";"0";"CONSOLIDADA";"";"A Distância";
"1219421";"12B";"5752289";"";"";"27124";"GRADUAÇÃO";"";"LUÍS GOMES/RN";"2014";"1";"2014-01-27";"2014-06-14";"";"1";"";"REGULAR";"t";"2014-06-17 23:02:57.802";"f";"";"0";"CONSOLIDADA";"";"A Distância";
"1219422";"01A";"5752289";"";"";"27124";"GRADUAÇÃO";"";"MACAU/RN";"2014";"1";"2014-01-27";"2014-06-14";"";"5";"";"REGULAR";"t";"2014-06-17 21:42:54.929";"f";"";"0";"CONSOLIDADA";"";"A Distância";
"1219423";"03B";"5752289";"";"";"27124";"GRADUAÇÃO";"";"NOVA CRUZ/RN";"2014";"1";"2014-01-27";"2014-06-14";"";"2";"";"REGULAR";"t";"2014-06-05 22:22:27.534";"f";"";"0";"CONSOLIDADA";"";"A Distância";
"1219424";"02A";"18485";"";"";"27153";"GRADUAÇÃO";"";"CURRIAS NOVOS/RN";"2014";"1";"2014-01-27";"2014-06-14";"";"";"";"REGULAR";"t";"";"f";"";"";"EXCLUÍDA";"";"A Distância";
"1219425";"11A";"18485";"";"";"27153";"GRADUAÇÃO";"";"EXTREMOZ/RN";"2014";"1";"2014-01-27";"2014-06-14";"";"3";"";"REGULAR";"t";"2014-06-16 16:41:55.919";"f";"";"0";"CONSOLIDADA";"";"A Distância";
"1219426";"01A";"18485";"";"";"27153";"GRADUAÇÃO";"";"MACAU/RN";"2014";"1";"2014-01-27";"2014-06-14";"";"2";"";"REGULAR";"t";"2014-06-16 16:28:59.863";"f";"";"0";"CONSOLIDADA";"";"A Distância";
"1219427";"10";"18485";"";"";"27153";"GRADUAÇÃO";"";"MACEIÓ/AL";"2014";"1";"2014-01-27";"2014-06-14";"";"";"";"REGULAR";"t";"";"f";"";"";"EXCLUÍDA";"";"A Distância";
"1219428";"03A";"18485";"";"";"27153";"GRADUAÇÃO";"";"NOVA CRUZ/RN";"2014";"1";"2014-01-27";"2014-06-14";"";"1";"";"REGULAR";"t";"2014-06-16 16:38:22.503";"f";"";"0";"CONSOLIDADA";"";"A Distância";
"1219429";"04";"5751826";"";"";"27154";"GRADUAÇÃO";"";"CAMPINA GRANDE/PB";"2014";"1";"2014-01-27";"2014-06-14";"";"4";"";"REGULAR";"t";"2014-06-21 09:02:31.265";"f";"";"0";"CONSOLIDADA";"";"A Distância";
"1219430";"02A";"5751826";"";"";"27154";"GRADUAÇÃO";"";"CURRIAS NOVOS/RN";"2014";"1";"2014-01-27";"2014-06-14";"";"6";"";"REGULAR";"t";"2014-06-12 21:13:51.8";"f";"";"0";"CONSOLIDADA";"";"A Distância";
"1219431";"11A";"5751826";"";"";"27154";"GRADUAÇÃO";"";"EXTREMOZ/RN";"2014";"1";"2014-01-27";"2014-06-14";"";"4";"";"REGULAR";"t";"2014-06-12 21:03:53.745";"f";"";"0";"CONSOLIDADA";"";"A Distância";
"1219432";"12";"5751826";"";"";"27154";"GRADUAÇÃO";"";"LUÍS GOMES/RN";"2014";"1";"2014-01-27";"2014-06-14";"";"2";"";"REGULAR";"t";"2014-06-12 21:14:50.696";"f";"";"0";"CONSOLIDADA";"";"A Distância";
"1219433";"01A";"5751826";"";"";"27154";"GRADUAÇÃO";"";"MACAU/RN";"2014";"1";"2014-01-27";"2014-06-14";"";"3";"";"REGULAR";"t";"2014-06-10 14:16:35.528";"f";"";"0";"CONSOLIDADA";"";"A Distância";
"1219434";"10";"5751826";"";"";"27154";"GRADUAÇÃO";"";"MACEIÓ/AL";"2014";"1";"2014-01-27";"2014-06-14";"";"";"";"REGULAR";"t";"";"f";"";"";"EXCLUÍDA";"";"A Distância";
"1219435";"03A";"5751826";"";"";"27154";"GRADUAÇÃO";"";"NOVA CRUZ/RN";"2014";"1";"2014-01-27";"2014-06-14";"";"5";"";"REGULAR";"t";"2014-06-12 21:31:10.319";"f";"";"0";"CONSOLIDADA";"";"A Distância";
"1219436";"06A";"5751826";"";"";"27154";"GRADUAÇÃO";"";"PETROLINA/PE";"2014";"1";"2014-01-27";"2014-06-14";"";"1";"";"REGULAR";"t";"2014-06-19 12:59:52.606";"f";"";"0";"CONSOLIDADA";"";"A Distância";
"1219437";"02";"24796";"";"";"27130";"GRADUAÇÃO";"";"CURRIAS NOVOS/RN";"2014";"1";"2014-01-27";"2014-06-14";"";"2";"";"REGULAR";"t";"2014-06-05 15:44:24.028";"f";"";"0";"CONSOLIDADA";"";"A Distância";
"1219438";"11";"24796";"";"";"27130";"GRADUAÇÃO";"";"EXTREMOZ/RN";"2014";"1";"2014-01-27";"2014-06-14";"";"1";"";"REGULAR";"t";"2014-06-05 15:45:45.2";"f";"";"0";"CONSOLIDADA";"";"A Distância";
"1219439";"01";"24796";"";"";"27130";"GRADUAÇÃO";"";"MACAU/RN";"2014";"1";"2014-01-27";"2014-06-14";"";"3";"";"REGULAR";"t";"2014-06-11 17:09:34.385";"f";"";"0";"CONSOLIDADA";"";"A Distância";
"1219440";"03";"24796";"";"";"27130";"GRADUAÇÃO";"";"NOVA CRUZ/RN";"2014";"1";"2014-01-27";"2014-06-14";"";"";"";"REGULAR";"t";"2014-06-05 15:45:16.767";"f";"";"0";"CONSOLIDADA";"";"A Distância";
"1219445";"03";"26647";"";"";"24154";"GRADUAÇÃO";"Campus Central";"3H7";"2014";"1";"2014-01-27";"2014-06-14";"2N12 4N1234";"26";"30";"REGULAR";"f";"2014-06-20 17:15:09.739";"f";"";"104";"CONSOLIDADA";"";"Presencial";
"1219450";"01";"60520";"";"";"43329";"GRADUAÇÃO";"Campus Central";"PAU-BRASIL (1º andar - 1º sala)";"2014";"1";"2014-01-27";"2014-06-14";"2T1234";"28";"35";"REGULAR";"f";"2014-06-10 15:00:17.765";"f";"";"72";"CONSOLIDADA";"";"Presencial";
"1219452";"02";"60520";"";"";"43329";"GRADUAÇÃO";"Campus Central";"ANF. DOS RÉPTEIS ("B")";"2014";"1";"2014-01-27";"2014-06-14";"3T1234";"4";"10";"REGULAR";"f";"2014-06-10 15:01:23.43";"f";"";"68";"CONSOLIDADA";"";"Presencial";
"1219454";"01";"5756443";"";"";"54980";"GRADUAÇÃO";"Campus Santa Cruz";"Laboratório Multidisciplinar";"2014";"1";"2014-03-26";"2014-04-09";"4M123456 (26/03/2014 - 09/04/2014)";"15";"14";"REGULAR";"f";"2014-06-11 11:17:22.719";"f";"";"18";"CONSOLIDADA";"";"Presencial";
"1219457";"02";"5756443";"";"";"54980";"GRADUAÇÃO";"Campus Santa Cruz";"Laboratório Multidisciplinar";"2014";"1";"2014-04-23";"2014-05-07";"4M123456 (23/04/2014 - 07/05/2014)";"12";"13";"REGULAR";"f";"2014-06-11 11:28:11.511";"f";"";"18";"CONSOLIDADA";"";"Presencial";
"1219460";"03";"5756443";"";"";"54980";"GRADUAÇÃO";"Campus Santa Cruz";"Laboratório Multidisciplinar";"2014";"1";"2014-05-21";"2014-06-04";"4M123456 (21/05/2014 - 04/06/2014)";"8";"13";"REGULAR";"f";"2014-06-11 17:49:15.864";"f";"";"18";"CONSOLIDADA";"";"Presencial";
"1219467";"01B";"";"4942767";"";"27121";"GRADUAÇÃO";"";"MACAU/RN";"2014";"1";"2014-01-27";"2014-06-14";"";"2";"";"REGULAR";"t";"2014-06-25 09:56:46.519";"f";"";"0";"CONSOLIDADA";"";"A Distância";
"1219467";"01B";"19122";"";"";"27121";"GRADUAÇÃO";"";"MACAU/RN";"2014";"1";"2014-01-27";"2014-06-14";"";"2";"";"REGULAR";"t";"2014-06-25 09:56:46.519";"f";"";"0";"CONSOLIDADA";"";"A Distância";
"1219470";"01";"5756298";"";"";"54989";"GRADUAÇÃO";"Campus Santa Cruz";"6M Bloco I - Sala 9 e 5T Bloco I - Sala 2";"2014";"1";"2014-01-27";"2014-03-14";"6M12  5T1234 (27/01/2014 - 14/03/2014)";"33";"40";"REGULAR";"f";"2014-06-13 19:11:25.724";"f";"";"43";"CONSOLIDADA";"";"Presencial";
"1219471";"01";"22206";"";"";"22117";"GRADUAÇÃO";"Campus Central";"4I9";"2014";"1";"2014-01-27";"2014-06-14";"2T3456";"5";"30";"REGULAR";"f";"2014-06-06 23:36:21.456";"f";"";"68";"CONSOLIDADA";"";"Presencial";
"1219472";"01";"5753408";"";"";"22914";"GRADUAÇÃO";"Campus Central";"4F1";"2014";"1";"2014-01-27";"2014-06-14";"35M56";"63";"50";"REGULAR";"f";"2014-06-16 23:25:13.703";"f";"";"70";"CONSOLIDADA";"";"Presencial";
"1219473";"02";"5754278";"";"";"22914";"GRADUAÇÃO";"Campus Central";"4I3";"2014";"1";"2014-01-27";"2014-06-14";"35T34";"29";"40";"REGULAR";"f";"2014-06-13 14:04:03.449";"f";"";"70";"CONSOLIDADA";"";"Presencial";
"1219474";"03";"5754313";"";"";"22914";"GRADUAÇÃO";"Campus Central";"4I6";"2014";"1";"2014-01-27";"2014-06-14";"24M34";"29";"50";"REGULAR";"f";"2014-06-16 00:51:31.148";"f";"";"72";"CONSOLIDADA";"";"Presencial";
"1219475";"04";"5755427";"";"";"27141";"GRADUAÇÃO";"";"CAMPINA GRANDE/PB";"2014";"1";"2014-01-27";"2014-06-14";"";"3";"";"REGULAR";"t";"2014-06-16 10:09:46.834";"f";"";"0";"CONSOLIDADA";"";"A Distância";
"1219476";"02";"5755427";"";"";"27141";"GRADUAÇÃO";"";"CURRIAS NOVOS/RN";"2014";"1";"2014-01-27";"2014-06-14";"";"5";"";"REGULAR";"t";"2014-06-16 10:08:49.073";"f";"";"0";"CONSOLIDADA";"";"A Distância";
"1219477";"11";"5755427";"";"";"27141";"GRADUAÇÃO";"";"EXTREMOZ/RN";"2014";"1";"2014-01-27";"2014-06-14";"";"2";"";"REGULAR";"t";"2014-06-16 10:10:41.256";"f";"";"0";"CONSOLIDADA";"";"A Distância";
"1219478";"05";"5755427";"";"";"27141";"GRADUAÇÃO";"";"GARANHUNS/PE";"2014";"1";"2014-01-27";"2014-06-14";"";"";"";"REGULAR";"t";"";"f";"";"";"EXCLUÍDA";"";"A Distância";
"1219479";"12";"5755427";"";"";"27141";"GRADUAÇÃO";"";"LUÍS GOMES/RN";"2014";"1";"2014-01-27";"2014-06-14";"";"";"";"REGULAR";"t";"";"f";"";"";"EXCLUÍDA";"";"A Distância";
"1219480";"01";"5755427";"";"";"27141";"GRADUAÇÃO";"";"MACAU/RN";"2014";"1";"2014-01-27";"2014-06-14";"";"1";"";"REGULAR";"t";"2014-06-05 11:00:43.822";"f";"";"0";"CONSOLIDADA";"";"A Distância";
"1219481";"03";"5755427";"";"";"27141";"GRADUAÇÃO";"";"NOVA CRUZ/RN";"2014";"1";"2014-01-27";"2014-06-14";"";"1";"";"REGULAR";"t";"2014-06-05 11:01:08.558";"f";"";"0";"CONSOLIDADA";"";"A Distância";
"1219482";"06";"5755427";"";"";"27141";"GRADUAÇÃO";"";"PETROLINA/PE";"2014";"1";"2014-01-27";"2014-06-14";"";"2";"";"REGULAR";"t";"2014-06-05 11:04:12.779";"f";"";"0";"CONSOLIDADA";"";"A Distância";
"1219483";"08";"5755427";"";"";"27141";"GRADUAÇÃO";"";"SURUBIM/PE";"2014";"1";"2014-01-27";"2014-06-14";"";"";"";"REGULAR";"t";"";"f";"";"";"EXCLUÍDA";"";"A Distância";
"1219484";"04";"16930";"";"";"22914";"GRADUAÇÃO";"Campus Central";"4I6";"2014";"1";"2014-01-27";"2014-06-14";"35T56";"42";"50";"REGULAR";"f";"2014-06-05 15:49:04.383";"f";"";"72";"CONSOLIDADA";"";"Presencial";
"1219487";"01";"5754278";"";"";"22422";"GRADUAÇÃO";"Campus Central";"4B2";"2014";"1";"2014-01-27";"2014-06-14";"35M56";"9";"40";"REGULAR";"f";"2014-06-13 14:05:20.253";"f";"";"70";"CONSOLIDADA";"";"Presencial";
"1219490";"02";"17918";"";"";"27129";"GRADUAÇÃO";"";"CURRIAS NOVOS/RN";"2014";"1";"2014-01-27";"2014-06-14";"";"3";"";"REGULAR";"t";"2014-06-16 09:53:43.602";"f";"";"0";"CONSOLIDADA";"";"A Distância";
"1219491";"11";"17918";"";"";"27129";"GRADUAÇÃO";"";"EXTREMOZ/RN";"2014";"1";"2014-01-27";"2014-06-14";"";"3";"";"REGULAR";"t";"2014-06-16 09:55:10.336";"f";"";"0";"CONSOLIDADA";"";"A Distância";
"1219492";"12";"17918";"";"";"27129";"GRADUAÇÃO";"";"LUÍS GOMES/RN";"2014";"1";"2014-01-27";"2014-06-14";"";"1";"";"REGULAR";"t";"2014-06-16 10:02:52.015";"f";"";"0";"CONSOLIDADA";"";"A Distância";
"1219493";"01";"17918";"";"";"27129";"GRADUAÇÃO";"";"MACAU/RN";"2014";"1";"2014-01-27";"2014-06-14";"";"5";"";"REGULAR";"t";"2014-06-16 09:56:19.728";"f";"";"0";"CONSOLIDADA";"";"A Distância";
"1219494";"10";"17918";"";"";"27129";"GRADUAÇÃO";"";"MACEIÓ/AL";"2014";"1";"2014-01-27";"2014-06-14";"";"";"";"REGULAR";"t";"";"f";"";"";"EXCLUÍDA";"";"A Distância";
"1219495";"03";"17918";"";"";"27129";"GRADUAÇÃO";"";"NOVA CRUZ/RN";"2014";"1";"2014-01-27";"2014-06-14";"";"1";"";"REGULAR";"t";"2014-06-16 10:01:48.962";"f";"";"0";"CONSOLIDADA";"";"A Distância";
"1219496";"01";"22763";"";"";"39984";"GRADUAÇÃO";"Campus Central";"VC2";"2014";"1";"2014-01-27";"2014-06-14";"35M12";"38";"45";"REGULAR";"f";"2014-06-21 10:37:33.935";"f";"";"72";"CONSOLIDADA";"";"Presencial";
"1219497";"02";"114673";"";"";"39984";"GRADUAÇÃO";"Campus Central";"VC2";"2014";"1";"2014-01-27";"2014-06-14";"35N12";"50";"44";"REGULAR";"f";"2014-06-18 23:42:23.347";"f";"";"66";"CONSOLIDADA";"";"Presencial";
"1219498";"01";"5752484";"";"";"39985";"GRADUAÇÃO";"Campus Central";"VC2";"2014";"1";"2014-01-27";"2014-06-14";"26M12";"27";"45";"REGULAR";"f";"2014-06-15 08:46:25.656";"f";"";"74";"CONSOLIDADA";"";"Presencial";
"1219499";"02";"5752484";"";"";"39985";"GRADUAÇÃO";"Campus Central";"VC2";"2014";"1";"2014-01-27";"2014-06-14";"24N34";"50";"43";"REGULAR";"f";"2014-06-15 09:07:38.196";"f";"";"74";"CONSOLIDADA";"";"Presencial";
"1219500";"01";"3588261";"";"";"39986";"GRADUAÇÃO";"Campus Central";"VC3";"2014";"1";"2014-01-27";"2014-06-14";"246M12";"35";"45";"REGULAR";"f";"2014-06-20 23:35:05.021";"f";"";"108";"CONSOLIDADA";"";"Presencial";
"1219503";"02";"5755162";"";"";"39986";"GRADUAÇÃO";"Campus Central";"VC3";"2014";"1";"2014-01-27";"2014-06-14";"246N34";"66";"49";"REGULAR";"f";"2014-06-19 21:29:33.023";"f";"";"108";"CONSOLIDADA";"";"Presencial";
"1219504";"01";"5752601";"";"";"39995";"GRADUAÇÃO";"Campus Central";"VG3";"2014";"1";"2014-01-27";"2014-06-14";"246M12";"71";"49";"REGULAR";"f";"2014-06-20 21:30:41.261";"f";"";"112";"CONSOLIDADA";"";"Presencial";
"1219509";"02";"5754340";"";"";"39995";"GRADUAÇÃO";"Campus Central";"VG3";"2014";"1";"2014-01-27";"2014-06-14";"2N34 45N12";"62";"47";"REGULAR";"f";"2014-06-14 15:08:41.279";"f";"";"108";"CONSOLIDADA";"";"Presencial";
"1219510";"01";"5752601";"";"";"39996";"GRADUAÇÃO";"Campus Central";"VG4";"2014";"1";"2014-01-27";"2014-06-14";"246M34";"36";"45";"REGULAR";"f";"2014-06-20 21:28:55.299";"f";"";"106";"CONSOLIDADA";"";"Presencial";
"1219511";"02";"5753580";"";"";"39996";"GRADUAÇÃO";"Campus Central";"VG4";"2014";"1";"2014-01-27";"2014-06-14";"26N12 4N34";"49";"45";"REGULAR";"f";"2014-06-07 22:12:32.994";"f";"";"102";"CONSOLIDADA";"";"Presencial";
"1219512";"01";"5754583";"";"";"40005";"GRADUAÇÃO";"Campus Central";"VC3";"2014";"1";"2014-01-27";"2014-06-14";"246M34";"23";"45";"REGULAR";"f";"2014-06-18 21:56:51.774";"f";"";"116";"CONSOLIDADA";"";"Presencial";
"1219513";"02";"5754583";"";"";"40005";"GRADUAÇÃO";"Campus Central";"VC3";"2014";"1";"2014-01-27";"2014-06-14";"246N12";"48";"42";"REGULAR";"f";"2014-06-18 22:00:48.511";"f";"";"120";"CONSOLIDADA";"";"Presencial";
"1219514";"01";"5753092";"";"";"22425";"GRADUAÇÃO";"Campus Central";"4B1";"2014";"1";"2014-01-27";"2014-06-14";"24M34";"6";"40";"REGULAR";"f";"2014-06-09 15:02:15.197";"f";"";"68";"CONSOLIDADA";"";"Presencial";
"1219515";"01";"18545";"";"";"25455";"GRADUAÇÃO";"Campus Central";"4E5";"2014";"1";"2014-01-27";"2014-06-14";"2T56";"23";"52";"REGULAR";"f";"2014-06-16 16:25:26.921";"f";"";"36";"CONSOLIDADA";"";"Presencial";
"1219516";"01";"5752697";"";"";"43339";"GRADUAÇÃO";"Campus Central";"SALA II - DBF";"2014";"1";"2014-01-27";"2014-06-14";"24M34 6M3456";"25";"35";"REGULAR";"f";"2014-06-13 10:24:07.468";"f";"";"134";"CONSOLIDADA";"";"Presencial";
"1219516";"01";"5755500";"";"";"43339";"GRADUAÇÃO";"Campus Central";"SALA II - DBF";"2014";"1";"2014-01-27";"2014-06-14";"24M34 6M3456";"25";"35";"REGULAR";"f";"2014-06-13 10:24:07.468";"f";"";"134";"CONSOLIDADA";"";"Presencial";
"1219516";"01";"5756461";"";"";"43339";"GRADUAÇÃO";"Campus Central";"SALA II - DBF";"2014";"1";"2014-01-27";"2014-06-14";"24M34 6M3456";"25";"35";"REGULAR";"f";"2014-06-13 10:24:07.468";"f";"";"134";"CONSOLIDADA";"";"Presencial";
"1219516";"01";"26028";"";"";"43339";"GRADUAÇÃO";"Campus Central";"SALA II - DBF";"2014";"1";"2014-01-27";"2014-06-14";"24M34 6M3456";"25";"35";"REGULAR";"f";"2014-06-13 10:24:07.468";"f";"";"134";"CONSOLIDADA";"";"Presencial";
"1219516";"01";"20854";"";"";"43339";"GRADUAÇÃO";"Campus Central";"SALA II - DBF";"2014";"1";"2014-01-27";"2014-06-14";"24M34 6M3456";"25";"35";"REGULAR";"f";"2014-06-13 10:24:07.468";"f";"";"134";"CONSOLIDADA";"";"Presencial";
"1219517";"02";"5752300";"";"";"25067";"GRADUAÇÃO";"Campus Central";"Setor II";"2014";"1";"2014-01-27";"2014-06-14";"46M34";"";"40";"REGULAR";"f";"";"f";"";"";"EXCLUÍDA";"";"Presencial";
"1219518";"01";"26523";"";"";"21820";"GRADUAÇÃO";"Campus Central";"SALA II - DBF";"2014";"1";"2014-01-27";"2014-06-14";"2T3456";"14";"12";"REGULAR";"f";"2014-06-07 21:32:42.351";"f";"";"68";"CONSOLIDADA";"";"Presencial";
"1219519";"01";"5755972";"";"";"2049415";"GRADUAÇÃO";"Campus Central";"Setor II, Bloco I, Sala 7";"2014";"1";"2014-01-27";"2014-06-14";"2T12 4T123456";"39";"60";"REGULAR";"f";"2014-06-21 20:09:27.289";"f";"";"136";"CONSOLIDADA";"";"Presencial";
"1219519";"01";"5752296";"";"";"2049415";"GRADUAÇÃO";"Campus Central";"Setor II, Bloco I, Sala 7";"2014";"1";"2014-01-27";"2014-06-14";"2T12 4T123456";"39";"60";"REGULAR";"f";"2014-06-21 20:09:27.289";"f";"";"136";"CONSOLIDADA";"";"Presencial";
"1219520";"02";"5755563";"";"";"2049415";"GRADUAÇÃO";"Campus Central";"Setor II, Bloco I, Sala 7";"2014";"1";"2014-01-27";"2014-06-14";"2T56  2N12 4N1234";"58";"60";"REGULAR";"f";"2014-06-13 00:50:05.731";"f";"";"148";"CONSOLIDADA";"";"Presencial";
"1219520";"02";"5755036";"";"";"2049415";"GRADUAÇÃO";"Campus Central";"Setor II, Bloco I, Sala 7";"2014";"1";"2014-01-27";"2014-06-14";"2T56  2N12 4N1234";"58";"60";"REGULAR";"f";"2014-06-13 00:50:05.731";"f";"";"148";"CONSOLIDADA";"";"Presencial";
"1219521";"01";"5755563";"";"";"2049410";"GRADUAÇÃO";"Campus Central";"Setor II, Bloco I, Sala 7";"2014";"1";"2014-01-27";"2014-06-14";"3T34";"34";"60";"REGULAR";"f";"2014-06-13 00:53:40.601";"f";"";"38";"CONSOLIDADA";"";"Presencial";
"1219522";"02";"5755563";"";"";"2049410";"GRADUAÇÃO";"Campus Central";"Setor II, Bloco I, Sala 7";"2014";"1";"2014-01-27";"2014-06-14";"3N34";"56";"60";"REGULAR";"f";"2014-06-13 00:47:48.847";"f";"";"38";"CONSOLIDADA";"";"Presencial";
"1219523";"01";"92054";"";"";"2049411";"GRADUAÇÃO";"Campus Central";"Setor II, Bloco I, Sala 7";"2014";"1";"2014-01-27";"2014-06-14";"5T12";"30";"60";"REGULAR";"f";"2014-06-17 01:42:00.496";"f";"";"36";"CONSOLIDADA";"";"Presencial";
"1219524";"02";"92054";"";"";"2049411";"GRADUAÇÃO";"Campus Central";"Setor II, Bloco I, Sala 7";"2014";"1";"2014-01-27";"2014-06-14";"2N34";"59";"60";"REGULAR";"f";"2014-06-15 00:29:50.098";"f";"";"36";"CONSOLIDADA";"";"Presencial";
"1219525";"01";"5755942";"";"";"2049412";"GRADUAÇÃO";"Campus Central";"Setor II, Bloco I, Sala 7";"2014";"1";"2014-01-27";"2014-06-14";"6T34";"30";"60";"REGULAR";"f";"2014-06-24 17:09:45.77";"f";"";"36";"CONSOLIDADA";"";"Presencial";
"1219526";"02";"5755942";"";"";"2049412";"GRADUAÇÃO";"Campus Central";"Setor II, Bloco I, Sala 7";"2014";"1";"2014-01-27";"2014-06-14";"6N34";"43";"60";"REGULAR";"f";"2014-06-12 12:35:55.068";"f";"";"36";"CONSOLIDADA";"";"Presencial";
"1219527";"01";"5755067";"";"";"2049413";"GRADUAÇÃO";"Campus Central";"Setor II, Bloco I, Sala 7";"2014";"1";"2014-01-27";"2014-06-14";"3T12 7T3";"31";"60";"REGULAR";"f";"2014-07-11 16:32:28.445";"f";"";"35";"CONSOLIDADA";"";"Presencial";
"1219528";"02";"5755067";"";"";"2049413";"GRADUAÇÃO";"Campus Central";"Setor II, Bloco I, Sala 7";"2014";"1";"2014-01-27";"2014-06-14";"7T4  3N12";"31";"60";"REGULAR";"f";"2014-07-11 16:33:45.294";"f";"";"34";"CONSOLIDADA";"";"Presencial";
"1219529";"01";"5755972";"";"";"2049414";"GRADUAÇÃO";"Campus Central";"Setor II, Bloco I, Sala 7";"2014";"1";"2014-01-27";"2014-06-14";"2T34 7T1";"49";"60";"REGULAR";"f";"2014-06-21 20:07:50.237";"f";"";"53";"CONSOLIDADA";"";"Presencial";
"1219530";"02";"5755561";"";"";"2049414";"GRADUAÇÃO";"Campus Central";"Setor II, Bloco I, Sala 7";"2014";"1";"2014-01-27";"2014-06-14";"7T2  5N34";"20";"60";"REGULAR";"f";"2014-06-13 17:31:41.726";"f";"";"55";"CONSOLIDADA";"";"Presencial";
"1219531";"01";"5753698";"";"";"2049428";"GRADUAÇÃO";"Campus Central";"Setor II, Bloco I, Sala 8";"2014";"1";"2014-01-27";"2014-06-14";"3T12 5T123456";"45";"60";"REGULAR";"f";"2014-06-11 16:23:30.151";"f";"";"140";"CONSOLIDADA";"";"Presencial";
"1219531";"01";"5755944";"";"";"2049428";"GRADUAÇÃO";"Campus Central";"Setor II, Bloco I, Sala 8";"2014";"1";"2014-01-27";"2014-06-14";"3T12 5T123456";"45";"60";"REGULAR";"f";"2014-06-11 16:23:30.151";"f";"";"140";"CONSOLIDADA";"";"Presencial";
"1219532";"02";"5755972";"";"";"2049428";"GRADUAÇÃO";"Campus Central";"Setor II";"2014";"1";"2014-01-27";"2014-06-14";"3T56  3N12 5N1234";"68";"66";"REGULAR";"f";"2014-06-11 17:06:04.564";"f";"";"144";"CONSOLIDADA";"";"Presencial";
"1219532";"02";"5755944";"";"";"2049428";"GRADUAÇÃO";"Campus Central";"Setor II";"2014";"1";"2014-01-27";"2014-06-14";"3T56  3N12 5N1234";"68";"66";"REGULAR";"f";"2014-06-11 17:06:04.564";"f";"";"144";"CONSOLIDADA";"";"Presencial";
"1219532";"02";"5752186";"";"";"2049428";"GRADUAÇÃO";"Campus Central";"Setor II";"2014";"1";"2014-01-27";"2014-06-14";"3T56  3N12 5N1234";"68";"66";"REGULAR";"f";"2014-06-11 17:06:04.564";"f";"";"144";"CONSOLIDADA";"";"Presencial";
"1219533";"01";"5755972";"";"";"2049422";"GRADUAÇÃO";"Campus Central";"Setor II, Bloco I, Sala 8";"2014";"1";"2014-01-27";"2014-06-14";"6T12";"45";"60";"REGULAR";"f";"2014-06-20 22:08:29.046";"f";"";"36";"CONSOLIDADA";"";"Presencial";
"1219534";"01";"5756298";"";"";"54021";"GRADUAÇÃO";"Campus Santa Cruz";"Bloco I - Anfiteatro";"2014";"1";"2014-04-04";"2014-06-06";"6M3456 (04/04/2014 - 06/06/2014)";"8";"9";"REGULAR";"f";"2014-06-13 16:00:29.684";"f";"";"36";"CONSOLIDADA";"";"Presencial";
"1219535";"02";"5755972";"";"";"2049422";"GRADUAÇÃO";"Campus Central";"Setor II, Bloco I, Sala 8";"2014";"1";"2014-01-27";"2014-06-14";"4N34";"70";"62";"REGULAR";"f";"2014-06-20 22:05:28.063";"f";"";"36";"CONSOLIDADA";"";"Presencial";
"1219536";"01";"5756084";"";"";"2049423";"GRADUAÇÃO";"Campus Central";"Setor II, Bloco I, Sala 8";"2014";"1";"2014-01-27";"2014-06-14";"6T34";"40";"60";"REGULAR";"f";"2014-06-21 17:24:50.191";"f";"";"34";"CONSOLIDADA";"";"Presencial";
"1219537";"02";"5756298";"";"";"54021";"GRADUAÇÃO";"Campus Santa Cruz";"Bloco I - Anfiteatro";"2014";"1";"2014-01-31";"2014-03-28";"6M3456 (31/01/2014 - 28/03/2014)";"7";"9";"REGULAR";"f";"2014-06-13 16:01:33.339";"f";"";"36";"CONSOLIDADA";"";"Presencial";
"1219538";"02";"5756084";"";"";"2049423";"GRADUAÇÃO";"Campus Central";"Setor II, Bloco I, Sala 8";"2014";"1";"2014-01-27";"2014-06-14";"6N34";"61";"60";"REGULAR";"f";"2014-06-21 17:23:02.66";"f";"";"36";"CONSOLIDADA";"";"Presencial";
"1219539";"01";"5753108";"";"";"2049425";"GRADUAÇÃO";"Campus Central";"Setor II, Bloco I, Sala 8";"2014";"1";"2014-01-27";"2014-06-14";"2T12";"37";"60";"REGULAR";"f";"2014-06-11 19:54:36.606";"f";"";"34";"CONSOLIDADA";"";"Presencial";
"1219540";"02";"5753108";"";"";"2049425";"GRADUAÇÃO";"Campus Central";"Setor II, Bloco I, Sala 8";"2014";"1";"2014-01-27";"2014-06-14";"2N34";"72";"62";"REGULAR";"f";"2014-06-11 20:01:39.345";"f";"";"34";"CONSOLIDADA";"";"Presencial";
"1219541";"01";"5755922";"";"";"2049426";"GRADUAÇÃO";"Campus Central";"Setor II, Bloco I, Sala 8";"2014";"1";"2014-01-27";"2014-06-14";"2T34 7T5";"26";"60";"REGULAR";"f";"2014-06-15 23:31:04.411";"f";"";"49";"CONSOLIDADA";"";"Presencial";
"1219542";"02";"5755922";"";"";"2049426";"GRADUAÇÃO";"Campus Central";"Setor II, Bloco I, Sala 8";"2014";"1";"2014-01-27";"2014-06-14";"2M1  2N12";"59";"60";"REGULAR";"f";"2014-06-16 01:15:50.343";"f";"";"63";"CONSOLIDADA";"";"Presencial";
"1219543";"01";"92054";"";"";"2049427";"GRADUAÇÃO";"Campus Central";"Setor II, Bloco I, Sala 8";"2014";"1";"2014-01-27";"2014-06-14";"3T3";"27";"60";"REGULAR";"f";"2014-06-15 01:00:06.966";"f";"";"18";"CONSOLIDADA";"";"Presencial";
"1219544";"02";"92054";"";"";"2049427";"GRADUAÇÃO";"Campus Central";"Setor II, Bloco I, Sala 8";"2014";"1";"2014-01-27";"2014-06-14";"3N3";"36";"60";"REGULAR";"f";"2014-06-15 01:18:13.053";"f";"";"18";"CONSOLIDADA";"";"Presencial";
"1219545";"01";"5755942";"";"";"2049438";"GRADUAÇÃO";"Campus Central";"Setor II, Bloco I, Sala 9";"2014";"1";"2014-01-27";"2014-06-14";"5T34";"29";"60";"REGULAR";"f";"2014-06-24 17:06:43.31";"f";"";"34";"CONSOLIDADA";"";"Presencial";
"1219546";"02";"5755942";"";"";"2049438";"GRADUAÇÃO";"Campus Central";"Setor II, Bloco I, Sala 9";"2014";"1";"2014-01-27";"2014-06-14";"5N34";"46";"60";"REGULAR";"f";"2014-06-24 17:08:25.941";"f";"";"34";"CONSOLIDADA";"";"Presencial";
"1219547";"01";"5753108";"";"";"2049439";"GRADUAÇÃO";"Campus Central";"Setor II, Bloco I, Sala 9";"2014";"1";"2014-01-27";"2014-06-14";"4T34";"18";"60";"REGULAR";"f";"2014-06-11 19:51:52.509";"f";"";"34";"CONSOLIDADA";"";"Presencial";
"1219548";"02";"5753108";"";"";"2049439";"GRADUAÇÃO";"Campus Central";"Setor II, Bloco I, Sala 9";"2014";"1";"2014-01-27";"2014-06-14";"4N12";"32";"60";"REGULAR";"f";"2014-06-11 19:47:38.066";"f";"";"36";"CONSOLIDADA";"";"Presencial";
"1219549";"01";"5752687";"";"";"2049440";"GRADUAÇÃO";"Campus Central";"Setor II, Bloco I, Sala 9";"2014";"1";"2014-01-27";"2014-06-14";"3M1  2T34";"23";"60";"REGULAR";"f";"2014-06-16 09:45:16.14";"f";"";"50";"CONSOLIDADA";"";"Presencial";
"1219550";"02";"5752687";"";"";"2049440";"GRADUAÇÃO";"Campus Central";"Setor II, Bloco I, Sala 9";"2014";"1";"2014-01-27";"2014-06-14";"4M1  4N34";"26";"60";"REGULAR";"f";"2014-06-16 09:46:10.041";"f";"";"51";"CONSOLIDADA";"";"Presencial";
"1219551";"01";"18097";"";"";"41848";"GRADUAÇÃO";"Campus Central";"IMBURANA (2º andar; 2ª sala)";"2014";"1";"2014-01-27";"2014-06-14";"24T56";"50";"35";"REGULAR";"f";"2014-06-21 22:10:36.307";"f";"";"74";"CONSOLIDADA";"";"Presencial";
"1219552";"01";"21615";"";"";"25128";"GRADUAÇÃO";"Campus Central";"MULUNGÚ (1º andar; 4ª sala)";"2014";"1";"2014-01-27";"2014-06-14";"5M234";"10";"40";"REGULAR";"f";"2014-06-16 15:16:52.417";"f";"";"54";"CONSOLIDADA";"";"Presencial";
"1219553";"01";"5752701";"";"";"43332";"GRADUAÇÃO";"Campus Central";"PAU-BRASIL (1º andar - 1º sala)";"2014";"1";"2014-01-27";"2014-06-14";"4T1234";"68";"45";"REGULAR";"f";"2014-06-20 09:58:50.54";"f";"";"72";"CONSOLIDADA";"";"Presencial";
"1219553";"01";"5753054";"";"";"43332";"GRADUAÇÃO";"Campus Central";"PAU-BRASIL (1º andar - 1º sala)";"2014";"1";"2014-01-27";"2014-06-14";"4T1234";"68";"45";"REGULAR";"f";"2014-06-20 09:58:50.54";"f";"";"72";"CONSOLIDADA";"";"Presencial";
"1219554";"02";"5752701";"";"";"43332";"GRADUAÇÃO";"Campus Central";"PAU-BRASIL (1º andar - 1º sala)";"2014";"1";"2014-01-27";"2014-06-14";"4N1234";"33";"35";"REGULAR";"f";"2014-06-20 09:54:51.638";"f";"";"72";"CONSOLIDADA";"";"Presencial";
"1219554";"02";"5753054";"";"";"43332";"GRADUAÇÃO";"Campus Central";"PAU-BRASIL (1º andar - 1º sala)";"2014";"1";"2014-01-27";"2014-06-14";"4N1234";"33";"35";"REGULAR";"f";"2014-06-20 09:54:51.638";"f";"";"72";"CONSOLIDADA";"";"Presencial";
"1219555";"01";"5753029";"";"";"54014";"GRADUAÇÃO";"Campus Santa Cruz";"Santa Cruz";"2014";"1";"2014-04-09";"2014-06-11";"4M12 (09/04/2014 - 11/06/2014)";"4";"4";"REGULAR";"f";"2014-06-14 03:12:15.199";"f";"";"18";"CONSOLIDADA";"";"Presencial";
"1219555";"01";"5756046";"";"";"54014";"GRADUAÇÃO";"Campus Santa Cruz";"Santa Cruz";"2014";"1";"2014-04-09";"2014-06-11";"4M12 (09/04/2014 - 11/06/2014)";"4";"4";"REGULAR";"f";"2014-06-14 03:12:15.199";"f";"";"18";"CONSOLIDADA";"";"Presencial";
"1219556";"01";"21787";"";"";"49507";"GRADUAÇÃO";"Campus Central";"4I8";"2014";"1";"2014-01-27";"2014-06-14";"3T56  3N12 (27/01/2014 - 14/06/2014)";"44";"41";"REGULAR";"f";"2014-06-19 12:42:47.621";"f";"";"68";"CONSOLIDADA";"";"Presencial";
"1219556";"01";"20680";"";"";"49507";"GRADUAÇÃO";"Campus Central";"4I8";"2014";"1";"2014-01-27";"2014-06-14";"3T56  3N12 (27/01/2014 - 14/06/2014)";"44";"41";"REGULAR";"f";"2014-06-19 12:42:47.621";"f";"";"68";"CONSOLIDADA";"";"Presencial";
"1219557";"02";"20680";"";"";"49507";"GRADUAÇÃO";"Campus Central";"4G5/4G4";"2014";"1";"2014-01-27";"2014-06-14";"2T3456 (27/01/2014 - 14/06/2014)";"36";"28";"REGULAR";"f";"2014-06-19 13:18:11.543";"f";"";"68";"CONSOLIDADA";"";"Presencial";
"1219557";"02";"21787";"";"";"49507";"GRADUAÇÃO";"Campus Central";"4G5/4G4";"2014";"1";"2014-01-27";"2014-06-14";"2T3456 (27/01/2014 - 14/06/2014)";"36";"28";"REGULAR";"f";"2014-06-19 13:18:11.543";"f";"";"68";"CONSOLIDADA";"";"Presencial";
"1219558";"01";"20212";"";"";"48330";"GRADUAÇÃO";"Campus Currais Novos";"4F4";"2014";"1";"2014-01-27";"2014-06-14";"35N12 (27/01/2014 - 14/06/2014)";"61";"50";"REGULAR";"f";"2014-06-20 21:12:47.14";"f";"";"72";"CONSOLIDADA";"";"Presencial";
"1219559";"01";"5755954";"";"";"2036571";"GRADUAÇÃO";"Campus Central";"4I8";"2014";"1";"2014-01-27";"2014-06-14";"35T34";"43";"45";"REGULAR";"f";"2014-06-10 12:41:33.372";"f";"";"66";"CONSOLIDADA";"";"Presencial";
"1219560";"01";"5752023";"";"";"55072";"GRADUAÇÃO";"Campus Santa Cruz";"Bloco I - Sala 3";"2014";"1";"2014-01-27";"2014-06-13";"2M456 4M56 (27/01/2014 - 13/06/2014)";"0";"47";"REGULAR";"f";"2014-06-13 16:01:00.6";"f";"";"92";"CONSOLIDADA";"";"Presencial";
"1219560";"01";"5755602";"";"";"55072";"GRADUAÇÃO";"Campus Santa Cruz";"Bloco I - Sala 3";"2014";"1";"2014-01-27";"2014-06-13";"2M456 4M56 (27/01/2014 - 13/06/2014)";"0";"47";"REGULAR";"f";"2014-06-13 16:01:00.6";"f";"";"92";"CONSOLIDADA";"";"Presencial";
"1219561";"01";"5755989";"";"";"46463";"GRADUAÇÃO";"Campus Central";"4I3";"2014";"1";"2014-01-27";"2014-06-14";"2N34 5N12";"7";"40";"REGULAR";"f";"2014-06-05 23:47:19.849";"f";"";"66";"CONSOLIDADA";"";"Presencial";
"1219562";"01";"5756621";"";"";"55073";"GRADUAÇÃO";"Campus Santa Cruz";"Laboratório de Anatomia";"2014";"1";"2014-01-27";"2014-06-06";"5M123 (27/01/2014 - 06/06/2014)";"0";"26";"REGULAR";"f";"2014-06-13 13:03:51.068";"f";"";"54";"CONSOLIDADA";"";"Presencial";
"1219562";"01";"5752023";"";"";"55073";"GRADUAÇÃO";"Campus Santa Cruz";"Laboratório de Anatomia";"2014";"1";"2014-01-27";"2014-06-06";"5M123 (27/01/2014 - 06/06/2014)";"0";"26";"REGULAR";"f";"2014-06-13 13:03:51.068";"f";"";"54";"CONSOLIDADA";"";"Presencial";
"1219563";"01";"2298976";"";"";"46470";"GRADUAÇÃO";"Campus Central";"4G2";"2014";"1";"2014-01-27";"2014-06-14";"26N12";"9";"40";"REGULAR";"f";"2014-06-21 10:30:23.807";"f";"";"72";"CONSOLIDADA";"";"Presencial";
"1219564";"02";"5755602";"";"";"55073";"GRADUAÇÃO";"Campus Santa Cruz";"Laboratório de Anatomia";"2014";"1";"2014-01-27";"2014-06-06";"5M456 (27/01/2014 - 06/06/2014)";"0";"23";"REGULAR";"f";"2014-06-13 16:28:26.535";"f";"";"54";"CONSOLIDADA";"";"Presencial";
"1219565";"01B";"5753849";"";"";"46634";"GRADUAÇÃO";"";"MACAU/RN";"2014";"1";"2014-01-27";"2014-06-14";"";"2";"";"REGULAR";"t";"2014-06-21 10:19:54.452";"f";"";"0";"CONSOLIDADA";"";"A Distância";
"1219568";"02";"20140";"";"";"27132";"GRADUAÇÃO";"";"CURRIAS NOVOS/RN";"2014";"1";"2014-01-27";"2014-06-14";"";"1";"";"REGULAR";"t";"2014-06-12 01:35:13.103";"f";"";"0";"CONSOLIDADA";"";"A Distância";
"1219569";"11";"20140";"";"";"27132";"GRADUAÇÃO";"";"EXTREMOZ/RN";"2014";"1";"2014-01-27";"2014-06-14";"";"1";"";"REGULAR";"t";"2014-06-12 18:31:09.57";"f";"";"0";"CONSOLIDADA";"";"A Distância";
"1219570";"12";"20140";"";"";"27132";"GRADUAÇÃO";"";"LUÍS GOMES/RN";"2014";"1";"2014-01-27";"2014-06-14";"";"";"";"REGULAR";"t";"";"f";"";"";"EXCLUÍDA";"";"A Distância";
"1219571";"01";"20140";"";"";"27132";"GRADUAÇÃO";"";"MACAU/RN";"2014";"1";"2014-01-27";"2014-06-14";"";"2";"";"REGULAR";"t";"2014-06-12 18:28:36.215";"f";"";"0";"CONSOLIDADA";"";"A Distância";
"1219572";"03";"20140";"";"";"27132";"GRADUAÇÃO";"";"NOVA CRUZ/RN";"2014";"1";"2014-01-27";"2014-06-14";"";"1";"";"REGULAR";"t";"2014-06-12 18:30:14.617";"f";"";"0";"CONSOLIDADA";"";"A Distância";
"1219573";"02A";"19180";"";"";"27123";"GRADUAÇÃO";"";"CURRIAS NOVOS/RN";"2014";"1";"2014-01-27";"2014-06-14";"";"1";"";"REGULAR";"t";"2014-06-06 07:57:55.089";"f";"";"0";"CONSOLIDADA";"";"A Distância";
"1219574";"01A";"19180";"";"";"27123";"GRADUAÇÃO";"";"MACAU/RN";"2014";"1";"2014-01-27";"2014-06-14";"";"1";"";"REGULAR";"t";"2014-06-06 07:36:14.225";"f";"";"0";"CONSOLIDADA";"";"A Distância";
"1219575";"04";"";"101870076";"";"42508";"GRADUAÇÃO";"";"CAMPINA GRANDE/PB";"2014";"1";"2014-01-27";"2014-06-14";"";"1";"";"REGULAR";"t";"2014-06-04 11:13:25.965";"f";"";"0";"CONSOLIDADA";"";"A Distância";
"1219576";"02";"";"101870076";"";"42508";"GRADUAÇÃO";"";"CURRAIS NOVOS/RN";"2014";"1";"2014-01-27";"2014-06-14";"";"1";"";"REGULAR";"t";"2014-06-21 08:10:35.636";"f";"";"0";"CONSOLIDADA";"";"A Distância";
"1219577";"11";"";"101870076";"";"42508";"GRADUAÇÃO";"";"EXTREMOZ/RN";"2014";"1";"2014-01-27";"2014-06-14";"";"1";"";"REGULAR";"t";"2014-06-21 08:11:22.878";"f";"";"0";"CONSOLIDADA";"";"A Distância";
"1219578";"12";"";"101870076";"";"42508";"GRADUAÇÃO";"";"LUÍS GOMES/RN";"2014";"1";"2014-01-27";"2014-06-14";"";"1";"";"REGULAR";"t";"2014-06-21 08:11:50.381";"f";"";"0";"CONSOLIDADA";"";"A Distância";
"1219579";"01";"";"101870076";"";"42508";"GRADUAÇÃO";"";"MACAU/RN";"2014";"1";"2014-01-27";"2014-06-14";"";"3";"";"REGULAR";"t";"2014-06-21 08:10:04.299";"f";"";"0";"CONSOLIDADA";"";"A Distância";
"1219580";"03";"";"101870076";"";"42508";"GRADUAÇÃO";"";"NOVA CRUZ/RN";"2014";"1";"2014-01-27";"2014-06-14";"";"1";"";"REGULAR";"t";"";"f";"";"";"INTERROMPIDA";"";"A Distância";
"1219581";"04";"";"101870076";"";"42509";"GRADUAÇÃO";"";"CAMPINA GRANDE/PB";"2014";"1";"2014-01-27";"2014-06-14";"";"";"";"REGULAR";"t";"";"f";"";"";"EXCLUÍDA";"";"A Distância";
"1219582";"02";"";"101870076";"";"42509";"GRADUAÇÃO";"";"CURRAIS NOVOS/RN";"2014";"1";"2014-01-27";"2014-06-14";"";"";"";"REGULAR";"t";"";"f";"";"";"EXCLUÍDA";"";"A Distância";
"1219583";"11";"";"101870076";"";"42509";"GRADUAÇÃO";"";"EXTREMOZ/RN";"2014";"1";"2014-01-27";"2014-06-14";"";"3";"";"REGULAR";"t";"2014-06-21 07:55:17.622";"f";"";"0";"CONSOLIDADA";"";"A Distância";
"1219584";"12";"";"101870076";"";"42509";"GRADUAÇÃO";"";"LUÍS GOMES/RN";"2014";"1";"2014-01-27";"2014-06-14";"";"1";"";"REGULAR";"t";"2014-06-21 07:56:03.662";"f";"";"0";"CONSOLIDADA";"";"A Distância";
"1219585";"01";"";"101870076";"";"42509";"GRADUAÇÃO";"";"MACAU/RN";"2014";"1";"2014-01-27";"2014-06-14";"";"";"";"REGULAR";"t";"";"f";"";"";"EXCLUÍDA";"";"A Distância";
"1219586";"06";"";"101870076";"";"42509";"GRADUAÇÃO";"";"PETROLINA/PE";"2014";"1";"2014-01-27";"2014-06-14";"";"";"";"REGULAR";"t";"";"f";"";"";"EXCLUÍDA";"";"A Distância";
"1219587";"08";"";"101870076";"";"42509";"GRADUAÇÃO";"";"SURUBIM/PE";"2014";"1";"2014-01-27";"2014-06-14";"";"";"";"REGULAR";"t";"";"f";"";"";"EXCLUÍDA";"";"A Distância";
"1219588";"07";"";"101870076";"";"42509";"GRADUAÇÃO";"";"TABIRA/PE";"2014";"1";"2014-01-27";"2014-06-14";"";"";"";"REGULAR";"t";"";"f";"";"";"EXCLUÍDA";"";"A Distância";
"1219589";"04";"";"51422118";"";"42510";"GRADUAÇÃO";"";"CAMPINA GRANDE/PB";"2014";"1";"2014-01-27";"2014-06-14";"";"3";"";"REGULAR";"t";"2014-06-27 09:15:28.03";"f";"";"0";"CONSOLIDADA";"";"A Distância";
"1219590";"02";"";"51422118";"";"42510";"GRADUAÇÃO";"";"CURRAIS NOVOS/RN";"2014";"1";"2014-01-27";"2014-06-14";"";"3";"";"REGULAR";"t";"2014-06-27 09:13:36.48";"f";"";"0";"CONSOLIDADA";"";"A Distância";
"1219591";"11";"";"51422118";"";"42510";"GRADUAÇÃO";"";"EXTREMOZ/RN";"2014";"1";"2014-01-27";"2014-06-14";"";"1";"";"REGULAR";"t";"2014-06-27 09:14:56.837";"f";"";"0";"CONSOLIDADA";"";"A Distância";
"1219592";"12";"";"51422118";"";"42510";"GRADUAÇÃO";"";"LUÍS GOMES/RN";"2014";"1";"2014-01-27";"2014-06-14";"";"";"";"REGULAR";"t";"";"f";"";"";"EXCLUÍDA";"";"A Distância";
"1219593";"01";"";"51422118";"";"42510";"GRADUAÇÃO";"";"MACAU/RN";"2014";"1";"2014-01-27";"2014-06-14";"";"";"";"REGULAR";"t";"";"f";"";"";"EXCLUÍDA";"";"A Distância";
"1219594";"09";"";"51422118";"";"42510";"GRADUAÇÃO";"";"NAZARÉ DA MATA/PE";"2014";"1";"2014-01-27";"2014-06-14";"";"";"";"REGULAR";"t";"";"f";"";"";"EXCLUÍDA";"";"A Distância";
"1219595";"03";"";"51422118";"";"42510";"GRADUAÇÃO";"";"NOVA CRUZ/RN";"2014";"1";"2014-01-27";"2014-06-14";"";"1";"";"REGULAR";"t";"2014-06-27 09:12:49.24";"f";"";"0";"CONSOLIDADA";"";"A Distância";
"1219596";"06";"";"51422118";"";"42510";"GRADUAÇÃO";"";"PETROLINA/PE";"2014";"1";"2014-01-27";"2014-06-14";"";"1";"";"REGULAR";"t";"2014-06-27 09:16:17.469";"f";"";"0";"CONSOLIDADA";"";"A Distância";
"1219597";"08";"";"51422118";"";"42510";"GRADUAÇÃO";"";"SURUBIM/PE";"2014";"1";"2014-01-27";"2014-06-14";"";"1";"";"REGULAR";"t";"2014-06-27 09:15:53.391";"f";"";"0";"CONSOLIDADA";"";"A Distância";
"1219598";"07";"";"51422118";"";"42510";"GRADUAÇÃO";"";"TABIRA/PE";"2014";"1";"2014-01-27";"2014-06-14";"";"";"";"REGULAR";"t";"2014-06-27 09:12:18.91";"f";"";"0";"CONSOLIDADA";"";"A Distância";
"1219599";"04";"5752961";"";"";"2044102";"GRADUAÇÃO";"";"CAMPINA GRANDE/PB";"2014";"1";"2014-01-27";"2014-06-14";"";"1";"";"REGULAR";"t";"2014-06-06 14:19:32.44";"f";"";"0";"CONSOLIDADA";"";"A Distância";
"1219600";"02";"5752961";"";"";"2044102";"GRADUAÇÃO";"";"CURRIAS NOVOS/RN";"2014";"1";"2014-01-27";"2014-06-14";"";"3";"";"REGULAR";"t";"2014-06-13 11:35:48.371";"f";"";"0";"CONSOLIDADA";"";"A Distância";
"1219601";"11";"5752961";"";"";"2044102";"GRADUAÇÃO";"";"EXTREMOZ/RN";"2014";"1";"2014-01-27";"2014-06-14";"";"2";"";"REGULAR";"t";"2014-06-13 11:37:05.094";"f";"";"0";"CONSOLIDADA";"";"A Distância";
"1219602";"05";"5752961";"";"";"2044102";"GRADUAÇÃO";"";"GARANHUNS/PE";"2014";"1";"2014-01-27";"2014-06-14";"";"";"";"REGULAR";"t";"";"f";"";"";"EXCLUÍDA";"";"A Distância";
"1219603";"12";"5752961";"";"";"2044102";"GRADUAÇÃO";"";"LUÍS GOMES/RN";"2014";"1";"2014-01-27";"2014-06-14";"";"1";"";"REGULAR";"t";"2014-06-06 14:15:09.074";"f";"";"0";"CONSOLIDADA";"";"A Distância";
"1219604";"01";"5752961";"";"";"2044102";"GRADUAÇÃO";"";"MACAU/RN";"2014";"1";"2014-01-27";"2014-06-14";"";"4";"";"REGULAR";"t";"2014-06-06 14:14:16.984";"f";"";"0";"CONSOLIDADA";"";"A Distância";
"1219605";"09";"5752961";"";"";"2044102";"GRADUAÇÃO";"";"NAZARÉ DA MATA/PE";"2014";"1";"2014-01-27";"2014-06-14";"";"1";"";"REGULAR";"t";"2014-06-06 14:17:05.009";"f";"";"0";"CONSOLIDADA";"";"A Distância";
"1219606";"03";"5752961";"";"";"2044102";"GRADUAÇÃO";"";"NOVA CRUZ/RN";"2014";"1";"2014-01-27";"2014-06-14";"";"1";"";"REGULAR";"t";"2014-06-06 14:20:12.656";"f";"";"0";"CONSOLIDADA";"";"A Distância";
"1219607";"06";"5752961";"";"";"2044102";"GRADUAÇÃO";"";"PETROLINA/PE";"2014";"1";"2014-01-27";"2014-06-14";"";"2";"";"REGULAR";"t";"2014-06-06 14:18:48.056";"f";"";"0";"CONSOLIDADA";"";"A Distância";
"1219608";"08";"5752961";"";"";"2044102";"GRADUAÇÃO";"";"SURUBIM/PE";"2014";"1";"2014-01-27";"2014-06-14";"";"";"";"REGULAR";"t";"";"f";"";"";"EXCLUÍDA";"";"A Distância";
"1219609";"07";"5752961";"";"";"2044102";"GRADUAÇÃO";"";"TABIRA/PE";"2014";"1";"2014-01-27";"2014-06-14";"";"";"";"REGULAR";"t";"2014-06-18 15:12:52.105";"f";"";"0";"CONSOLIDADA";"";"A Distância";
"1219610";"04";"17918";"";"";"2044050";"GRADUAÇÃO";"";"CAMPINA GRANDE/PB";"2014";"1";"2014-01-27";"2014-06-14";"";"3";"";"REGULAR";"t";"";"f";"";"";"EXCLUÍDA";"";"A Distância";
"1219611";"02";"17918";"";"";"2044050";"GRADUAÇÃO";"";"CURRIAS NOVOS/RN";"2014";"1";"2014-01-27";"2014-06-14";"";"1";"";"REGULAR";"t";"";"f";"";"";"EXCLUÍDA";"";"A Distância";
"1219612";"11";"17918";"";"";"2044050";"GRADUAÇÃO";"";"EXTREMOZ/RN";"2014";"1";"2014-01-27";"2014-06-14";"";"1";"";"REGULAR";"t";"";"f";"";"";"EXCLUÍDA";"";"A Distância";
"1219613";"12";"17918";"";"";"2044050";"GRADUAÇÃO";"";"LUÍS GOMES/RN";"2014";"1";"2014-01-27";"2014-06-14";"";"";"";"REGULAR";"t";"";"f";"";"";"EXCLUÍDA";"";"A Distância";
"1219614";"01";"17918";"";"";"2044050";"GRADUAÇÃO";"";"MACAU/RN";"2014";"1";"2014-01-27";"2014-06-14";"";"2";"";"REGULAR";"t";"";"f";"";"";"EXCLUÍDA";"";"A Distância";
"1219615";"10";"17918";"";"";"2044050";"GRADUAÇÃO";"";"MACEIÓ/AL";"2014";"1";"2014-01-27";"2014-06-14";"";"";"";"REGULAR";"t";"";"f";"";"";"EXCLUÍDA";"";"A Distância";
"1219616";"13";"17918";"";"";"2044050";"GRADUAÇÃO";"";"MARTINS/RN";"2014";"1";"2014-01-27";"2014-06-14";"";"1";"";"REGULAR";"t";"";"f";"";"";"EXCLUÍDA";"";"A Distância";
"1219617";"03";"17918";"";"";"2044050";"GRADUAÇÃO";"";"NOVA CRUZ/RN";"2014";"1";"2014-01-27";"2014-06-14";"";"1";"";"REGULAR";"t";"";"f";"";"";"EXCLUÍDA";"";"A Distância";
"1219618";"04";"5755427";"";"";"27138";"GRADUAÇÃO";"";"CAMPINA GRANDE/PB";"2014";"1";"2014-01-27";"2014-06-14";"";"2";"";"REGULAR";"t";"2014-06-16 11:00:37.251";"f";"";"0";"CONSOLIDADA";"";"A Distância";
"1219619";"02";"5755427";"";"";"27138";"GRADUAÇÃO";"";"CURRIAS NOVOS/RN";"2014";"1";"2014-01-27";"2014-06-14";"";"3";"";"REGULAR";"t";"2014-06-05 11:27:38.162";"f";"";"0";"CONSOLIDADA";"";"A Distância";
"1219620";"11";"5755427";"";"";"27138";"GRADUAÇÃO";"";"EXTREMOZ/RN";"2014";"1";"2014-01-27";"2014-06-14";"";"1";"";"REGULAR";"t";"2014-06-05 11:30:23.615";"f";"";"0";"CONSOLIDADA";"";"A Distância";
"1219621";"12";"5755427";"";"";"27138";"GRADUAÇÃO";"";"LUÍS GOMES/RN";"2014";"1";"2014-01-27";"2014-06-14";"";"";"";"REGULAR";"t";"";"f";"";"";"EXCLUÍDA";"";"A Distância";
"1219622";"01";"5755427";"";"";"27138";"GRADUAÇÃO";"";"MACAU/RN";"2014";"1";"2014-01-27";"2014-06-14";"";"";"";"REGULAR";"t";"";"f";"";"";"EXCLUÍDA";"";"A Distância";
"1219623";"03";"5755427";"";"";"27138";"GRADUAÇÃO";"";"NOVA CRUZ/RN";"2014";"1";"2014-01-27";"2014-06-14";"";"2";"";"REGULAR";"t";"2014-06-16 10:59:44.624";"f";"";"0";"CONSOLIDADA";"";"A Distância";
"1219624";"06";"5755427";"";"";"27138";"GRADUAÇÃO";"";"PETROLINA/PE";"2014";"1";"2014-01-27";"2014-06-14";"";"2";"";"REGULAR";"t";"2014-06-05 11:28:42.198";"f";"";"0";"CONSOLIDADA";"";"A Distância";
"1219625";"08";"5755427";"";"";"27138";"GRADUAÇÃO";"";"SURUBIM/PE";"2014";"1";"2014-01-27";"2014-06-14";"";"1";"";"REGULAR";"t";"2014-06-05 11:29:16.389";"f";"";"0";"CONSOLIDADA";"";"A Distância";
"1219626";"07";"5755427";"";"";"27138";"GRADUAÇÃO";"";"TABIRA/PE";"2014";"1";"2014-01-27";"2014-06-14";"";"";"";"REGULAR";"t";"";"f";"";"";"EXCLUÍDA";"";"A Distância";
"1219627";"01";"5753408";"";"";"22484";"GRADUAÇÃO";"Campus Central";"AUDITÓRIO";"2014";"1";"2014-01-27";"2014-06-14";"35M34 6M12";"30";"60";"REGULAR";"f";"2014-06-16 23:22:20.583";"f";"";"100";"CONSOLIDADA";"";"Presencial";
"1219629";"02B";"5753547";"";"";"46631";"GRADUAÇÃO";"";"CURRAIS NOVOS/RN";"2014";"1";"2014-01-27";"2014-06-14";"";"";"";"REGULAR";"t";"";"f";"";"";"EXCLUÍDA";"";"A Distância";
"1219630";"11B";"5753547";"";"";"46631";"GRADUAÇÃO";"";"EXTREMOZ/RN";"2014";"1";"2014-01-27";"2014-06-14";"";"";"";"REGULAR";"t";"";"f";"";"";"EXCLUÍDA";"";"A Distância";
"1219631";"12B";"5753547";"";"";"46631";"GRADUAÇÃO";"";"LUÍS GOMES/RN";"2014";"1";"2014-01-27";"2014-06-14";"";"";"";"REGULAR";"t";"";"f";"";"";"EXCLUÍDA";"";"A Distância";
"1219632";"01A";"5753547";"";"";"46631";"GRADUAÇÃO";"";"MACAU/RN";"2014";"1";"2014-01-27";"2014-06-14";"";"2";"";"REGULAR";"t";"2014-06-17 19:01:46.285";"f";"";"0";"CONSOLIDADA";"";"A Distância";
"1219633";"03B";"5753547";"";"";"46631";"GRADUAÇÃO";"";"NOVA CRUZ/RN";"2014";"1";"2014-01-27";"2014-06-14";"";"";"";"REGULAR";"t";"";"f";"";"";"EXCLUÍDA";"";"A Distância";
"1219635";"01";"18185";"";"";"22915";"GRADUAÇÃO";"Campus Central";"a definir";"2014";"1";"2014-01-27";"2014-06-14";"35T34";"";"30";"REGULAR";"f";"";"f";"";"";"EXCLUÍDA";"";"Presencial";
"1219637";"02";"18185";"";"";"22484";"GRADUAÇÃO";"Campus Central";"a definir";"2014";"1";"2014-01-27";"2014-06-14";"246T56";"";"25";"REGULAR";"f";"";"f";"";"";"EXCLUÍDA";"";"Presencial";
"1219638";"01A";"21391";"";"";"27149";"GRADUAÇÃO";"";"MACAU/RN";"2014";"1";"2014-01-27";"2014-06-14";"";"4";"";"REGULAR";"t";"2014-06-09 11:15:46.391";"f";"";"0";"CONSOLIDADA";"";"A Distância";
"1219638";"01A";"5752299";"";"";"27149";"GRADUAÇÃO";"";"MACAU/RN";"2014";"1";"2014-01-27";"2014-06-14";"";"4";"";"REGULAR";"t";"2014-06-09 11:15:46.391";"f";"";"0";"CONSOLIDADA";"";"A Distância";
"1219639";"03A";"5752299";"";"";"27149";"GRADUAÇÃO";"";"NOVA CRUZ/RN";"2014";"1";"2014-01-27";"2014-06-14";"";"2";"";"REGULAR";"t";"2014-06-13 21:58:06.429";"f";"";"0";"CONSOLIDADA";"";"A Distância";
"1219639";"03A";"21391";"";"";"27149";"GRADUAÇÃO";"";"NOVA CRUZ/RN";"2014";"1";"2014-01-27";"2014-06-14";"";"2";"";"REGULAR";"t";"2014-06-13 21:58:06.429";"f";"";"0";"CONSOLIDADA";"";"A Distância";
"1219640";"02";"18185";"";"";"22915";"GRADUAÇÃO";"Campus Central";"4I7";"2014";"1";"2014-01-27";"2014-06-14";"24M34";"52";"46";"REGULAR";"f";"2014-06-15 14:17:16.513";"f";"";"72";"CONSOLIDADA";"";"Presencial";
"1219641";"01";"5755520";"";"";"22437";"GRADUAÇÃO";"Campus Central";"4B1";"2014";"1";"2014-01-27";"2014-06-14";"24M12";"13";"50";"REGULAR";"f";"2014-06-15 09:47:22.32";"f";"";"74";"CONSOLIDADA";"";"Presencial";
"1219642";"01";"5756382";"";"";"54990";"GRADUAÇÃO";"Campus Santa Cruz";"Bloco I - Sala 9";"2014";"1";"2014-03-17";"2014-04-21";"2M3456 (17/03/2014 - 21/04/2014)";"22";"20";"REGULAR";"f";"2014-06-14 09:03:29.412";"f";"";"24";"CONSOLIDADA";"";"Presencial";
"1219651";"01";"5753853";"";"";"22485";"GRADUAÇÃO";"Campus Central";"4C5";"2014";"1";"2014-01-27";"2014-06-14";"35M56";"50";"42";"REGULAR";"f";"2014-06-18 12:10:50.605";"f";"";"74";"CONSOLIDADA";"";"Presencial";
"1219652";"01";"5753560";"";"";"22435";"GRADUAÇÃO";"Campus Central";"4F3";"2014";"1";"2014-01-27";"2014-06-14";"234M34";"54";"54";"REGULAR";"f";"2014-06-18 07:57:27.788";"f";"";"116";"CONSOLIDADA";"";"Presencial";
"1219653";"02";"5756298";"";"";"54990";"GRADUAÇÃO";"Campus Santa Cruz";"Bloco I - Sala 9";"2014";"1";"2014-03-17";"2014-04-21";"2M3456 (17/03/2014 - 21/04/2014)";"11";"20";"REGULAR";"f";"2014-06-13 19:25:52.35";"f";"";"24";"CONSOLIDADA";"";"Presencial";
"1219654";"01";"5752980";"";"";"22443";"GRADUAÇÃO";"Campus Central";"4A5";"2014";"1";"2014-01-27";"2014-06-14";"24T56";"59";"52";"REGULAR";"f";"2014-06-14 11:18:50.307";"f";"";"72";"CONSOLIDADA";"";"Presencial";
"1219655";"01";"18046";"";"";"21087";"GRADUAÇÃO";"Campus Central";"4B2";"2014";"1";"2014-01-27";"2014-06-14";"24M56";"6";"40";"REGULAR";"f";"2014-06-21 17:30:07.372";"f";"";"70";"CONSOLIDADA";"";"Presencial";
"1219656";"01";"21874";"";"";"22450";"GRADUAÇÃO";"Campus Central";"4F2";"2014";"1";"2014-01-27";"2014-06-14";"24M56";"82";"48";"REGULAR";"f";"2014-06-11 19:13:17.824";"f";"";"70";"CONSOLIDADA";"";"Presencial";
"1219657";"04";"5751879";"";"";"27140";"GRADUAÇÃO";"";"CAMPINA GRANDE/PB";"2014";"1";"2014-01-27";"2014-06-14";"";"1";"";"REGULAR";"t";"2014-06-13 17:05:33.027";"f";"";"0";"CONSOLIDADA";"";"A Distância";
"1219658";"02";"5751879";"";"";"27140";"GRADUAÇÃO";"";"CURRIAS NOVOS/RN";"2014";"1";"2014-01-27";"2014-06-14";"";"7";"";"REGULAR";"t";"2014-06-13 17:01:25.192";"f";"";"0";"CONSOLIDADA";"";"A Distância";
"1219659";"11";"5751879";"";"";"27140";"GRADUAÇÃO";"";"EXTREMOZ/RN";"2014";"1";"2014-01-27";"2014-06-14";"";"6";"";"REGULAR";"t";"2014-06-23 09:25:03.371";"f";"";"0";"CONSOLIDADA";"";"A Distância";
"1219660";"12";"5751879";"";"";"27140";"GRADUAÇÃO";"";"LUÍS GOMES/RN";"2014";"1";"2014-01-27";"2014-06-14";"";"1";"";"REGULAR";"t";"2014-06-13 17:04:40.622";"f";"";"0";"CONSOLIDADA";"";"A Distância";
"1219661";"01";"5751879";"";"";"27140";"GRADUAÇÃO";"";"MACAU/RN";"2014";"1";"2014-01-27";"2014-06-14";"";"4";"";"REGULAR";"t";"2014-06-13 16:57:56.709";"f";"";"0";"CONSOLIDADA";"";"A Distância";
"1219662";"10";"5751879";"";"";"27140";"GRADUAÇÃO";"";"MACEIÓ/AL";"2014";"1";"2014-01-27";"2014-06-14";"";"";"";"REGULAR";"t";"";"f";"";"";"EXCLUÍDA";"";"A Distância";
"1219663";"13";"5751879";"";"";"27140";"GRADUAÇÃO";"";"MARTINS/RN";"2014";"1";"2014-01-27";"2014-06-14";"";"";"";"REGULAR";"t";"";"f";"";"";"EXCLUÍDA";"";"A Distância";
"1219664";"03";"5751879";"";"";"27140";"GRADUAÇÃO";"";"NOVA CRUZ/RN";"2014";"1";"2014-01-27";"2014-06-14";"";"3";"";"REGULAR";"t";"2014-06-13 16:56:31.109";"f";"";"0";"CONSOLIDADA";"";"A Distância";
"1219665";"01";"22206";"";"";"25458";"GRADUAÇÃO";"Campus Central";"LAB DE SIST DIGITAIS";"2014";"1";"2014-01-27";"2014-06-14";"6M123";"29";"20";"REGULAR";"f";"2014-06-06 23:33:00.107";"f";"";"51";"CONSOLIDADA";"";"Presencial";
"1219666";"02";"21874";"";"";"25458";"GRADUAÇÃO";"Campus Central";"LAB DE SIST DIGITAIS";"2014";"1";"2014-01-27";"2014-06-14";"6M456";"60";"22";"REGULAR";"f";"2014-06-19 10:55:01.077";"f";"";"54";"CONSOLIDADA";"";"Presencial";
"1219667";"01";"21874";"";"";"25460";"GRADUAÇÃO";"Campus Central";"LAB DE CIRC ELETRON";"2014";"1";"2014-01-27";"2014-06-14";"4N123";"15";"20";"REGULAR";"f";"2014-06-16 11:43:37.056";"f";"";"51";"CONSOLIDADA";"";"Presencial";
"1219667";"01";"22708";"";"";"25460";"GRADUAÇÃO";"Campus Central";"LAB DE CIRC ELETRON";"2014";"1";"2014-01-27";"2014-06-14";"4N123";"15";"20";"REGULAR";"f";"2014-06-16 11:43:37.056";"f";"";"51";"CONSOLIDADA";"";"Presencial";
"1219668";"01";"5756382";"";"";"54991";"GRADUAÇÃO";"Campus Santa Cruz";"Externo";"2014";"1";"2014-04-28";"2014-06-06";"2M34 (28/04/2014 - 06/06/2014)";"8";"7";"REGULAR";"f";"2014-06-13 23:14:46.932";"f";"";"12";"CONSOLIDADA";"";"Presencial";
"1219669";"02B";"5756452";"";"";"46909";"GRADUAÇÃO";"";"CURRAIS NOVOS/RN";"2014";"1";"2014-01-27";"2014-06-14";"";"1";"";"REGULAR";"t";"2014-06-12 19:02:29.363";"f";"";"0";"CONSOLIDADA";"";"A Distância";
"1219670";"11B";"5756452";"";"";"46909";"GRADUAÇÃO";"";"EXTREMOZ/RN";"2014";"1";"2014-01-27";"2014-06-14";"";"1";"";"REGULAR";"t";"2014-06-12 18:57:24.028";"f";"";"0";"CONSOLIDADA";"";"A Distância";
"1219671";"01B";"5756452";"";"";"46909";"GRADUAÇÃO";"";"MACAU/RN";"2014";"1";"2014-01-27";"2014-06-14";"";"1";"";"REGULAR";"t";"2014-06-12 18:40:04.671";"f";"";"0";"CONSOLIDADA";"";"A Distância";
"1219672";"02";"22708";"";"";"25460";"GRADUAÇÃO";"Campus Central";"LAB DE CIRC ELETRON";"2014";"1";"2014-01-27";"2014-06-14";"4N234";"16";"20";"REGULAR";"f";"2014-06-21 01:24:01.824";"f";"";"51";"CONSOLIDADA";"";"Presencial";
"1219673";"04";"17595";"";"";"27127";"GRADUAÇÃO";"";"CAMPINA GRANDE/PB";"2014";"1";"2014-01-27";"2014-06-14";"";"1";"";"REGULAR";"t";"2014-06-19 09:24:49.483";"f";"";"0";"CONSOLIDADA";"";"A Distância";
"1219674";"02";"17595";"";"";"27127";"GRADUAÇÃO";"";"CURRIAS NOVOS/RN";"2014";"1";"2014-01-27";"2014-06-14";"";"1";"";"REGULAR";"t";"2014-06-19 09:20:50.743";"f";"";"0";"CONSOLIDADA";"";"A Distância";
"1219675";"11";"17595";"";"";"27127";"GRADUAÇÃO";"";"EXTREMOZ/RN";"2014";"1";"2014-01-27";"2014-06-14";"";"2";"";"REGULAR";"t";"2014-06-19 09:25:37.037";"f";"";"0";"CONSOLIDADA";"";"A Distância";
"1219676";"12";"17595";"";"";"27127";"GRADUAÇÃO";"";"LUÍS GOMES/RN";"2014";"1";"2014-01-27";"2014-06-14";"";"";"";"REGULAR";"t";"";"f";"";"";"EXCLUÍDA";"";"A Distância";
"1219677";"01";"17595";"";"";"27127";"GRADUAÇÃO";"";"MACAU/RN";"2014";"1";"2014-01-27";"2014-06-14";"";"1";"";"REGULAR";"t";"2014-06-19 01:11:35.151";"f";"";"0";"CONSOLIDADA";"";"A Distância";
"1219678";"09";"17595";"";"";"27127";"GRADUAÇÃO";"";"NAZARÉ DA MATA/PE";"2014";"1";"2014-01-27";"2014-06-14";"";"";"";"REGULAR";"t";"";"f";"";"";"EXCLUÍDA";"";"A Distância";
"1219679";"03";"17595";"";"";"27127";"GRADUAÇÃO";"";"NOVA CRUZ/RN";"2014";"1";"2014-01-27";"2014-06-14";"";"";"";"REGULAR";"t";"";"f";"";"";"EXCLUÍDA";"";"A Distância";
"1219680";"07";"17595";"";"";"27127";"GRADUAÇÃO";"";"TABIRA/PE";"2014";"1";"2014-01-27";"2014-06-14";"";"";"";"REGULAR";"t";"2014-06-19 09:19:59.727";"f";"";"0";"CONSOLIDADA";"";"A Distância";
"1219681";"01";"18678";"";"";"22444";"GRADUAÇÃO";"Campus Central";"4B2";"2014";"1";"2014-01-27";"2014-06-14";"35M12 7M5";"49";"50";"REGULAR";"f";"2014-06-20 20:01:59.513";"f";"";"87";"CONSOLIDADA";"";"Presencial";
"1219682";"01";"5751838";"";"";"22436";"GRADUAÇÃO";"Campus Central";"4B2";"2014";"1";"2014-01-27";"2014-06-14";"24M12";"47";"55";"REGULAR";"f";"2014-06-26 11:21:22.862";"f";"";"66";"CONSOLIDADA";"";"Presencial";
"1219683";"01";"5753882";"";"";"22457";"GRADUAÇÃO";"Campus Central";"4B2";"2014";"1";"2014-01-27";"2014-06-14";"24M34";"44";"50";"REGULAR";"f";"2014-06-20 01:31:00.804";"f";"";"74";"CONSOLIDADA";"";"Presencial";
"1219684";"04";"17595";"";"";"27128";"GRADUAÇÃO";"";"CAMPINA GRANDE/PB";"2014";"1";"2014-01-27";"2014-06-14";"";"";"";"REGULAR";"t";"";"f";"";"";"EXCLUÍDA";"";"A Distância";
"1219685";"02";"17595";"";"";"27128";"GRADUAÇÃO";"";"CURRIAS NOVOS/RN";"2014";"1";"2014-01-27";"2014-06-14";"";"1";"";"REGULAR";"t";"2014-06-19 08:54:54.595";"f";"";"0";"CONSOLIDADA";"";"A Distância";
"1219686";"11";"17595";"";"";"27128";"GRADUAÇÃO";"";"EXTREMOZ/RN";"2014";"1";"2014-01-27";"2014-06-14";"";"1";"";"REGULAR";"t";"2014-06-19 08:59:25.51";"f";"";"0";"CONSOLIDADA";"";"A Distância";
"1219687";"12";"17595";"";"";"27128";"GRADUAÇÃO";"";"LUÍS GOMES/RN";"2014";"1";"2014-01-27";"2014-06-14";"";"2";"";"REGULAR";"t";"2014-06-19 09:00:19.607";"f";"";"0";"CONSOLIDADA";"";"A Distância";
"1219688";"01";"17595";"";"";"27128";"GRADUAÇÃO";"";"MACAU/RN";"2014";"1";"2014-01-27";"2014-06-14";"";"1";"";"REGULAR";"t";"2014-06-19 01:10:18.237";"f";"";"0";"CONSOLIDADA";"";"A Distância";
"1219689";"13";"17595";"";"";"27128";"GRADUAÇÃO";"";"MARTINS/RN";"2014";"1";"2014-01-27";"2014-06-14";"";"1";"";"REGULAR";"t";"2014-06-19 09:01:12.536";"f";"";"0";"CONSOLIDADA";"";"A Distância";
"1219690";"09";"17595";"";"";"27128";"GRADUAÇÃO";"";"NAZARÉ DA MATA/PE";"2014";"1";"2014-01-27";"2014-06-14";"";"1";"";"REGULAR";"t";"2014-06-19 08:58:26.181";"f";"";"0";"CONSOLIDADA";"";"A Distância";
"1219691";"06";"17595";"";"";"27128";"GRADUAÇÃO";"";"PETROLINA/PE";"2014";"1";"2014-01-27";"2014-06-14";"";"1";"";"REGULAR";"t";"2014-06-19 08:56:15.632";"f";"";"0";"CONSOLIDADA";"";"A Distância";
"1219692";"08";"17595";"";"";"27128";"GRADUAÇÃO";"";"SURUBIM/PE";"2014";"1";"2014-01-27";"2014-06-14";"";"";"";"REGULAR";"t";"";"f";"";"";"EXCLUÍDA";"";"A Distância";
"1219693";"07";"17595";"";"";"27128";"GRADUAÇÃO";"";"TABIRA/PE";"2014";"1";"2014-01-27";"2014-06-14";"";"";"";"REGULAR";"t";"2014-06-19 08:57:13.031";"f";"";"0";"CONSOLIDADA";"";"A Distância";
"1219694";"01";"18545";"";"";"22445";"GRADUAÇÃO";"Campus Central";"4B3";"2014";"1";"2014-01-27";"2014-06-14";"246M34";"51";"48";"REGULAR";"f";"2014-06-16 16:21:58.996";"f";"";"112";"CONSOLIDADA";"";"Presencial";
"1219695";"04";"5752477";"";"";"27135";"GRADUAÇÃO";"";"CAMPINA GRANDE/PB";"2014";"1";"2014-01-27";"2014-06-14";"";"1";"";"REGULAR";"t";"2014-06-06 08:02:57.257";"f";"";"0";"CONSOLIDADA";"";"A Distância";
"1219696";"02";"5752477";"";"";"27135";"GRADUAÇÃO";"";"CURRIAS NOVOS/RN";"2014";"1";"2014-01-27";"2014-06-14";"";"3";"";"REGULAR";"t";"2014-06-17 12:02:17.014";"f";"";"0";"CONSOLIDADA";"";"A Distância";
"1219697";"11";"5752477";"";"";"27135";"GRADUAÇÃO";"";"EXTREMOZ/RN";"2014";"1";"2014-01-27";"2014-06-14";"";"1";"";"REGULAR";"t";"2014-06-06 08:03:45.588";"f";"";"0";"CONSOLIDADA";"";"A Distância";
"1219698";"12";"5752477";"";"";"27135";"GRADUAÇÃO";"";"LUÍS GOMES/RN";"2014";"1";"2014-01-27";"2014-06-14";"";"";"";"REGULAR";"t";"";"f";"";"";"EXCLUÍDA";"";"A Distância";
"1219699";"01";"5752477";"";"";"27135";"GRADUAÇÃO";"";"MACAU/RN";"2014";"1";"2014-01-27";"2014-06-14";"";"1";"";"REGULAR";"t";"2014-06-06 07:55:43.139";"f";"";"0";"CONSOLIDADA";"";"A Distância";
"1219700";"03";"5752477";"";"";"27135";"GRADUAÇÃO";"";"NOVA CRUZ/RN";"2014";"1";"2014-01-27";"2014-06-14";"";"1";"";"REGULAR";"t";"2014-06-06 08:04:51.928";"f";"";"0";"CONSOLIDADA";"";"A Distância";
"1219701";"06";"5752477";"";"";"27135";"GRADUAÇÃO";"";"PETROLINA/PE";"2014";"1";"2014-01-27";"2014-06-14";"";"";"";"REGULAR";"t";"";"f";"";"";"EXCLUÍDA";"";"A Distância";
"1219702";"02";"5756298";"";"";"54991";"GRADUAÇÃO";"Campus Santa Cruz";"Externo";"2014";"1";"2014-04-28";"2014-06-06";"2M34 (28/04/2014 - 06/06/2014)";"6";"7";"REGULAR";"f";"2014-06-13 19:27:31.822";"f";"";"12";"CONSOLIDADA";"";"Presencial";
"1219703";"01";"23658";"";"";"22455";"GRADUAÇÃO";"Campus Central";"4I10";"2014";"1";"2014-01-27";"2014-06-14";"35M34";"59";"50";"REGULAR";"f";"2014-06-12 19:44:49.503";"f";"";"68";"CONSOLIDADA";"";"Presencial";
"1219704";"02A";"";"102136299";"";"46534";"GRADUAÇÃO";"";"CURRAIS NOVOS/RN";"2014";"1";"2014-01-27";"2014-06-14";"";"4";"";"REGULAR";"t";"2014-06-06 12:10:00.317";"f";"";"0";"CONSOLIDADA";"";"A Distância";
"1219704";"02A";"5755929";"";"";"46534";"GRADUAÇÃO";"";"CURRAIS NOVOS/RN";"2014";"1";"2014-01-27";"2014-06-14";"";"4";"";"REGULAR";"t";"2014-06-06 12:10:00.317";"f";"";"0";"CONSOLIDADA";"";"A Distância";
"1219705";"11A";"";"102136299";"";"46534";"GRADUAÇÃO";"";"EXTREMOZ/RN";"2014";"1";"2014-01-27";"2014-06-14";"";"3";"";"REGULAR";"t";"2014-06-18 15:19:41.159";"f";"";"0";"CONSOLIDADA";"";"A Distância";
"1219705";"11A";"5755929";"";"";"46534";"GRADUAÇÃO";"";"EXTREMOZ/RN";"2014";"1";"2014-01-27";"2014-06-14";"";"3";"";"REGULAR";"t";"2014-06-18 15:19:41.159";"f";"";"0";"CONSOLIDADA";"";"A Distância";
"1219706";"12A";"";"102136299";"";"46534";"GRADUAÇÃO";"";"LUÍS GOMES/RN";"2014";"1";"2014-01-27";"2014-06-14";"";"";"";"REGULAR";"t";"";"f";"";"";"EXCLUÍDA";"";"A Distância";
"1219707";"01A";"";"102136299";"";"46534";"GRADUAÇÃO";"";"MACAU/RN";"2014";"1";"2014-01-27";"2014-06-14";"";"4";"";"REGULAR";"t";"2014-06-06 12:09:11.903";"f";"";"0";"CONSOLIDADA";"";"A Distância";
"1219707";"01A";"5755929";"";"";"46534";"GRADUAÇÃO";"";"MACAU/RN";"2014";"1";"2014-01-27";"2014-06-14";"";"4";"";"REGULAR";"t";"2014-06-06 12:09:11.903";"f";"";"0";"CONSOLIDADA";"";"A Distância";
"1219708";"03A";"";"102136299";"";"46534";"GRADUAÇÃO";"";"NOVA CRUZ/RN";"2014";"1";"2014-01-27";"2014-06-14";"";"1";"";"REGULAR";"t";"2014-06-06 12:10:37.7";"f";"";"0";"CONSOLIDADA";"";"A Distância";
"1219708";"03A";"5755929";"";"";"46534";"GRADUAÇÃO";"";"NOVA CRUZ/RN";"2014";"1";"2014-01-27";"2014-06-14";"";"1";"";"REGULAR";"t";"2014-06-06 12:10:37.7";"f";"";"0";"CONSOLIDADA";"";"A Distância";
"1219709";"02";"23658";"";"";"22455";"GRADUAÇÃO";"Campus Central";"4F1";"2014";"1";"2014-01-27";"2014-06-14";"35T34";"24";"50";"REGULAR";"f";"2014-06-12 19:53:21.101";"f";"";"68";"CONSOLIDADA";"";"Presencial";
"1219710";"03";"5756382";"";"";"54991";"GRADUAÇÃO";"Campus Santa Cruz";"Externo";"2014";"1";"2014-04-28";"2014-06-06";"2M56 (28/04/2014 - 06/06/2014)";"7";"7";"REGULAR";"f";"2014-06-13 23:23:35.519";"f";"";"12";"CONSOLIDADA";"";"Presencial";
"1219711";"01";"18112";"";"";"22453";"GRADUAÇÃO";"Campus Central";"4A2";"2014";"1";"2014-01-27";"2014-06-14";"46M56";"72";"54";"REGULAR";"f";"2014-06-11 14:53:34.608";"f";"";"66";"CONSOLIDADA";"";"Presencial";
"1219712";"11A";"20811";"";"";"27148";"GRADUAÇÃO";"";"EXTREMOZ/RN";"2014";"1";"2014-01-27";"2014-06-14";"";"1";"";"REGULAR";"t";"2014-06-20 13:32:15.255";"f";"";"0";"CONSOLIDADA";"";"A Distância";
"1219712";"11A";"21789";"";"";"27148";"GRADUAÇÃO";"";"EXTREMOZ/RN";"2014";"1";"2014-01-27";"2014-06-14";"";"1";"";"REGULAR";"t";"2014-06-20 13:32:15.255";"f";"";"0";"CONSOLIDADA";"";"A Distância";
"1219713";"01B";"20811";"";"";"27148";"GRADUAÇÃO";"";"MACAU/RN";"2014";"1";"2014-01-27";"2014-06-14";"";"2";"";"REGULAR";"t";"2014-06-20 14:44:17.453";"f";"";"0";"CONSOLIDADA";"";"A Distância";
"1219713";"01B";"21789";"";"";"27148";"GRADUAÇÃO";"";"MACAU/RN";"2014";"1";"2014-01-27";"2014-06-14";"";"2";"";"REGULAR";"t";"2014-06-20 14:44:17.453";"f";"";"0";"CONSOLIDADA";"";"A Distância";
"1219714";"18";"20811";"";"";"27148";"GRADUAÇÃO";"";"NATAL/RN";"2014";"1";"2014-01-27";"2014-06-14";"";"";"";"REGULAR";"t";"";"f";"";"";"EXCLUÍDA";"";"A Distância";
"1219714";"18";"21789";"";"";"27148";"GRADUAÇÃO";"";"NATAL/RN";"2014";"1";"2014-01-27";"2014-06-14";"";"";"";"REGULAR";"t";"";"f";"";"";"EXCLUÍDA";"";"A Distância";
"1219715";"04";"5756298";"";"";"54991";"GRADUAÇÃO";"Campus Santa Cruz";"Externo";"2014";"1";"2014-04-28";"2014-06-06";"2M56 (28/04/2014 - 06/06/2014)";"1";"7";"REGULAR";"f";"2014-06-13 19:37:36.272";"f";"";"12";"CONSOLIDADA";"";"Presencial";
"1219716";"01";"5751838";"";"";"22458";"GRADUAÇÃO";"Campus Central";"4F3";"2014";"1";"2014-01-27";"2014-06-14";"35M12";"41";"55";"REGULAR";"f";"2014-06-26 11:04:21.222";"f";"";"68";"CONSOLIDADA";"";"Presencial";
"1219717";"05";"5756382";"";"";"54991";"GRADUAÇÃO";"Campus Santa Cruz";"Externo";"2014";"1";"2014-04-28";"2014-06-06";"3M12 (28/04/2014 - 06/06/2014)";"6";"6";"REGULAR";"f";"2014-06-13 23:27:18.414";"f";"";"12";"CONSOLIDADA";"";"Presencial";
"1219718";"01";"5756360";"";"";"22916";"GRADUAÇÃO";"Campus Central";"4C5";"2014";"1";"2014-01-27";"2014-06-14";"24M34";"10";"40";"REGULAR";"f";"2014-06-07 12:22:23.989";"f";"";"70";"CONSOLIDADA";"";"Presencial";
"1219719";"06";"5756298";"";"";"54991";"GRADUAÇÃO";"Campus Santa Cruz";"Externo";"2014";"1";"2014-04-28";"2014-06-06";"3M12 (28/04/2014 - 06/06/2014)";"5";"6";"REGULAR";"f";"2014-06-13 19:38:31.184";"f";"";"12";"CONSOLIDADA";"";"Presencial";
"1219720";"02";"5753853";"";"";"22916";"GRADUAÇÃO";"Campus Central";"4A3";"2014";"1";"2014-01-27";"2014-06-14";"35N34";"33";"30";"REGULAR";"f";"2014-06-18 12:19:57.623";"f";"";"72";"CONSOLIDADA";"";"Presencial";
"1219721";"04";"5752380";"";"";"27125";"GRADUAÇÃO";"";"CAMPINA GRANDE/PB";"2014";"1";"2014-01-27";"2014-06-14";"";"1";"";"REGULAR";"t";"";"f";"";"";"EXCLUÍDA";"";"A Distância";
"1219722";"02";"5752380";"";"";"27125";"GRADUAÇÃO";"";"CURRAIS NOVOS/RN";"2014";"1";"2014-01-27";"2014-06-14";"";"3";"";"REGULAR";"t";"2014-06-26 00:32:03.299";"f";"";"0";"CONSOLIDADA";"";"A Distância";
"1219723";"11";"5752380";"";"";"27125";"GRADUAÇÃO";"";"EXTREMOZ/RN";"2014";"1";"2014-01-27";"2014-06-14";"";"2";"";"REGULAR";"t";"2014-06-26 00:32:38.349";"f";"";"0";"CONSOLIDADA";"";"A Distância";
"1219724";"01";"5752380";"";"";"27125";"GRADUAÇÃO";"";"MACAU/RN";"2014";"1";"2014-01-27";"2014-06-14";"";"2";"";"REGULAR";"t";"2014-06-26 00:31:21.273";"f";"";"0";"CONSOLIDADA";"";"A Distância";
"1219725";"10";"5752380";"";"";"27125";"GRADUAÇÃO";"";"MACEIÓ/AL";"2014";"1";"2014-01-27";"2014-06-14";"";"";"";"REGULAR";"t";"";"f";"";"";"EXCLUÍDA";"";"A Distância";
"1219726";"03";"5752380";"";"";"27125";"GRADUAÇÃO";"";"NOVA CRUZ/RN";"2014";"1";"2014-01-27";"2014-06-14";"";"1";"";"REGULAR";"t";"";"f";"";"";"EXCLUÍDA";"";"A Distância";
"1219727";"01";"5754313";"";"";"25882";"GRADUAÇÃO";"Campus Central";"4B4";"2014";"1";"2014-01-27";"2014-06-14";"35M56";"45";"33";"REGULAR";"f";"";"f";"";"";"CONSOLIDADA";"";"Presencial";
"1219728";"04";"5752171";"";"";"2044051";"GRADUAÇÃO";"";"CAMPINA GRANDE/PB";"2014";"1";"2014-01-27";"2014-06-14";"";"1";"";"REGULAR";"t";"2014-06-18 14:54:51.166";"f";"";"0";"CONSOLIDADA";"";"A Distância";
"1219729";"02";"5752171";"";"";"2044051";"GRADUAÇÃO";"";"CURRIAS NOVOS/RN";"2014";"1";"2014-01-27";"2014-06-14";"";"2";"";"REGULAR";"t";"2014-06-05 15:01:10.086";"f";"";"0";"CONSOLIDADA";"";"A Distância";
"1219730";"11";"5752171";"";"";"2044051";"GRADUAÇÃO";"";"EXTREMOZ/RN";"2014";"1";"2014-01-27";"2014-06-14";"";"3";"";"REGULAR";"t";"2014-06-12 08:07:57.3";"f";"";"0";"CONSOLIDADA";"";"A Distância";
"1219731";"12";"5752171";"";"";"2044051";"GRADUAÇÃO";"";"LUÍS GOMES/RN";"2014";"1";"2014-01-27";"2014-06-14";"";"1";"";"REGULAR";"t";"2014-06-02 15:14:22.366";"f";"";"0";"CONSOLIDADA";"";"A Distância";
"1219732";"01";"5752171";"";"";"2044051";"GRADUAÇÃO";"";"MACAU/RN";"2014";"1";"2014-01-27";"2014-06-14";"";"1";"";"REGULAR";"t";"2014-06-02 15:15:48.509";"f";"";"0";"CONSOLIDADA";"";"A Distância";
"1219733";"03";"5752171";"";"";"2044051";"GRADUAÇÃO";"";"NOVA CRUZ/RN";"2014";"1";"2014-01-27";"2014-06-14";"";"2";"";"REGULAR";"t";"2014-06-12 08:05:45.848";"f";"";"0";"CONSOLIDADA";"";"A Distância";
"1219734";"01";"18679";"";"";"22460";"GRADUAÇÃO";"Campus Central";"4C2";"2014";"1";"2014-01-27";"2014-06-14";"24M56";"10";"30";"REGULAR";"f";"2014-06-18 12:09:23.065";"f";"";"74";"CONSOLIDADA";"";"Presencial";
"1219735";"01";"23658";"";"";"22467";"GRADUAÇÃO";"Campus Central";"4I10";"2014";"1";"2014-01-27";"2014-06-14";"24T34";"9";"30";"REGULAR";"f";"2014-06-12 19:57:56.022";"f";"";"68";"CONSOLIDADA";"";"Presencial";
"1219736";"01";"5756299";"";"";"54997";"GRADUAÇÃO";"Campus Santa Cruz";"Bloco I - Sala 1";"2014";"1";"2014-01-27";"2014-06-09";"2T456 (27/01/2014 - 09/06/2014)";"38";"40";"REGULAR";"f";"2014-06-13 04:31:47.244";"f";"";"51";"CONSOLIDADA";"";"Presencial";
"1219748";"01";"18187";"";"";"22451";"GRADUAÇÃO";"Campus Central";"4E5";"2014";"1";"2014-01-27";"2014-06-14";"35T34";"11";"30";"REGULAR";"f";"2014-06-21 08:37:59.469";"f";"";"68";"CONSOLIDADA";"";"Presencial";
"1219749";"01";"23189";"";"";"54275";"GRADUAÇÃO";"Campus Central";"HUOL";"2014";"1";"2014-01-27";"2014-06-14";"35M12";"47";"55";"REGULAR";"f";"2014-06-11 09:14:23.537";"f";"";"72";"CONSOLIDADA";"";"Presencial";
"1219749";"01";"22869";"";"";"54275";"GRADUAÇÃO";"Campus Central";"HUOL";"2014";"1";"2014-01-27";"2014-06-14";"35M12";"47";"55";"REGULAR";"f";"2014-06-11 09:14:23.537";"f";"";"72";"CONSOLIDADA";"";"Presencial";
"1219749";"01";"5754335";"";"";"54275";"GRADUAÇÃO";"Campus Central";"HUOL";"2014";"1";"2014-01-27";"2014-06-14";"35M12";"47";"55";"REGULAR";"f";"2014-06-11 09:14:23.537";"f";"";"72";"CONSOLIDADA";"";"Presencial";
"1219749";"01";"2300648";"";"";"54275";"GRADUAÇÃO";"Campus Central";"HUOL";"2014";"1";"2014-01-27";"2014-06-14";"35M12";"47";"55";"REGULAR";"f";"2014-06-11 09:14:23.537";"f";"";"72";"CONSOLIDADA";"";"Presencial";
"1219749";"01";"37281";"";"";"54275";"GRADUAÇÃO";"Campus Central";"HUOL";"2014";"1";"2014-01-27";"2014-06-14";"35M12";"47";"55";"REGULAR";"f";"2014-06-11 09:14:23.537";"f";"";"72";"CONSOLIDADA";"";"Presencial";
"1219749";"01";"5755282";"";"";"54275";"GRADUAÇÃO";"Campus Central";"HUOL";"2014";"1";"2014-01-27";"2014-06-14";"35M12";"47";"55";"REGULAR";"f";"2014-06-11 09:14:23.537";"f";"";"72";"CONSOLIDADA";"";"Presencial";
"1219749";"01";"22907";"";"";"54275";"GRADUAÇÃO";"Campus Central";"HUOL";"2014";"1";"2014-01-27";"2014-06-14";"35M12";"47";"55";"REGULAR";"f";"2014-06-11 09:14:23.537";"f";"";"72";"CONSOLIDADA";"";"Presencial";
"1219749";"01";"5754345";"";"";"54275";"GRADUAÇÃO";"Campus Central";"HUOL";"2014";"1";"2014-01-27";"2014-06-14";"35M12";"47";"55";"REGULAR";"f";"2014-06-11 09:14:23.537";"f";"";"72";"CONSOLIDADA";"";"Presencial";
"1219749";"01";"5755545";"";"";"54275";"GRADUAÇÃO";"Campus Central";"HUOL";"2014";"1";"2014-01-27";"2014-06-14";"35M12";"47";"55";"REGULAR";"f";"2014-06-11 09:14:23.537";"f";"";"72";"CONSOLIDADA";"";"Presencial";
"1219749";"01";"5751840";"";"";"54275";"GRADUAÇÃO";"Campus Central";"HUOL";"2014";"1";"2014-01-27";"2014-06-14";"35M12";"47";"55";"REGULAR";"f";"2014-06-11 09:14:23.537";"f";"";"72";"CONSOLIDADA";"";"Presencial";
"1219749";"01";"5752213";"";"";"54275";"GRADUAÇÃO";"Campus Central";"HUOL";"2014";"1";"2014-01-27";"2014-06-14";"35M12";"47";"55";"REGULAR";"f";"2014-06-11 09:14:23.537";"f";"";"72";"CONSOLIDADA";"";"Presencial";
"1219750";"01";"20900";"";"";"22446";"GRADUAÇÃO";"Campus Central";"4A10";"2014";"1";"2014-01-27";"2014-06-14";"46M34";"15";"20";"REGULAR";"f";"2014-06-21 17:31:41.864";"f";"";"72";"CONSOLIDADA";"";"Presencial";
"1219750";"01";"18046";"";"";"22446";"GRADUAÇÃO";"Campus Central";"4A10";"2014";"1";"2014-01-27";"2014-06-14";"46M34";"15";"20";"REGULAR";"f";"2014-06-21 17:31:41.864";"f";"";"72";"CONSOLIDADA";"";"Presencial";
"1219751";"01";"5752755";"";"";"2039250";"GRADUAÇÃO";"Campus Central";"DOD";"2014";"1";"2014-01-27";"2014-06-14";"3M345";"30";"45";"REGULAR";"f";"2014-06-09 20:58:30.38";"f";"";"54";"CONSOLIDADA";"";"Presencial";
"1219751";"01";"5756311";"";"";"2039250";"GRADUAÇÃO";"Campus Central";"DOD";"2014";"1";"2014-01-27";"2014-06-14";"3M345";"30";"45";"REGULAR";"f";"2014-06-09 20:58:30.38";"f";"";"54";"CONSOLIDADA";"";"Presencial";
"1219751";"01";"5753027";"";"";"2039250";"GRADUAÇÃO";"Campus Central";"DOD";"2014";"1";"2014-01-27";"2014-06-14";"3M345";"30";"45";"REGULAR";"f";"2014-06-09 20:58:30.38";"f";"";"54";"CONSOLIDADA";"";"Presencial";
"1219752";"01";"21585";"";"";"2041603";"GRADUAÇÃO";"Campus Central";"DOD";"2014";"1";"2014-01-27";"2014-06-14";"4T23";"29";"28";"REGULAR";"f";"2014-06-25 11:22:27.251";"f";"";"34";"CONSOLIDADA";"";"Presencial";
"1219753";"01";"26507";"";"";"2056100";"GRADUAÇÃO";"Campus Central";"DOD";"2014";"1";"2014-01-27";"2014-06-14";"46M2345  3T23";"14";"14";"REGULAR";"f";"2014-06-02 08:53:09.183";"f";"";"166";"CONSOLIDADA";"";"Presencial";
"1219753";"01";"25595";"";"";"2056100";"GRADUAÇÃO";"Campus Central";"DOD";"2014";"1";"2014-01-27";"2014-06-14";"46M2345  3T23";"14";"14";"REGULAR";"f";"2014-06-02 08:53:09.183";"f";"";"166";"CONSOLIDADA";"";"Presencial";
"1219753";"01";"5752231";"";"";"2056100";"GRADUAÇÃO";"Campus Central";"DOD";"2014";"1";"2014-01-27";"2014-06-14";"46M2345  3T23";"14";"14";"REGULAR";"f";"2014-06-02 08:53:09.183";"f";"";"166";"CONSOLIDADA";"";"Presencial";
"1219755";"02";"5755814";"";"";"2056100";"GRADUAÇÃO";"Campus Central";"DOD";"2014";"1";"2014-01-27";"2014-06-14";"46M2345  3T23";"13";"14";"REGULAR";"f";"2014-06-02 08:50:42.212";"f";"";"170";"CONSOLIDADA";"";"Presencial";
"1219755";"02";"25595";"";"";"2056100";"GRADUAÇÃO";"Campus Central";"DOD";"2014";"1";"2014-01-27";"2014-06-14";"46M2345  3T23";"13";"14";"REGULAR";"f";"2014-06-02 08:50:42.212";"f";"";"170";"CONSOLIDADA";"";"Presencial";
"1219755";"02";"5752231";"";"";"2056100";"GRADUAÇÃO";"Campus Central";"DOD";"2014";"1";"2014-01-27";"2014-06-14";"46M2345  3T23";"13";"14";"REGULAR";"f";"2014-06-02 08:50:42.212";"f";"";"170";"CONSOLIDADA";"";"Presencial";
"1219756";"01";"22907";"";"";"54276";"GRADUAÇÃO";"Campus Central";"HUOL";"2014";"1";"2014-01-27";"2014-06-14";"2M12 4M1234 (27/01/2014 - 14/06/2014)";"7";"6";"REGULAR";"f";"2014-06-11 09:19:39.069";"f";"";"112";"CONSOLIDADA";"";"Presencial";
"1219756";"01";"22869";"";"";"54276";"GRADUAÇÃO";"Campus Central";"HUOL";"2014";"1";"2014-01-27";"2014-06-14";"2M12 4M1234 (27/01/2014 - 14/06/2014)";"7";"6";"REGULAR";"f";"2014-06-11 09:19:39.069";"f";"";"112";"CONSOLIDADA";"";"Presencial";
"1219756";"01";"2300648";"";"";"54276";"GRADUAÇÃO";"Campus Central";"HUOL";"2014";"1";"2014-01-27";"2014-06-14";"2M12 4M1234 (27/01/2014 - 14/06/2014)";"7";"6";"REGULAR";"f";"2014-06-11 09:19:39.069";"f";"";"112";"CONSOLIDADA";"";"Presencial";
"1219756";"01";"5754345";"";"";"54276";"GRADUAÇÃO";"Campus Central";"HUOL";"2014";"1";"2014-01-27";"2014-06-14";"2M12 4M1234 (27/01/2014 - 14/06/2014)";"7";"6";"REGULAR";"f";"2014-06-11 09:19:39.069";"f";"";"112";"CONSOLIDADA";"";"Presencial";
"1219756";"01";"37281";"";"";"54276";"GRADUAÇÃO";"Campus Central";"HUOL";"2014";"1";"2014-01-27";"2014-06-14";"2M12 4M1234 (27/01/2014 - 14/06/2014)";"7";"6";"REGULAR";"f";"2014-06-11 09:19:39.069";"f";"";"112";"CONSOLIDADA";"";"Presencial";
"1219756";"01";"23189";"";"";"54276";"GRADUAÇÃO";"Campus Central";"HUOL";"2014";"1";"2014-01-27";"2014-06-14";"2M12 4M1234 (27/01/2014 - 14/06/2014)";"7";"6";"REGULAR";"f";"2014-06-11 09:19:39.069";"f";"";"112";"CONSOLIDADA";"";"Presencial";
"1219756";"01";"5752213";"";"";"54276";"GRADUAÇÃO";"Campus Central";"HUOL";"2014";"1";"2014-01-27";"2014-06-14";"2M12 4M1234 (27/01/2014 - 14/06/2014)";"7";"6";"REGULAR";"f";"2014-06-11 09:19:39.069";"f";"";"112";"CONSOLIDADA";"";"Presencial";
"1219756";"01";"5755282";"";"";"54276";"GRADUAÇÃO";"Campus Central";"HUOL";"2014";"1";"2014-01-27";"2014-06-14";"2M12 4M1234 (27/01/2014 - 14/06/2014)";"7";"6";"REGULAR";"f";"2014-06-11 09:19:39.069";"f";"";"112";"CONSOLIDADA";"";"Presencial";
"1219756";"01";"5754335";"";"";"54276";"GRADUAÇÃO";"Campus Central";"HUOL";"2014";"1";"2014-01-27";"2014-06-14";"2M12 4M1234 (27/01/2014 - 14/06/2014)";"7";"6";"REGULAR";"f";"2014-06-11 09:19:39.069";"f";"";"112";"CONSOLIDADA";"";"Presencial";
"1219757";"03";"5755814";"";"";"2056100";"GRADUAÇÃO";"Campus Central";"DOD";"2014";"1";"2014-01-27";"2014-06-14";"46M2345  3T23";"12";"15";"REGULAR";"f";"2014-06-02 08:46:16.41";"f";"";"166";"CONSOLIDADA";"";"Presencial";
"1219757";"03";"5752231";"";"";"2056100";"GRADUAÇÃO";"Campus Central";"DOD";"2014";"1";"2014-01-27";"2014-06-14";"46M2345  3T23";"12";"15";"REGULAR";"f";"2014-06-02 08:46:16.41";"f";"";"166";"CONSOLIDADA";"";"Presencial";
"1219757";"03";"25595";"";"";"2056100";"GRADUAÇÃO";"Campus Central";"DOD";"2014";"1";"2014-01-27";"2014-06-14";"46M2345  3T23";"12";"15";"REGULAR";"f";"2014-06-02 08:46:16.41";"f";"";"166";"CONSOLIDADA";"";"Presencial";
"1219758";"01";"5756340";"";"";"2056101";"GRADUAÇÃO";"Campus Central";"DOD";"2014";"1";"2014-01-27";"2014-06-14";"35M2345";"25";"21";"REGULAR";"f";"2014-06-23 22:39:06.257";"f";"";"148";"CONSOLIDADA";"";"Presencial";
"1219758";"01";"17223";"";"";"2056101";"GRADUAÇÃO";"Campus Central";"DOD";"2014";"1";"2014-01-27";"2014-06-14";"35M2345";"25";"21";"REGULAR";"f";"2014-06-23 22:39:06.257";"f";"";"148";"CONSOLIDADA";"";"Presencial";
"1219759";"02";"2300648";"";"";"54276";"GRADUAÇÃO";"Campus Central";"HUOL";"2014";"1";"2014-01-27";"2014-06-14";"2M12 4M1234 (27/01/2014 - 14/06/2014)";"5";"6";"REGULAR";"f";"2014-06-11 09:22:24.721";"f";"";"102";"CONSOLIDADA";"";"Presencial";
"1219759";"02";"5754335";"";"";"54276";"GRADUAÇÃO";"Campus Central";"HUOL";"2014";"1";"2014-01-27";"2014-06-14";"2M12 4M1234 (27/01/2014 - 14/06/2014)";"5";"6";"REGULAR";"f";"2014-06-11 09:22:24.721";"f";"";"102";"CONSOLIDADA";"";"Presencial";
"1219759";"02";"5754345";"";"";"54276";"GRADUAÇÃO";"Campus Central";"HUOL";"2014";"1";"2014-01-27";"2014-06-14";"2M12 4M1234 (27/01/2014 - 14/06/2014)";"5";"6";"REGULAR";"f";"2014-06-11 09:22:24.721";"f";"";"102";"CONSOLIDADA";"";"Presencial";
"1219759";"02";"5755282";"";"";"54276";"GRADUAÇÃO";"Campus Central";"HUOL";"2014";"1";"2014-01-27";"2014-06-14";"2M12 4M1234 (27/01/2014 - 14/06/2014)";"5";"6";"REGULAR";"f";"2014-06-11 09:22:24.721";"f";"";"102";"CONSOLIDADA";"";"Presencial";
"1219759";"02";"5752213";"";"";"54276";"GRADUAÇÃO";"Campus Central";"HUOL";"2014";"1";"2014-01-27";"2014-06-14";"2M12 4M1234 (27/01/2014 - 14/06/2014)";"5";"6";"REGULAR";"f";"2014-06-11 09:22:24.721";"f";"";"102";"CONSOLIDADA";"";"Presencial";
"1219759";"02";"22869";"";"";"54276";"GRADUAÇÃO";"Campus Central";"HUOL";"2014";"1";"2014-01-27";"2014-06-14";"2M12 4M1234 (27/01/2014 - 14/06/2014)";"5";"6";"REGULAR";"f";"2014-06-11 09:22:24.721";"f";"";"102";"CONSOLIDADA";"";"Presencial";
"1219759";"02";"37281";"";"";"54276";"GRADUAÇÃO";"Campus Central";"HUOL";"2014";"1";"2014-01-27";"2014-06-14";"2M12 4M1234 (27/01/2014 - 14/06/2014)";"5";"6";"REGULAR";"f";"2014-06-11 09:22:24.721";"f";"";"102";"CONSOLIDADA";"";"Presencial";
"1219759";"02";"23189";"";"";"54276";"GRADUAÇÃO";"Campus Central";"HUOL";"2014";"1";"2014-01-27";"2014-06-14";"2M12 4M1234 (27/01/2014 - 14/06/2014)";"5";"6";"REGULAR";"f";"2014-06-11 09:22:24.721";"f";"";"102";"CONSOLIDADA";"";"Presencial";
"1219759";"02";"22907";"";"";"54276";"GRADUAÇÃO";"Campus Central";"HUOL";"2014";"1";"2014-01-27";"2014-06-14";"2M12 4M1234 (27/01/2014 - 14/06/2014)";"5";"6";"REGULAR";"f";"2014-06-11 09:22:24.721";"f";"";"102";"CONSOLIDADA";"";"Presencial";
"1219760";"02";"5756340";"";"";"2056101";"GRADUAÇÃO";"Campus Central";"DOD";"2014";"1";"2014-01-27";"2014-06-14";"35M2345";"15";"12";"REGULAR";"f";"2014-06-23 22:37:13.217";"f";"";"148";"CONSOLIDADA";"";"Presencial";
"1219760";"02";"17223";"";"";"2056101";"GRADUAÇÃO";"Campus Central";"DOD";"2014";"1";"2014-01-27";"2014-06-14";"35M2345";"15";"12";"REGULAR";"f";"2014-06-23 22:37:13.217";"f";"";"148";"CONSOLIDADA";"";"Presencial";
"1219761";"03";"5755282";"";"";"54276";"GRADUAÇÃO";"Campus Central";"HUOL";"2014";"1";"2014-01-27";"2014-06-14";"2M12 4M1234 (27/01/2014 - 14/06/2014)";"5";"6";"REGULAR";"f";"2014-06-11 09:25:30.41";"f";"";"102";"CONSOLIDADA";"";"Presencial";
"1219761";"03";"23189";"";"";"54276";"GRADUAÇÃO";"Campus Central";"HUOL";"2014";"1";"2014-01-27";"2014-06-14";"2M12 4M1234 (27/01/2014 - 14/06/2014)";"5";"6";"REGULAR";"f";"2014-06-11 09:25:30.41";"f";"";"102";"CONSOLIDADA";"";"Presencial";
"1219761";"03";"5754335";"";"";"54276";"GRADUAÇÃO";"Campus Central";"HUOL";"2014";"1";"2014-01-27";"2014-06-14";"2M12 4M1234 (27/01/2014 - 14/06/2014)";"5";"6";"REGULAR";"f";"2014-06-11 09:25:30.41";"f";"";"102";"CONSOLIDADA";"";"Presencial";
"1219761";"03";"5752213";"";"";"54276";"GRADUAÇÃO";"Campus Central";"HUOL";"2014";"1";"2014-01-27";"2014-06-14";"2M12 4M1234 (27/01/2014 - 14/06/2014)";"5";"6";"REGULAR";"f";"2014-06-11 09:25:30.41";"f";"";"102";"CONSOLIDADA";"";"Presencial";
"1219761";"03";"5754345";"";"";"54276";"GRADUAÇÃO";"Campus Central";"HUOL";"2014";"1";"2014-01-27";"2014-06-14";"2M12 4M1234 (27/01/2014 - 14/06/2014)";"5";"6";"REGULAR";"f";"2014-06-11 09:25:30.41";"f";"";"102";"CONSOLIDADA";"";"Presencial";
"1219761";"03";"22869";"";"";"54276";"GRADUAÇÃO";"Campus Central";"HUOL";"2014";"1";"2014-01-27";"2014-06-14";"2M12 4M1234 (27/01/2014 - 14/06/2014)";"5";"6";"REGULAR";"f";"2014-06-11 09:25:30.41";"f";"";"102";"CONSOLIDADA";"";"Presencial";
"1219761";"03";"22907";"";"";"54276";"GRADUAÇÃO";"Campus Central";"HUOL";"2014";"1";"2014-01-27";"2014-06-14";"2M12 4M1234 (27/01/2014 - 14/06/2014)";"5";"6";"REGULAR";"f";"2014-06-11 09:25:30.41";"f";"";"102";"CONSOLIDADA";"";"Presencial";
"1219761";"03";"2300648";"";"";"54276";"GRADUAÇÃO";"Campus Central";"HUOL";"2014";"1";"2014-01-27";"2014-06-14";"2M12 4M1234 (27/01/2014 - 14/06/2014)";"5";"6";"REGULAR";"f";"2014-06-11 09:25:30.41";"f";"";"102";"CONSOLIDADA";"";"Presencial";
"1219761";"03";"37281";"";"";"54276";"GRADUAÇÃO";"Campus Central";"HUOL";"2014";"1";"2014-01-27";"2014-06-14";"2M12 4M1234 (27/01/2014 - 14/06/2014)";"5";"6";"REGULAR";"f";"2014-06-11 09:25:30.41";"f";"";"102";"CONSOLIDADA";"";"Presencial";
"1219762";"04";"5754335";"";"";"54276";"GRADUAÇÃO";"Campus Central";"HUOL";"2014";"1";"2014-01-27";"2014-06-14";"2M12 4M1234 (27/01/2014 - 14/06/2014)";"5";"6";"REGULAR";"f";"2014-06-11 09:27:35.245";"f";"";"102";"CONSOLIDADA";"";"Presencial";
"1219762";"04";"5754345";"";"";"54276";"GRADUAÇÃO";"Campus Central";"HUOL";"2014";"1";"2014-01-27";"2014-06-14";"2M12 4M1234 (27/01/2014 - 14/06/2014)";"5";"6";"REGULAR";"f";"2014-06-11 09:27:35.245";"f";"";"102";"CONSOLIDADA";"";"Presencial";
"1219762";"04";"22869";"";"";"54276";"GRADUAÇÃO";"Campus Central";"HUOL";"2014";"1";"2014-01-27";"2014-06-14";"2M12 4M1234 (27/01/2014 - 14/06/2014)";"5";"6";"REGULAR";"f";"2014-06-11 09:27:35.245";"f";"";"102";"CONSOLIDADA";"";"Presencial";
"1219762";"04";"23189";"";"";"54276";"GRADUAÇÃO";"Campus Central";"HUOL";"2014";"1";"2014-01-27";"2014-06-14";"2M12 4M1234 (27/01/2014 - 14/06/2014)";"5";"6";"REGULAR";"f";"2014-06-11 09:27:35.245";"f";"";"102";"CONSOLIDADA";"";"Presencial";
"1219762";"04";"5755282";"";"";"54276";"GRADUAÇÃO";"Campus Central";"HUOL";"2014";"1";"2014-01-27";"2014-06-14";"2M12 4M1234 (27/01/2014 - 14/06/2014)";"5";"6";"REGULAR";"f";"2014-06-11 09:27:35.245";"f";"";"102";"CONSOLIDADA";"";"Presencial";
"1219762";"04";"5752213";"";"";"54276";"GRADUAÇÃO";"Campus Central";"HUOL";"2014";"1";"2014-01-27";"2014-06-14";"2M12 4M1234 (27/01/2014 - 14/06/2014)";"5";"6";"REGULAR";"f";"2014-06-11 09:27:35.245";"f";"";"102";"CONSOLIDADA";"";"Presencial";
"1219762";"04";"22907";"";"";"54276";"GRADUAÇÃO";"Campus Central";"HUOL";"2014";"1";"2014-01-27";"2014-06-14";"2M12 4M1234 (27/01/2014 - 14/06/2014)";"5";"6";"REGULAR";"f";"2014-06-11 09:27:35.245";"f";"";"102";"CONSOLIDADA";"";"Presencial";
"1219762";"04";"37281";"";"";"54276";"GRADUAÇÃO";"Campus Central";"HUOL";"2014";"1";"2014-01-27";"2014-06-14";"2M12 4M1234 (27/01/2014 - 14/06/2014)";"5";"6";"REGULAR";"f";"2014-06-11 09:27:35.245";"f";"";"102";"CONSOLIDADA";"";"Presencial";
"1219762";"04";"2300648";"";"";"54276";"GRADUAÇÃO";"Campus Central";"HUOL";"2014";"1";"2014-01-27";"2014-06-14";"2M12 4M1234 (27/01/2014 - 14/06/2014)";"5";"6";"REGULAR";"f";"2014-06-11 09:27:35.245";"f";"";"102";"CONSOLIDADA";"";"Presencial";
"1219763";"01";"24072";"";"";"2056212";"GRADUAÇÃO";"Campus Central";"DOD";"2014";"1";"2014-01-27";"2014-06-14";"46M45";"23";"15";"REGULAR";"f";"2014-06-25 11:10:52.389";"f";"";"72";"CONSOLIDADA";"";"Presencial";
"1219763";"01";"";"102712506";"";"2056212";"GRADUAÇÃO";"Campus Central";"DOD";"2014";"1";"2014-01-27";"2014-06-14";"46M45";"23";"15";"REGULAR";"f";"2014-06-25 11:10:52.389";"f";"";"72";"CONSOLIDADA";"";"Presencial";
"1219763";"01";"21584";"";"";"2056212";"GRADUAÇÃO";"Campus Central";"DOD";"2014";"1";"2014-01-27";"2014-06-14";"46M45";"23";"15";"REGULAR";"f";"2014-06-25 11:10:52.389";"f";"";"72";"CONSOLIDADA";"";"Presencial";
"1219763";"01";"21585";"";"";"2056212";"GRADUAÇÃO";"Campus Central";"DOD";"2014";"1";"2014-01-27";"2014-06-14";"46M45";"23";"15";"REGULAR";"f";"2014-06-25 11:10:52.389";"f";"";"72";"CONSOLIDADA";"";"Presencial";
"1219764";"05";"2300648";"";"";"54276";"GRADUAÇÃO";"Campus Central";"HUOL";"2014";"1";"2014-01-27";"2014-06-14";"2M12 4M1234 (27/01/2014 - 14/06/2014)";"5";"6";"REGULAR";"f";"2014-06-11 09:29:37.138";"f";"";"102";"CONSOLIDADA";"";"Presencial";
"1219764";"05";"22907";"";"";"54276";"GRADUAÇÃO";"Campus Central";"HUOL";"2014";"1";"2014-01-27";"2014-06-14";"2M12 4M1234 (27/01/2014 - 14/06/2014)";"5";"6";"REGULAR";"f";"2014-06-11 09:29:37.138";"f";"";"102";"CONSOLIDADA";"";"Presencial";
"1219764";"05";"5752213";"";"";"54276";"GRADUAÇÃO";"Campus Central";"HUOL";"2014";"1";"2014-01-27";"2014-06-14";"2M12 4M1234 (27/01/2014 - 14/06/2014)";"5";"6";"REGULAR";"f";"2014-06-11 09:29:37.138";"f";"";"102";"CONSOLIDADA";"";"Presencial";
"1219764";"05";"23189";"";"";"54276";"GRADUAÇÃO";"Campus Central";"HUOL";"2014";"1";"2014-01-27";"2014-06-14";"2M12 4M1234 (27/01/2014 - 14/06/2014)";"5";"6";"REGULAR";"f";"2014-06-11 09:29:37.138";"f";"";"102";"CONSOLIDADA";"";"Presencial";
"1219764";"05";"5755282";"";"";"54276";"GRADUAÇÃO";"Campus Central";"HUOL";"2014";"1";"2014-01-27";"2014-06-14";"2M12 4M1234 (27/01/2014 - 14/06/2014)";"5";"6";"REGULAR";"f";"2014-06-11 09:29:37.138";"f";"";"102";"CONSOLIDADA";"";"Presencial";
"1219764";"05";"37281";"";"";"54276";"GRADUAÇÃO";"Campus Central";"HUOL";"2014";"1";"2014-01-27";"2014-06-14";"2M12 4M1234 (27/01/2014 - 14/06/2014)";"5";"6";"REGULAR";"f";"2014-06-11 09:29:37.138";"f";"";"102";"CONSOLIDADA";"";"Presencial";
"1219764";"05";"5754345";"";"";"54276";"GRADUAÇÃO";"Campus Central";"HUOL";"2014";"1";"2014-01-27";"2014-06-14";"2M12 4M1234 (27/01/2014 - 14/06/2014)";"5";"6";"REGULAR";"f";"2014-06-11 09:29:37.138";"f";"";"102";"CONSOLIDADA";"";"Presencial";
"1219764";"05";"5754335";"";"";"54276";"GRADUAÇÃO";"Campus Central";"HUOL";"2014";"1";"2014-01-27";"2014-06-14";"2M12 4M1234 (27/01/2014 - 14/06/2014)";"5";"6";"REGULAR";"f";"2014-06-11 09:29:37.138";"f";"";"102";"CONSOLIDADA";"";"Presencial";
"1219764";"05";"22869";"";"";"54276";"GRADUAÇÃO";"Campus Central";"HUOL";"2014";"1";"2014-01-27";"2014-06-14";"2M12 4M1234 (27/01/2014 - 14/06/2014)";"5";"6";"REGULAR";"f";"2014-06-11 09:29:37.138";"f";"";"102";"CONSOLIDADA";"";"Presencial";
"1219765";"06";"22869";"";"";"54276";"GRADUAÇÃO";"Campus Central";"HUOL";"2014";"1";"2014-01-27";"2014-06-14";"2M12 4M1234 (27/01/2014 - 14/06/2014)";"5";"6";"REGULAR";"f";"2014-06-11 09:31:50.03";"f";"";"102";"CONSOLIDADA";"";"Presencial";
"1219765";"06";"5755282";"";"";"54276";"GRADUAÇÃO";"Campus Central";"HUOL";"2014";"1";"2014-01-27";"2014-06-14";"2M12 4M1234 (27/01/2014 - 14/06/2014)";"5";"6";"REGULAR";"f";"2014-06-11 09:31:50.03";"f";"";"102";"CONSOLIDADA";"";"Presencial";
"1219765";"06";"22907";"";"";"54276";"GRADUAÇÃO";"Campus Central";"HUOL";"2014";"1";"2014-01-27";"2014-06-14";"2M12 4M1234 (27/01/2014 - 14/06/2014)";"5";"6";"REGULAR";"f";"2014-06-11 09:31:50.03";"f";"";"102";"CONSOLIDADA";"";"Presencial";
"1219765";"06";"5754345";"";"";"54276";"GRADUAÇÃO";"Campus Central";"HUOL";"2014";"1";"2014-01-27";"2014-06-14";"2M12 4M1234 (27/01/2014 - 14/06/2014)";"5";"6";"REGULAR";"f";"2014-06-11 09:31:50.03";"f";"";"102";"CONSOLIDADA";"";"Presencial";
"1219765";"06";"5752213";"";"";"54276";"GRADUAÇÃO";"Campus Central";"HUOL";"2014";"1";"2014-01-27";"2014-06-14";"2M12 4M1234 (27/01/2014 - 14/06/2014)";"5";"6";"REGULAR";"f";"2014-06-11 09:31:50.03";"f";"";"102";"CONSOLIDADA";"";"Presencial";
"1219765";"06";"2300648";"";"";"54276";"GRADUAÇÃO";"Campus Central";"HUOL";"2014";"1";"2014-01-27";"2014-06-14";"2M12 4M1234 (27/01/2014 - 14/06/2014)";"5";"6";"REGULAR";"f";"2014-06-11 09:31:50.03";"f";"";"102";"CONSOLIDADA";"";"Presencial";
"1219765";"06";"23189";"";"";"54276";"GRADUAÇÃO";"Campus Central";"HUOL";"2014";"1";"2014-01-27";"2014-06-14";"2M12 4M1234 (27/01/2014 - 14/06/2014)";"5";"6";"REGULAR";"f";"2014-06-11 09:31:50.03";"f";"";"102";"CONSOLIDADA";"";"Presencial";
"1219765";"06";"37281";"";"";"54276";"GRADUAÇÃO";"Campus Central";"HUOL";"2014";"1";"2014-01-27";"2014-06-14";"2M12 4M1234 (27/01/2014 - 14/06/2014)";"5";"6";"REGULAR";"f";"2014-06-11 09:31:50.03";"f";"";"102";"CONSOLIDADA";"";"Presencial";
"1219765";"06";"5754335";"";"";"54276";"GRADUAÇÃO";"Campus Central";"HUOL";"2014";"1";"2014-01-27";"2014-06-14";"2M12 4M1234 (27/01/2014 - 14/06/2014)";"5";"6";"REGULAR";"f";"2014-06-11 09:31:50.03";"f";"";"102";"CONSOLIDADA";"";"Presencial";
"1219766";"02";"24073";"";"";"2056212";"GRADUAÇÃO";"Campus Central";"DOD";"2014";"1";"2014-01-27";"2014-06-14";"46M45";"15";"14";"REGULAR";"f";"2014-06-25 11:15:30.471";"f";"";"68";"CONSOLIDADA";"";"Presencial";
"1219766";"02";"64138";"";"";"2056212";"GRADUAÇÃO";"Campus Central";"DOD";"2014";"1";"2014-01-27";"2014-06-14";"46M45";"15";"14";"REGULAR";"f";"2014-06-25 11:15:30.471";"f";"";"68";"CONSOLIDADA";"";"Presencial";
"1219766";"02";"21585";"";"";"2056212";"GRADUAÇÃO";"Campus Central";"DOD";"2014";"1";"2014-01-27";"2014-06-14";"46M45";"15";"14";"REGULAR";"f";"2014-06-25 11:15:30.471";"f";"";"68";"CONSOLIDADA";"";"Presencial";
"1219766";"02";"17214";"";"";"2056212";"GRADUAÇÃO";"Campus Central";"DOD";"2014";"1";"2014-01-27";"2014-06-14";"46M45";"15";"14";"REGULAR";"f";"2014-06-25 11:15:30.471";"f";"";"68";"CONSOLIDADA";"";"Presencial";
"1219767";"07";"2300648";"";"";"54276";"GRADUAÇÃO";"Campus Central";"HUOL";"2014";"1";"2014-01-27";"2014-06-14";"2M12 4M1234 (27/01/2014 - 14/06/2014)";"5";"6";"REGULAR";"f";"2014-06-11 09:33:29.737";"f";"";"102";"CONSOLIDADA";"";"Presencial";
"1219767";"07";"5754345";"";"";"54276";"GRADUAÇÃO";"Campus Central";"HUOL";"2014";"1";"2014-01-27";"2014-06-14";"2M12 4M1234 (27/01/2014 - 14/06/2014)";"5";"6";"REGULAR";"f";"2014-06-11 09:33:29.737";"f";"";"102";"CONSOLIDADA";"";"Presencial";
"1219767";"07";"37281";"";"";"54276";"GRADUAÇÃO";"Campus Central";"HUOL";"2014";"1";"2014-01-27";"2014-06-14";"2M12 4M1234 (27/01/2014 - 14/06/2014)";"5";"6";"REGULAR";"f";"2014-06-11 09:33:29.737";"f";"";"102";"CONSOLIDADA";"";"Presencial";
"1219767";"07";"5754335";"";"";"54276";"GRADUAÇÃO";"Campus Central";"HUOL";"2014";"1";"2014-01-27";"2014-06-14";"2M12 4M1234 (27/01/2014 - 14/06/2014)";"5";"6";"REGULAR";"f";"2014-06-11 09:33:29.737";"f";"";"102";"CONSOLIDADA";"";"Presencial";
"1219767";"07";"5752213";"";"";"54276";"GRADUAÇÃO";"Campus Central";"HUOL";"2014";"1";"2014-01-27";"2014-06-14";"2M12 4M1234 (27/01/2014 - 14/06/2014)";"5";"6";"REGULAR";"f";"2014-06-11 09:33:29.737";"f";"";"102";"CONSOLIDADA";"";"Presencial";
"1219767";"07";"23189";"";"";"54276";"GRADUAÇÃO";"Campus Central";"HUOL";"2014";"1";"2014-01-27";"2014-06-14";"2M12 4M1234 (27/01/2014 - 14/06/2014)";"5";"6";"REGULAR";"f";"2014-06-11 09:33:29.737";"f";"";"102";"CONSOLIDADA";"";"Presencial";
"1219767";"07";"22907";"";"";"54276";"GRADUAÇÃO";"Campus Central";"HUOL";"2014";"1";"2014-01-27";"2014-06-14";"2M12 4M1234 (27/01/2014 - 14/06/2014)";"5";"6";"REGULAR";"f";"2014-06-11 09:33:29.737";"f";"";"102";"CONSOLIDADA";"";"Presencial";
"1219767";"07";"5755282";"";"";"54276";"GRADUAÇÃO";"Campus Central";"HUOL";"2014";"1";"2014-01-27";"2014-06-14";"2M12 4M1234 (27/01/2014 - 14/06/2014)";"5";"6";"REGULAR";"f";"2014-06-11 09:33:29.737";"f";"";"102";"CONSOLIDADA";"";"Presencial";
"1219767";"07";"22869";"";"";"54276";"GRADUAÇÃO";"Campus Central";"HUOL";"2014";"1";"2014-01-27";"2014-06-14";"2M12 4M1234 (27/01/2014 - 14/06/2014)";"5";"6";"REGULAR";"f";"2014-06-11 09:33:29.737";"f";"";"102";"CONSOLIDADA";"";"Presencial";
"1219768";"08";"2300648";"";"";"54276";"GRADUAÇÃO";"Campus Central";"HUOL";"2014";"1";"2014-01-27";"2014-06-14";"2M12 4M1234 (27/01/2014 - 14/06/2014)";"5";"6";"REGULAR";"f";"2014-06-11 09:35:09.946";"f";"";"102";"CONSOLIDADA";"";"Presencial";
"1219768";"08";"23189";"";"";"54276";"GRADUAÇÃO";"Campus Central";"HUOL";"2014";"1";"2014-01-27";"2014-06-14";"2M12 4M1234 (27/01/2014 - 14/06/2014)";"5";"6";"REGULAR";"f";"2014-06-11 09:35:09.946";"f";"";"102";"CONSOLIDADA";"";"Presencial";
"1219768";"08";"22869";"";"";"54276";"GRADUAÇÃO";"Campus Central";"HUOL";"2014";"1";"2014-01-27";"2014-06-14";"2M12 4M1234 (27/01/2014 - 14/06/2014)";"5";"6";"REGULAR";"f";"2014-06-11 09:35:09.946";"f";"";"102";"CONSOLIDADA";"";"Presencial";
"1219768";"08";"5755282";"";"";"54276";"GRADUAÇÃO";"Campus Central";"HUOL";"2014";"1";"2014-01-27";"2014-06-14";"2M12 4M1234 (27/01/2014 - 14/06/2014)";"5";"6";"REGULAR";"f";"2014-06-11 09:35:09.946";"f";"";"102";"CONSOLIDADA";"";"Presencial";
"1219768";"08";"5752213";"";"";"54276";"GRADUAÇÃO";"Campus Central";"HUOL";"2014";"1";"2014-01-27";"2014-06-14";"2M12 4M1234 (27/01/2014 - 14/06/2014)";"5";"6";"REGULAR";"f";"2014-06-11 09:35:09.946";"f";"";"102";"CONSOLIDADA";"";"Presencial";
"1219768";"08";"5754345";"";"";"54276";"GRADUAÇÃO";"Campus Central";"HUOL";"2014";"1";"2014-01-27";"2014-06-14";"2M12 4M1234 (27/01/2014 - 14/06/2014)";"5";"6";"REGULAR";"f";"2014-06-11 09:35:09.946";"f";"";"102";"CONSOLIDADA";"";"Presencial";
"1219768";"08";"37281";"";"";"54276";"GRADUAÇÃO";"Campus Central";"HUOL";"2014";"1";"2014-01-27";"2014-06-14";"2M12 4M1234 (27/01/2014 - 14/06/2014)";"5";"6";"REGULAR";"f";"2014-06-11 09:35:09.946";"f";"";"102";"CONSOLIDADA";"";"Presencial";
"1219768";"08";"5754335";"";"";"54276";"GRADUAÇÃO";"Campus Central";"HUOL";"2014";"1";"2014-01-27";"2014-06-14";"2M12 4M1234 (27/01/2014 - 14/06/2014)";"5";"6";"REGULAR";"f";"2014-06-11 09:35:09.946";"f";"";"102";"CONSOLIDADA";"";"Presencial";
"1219768";"08";"22907";"";"";"54276";"GRADUAÇÃO";"Campus Central";"HUOL";"2014";"1";"2014-01-27";"2014-06-14";"2M12 4M1234 (27/01/2014 - 14/06/2014)";"5";"6";"REGULAR";"f";"2014-06-11 09:35:09.946";"f";"";"102";"CONSOLIDADA";"";"Presencial";
"1219769";"09";"5755282";"";"";"54276";"GRADUAÇÃO";"Campus Central";"HUOL";"2014";"1";"2014-01-27";"2014-06-14";"2M12 4M1234 (27/01/2014 - 14/06/2014)";"5";"6";"REGULAR";"f";"2014-06-11 09:36:39.702";"f";"";"102";"CONSOLIDADA";"";"Presencial";
"1219769";"09";"22907";"";"";"54276";"GRADUAÇÃO";"Campus Central";"HUOL";"2014";"1";"2014-01-27";"2014-06-14";"2M12 4M1234 (27/01/2014 - 14/06/2014)";"5";"6";"REGULAR";"f";"2014-06-11 09:36:39.702";"f";"";"102";"CONSOLIDADA";"";"Presencial";
"1219769";"09";"5752213";"";"";"54276";"GRADUAÇÃO";"Campus Central";"HUOL";"2014";"1";"2014-01-27";"2014-06-14";"2M12 4M1234 (27/01/2014 - 14/06/2014)";"5";"6";"REGULAR";"f";"2014-06-11 09:36:39.702";"f";"";"102";"CONSOLIDADA";"";"Presencial";
"1219769";"09";"23189";"";"";"54276";"GRADUAÇÃO";"Campus Central";"HUOL";"2014";"1";"2014-01-27";"2014-06-14";"2M12 4M1234 (27/01/2014 - 14/06/2014)";"5";"6";"REGULAR";"f";"2014-06-11 09:36:39.702";"f";"";"102";"CONSOLIDADA";"";"Presencial";
"1219769";"09";"5754335";"";"";"54276";"GRADUAÇÃO";"Campus Central";"HUOL";"2014";"1";"2014-01-27";"2014-06-14";"2M12 4M1234 (27/01/2014 - 14/06/2014)";"5";"6";"REGULAR";"f";"2014-06-11 09:36:39.702";"f";"";"102";"CONSOLIDADA";"";"Presencial";
"1219769";"09";"2300648";"";"";"54276";"GRADUAÇÃO";"Campus Central";"HUOL";"2014";"1";"2014-01-27";"2014-06-14";"2M12 4M1234 (27/01/2014 - 14/06/2014)";"5";"6";"REGULAR";"f";"2014-06-11 09:36:39.702";"f";"";"102";"CONSOLIDADA";"";"Presencial";
"1219769";"09";"5754345";"";"";"54276";"GRADUAÇÃO";"Campus Central";"HUOL";"2014";"1";"2014-01-27";"2014-06-14";"2M12 4M1234 (27/01/2014 - 14/06/2014)";"5";"6";"REGULAR";"f";"2014-06-11 09:36:39.702";"f";"";"102";"CONSOLIDADA";"";"Presencial";
"1219769";"09";"22869";"";"";"54276";"GRADUAÇÃO";"Campus Central";"HUOL";"2014";"1";"2014-01-27";"2014-06-14";"2M12 4M1234 (27/01/2014 - 14/06/2014)";"5";"6";"REGULAR";"f";"2014-06-11 09:36:39.702";"f";"";"102";"CONSOLIDADA";"";"Presencial";
"1219769";"09";"37281";"";"";"54276";"GRADUAÇÃO";"Campus Central";"HUOL";"2014";"1";"2014-01-27";"2014-06-14";"2M12 4M1234 (27/01/2014 - 14/06/2014)";"5";"6";"REGULAR";"f";"2014-06-11 09:36:39.702";"f";"";"102";"CONSOLIDADA";"";"Presencial";
"1219770";"01";"5756046";"";"";"54998";"GRADUAÇÃO";"Campus Santa Cruz";"Externo";"2014";"1";"2014-02-04";"2014-05-29";"3M3 (04/02/2014 - 29/05/2014)";"";"6";"REGULAR";"f";"";"f";"";"";"EXCLUÍDA";"";"Presencial";
"1219771";"02";"5756299";"";"";"54998";"GRADUAÇÃO";"Campus Santa Cruz";"Externo";"2014";"1";"2014-02-04";"2014-05-29";"3M3 (04/02/2014 - 29/05/2014)";"";"7";"REGULAR";"f";"";"f";"";"";"EXCLUÍDA";"";"Presencial";
"1219772";"03";"5756046";"";"";"54998";"GRADUAÇÃO";"Campus Santa Cruz";"Externo";"2014";"1";"2014-02-04";"2014-05-29";"3M4 (04/02/2014 - 29/05/2014)";"";"7";"REGULAR";"f";"";"f";"";"";"EXCLUÍDA";"";"Presencial";
"1219773";"01";"16422";"";"";"54282";"GRADUAÇÃO";"Campus Central";"HUOL";"2014";"1";"2014-01-27";"2014-06-14";"4T35 6T12";"47";"55";"REGULAR";"f";"2014-06-18 09:31:15.071";"f";"";"76";"CONSOLIDADA";"";"Presencial";
"1219773";"01";"5752557";"";"";"54282";"GRADUAÇÃO";"Campus Central";"HUOL";"2014";"1";"2014-01-27";"2014-06-14";"4T35 6T12";"47";"55";"REGULAR";"f";"2014-06-18 09:31:15.071";"f";"";"76";"CONSOLIDADA";"";"Presencial";
"1219773";"01";"63327";"";"";"54282";"GRADUAÇÃO";"Campus Central";"HUOL";"2014";"1";"2014-01-27";"2014-06-14";"4T35 6T12";"47";"55";"REGULAR";"f";"2014-06-18 09:31:15.071";"f";"";"76";"CONSOLIDADA";"";"Presencial";
"1219773";"01";"5755844";"";"";"54282";"GRADUAÇÃO";"Campus Central";"HUOL";"2014";"1";"2014-01-27";"2014-06-14";"4T35 6T12";"47";"55";"REGULAR";"f";"2014-06-18 09:31:15.071";"f";"";"76";"CONSOLIDADA";"";"Presencial";
"1219773";"01";"5755848";"";"";"54282";"GRADUAÇÃO";"Campus Central";"HUOL";"2014";"1";"2014-01-27";"2014-06-14";"4T35 6T12";"47";"55";"REGULAR";"f";"2014-06-18 09:31:15.071";"f";"";"76";"CONSOLIDADA";"";"Presencial";
"1219773";"01";"5755598";"";"";"54282";"GRADUAÇÃO";"Campus Central";"HUOL";"2014";"1";"2014-01-27";"2014-06-14";"4T35 6T12";"47";"55";"REGULAR";"f";"2014-06-18 09:31:15.071";"f";"";"76";"CONSOLIDADA";"";"Presencial";
"1219773";"01";"5756615";"";"";"54282";"GRADUAÇÃO";"Campus Central";"HUOL";"2014";"1";"2014-01-27";"2014-06-14";"4T35 6T12";"47";"55";"REGULAR";"f";"2014-06-18 09:31:15.071";"f";"";"76";"CONSOLIDADA";"";"Presencial";
"1219773";"01";"5753913";"";"";"54282";"GRADUAÇÃO";"Campus Central";"HUOL";"2014";"1";"2014-01-27";"2014-06-14";"4T35 6T12";"47";"55";"REGULAR";"f";"2014-06-18 09:31:15.071";"f";"";"76";"CONSOLIDADA";"";"Presencial";
"1219774";"04";"5756299";"";"";"54998";"GRADUAÇÃO";"Campus Santa Cruz";"Externo";"2014";"1";"2014-02-04";"2014-05-29";"3M4 (04/02/2014 - 29/05/2014)";"";"7";"REGULAR";"f";"";"f";"";"";"EXCLUÍDA";"";"Presencial";
"1219775";"02";"18046";"";"";"22446";"GRADUAÇÃO";"Campus Central";"4I8";"2014";"1";"2014-01-27";"2014-06-14";"46M34";"8";"40";"REGULAR";"f";"2014-06-21 17:34:32.544";"f";"";"66";"CONSOLIDADA";"";"Presencial";
"1219775";"02";"20900";"";"";"22446";"GRADUAÇÃO";"Campus Central";"4I8";"2014";"1";"2014-01-27";"2014-06-14";"46M34";"8";"40";"REGULAR";"f";"2014-06-21 17:34:32.544";"f";"";"66";"CONSOLIDADA";"";"Presencial";
"1219776";"02A";"5756079";"";"";"46632";"GRADUAÇÃO";"";"CURRIAS NOVOS/RN";"2014";"1";"2014-01-27";"2014-06-14";"";"";"";"REGULAR";"t";"";"f";"";"";"EXCLUÍDA";"";"A Distância";
"1219777";"11A";"5756079";"";"";"46632";"GRADUAÇÃO";"";"EXTREMOZ/RN";"2014";"1";"2014-01-27";"2014-06-14";"";"1";"";"REGULAR";"t";"2014-06-17 20:18:04.554";"f";"";"0";"CONSOLIDADA";"";"A Distância";
"1219778";"01A";"5756079";"";"";"46632";"GRADUAÇÃO";"";"MACAU/RN";"2014";"1";"2014-01-27";"2014-06-14";"";"4";"";"REGULAR";"t";"2014-06-17 20:08:20.665";"f";"";"0";"CONSOLIDADA";"";"A Distância";
"1219779";"01";"5753913";"";"";"54283";"GRADUAÇÃO";"Campus Central";"HUOL";"2014";"1";"2014-01-27";"2014-06-14";"6M34 (27/01/2014 - 14/06/2014)";"7";"7";"REGULAR";"f";"2014-06-18 09:15:04.099";"f";"";"38";"CONSOLIDADA";"";"Presencial";
"1219779";"01";"5752557";"";"";"54283";"GRADUAÇÃO";"Campus Central";"HUOL";"2014";"1";"2014-01-27";"2014-06-14";"6M34 (27/01/2014 - 14/06/2014)";"7";"7";"REGULAR";"f";"2014-06-18 09:15:04.099";"f";"";"38";"CONSOLIDADA";"";"Presencial";
"1219779";"01";"5755598";"";"";"54283";"GRADUAÇÃO";"Campus Central";"HUOL";"2014";"1";"2014-01-27";"2014-06-14";"6M34 (27/01/2014 - 14/06/2014)";"7";"7";"REGULAR";"f";"2014-06-18 09:15:04.099";"f";"";"38";"CONSOLIDADA";"";"Presencial";
"1219779";"01";"16422";"";"";"54283";"GRADUAÇÃO";"Campus Central";"HUOL";"2014";"1";"2014-01-27";"2014-06-14";"6M34 (27/01/2014 - 14/06/2014)";"7";"7";"REGULAR";"f";"2014-06-18 09:15:04.099";"f";"";"38";"CONSOLIDADA";"";"Presencial";
"1219779";"01";"5756615";"";"";"54283";"GRADUAÇÃO";"Campus Central";"HUOL";"2014";"1";"2014-01-27";"2014-06-14";"6M34 (27/01/2014 - 14/06/2014)";"7";"7";"REGULAR";"f";"2014-06-18 09:15:04.099";"f";"";"38";"CONSOLIDADA";"";"Presencial";
"1219779";"01";"5755848";"";"";"54283";"GRADUAÇÃO";"Campus Central";"HUOL";"2014";"1";"2014-01-27";"2014-06-14";"6M34 (27/01/2014 - 14/06/2014)";"7";"7";"REGULAR";"f";"2014-06-18 09:15:04.099";"f";"";"38";"CONSOLIDADA";"";"Presencial";
"1219779";"01";"63327";"";"";"54283";"GRADUAÇÃO";"Campus Central";"HUOL";"2014";"1";"2014-01-27";"2014-06-14";"6M34 (27/01/2014 - 14/06/2014)";"7";"7";"REGULAR";"f";"2014-06-18 09:15:04.099";"f";"";"38";"CONSOLIDADA";"";"Presencial";
"1219779";"01";"5755844";"";"";"54283";"GRADUAÇÃO";"Campus Central";"HUOL";"2014";"1";"2014-01-27";"2014-06-14";"6M34 (27/01/2014 - 14/06/2014)";"7";"7";"REGULAR";"f";"2014-06-18 09:15:04.099";"f";"";"38";"CONSOLIDADA";"";"Presencial";
"1219780";"05";"5756046";"";"";"54998";"GRADUAÇÃO";"Campus Santa Cruz";"Externo";"2014";"1";"2014-02-04";"2014-05-29";"3M5 (04/02/2014 - 29/05/2014)";"";"7";"REGULAR";"f";"";"f";"";"";"EXCLUÍDA";"";"Presencial";
"1219781";"02";"5753913";"";"";"54283";"GRADUAÇÃO";"Campus Central";"HUOL";"2014";"1";"2014-01-27";"2014-06-14";"6M34 (27/01/2014 - 14/06/2014)";"6";"8";"REGULAR";"f";"2014-06-18 09:15:58.686";"f";"";"38";"CONSOLIDADA";"";"Presencial";
"1219781";"02";"5756615";"";"";"54283";"GRADUAÇÃO";"Campus Central";"HUOL";"2014";"1";"2014-01-27";"2014-06-14";"6M34 (27/01/2014 - 14/06/2014)";"6";"8";"REGULAR";"f";"2014-06-18 09:15:58.686";"f";"";"38";"CONSOLIDADA";"";"Presencial";
"1219781";"02";"5755844";"";"";"54283";"GRADUAÇÃO";"Campus Central";"HUOL";"2014";"1";"2014-01-27";"2014-06-14";"6M34 (27/01/2014 - 14/06/2014)";"6";"8";"REGULAR";"f";"2014-06-18 09:15:58.686";"f";"";"38";"CONSOLIDADA";"";"Presencial";
"1219781";"02";"5752557";"";"";"54283";"GRADUAÇÃO";"Campus Central";"HUOL";"2014";"1";"2014-01-27";"2014-06-14";"6M34 (27/01/2014 - 14/06/2014)";"6";"8";"REGULAR";"f";"2014-06-18 09:15:58.686";"f";"";"38";"CONSOLIDADA";"";"Presencial";
"1219781";"02";"16422";"";"";"54283";"GRADUAÇÃO";"Campus Central";"HUOL";"2014";"1";"2014-01-27";"2014-06-14";"6M34 (27/01/2014 - 14/06/2014)";"6";"8";"REGULAR";"f";"2014-06-18 09:15:58.686";"f";"";"38";"CONSOLIDADA";"";"Presencial";
"1219781";"02";"5755848";"";"";"54283";"GRADUAÇÃO";"Campus Central";"HUOL";"2014";"1";"2014-01-27";"2014-06-14";"6M34 (27/01/2014 - 14/06/2014)";"6";"8";"REGULAR";"f";"2014-06-18 09:15:58.686";"f";"";"38";"CONSOLIDADA";"";"Presencial";
"1219781";"02";"63327";"";"";"54283";"GRADUAÇÃO";"Campus Central";"HUOL";"2014";"1";"2014-01-27";"2014-06-14";"6M34 (27/01/2014 - 14/06/2014)";"6";"8";"REGULAR";"f";"2014-06-18 09:15:58.686";"f";"";"38";"CONSOLIDADA";"";"Presencial";
"1219781";"02";"5755598";"";"";"54283";"GRADUAÇÃO";"Campus Central";"HUOL";"2014";"1";"2014-01-27";"2014-06-14";"6M34 (27/01/2014 - 14/06/2014)";"6";"8";"REGULAR";"f";"2014-06-18 09:15:58.686";"f";"";"38";"CONSOLIDADA";"";"Presencial";
"1219782";"01";"5752980";"";"";"22448";"GRADUAÇÃO";"Campus Central";"4A5";"2014";"1";"2014-01-27";"2014-06-14";"24T34";"22";"20";"REGULAR";"f";"2014-06-14 11:20:37.428";"f";"";"70";"CONSOLIDADA";"";"Presencial";
"1219783";"03";"63327";"";"";"54283";"GRADUAÇÃO";"Campus Central";"HUOL";"2014";"1";"2014-01-27";"2014-06-14";"6M34 (27/01/2014 - 14/06/2014)";"9";"8";"REGULAR";"f";"2014-06-18 09:18:45.458";"f";"";"38";"CONSOLIDADA";"";"Presencial";
"1219783";"03";"5755844";"";"";"54283";"GRADUAÇÃO";"Campus Central";"HUOL";"2014";"1";"2014-01-27";"2014-06-14";"6M34 (27/01/2014 - 14/06/2014)";"9";"8";"REGULAR";"f";"2014-06-18 09:18:45.458";"f";"";"38";"CONSOLIDADA";"";"Presencial";
"1219783";"03";"16422";"";"";"54283";"GRADUAÇÃO";"Campus Central";"HUOL";"2014";"1";"2014-01-27";"2014-06-14";"6M34 (27/01/2014 - 14/06/2014)";"9";"8";"REGULAR";"f";"2014-06-18 09:18:45.458";"f";"";"38";"CONSOLIDADA";"";"Presencial";
"1219783";"03";"5755848";"";"";"54283";"GRADUAÇÃO";"Campus Central";"HUOL";"2014";"1";"2014-01-27";"2014-06-14";"6M34 (27/01/2014 - 14/06/2014)";"9";"8";"REGULAR";"f";"2014-06-18 09:18:45.458";"f";"";"38";"CONSOLIDADA";"";"Presencial";
"1219783";"03";"5753913";"";"";"54283";"GRADUAÇÃO";"Campus Central";"HUOL";"2014";"1";"2014-01-27";"2014-06-14";"6M34 (27/01/2014 - 14/06/2014)";"9";"8";"REGULAR";"f";"2014-06-18 09:18:45.458";"f";"";"38";"CONSOLIDADA";"";"Presencial";
"1219783";"03";"5755598";"";"";"54283";"GRADUAÇÃO";"Campus Central";"HUOL";"2014";"1";"2014-01-27";"2014-06-14";"6M34 (27/01/2014 - 14/06/2014)";"9";"8";"REGULAR";"f";"2014-06-18 09:18:45.458";"f";"";"38";"CONSOLIDADA";"";"Presencial";
"1219783";"03";"5752557";"";"";"54283";"GRADUAÇÃO";"Campus Central";"HUOL";"2014";"1";"2014-01-27";"2014-06-14";"6M34 (27/01/2014 - 14/06/2014)";"9";"8";"REGULAR";"f";"2014-06-18 09:18:45.458";"f";"";"38";"CONSOLIDADA";"";"Presencial";
"1219783";"03";"5756615";"";"";"54283";"GRADUAÇÃO";"Campus Central";"HUOL";"2014";"1";"2014-01-27";"2014-06-14";"6M34 (27/01/2014 - 14/06/2014)";"9";"8";"REGULAR";"f";"2014-06-18 09:18:45.458";"f";"";"38";"CONSOLIDADA";"";"Presencial";
"1219784";"04";"5755844";"";"";"54283";"GRADUAÇÃO";"Campus Central";"HUOL";"2014";"1";"2014-01-27";"2014-06-14";"6M34 (27/01/2014 - 14/06/2014)";"7";"8";"REGULAR";"f";"2014-06-18 09:21:43.582";"f";"";"38";"CONSOLIDADA";"";"Presencial";
"1219784";"04";"63327";"";"";"54283";"GRADUAÇÃO";"Campus Central";"HUOL";"2014";"1";"2014-01-27";"2014-06-14";"6M34 (27/01/2014 - 14/06/2014)";"7";"8";"REGULAR";"f";"2014-06-18 09:21:43.582";"f";"";"38";"CONSOLIDADA";"";"Presencial";
"1219784";"04";"5753913";"";"";"54283";"GRADUAÇÃO";"Campus Central";"HUOL";"2014";"1";"2014-01-27";"2014-06-14";"6M34 (27/01/2014 - 14/06/2014)";"7";"8";"REGULAR";"f";"2014-06-18 09:21:43.582";"f";"";"38";"CONSOLIDADA";"";"Presencial";
"1219784";"04";"5755598";"";"";"54283";"GRADUAÇÃO";"Campus Central";"HUOL";"2014";"1";"2014-01-27";"2014-06-14";"6M34 (27/01/2014 - 14/06/2014)";"7";"8";"REGULAR";"f";"2014-06-18 09:21:43.582";"f";"";"38";"CONSOLIDADA";"";"Presencial";
"1219784";"04";"5756615";"";"";"54283";"GRADUAÇÃO";"Campus Central";"HUOL";"2014";"1";"2014-01-27";"2014-06-14";"6M34 (27/01/2014 - 14/06/2014)";"7";"8";"REGULAR";"f";"2014-06-18 09:21:43.582";"f";"";"38";"CONSOLIDADA";"";"Presencial";
"1219784";"04";"5755848";"";"";"54283";"GRADUAÇÃO";"Campus Central";"HUOL";"2014";"1";"2014-01-27";"2014-06-14";"6M34 (27/01/2014 - 14/06/2014)";"7";"8";"REGULAR";"f";"2014-06-18 09:21:43.582";"f";"";"38";"CONSOLIDADA";"";"Presencial";
"1219784";"04";"5752557";"";"";"54283";"GRADUAÇÃO";"Campus Central";"HUOL";"2014";"1";"2014-01-27";"2014-06-14";"6M34 (27/01/2014 - 14/06/2014)";"7";"8";"REGULAR";"f";"2014-06-18 09:21:43.582";"f";"";"38";"CONSOLIDADA";"";"Presencial";
"1219784";"04";"16422";"";"";"54283";"GRADUAÇÃO";"Campus Central";"HUOL";"2014";"1";"2014-01-27";"2014-06-14";"6M34 (27/01/2014 - 14/06/2014)";"7";"8";"REGULAR";"f";"2014-06-18 09:21:43.582";"f";"";"38";"CONSOLIDADA";"";"Presencial";
"1219785";"06";"5756299";"";"";"54998";"GRADUAÇÃO";"Campus Santa Cruz";"Externo";"2014";"1";"2014-02-04";"2014-05-29";"3M5 (04/02/2014 - 29/05/2014)";"";"6";"REGULAR";"f";"";"f";"";"";"EXCLUÍDA";"";"Presencial";
"1219786";"05";"5753913";"";"";"54283";"GRADUAÇÃO";"Campus Central";"HUOL";"2014";"1";"2014-01-27";"2014-06-14";"6M34 (27/01/2014 - 14/06/2014)";"4";"8";"REGULAR";"f";"2014-06-18 09:24:36.222";"f";"";"38";"CONSOLIDADA";"";"Presencial";
"1219786";"05";"5755844";"";"";"54283";"GRADUAÇÃO";"Campus Central";"HUOL";"2014";"1";"2014-01-27";"2014-06-14";"6M34 (27/01/2014 - 14/06/2014)";"4";"8";"REGULAR";"f";"2014-06-18 09:24:36.222";"f";"";"38";"CONSOLIDADA";"";"Presencial";
"1219786";"05";"5752557";"";"";"54283";"GRADUAÇÃO";"Campus Central";"HUOL";"2014";"1";"2014-01-27";"2014-06-14";"6M34 (27/01/2014 - 14/06/2014)";"4";"8";"REGULAR";"f";"2014-06-18 09:24:36.222";"f";"";"38";"CONSOLIDADA";"";"Presencial";
"1219786";"05";"63327";"";"";"54283";"GRADUAÇÃO";"Campus Central";"HUOL";"2014";"1";"2014-01-27";"2014-06-14";"6M34 (27/01/2014 - 14/06/2014)";"4";"8";"REGULAR";"f";"2014-06-18 09:24:36.222";"f";"";"38";"CONSOLIDADA";"";"Presencial";
"1219786";"05";"5755848";"";"";"54283";"GRADUAÇÃO";"Campus Central";"HUOL";"2014";"1";"2014-01-27";"2014-06-14";"6M34 (27/01/2014 - 14/06/2014)";"4";"8";"REGULAR";"f";"2014-06-18 09:24:36.222";"f";"";"38";"CONSOLIDADA";"";"Presencial";
"1219786";"05";"5755598";"";"";"54283";"GRADUAÇÃO";"Campus Central";"HUOL";"2014";"1";"2014-01-27";"2014-06-14";"6M34 (27/01/2014 - 14/06/2014)";"4";"8";"REGULAR";"f";"2014-06-18 09:24:36.222";"f";"";"38";"CONSOLIDADA";"";"Presencial";
"1219786";"05";"5756615";"";"";"54283";"GRADUAÇÃO";"Campus Central";"HUOL";"2014";"1";"2014-01-27";"2014-06-14";"6M34 (27/01/2014 - 14/06/2014)";"4";"8";"REGULAR";"f";"2014-06-18 09:24:36.222";"f";"";"38";"CONSOLIDADA";"";"Presencial";
"1219786";"05";"16422";"";"";"54283";"GRADUAÇÃO";"Campus Central";"HUOL";"2014";"1";"2014-01-27";"2014-06-14";"6M34 (27/01/2014 - 14/06/2014)";"4";"8";"REGULAR";"f";"2014-06-18 09:24:36.222";"f";"";"38";"CONSOLIDADA";"";"Presencial";
"1219787";"01";"18544";"";"";"22477";"GRADUAÇÃO";"Campus Central";"4C1";"2014";"1";"2014-01-27";"2014-06-14";"46M34";"21";"30";"REGULAR";"f";"2014-06-09 10:39:41.058";"f";"";"70";"CONSOLIDADA";"";"Presencial";
"1219788";"06";"63327";"";"";"54283";"GRADUAÇÃO";"Campus Central";"HUOL";"2014";"1";"2014-01-27";"2014-06-14";"6M34 (27/01/2014 - 14/06/2014)";"2";"8";"REGULAR";"f";"2014-06-18 09:27:00.233";"f";"";"38";"CONSOLIDADA";"";"Presencial";
"1219788";"06";"5753913";"";"";"54283";"GRADUAÇÃO";"Campus Central";"HUOL";"2014";"1";"2014-01-27";"2014-06-14";"6M34 (27/01/2014 - 14/06/2014)";"2";"8";"REGULAR";"f";"2014-06-18 09:27:00.233";"f";"";"38";"CONSOLIDADA";"";"Presencial";
"1219788";"06";"5755844";"";"";"54283";"GRADUAÇÃO";"Campus Central";"HUOL";"2014";"1";"2014-01-27";"2014-06-14";"6M34 (27/01/2014 - 14/06/2014)";"2";"8";"REGULAR";"f";"2014-06-18 09:27:00.233";"f";"";"38";"CONSOLIDADA";"";"Presencial";
"1219788";"06";"5755848";"";"";"54283";"GRADUAÇÃO";"Campus Central";"HUOL";"2014";"1";"2014-01-27";"2014-06-14";"6M34 (27/01/2014 - 14/06/2014)";"2";"8";"REGULAR";"f";"2014-06-18 09:27:00.233";"f";"";"38";"CONSOLIDADA";"";"Presencial";
"1219788";"06";"5755598";"";"";"54283";"GRADUAÇÃO";"Campus Central";"HUOL";"2014";"1";"2014-01-27";"2014-06-14";"6M34 (27/01/2014 - 14/06/2014)";"2";"8";"REGULAR";"f";"2014-06-18 09:27:00.233";"f";"";"38";"CONSOLIDADA";"";"Presencial";
"1219788";"06";"5756615";"";"";"54283";"GRADUAÇÃO";"Campus Central";"HUOL";"2014";"1";"2014-01-27";"2014-06-14";"6M34 (27/01/2014 - 14/06/2014)";"2";"8";"REGULAR";"f";"2014-06-18 09:27:00.233";"f";"";"38";"CONSOLIDADA";"";"Presencial";
"1219788";"06";"5752557";"";"";"54283";"GRADUAÇÃO";"Campus Central";"HUOL";"2014";"1";"2014-01-27";"2014-06-14";"6M34 (27/01/2014 - 14/06/2014)";"2";"8";"REGULAR";"f";"2014-06-18 09:27:00.233";"f";"";"38";"CONSOLIDADA";"";"Presencial";
"1219788";"06";"16422";"";"";"54283";"GRADUAÇÃO";"Campus Central";"HUOL";"2014";"1";"2014-01-27";"2014-06-14";"6M34 (27/01/2014 - 14/06/2014)";"2";"8";"REGULAR";"f";"2014-06-18 09:27:00.233";"f";"";"38";"CONSOLIDADA";"";"Presencial";
"1219789";"07";"5756615";"";"";"54283";"GRADUAÇÃO";"Campus Central";"HUOL";"2014";"1";"2014-01-27";"2014-06-14";"6M34 (27/01/2014 - 14/06/2014)";"6";"8";"REGULAR";"f";"2014-06-18 09:29:12.578";"f";"";"38";"CONSOLIDADA";"";"Presencial";
"1219789";"07";"5753913";"";"";"54283";"GRADUAÇÃO";"Campus Central";"HUOL";"2014";"1";"2014-01-27";"2014-06-14";"6M34 (27/01/2014 - 14/06/2014)";"6";"8";"REGULAR";"f";"2014-06-18 09:29:12.578";"f";"";"38";"CONSOLIDADA";"";"Presencial";
"1219789";"07";"16422";"";"";"54283";"GRADUAÇÃO";"Campus Central";"HUOL";"2014";"1";"2014-01-27";"2014-06-14";"6M34 (27/01/2014 - 14/06/2014)";"6";"8";"REGULAR";"f";"2014-06-18 09:29:12.578";"f";"";"38";"CONSOLIDADA";"";"Presencial";
"1219789";"07";"5752557";"";"";"54283";"GRADUAÇÃO";"Campus Central";"HUOL";"2014";"1";"2014-01-27";"2014-06-14";"6M34 (27/01/2014 - 14/06/2014)";"6";"8";"REGULAR";"f";"2014-06-18 09:29:12.578";"f";"";"38";"CONSOLIDADA";"";"Presencial";
"1219789";"07";"63327";"";"";"54283";"GRADUAÇÃO";"Campus Central";"HUOL";"2014";"1";"2014-01-27";"2014-06-14";"6M34 (27/01/2014 - 14/06/2014)";"6";"8";"REGULAR";"f";"2014-06-18 09:29:12.578";"f";"";"38";"CONSOLIDADA";"";"Presencial";
"1219789";"07";"5755844";"";"";"54283";"GRADUAÇÃO";"Campus Central";"HUOL";"2014";"1";"2014-01-27";"2014-06-14";"6M34 (27/01/2014 - 14/06/2014)";"6";"8";"REGULAR";"f";"2014-06-18 09:29:12.578";"f";"";"38";"CONSOLIDADA";"";"Presencial";
"1219789";"07";"5755848";"";"";"54283";"GRADUAÇÃO";"Campus Central";"HUOL";"2014";"1";"2014-01-27";"2014-06-14";"6M34 (27/01/2014 - 14/06/2014)";"6";"8";"REGULAR";"f";"2014-06-18 09:29:12.578";"f";"";"38";"CONSOLIDADA";"";"Presencial";
"1219789";"07";"5755598";"";"";"54283";"GRADUAÇÃO";"Campus Central";"HUOL";"2014";"1";"2014-01-27";"2014-06-14";"6M34 (27/01/2014 - 14/06/2014)";"6";"8";"REGULAR";"f";"2014-06-18 09:29:12.578";"f";"";"38";"CONSOLIDADA";"";"Presencial";
"1219790";"01";"16930";"";"";"22466";"GRADUAÇÃO";"Campus Central";"4E5";"2014";"1";"2014-01-27";"2014-06-14";"24M12";"47";"40";"REGULAR";"f";"2014-06-05 15:38:32.647";"f";"";"72";"CONSOLIDADA";"";"Presencial";
"1219793";"01";"18678";"";"";"22454";"GRADUAÇÃO";"Campus Central";"4F4";"2014";"1";"2014-01-27";"2014-06-14";"35M56 7M4";"5";"20";"REGULAR";"f";"2014-06-20 20:28:48.254";"f";"";"87";"CONSOLIDADA";"";"Presencial";
"1219794";"01";"5755560";"";"";"54311";"GRADUAÇÃO";"Campus Central";"HUOL";"2014";"1";"2014-01-27";"2014-06-14";"56M12";"53";"55";"REGULAR";"f";"2014-06-09 20:15:34.458";"f";"";"66";"CONSOLIDADA";"";"Presencial";
"1219794";"01";"20815";"";"";"54311";"GRADUAÇÃO";"Campus Central";"HUOL";"2014";"1";"2014-01-27";"2014-06-14";"56M12";"53";"55";"REGULAR";"f";"2014-06-09 20:15:34.458";"f";"";"66";"CONSOLIDADA";"";"Presencial";
"1219794";"01";"5751840";"";"";"54311";"GRADUAÇÃO";"Campus Central";"HUOL";"2014";"1";"2014-01-27";"2014-06-14";"56M12";"53";"55";"REGULAR";"f";"2014-06-09 20:15:34.458";"f";"";"66";"CONSOLIDADA";"";"Presencial";
"1219794";"01";"5752797";"";"";"54311";"GRADUAÇÃO";"Campus Central";"HUOL";"2014";"1";"2014-01-27";"2014-06-14";"56M12";"53";"55";"REGULAR";"f";"2014-06-09 20:15:34.458";"f";"";"66";"CONSOLIDADA";"";"Presencial";
"1219794";"01";"5754351";"";"";"54311";"GRADUAÇÃO";"Campus Central";"HUOL";"2014";"1";"2014-01-27";"2014-06-14";"56M12";"53";"55";"REGULAR";"f";"2014-06-09 20:15:34.458";"f";"";"66";"CONSOLIDADA";"";"Presencial";
"1219794";"01";"5754331";"";"";"54311";"GRADUAÇÃO";"Campus Central";"HUOL";"2014";"1";"2014-01-27";"2014-06-14";"56M12";"53";"55";"REGULAR";"f";"2014-06-09 20:15:34.458";"f";"";"66";"CONSOLIDADA";"";"Presencial";
"1219794";"01";"5753805";"";"";"54311";"GRADUAÇÃO";"Campus Central";"HUOL";"2014";"1";"2014-01-27";"2014-06-14";"56M12";"53";"55";"REGULAR";"f";"2014-06-09 20:15:34.458";"f";"";"66";"CONSOLIDADA";"";"Presencial";
"1219794";"01";"25440";"";"";"54311";"GRADUAÇÃO";"Campus Central";"HUOL";"2014";"1";"2014-01-27";"2014-06-14";"56M12";"53";"55";"REGULAR";"f";"2014-06-09 20:15:34.458";"f";"";"66";"CONSOLIDADA";"";"Presencial";
"1219794";"01";"5752188";"";"";"54311";"GRADUAÇÃO";"Campus Central";"HUOL";"2014";"1";"2014-01-27";"2014-06-14";"56M12";"53";"55";"REGULAR";"f";"2014-06-09 20:15:34.458";"f";"";"66";"CONSOLIDADA";"";"Presencial";
"1219795";"01";"18544";"";"";"22465";"GRADUAÇÃO";"Campus Central";"4C1";"2014";"1";"2014-01-27";"2014-06-14";"35M12";"30";"35";"REGULAR";"f";"2014-06-09 10:42:19.783";"f";"";"68";"CONSOLIDADA";"";"Presencial";
"1219796";"01";"25440";"";"";"54312";"GRADUAÇÃO";"Campus Central";"HUOL";"2014";"1";"2014-01-27";"2014-06-14";"234M12 (27/01/2014 - 14/06/2014)";"6";"6";"REGULAR";"f";"2014-06-09 22:16:13.582";"f";"";"100";"CONSOLIDADA";"";"Presencial";
"1219796";"01";"5752188";"";"";"54312";"GRADUAÇÃO";"Campus Central";"HUOL";"2014";"1";"2014-01-27";"2014-06-14";"234M12 (27/01/2014 - 14/06/2014)";"6";"6";"REGULAR";"f";"2014-06-09 22:16:13.582";"f";"";"100";"CONSOLIDADA";"";"Presencial";
"1219796";"01";"5754351";"";"";"54312";"GRADUAÇÃO";"Campus Central";"HUOL";"2014";"1";"2014-01-27";"2014-06-14";"234M12 (27/01/2014 - 14/06/2014)";"6";"6";"REGULAR";"f";"2014-06-09 22:16:13.582";"f";"";"100";"CONSOLIDADA";"";"Presencial";
"1219796";"01";"5752797";"";"";"54312";"GRADUAÇÃO";"Campus Central";"HUOL";"2014";"1";"2014-01-27";"2014-06-14";"234M12 (27/01/2014 - 14/06/2014)";"6";"6";"REGULAR";"f";"2014-06-09 22:16:13.582";"f";"";"100";"CONSOLIDADA";"";"Presencial";
"1219796";"01";"5753805";"";"";"54312";"GRADUAÇÃO";"Campus Central";"HUOL";"2014";"1";"2014-01-27";"2014-06-14";"234M12 (27/01/2014 - 14/06/2014)";"6";"6";"REGULAR";"f";"2014-06-09 22:16:13.582";"f";"";"100";"CONSOLIDADA";"";"Presencial";
"1219796";"01";"5755560";"";"";"54312";"GRADUAÇÃO";"Campus Central";"HUOL";"2014";"1";"2014-01-27";"2014-06-14";"234M12 (27/01/2014 - 14/06/2014)";"6";"6";"REGULAR";"f";"2014-06-09 22:16:13.582";"f";"";"100";"CONSOLIDADA";"";"Presencial";
"1219796";"01";"20815";"";"";"54312";"GRADUAÇÃO";"Campus Central";"HUOL";"2014";"1";"2014-01-27";"2014-06-14";"234M12 (27/01/2014 - 14/06/2014)";"6";"6";"REGULAR";"f";"2014-06-09 22:16:13.582";"f";"";"100";"CONSOLIDADA";"";"Presencial";
"1219796";"01";"5754331";"";"";"54312";"GRADUAÇÃO";"Campus Central";"HUOL";"2014";"1";"2014-01-27";"2014-06-14";"234M12 (27/01/2014 - 14/06/2014)";"6";"6";"REGULAR";"f";"2014-06-09 22:16:13.582";"f";"";"100";"CONSOLIDADA";"";"Presencial";
"1219797";"02";"25440";"";"";"54312";"GRADUAÇÃO";"Campus Central";"HUOL";"2014";"1";"2014-01-27";"2014-06-14";"234M12 (27/01/2014 - 14/06/2014)";"9";"7";"REGULAR";"f";"2014-06-09 22:22:08.248";"f";"";"100";"CONSOLIDADA";"";"Presencial";
"1219797";"02";"5752797";"";"";"54312";"GRADUAÇÃO";"Campus Central";"HUOL";"2014";"1";"2014-01-27";"2014-06-14";"234M12 (27/01/2014 - 14/06/2014)";"9";"7";"REGULAR";"f";"2014-06-09 22:22:08.248";"f";"";"100";"CONSOLIDADA";"";"Presencial";
"1219797";"02";"5754351";"";"";"54312";"GRADUAÇÃO";"Campus Central";"HUOL";"2014";"1";"2014-01-27";"2014-06-14";"234M12 (27/01/2014 - 14/06/2014)";"9";"7";"REGULAR";"f";"2014-06-09 22:22:08.248";"f";"";"100";"CONSOLIDADA";"";"Presencial";
"1219797";"02";"5753805";"";"";"54312";"GRADUAÇÃO";"Campus Central";"HUOL";"2014";"1";"2014-01-27";"2014-06-14";"234M12 (27/01/2014 - 14/06/2014)";"9";"7";"REGULAR";"f";"2014-06-09 22:22:08.248";"f";"";"100";"CONSOLIDADA";"";"Presencial";
"1219797";"02";"5752188";"";"";"54312";"GRADUAÇÃO";"Campus Central";"HUOL";"2014";"1";"2014-01-27";"2014-06-14";"234M12 (27/01/2014 - 14/06/2014)";"9";"7";"REGULAR";"f";"2014-06-09 22:22:08.248";"f";"";"100";"CONSOLIDADA";"";"Presencial";
"1219797";"02";"5755560";"";"";"54312";"GRADUAÇÃO";"Campus Central";"HUOL";"2014";"1";"2014-01-27";"2014-06-14";"234M12 (27/01/2014 - 14/06/2014)";"9";"7";"REGULAR";"f";"2014-06-09 22:22:08.248";"f";"";"100";"CONSOLIDADA";"";"Presencial";
"1219797";"02";"5754331";"";"";"54312";"GRADUAÇÃO";"Campus Central";"HUOL";"2014";"1";"2014-01-27";"2014-06-14";"234M12 (27/01/2014 - 14/06/2014)";"9";"7";"REGULAR";"f";"2014-06-09 22:22:08.248";"f";"";"100";"CONSOLIDADA";"";"Presencial";
"1219797";"02";"20815";"";"";"54312";"GRADUAÇÃO";"Campus Central";"HUOL";"2014";"1";"2014-01-27";"2014-06-14";"234M12 (27/01/2014 - 14/06/2014)";"9";"7";"REGULAR";"f";"2014-06-09 22:22:08.248";"f";"";"100";"CONSOLIDADA";"";"Presencial";
"1219798";"03";"5754331";"";"";"54312";"GRADUAÇÃO";"Campus Central";"HUOL";"2014";"1";"2014-01-27";"2014-06-14";"234M12 (27/01/2014 - 14/06/2014)";"9";"7";"REGULAR";"f";"2014-06-09 22:31:37.325";"f";"";"100";"CONSOLIDADA";"";"Presencial";
"1219798";"03";"5754351";"";"";"54312";"GRADUAÇÃO";"Campus Central";"HUOL";"2014";"1";"2014-01-27";"2014-06-14";"234M12 (27/01/2014 - 14/06/2014)";"9";"7";"REGULAR";"f";"2014-06-09 22:31:37.325";"f";"";"100";"CONSOLIDADA";"";"Presencial";
"1219798";"03";"5752797";"";"";"54312";"GRADUAÇÃO";"Campus Central";"HUOL";"2014";"1";"2014-01-27";"2014-06-14";"234M12 (27/01/2014 - 14/06/2014)";"9";"7";"REGULAR";"f";"2014-06-09 22:31:37.325";"f";"";"100";"CONSOLIDADA";"";"Presencial";
"1219798";"03";"25440";"";"";"54312";"GRADUAÇÃO";"Campus Central";"HUOL";"2014";"1";"2014-01-27";"2014-06-14";"234M12 (27/01/2014 - 14/06/2014)";"9";"7";"REGULAR";"f";"2014-06-09 22:31:37.325";"f";"";"100";"CONSOLIDADA";"";"Presencial";
"1219798";"03";"5752188";"";"";"54312";"GRADUAÇÃO";"Campus Central";"HUOL";"2014";"1";"2014-01-27";"2014-06-14";"234M12 (27/01/2014 - 14/06/2014)";"9";"7";"REGULAR";"f";"2014-06-09 22:31:37.325";"f";"";"100";"CONSOLIDADA";"";"Presencial";
"1219798";"03";"5755560";"";"";"54312";"GRADUAÇÃO";"Campus Central";"HUOL";"2014";"1";"2014-01-27";"2014-06-14";"234M12 (27/01/2014 - 14/06/2014)";"9";"7";"REGULAR";"f";"2014-06-09 22:31:37.325";"f";"";"100";"CONSOLIDADA";"";"Presencial";
"1219798";"03";"20815";"";"";"54312";"GRADUAÇÃO";"Campus Central";"HUOL";"2014";"1";"2014-01-27";"2014-06-14";"234M12 (27/01/2014 - 14/06/2014)";"9";"7";"REGULAR";"f";"2014-06-09 22:31:37.325";"f";"";"100";"CONSOLIDADA";"";"Presencial";
"1219798";"03";"5753805";"";"";"54312";"GRADUAÇÃO";"Campus Central";"HUOL";"2014";"1";"2014-01-27";"2014-06-14";"234M12 (27/01/2014 - 14/06/2014)";"9";"7";"REGULAR";"f";"2014-06-09 22:31:37.325";"f";"";"100";"CONSOLIDADA";"";"Presencial";
"1219799";"04";"5752797";"";"";"54312";"GRADUAÇÃO";"Campus Central";"HUOL";"2014";"1";"2014-01-27";"2014-06-14";"234M12 (27/01/2014 - 14/06/2014)";"6";"7";"REGULAR";"f";"2014-06-09 23:06:20.927";"f";"";"100";"CONSOLIDADA";"";"Presencial";
"1219799";"04";"5752188";"";"";"54312";"GRADUAÇÃO";"Campus Central";"HUOL";"2014";"1";"2014-01-27";"2014-06-14";"234M12 (27/01/2014 - 14/06/2014)";"6";"7";"REGULAR";"f";"2014-06-09 23:06:20.927";"f";"";"100";"CONSOLIDADA";"";"Presencial";
"1219799";"04";"5755560";"";"";"54312";"GRADUAÇÃO";"Campus Central";"HUOL";"2014";"1";"2014-01-27";"2014-06-14";"234M12 (27/01/2014 - 14/06/2014)";"6";"7";"REGULAR";"f";"2014-06-09 23:06:20.927";"f";"";"100";"CONSOLIDADA";"";"Presencial";
"1219799";"04";"25440";"";"";"54312";"GRADUAÇÃO";"Campus Central";"HUOL";"2014";"1";"2014-01-27";"2014-06-14";"234M12 (27/01/2014 - 14/06/2014)";"6";"7";"REGULAR";"f";"2014-06-09 23:06:20.927";"f";"";"100";"CONSOLIDADA";"";"Presencial";
"1219799";"04";"5754351";"";"";"54312";"GRADUAÇÃO";"Campus Central";"HUOL";"2014";"1";"2014-01-27";"2014-06-14";"234M12 (27/01/2014 - 14/06/2014)";"6";"7";"REGULAR";"f";"2014-06-09 23:06:20.927";"f";"";"100";"CONSOLIDADA";"";"Presencial";
"1219799";"04";"20815";"";"";"54312";"GRADUAÇÃO";"Campus Central";"HUOL";"2014";"1";"2014-01-27";"2014-06-14";"234M12 (27/01/2014 - 14/06/2014)";"6";"7";"REGULAR";"f";"2014-06-09 23:06:20.927";"f";"";"100";"CONSOLIDADA";"";"Presencial";
"1219799";"04";"5753805";"";"";"54312";"GRADUAÇÃO";"Campus Central";"HUOL";"2014";"1";"2014-01-27";"2014-06-14";"234M12 (27/01/2014 - 14/06/2014)";"6";"7";"REGULAR";"f";"2014-06-09 23:06:20.927";"f";"";"100";"CONSOLIDADA";"";"Presencial";
"1219799";"04";"5754331";"";"";"54312";"GRADUAÇÃO";"Campus Central";"HUOL";"2014";"1";"2014-01-27";"2014-06-14";"234M12 (27/01/2014 - 14/06/2014)";"6";"7";"REGULAR";"f";"2014-06-09 23:06:20.927";"f";"";"100";"CONSOLIDADA";"";"Presencial";
"1219800";"05";"5752797";"";"";"54312";"GRADUAÇÃO";"Campus Central";"HUOL";"2014";"1";"2014-01-27";"2014-06-14";"234M12 (27/01/2014 - 14/06/2014)";"7";"7";"REGULAR";"f";"2014-06-09 23:21:51.752";"f";"";"100";"CONSOLIDADA";"";"Presencial";
"1219800";"05";"5754351";"";"";"54312";"GRADUAÇÃO";"Campus Central";"HUOL";"2014";"1";"2014-01-27";"2014-06-14";"234M12 (27/01/2014 - 14/06/2014)";"7";"7";"REGULAR";"f";"2014-06-09 23:21:51.752";"f";"";"100";"CONSOLIDADA";"";"Presencial";
"1219800";"05";"20815";"";"";"54312";"GRADUAÇÃO";"Campus Central";"HUOL";"2014";"1";"2014-01-27";"2014-06-14";"234M12 (27/01/2014 - 14/06/2014)";"7";"7";"REGULAR";"f";"2014-06-09 23:21:51.752";"f";"";"100";"CONSOLIDADA";"";"Presencial";
"1219800";"05";"5752188";"";"";"54312";"GRADUAÇÃO";"Campus Central";"HUOL";"2014";"1";"2014-01-27";"2014-06-14";"234M12 (27/01/2014 - 14/06/2014)";"7";"7";"REGULAR";"f";"2014-06-09 23:21:51.752";"f";"";"100";"CONSOLIDADA";"";"Presencial";
"1219800";"05";"5753805";"";"";"54312";"GRADUAÇÃO";"Campus Central";"HUOL";"2014";"1";"2014-01-27";"2014-06-14";"234M12 (27/01/2014 - 14/06/2014)";"7";"7";"REGULAR";"f";"2014-06-09 23:21:51.752";"f";"";"100";"CONSOLIDADA";"";"Presencial";
"1219800";"05";"5755560";"";"";"54312";"GRADUAÇÃO";"Campus Central";"HUOL";"2014";"1";"2014-01-27";"2014-06-14";"234M12 (27/01/2014 - 14/06/2014)";"7";"7";"REGULAR";"f";"2014-06-09 23:21:51.752";"f";"";"100";"CONSOLIDADA";"";"Presencial";
"1219800";"05";"5754331";"";"";"54312";"GRADUAÇÃO";"Campus Central";"HUOL";"2014";"1";"2014-01-27";"2014-06-14";"234M12 (27/01/2014 - 14/06/2014)";"7";"7";"REGULAR";"f";"2014-06-09 23:21:51.752";"f";"";"100";"CONSOLIDADA";"";"Presencial";
"1219800";"05";"25440";"";"";"54312";"GRADUAÇÃO";"Campus Central";"HUOL";"2014";"1";"2014-01-27";"2014-06-14";"234M12 (27/01/2014 - 14/06/2014)";"7";"7";"REGULAR";"f";"2014-06-09 23:21:51.752";"f";"";"100";"CONSOLIDADA";"";"Presencial";
"1219801";"01";"18112";"";"";"22480";"GRADUAÇÃO";"Campus Central";"4C3";"2014";"1";"2014-01-27";"2014-06-14";"35M56";"35";"32";"REGULAR";"f";"2014-06-04 09:23:08.556";"f";"";"66";"CONSOLIDADA";"";"Presencial";
"1219802";"06";"25440";"";"";"54312";"GRADUAÇÃO";"Campus Central";"HUOL";"2014";"1";"2014-01-27";"2014-06-14";"234M12 (27/01/2014 - 14/06/2014)";"6";"7";"REGULAR";"f";"2014-06-09 23:50:40.652";"f";"";"100";"CONSOLIDADA";"";"Presencial";
"1219802";"06";"5754331";"";"";"54312";"GRADUAÇÃO";"Campus Central";"HUOL";"2014";"1";"2014-01-27";"2014-06-14";"234M12 (27/01/2014 - 14/06/2014)";"6";"7";"REGULAR";"f";"2014-06-09 23:50:40.652";"f";"";"100";"CONSOLIDADA";"";"Presencial";
"1219802";"06";"5754351";"";"";"54312";"GRADUAÇÃO";"Campus Central";"HUOL";"2014";"1";"2014-01-27";"2014-06-14";"234M12 (27/01/2014 - 14/06/2014)";"6";"7";"REGULAR";"f";"2014-06-09 23:50:40.652";"f";"";"100";"CONSOLIDADA";"";"Presencial";
"1219802";"06";"5752797";"";"";"54312";"GRADUAÇÃO";"Campus Central";"HUOL";"2014";"1";"2014-01-27";"2014-06-14";"234M12 (27/01/2014 - 14/06/2014)";"6";"7";"REGULAR";"f";"2014-06-09 23:50:40.652";"f";"";"100";"CONSOLIDADA";"";"Presencial";
"1219802";"06";"5755560";"";"";"54312";"GRADUAÇÃO";"Campus Central";"HUOL";"2014";"1";"2014-01-27";"2014-06-14";"234M12 (27/01/2014 - 14/06/2014)";"6";"7";"REGULAR";"f";"2014-06-09 23:50:40.652";"f";"";"100";"CONSOLIDADA";"";"Presencial";
"1219802";"06";"5753805";"";"";"54312";"GRADUAÇÃO";"Campus Central";"HUOL";"2014";"1";"2014-01-27";"2014-06-14";"234M12 (27/01/2014 - 14/06/2014)";"6";"7";"REGULAR";"f";"2014-06-09 23:50:40.652";"f";"";"100";"CONSOLIDADA";"";"Presencial";
"1219802";"06";"20815";"";"";"54312";"GRADUAÇÃO";"Campus Central";"HUOL";"2014";"1";"2014-01-27";"2014-06-14";"234M12 (27/01/2014 - 14/06/2014)";"6";"7";"REGULAR";"f";"2014-06-09 23:50:40.652";"f";"";"100";"CONSOLIDADA";"";"Presencial";
"1219802";"06";"5752188";"";"";"54312";"GRADUAÇÃO";"Campus Central";"HUOL";"2014";"1";"2014-01-27";"2014-06-14";"234M12 (27/01/2014 - 14/06/2014)";"6";"7";"REGULAR";"f";"2014-06-09 23:50:40.652";"f";"";"100";"CONSOLIDADA";"";"Presencial";
"1219803";"07";"5754351";"";"";"54312";"GRADUAÇÃO";"Campus Central";"HUOL";"2014";"1";"2014-01-27";"2014-06-14";"234M12 (27/01/2014 - 14/06/2014)";"4";"7";"REGULAR";"f";"2014-06-09 23:54:24.194";"f";"";"100";"CONSOLIDADA";"";"Presencial";
"1219803";"07";"5752797";"";"";"54312";"GRADUAÇÃO";"Campus Central";"HUOL";"2014";"1";"2014-01-27";"2014-06-14";"234M12 (27/01/2014 - 14/06/2014)";"4";"7";"REGULAR";"f";"2014-06-09 23:54:24.194";"f";"";"100";"CONSOLIDADA";"";"Presencial";
"1219803";"07";"5752188";"";"";"54312";"GRADUAÇÃO";"Campus Central";"HUOL";"2014";"1";"2014-01-27";"2014-06-14";"234M12 (27/01/2014 - 14/06/2014)";"4";"7";"REGULAR";"f";"2014-06-09 23:54:24.194";"f";"";"100";"CONSOLIDADA";"";"Presencial";
"1219803";"07";"5754331";"";"";"54312";"GRADUAÇÃO";"Campus Central";"HUOL";"2014";"1";"2014-01-27";"2014-06-14";"234M12 (27/01/2014 - 14/06/2014)";"4";"7";"REGULAR";"f";"2014-06-09 23:54:24.194";"f";"";"100";"CONSOLIDADA";"";"Presencial";
"1219803";"07";"5753805";"";"";"54312";"GRADUAÇÃO";"Campus Central";"HUOL";"2014";"1";"2014-01-27";"2014-06-14";"234M12 (27/01/2014 - 14/06/2014)";"4";"7";"REGULAR";"f";"2014-06-09 23:54:24.194";"f";"";"100";"CONSOLIDADA";"";"Presencial";
"1219803";"07";"25440";"";"";"54312";"GRADUAÇÃO";"Campus Central";"HUOL";"2014";"1";"2014-01-27";"2014-06-14";"234M12 (27/01/2014 - 14/06/2014)";"4";"7";"REGULAR";"f";"2014-06-09 23:54:24.194";"f";"";"100";"CONSOLIDADA";"";"Presencial";
"1219803";"07";"5755560";"";"";"54312";"GRADUAÇÃO";"Campus Central";"HUOL";"2014";"1";"2014-01-27";"2014-06-14";"234M12 (27/01/2014 - 14/06/2014)";"4";"7";"REGULAR";"f";"2014-06-09 23:54:24.194";"f";"";"100";"CONSOLIDADA";"";"Presencial";
"1219803";"07";"20815";"";"";"54312";"GRADUAÇÃO";"Campus Central";"HUOL";"2014";"1";"2014-01-27";"2014-06-14";"234M12 (27/01/2014 - 14/06/2014)";"4";"7";"REGULAR";"f";"2014-06-09 23:54:24.194";"f";"";"100";"CONSOLIDADA";"";"Presencial";
"1219804";"08";"5754331";"";"";"54312";"GRADUAÇÃO";"Campus Central";"HUOL";"2014";"1";"2014-01-27";"2014-06-14";"234M12 (27/01/2014 - 14/06/2014)";"6";"7";"REGULAR";"f";"2014-06-09 23:58:25.979";"f";"";"100";"CONSOLIDADA";"";"Presencial";
"1219804";"08";"25440";"";"";"54312";"GRADUAÇÃO";"Campus Central";"HUOL";"2014";"1";"2014-01-27";"2014-06-14";"234M12 (27/01/2014 - 14/06/2014)";"6";"7";"REGULAR";"f";"2014-06-09 23:58:25.979";"f";"";"100";"CONSOLIDADA";"";"Presencial";
"1219804";"08";"5752188";"";"";"54312";"GRADUAÇÃO";"Campus Central";"HUOL";"2014";"1";"2014-01-27";"2014-06-14";"234M12 (27/01/2014 - 14/06/2014)";"6";"7";"REGULAR";"f";"2014-06-09 23:58:25.979";"f";"";"100";"CONSOLIDADA";"";"Presencial";
"1219804";"08";"5753805";"";"";"54312";"GRADUAÇÃO";"Campus Central";"HUOL";"2014";"1";"2014-01-27";"2014-06-14";"234M12 (27/01/2014 - 14/06/2014)";"6";"7";"REGULAR";"f";"2014-06-09 23:58:25.979";"f";"";"100";"CONSOLIDADA";"";"Presencial";
"1219804";"08";"20815";"";"";"54312";"GRADUAÇÃO";"Campus Central";"HUOL";"2014";"1";"2014-01-27";"2014-06-14";"234M12 (27/01/2014 - 14/06/2014)";"6";"7";"REGULAR";"f";"2014-06-09 23:58:25.979";"f";"";"100";"CONSOLIDADA";"";"Presencial";
"1219804";"08";"5752797";"";"";"54312";"GRADUAÇÃO";"Campus Central";"HUOL";"2014";"1";"2014-01-27";"2014-06-14";"234M12 (27/01/2014 - 14/06/2014)";"6";"7";"REGULAR";"f";"2014-06-09 23:58:25.979";"f";"";"100";"CONSOLIDADA";"";"Presencial";
"1219804";"08";"5754351";"";"";"54312";"GRADUAÇÃO";"Campus Central";"HUOL";"2014";"1";"2014-01-27";"2014-06-14";"234M12 (27/01/2014 - 14/06/2014)";"6";"7";"REGULAR";"f";"2014-06-09 23:58:25.979";"f";"";"100";"CONSOLIDADA";"";"Presencial";
"1219804";"08";"5755560";"";"";"54312";"GRADUAÇÃO";"Campus Central";"HUOL";"2014";"1";"2014-01-27";"2014-06-14";"234M12 (27/01/2014 - 14/06/2014)";"6";"7";"REGULAR";"f";"2014-06-09 23:58:25.979";"f";"";"100";"CONSOLIDADA";"";"Presencial";
"1219805";"01";"63327";"";"";"54732";"GRADUAÇÃO";"Campus Central";"HUOL/HWG";"2014";"1";"2014-01-27";"2014-03-13";"234567M123456  2345T1234 (27/01/2014 - 13/03/2014)";"3";"3";"REGULAR";"f";"2014-06-10 11:20:20.989";"f";"";"322";"CONSOLIDADA";"";"Presencial";
"1219805";"01";"5752391";"";"";"54732";"GRADUAÇÃO";"Campus Central";"HUOL/HWG";"2014";"1";"2014-01-27";"2014-03-13";"234567M123456  2345T1234 (27/01/2014 - 13/03/2014)";"3";"3";"REGULAR";"f";"2014-06-10 11:20:20.989";"f";"";"322";"CONSOLIDADA";"";"Presencial";
"1219805";"01";"5755870";"";"";"54732";"GRADUAÇÃO";"Campus Central";"HUOL/HWG";"2014";"1";"2014-01-27";"2014-03-13";"234567M123456  2345T1234 (27/01/2014 - 13/03/2014)";"3";"3";"REGULAR";"f";"2014-06-10 11:20:20.989";"f";"";"322";"CONSOLIDADA";"";"Presencial";
"1219805";"01";"5755605";"";"";"54732";"GRADUAÇÃO";"Campus Central";"HUOL/HWG";"2014";"1";"2014-01-27";"2014-03-13";"234567M123456  2345T1234 (27/01/2014 - 13/03/2014)";"3";"3";"REGULAR";"f";"2014-06-10 11:20:20.989";"f";"";"322";"CONSOLIDADA";"";"Presencial";
"1219805";"01";"25950";"";"";"54732";"GRADUAÇÃO";"Campus Central";"HUOL/HWG";"2014";"1";"2014-01-27";"2014-03-13";"234567M123456  2345T1234 (27/01/2014 - 13/03/2014)";"3";"3";"REGULAR";"f";"2014-06-10 11:20:20.989";"f";"";"322";"CONSOLIDADA";"";"Presencial";
"1219805";"01";"5755545";"";"";"54732";"GRADUAÇÃO";"Campus Central";"HUOL/HWG";"2014";"1";"2014-01-27";"2014-03-13";"234567M123456  2345T1234 (27/01/2014 - 13/03/2014)";"3";"3";"REGULAR";"f";"2014-06-10 11:20:20.989";"f";"";"322";"CONSOLIDADA";"";"Presencial";
"1219805";"01";"16422";"";"";"54732";"GRADUAÇÃO";"Campus Central";"HUOL/HWG";"2014";"1";"2014-01-27";"2014-03-13";"234567M123456  2345T1234 (27/01/2014 - 13/03/2014)";"3";"3";"REGULAR";"f";"2014-06-10 11:20:20.989";"f";"";"322";"CONSOLIDADA";"";"Presencial";
"1219805";"01";"5752384";"";"";"54732";"GRADUAÇÃO";"Campus Central";"HUOL/HWG";"2014";"1";"2014-01-27";"2014-03-13";"234567M123456  2345T1234 (27/01/2014 - 13/03/2014)";"3";"3";"REGULAR";"f";"2014-06-10 11:20:20.989";"f";"";"322";"CONSOLIDADA";"";"Presencial";
"1219805";"01";"26225";"";"";"54732";"GRADUAÇÃO";"Campus Central";"HUOL/HWG";"2014";"1";"2014-01-27";"2014-03-13";"234567M123456  2345T1234 (27/01/2014 - 13/03/2014)";"3";"3";"REGULAR";"f";"2014-06-10 11:20:20.989";"f";"";"322";"CONSOLIDADA";"";"Presencial";
"1219805";"01";"5753062";"";"";"54732";"GRADUAÇÃO";"Campus Central";"HUOL/HWG";"2014";"1";"2014-01-27";"2014-03-13";"234567M123456  2345T1234 (27/01/2014 - 13/03/2014)";"3";"3";"REGULAR";"f";"2014-06-10 11:20:20.989";"f";"";"322";"CONSOLIDADA";"";"Presencial";
"1219806";"02";"63327";"";"";"54732";"GRADUAÇÃO";"Campus Central";"HUOL/HWG";"2014";"1";"2014-01-27";"2014-03-13";"234567M123456  2345T1234 (27/01/2014 - 13/03/2014)";"3";"3";"REGULAR";"f";"2014-06-10 11:22:21.577";"f";"";"322";"CONSOLIDADA";"";"Presencial";
"1219806";"02";"16422";"";"";"54732";"GRADUAÇÃO";"Campus Central";"HUOL/HWG";"2014";"1";"2014-01-27";"2014-03-13";"234567M123456  2345T1234 (27/01/2014 - 13/03/2014)";"3";"3";"REGULAR";"f";"2014-06-10 11:22:21.577";"f";"";"322";"CONSOLIDADA";"";"Presencial";
"1219806";"02";"26225";"";"";"54732";"GRADUAÇÃO";"Campus Central";"HUOL/HWG";"2014";"1";"2014-01-27";"2014-03-13";"234567M123456  2345T1234 (27/01/2014 - 13/03/2014)";"3";"3";"REGULAR";"f";"2014-06-10 11:22:21.577";"f";"";"322";"CONSOLIDADA";"";"Presencial";
"1219806";"02";"5752391";"";"";"54732";"GRADUAÇÃO";"Campus Central";"HUOL/HWG";"2014";"1";"2014-01-27";"2014-03-13";"234567M123456  2345T1234 (27/01/2014 - 13/03/2014)";"3";"3";"REGULAR";"f";"2014-06-10 11:22:21.577";"f";"";"322";"CONSOLIDADA";"";"Presencial";
"1219806";"02";"5752384";"";"";"54732";"GRADUAÇÃO";"Campus Central";"HUOL/HWG";"2014";"1";"2014-01-27";"2014-03-13";"234567M123456  2345T1234 (27/01/2014 - 13/03/2014)";"3";"3";"REGULAR";"f";"2014-06-10 11:22:21.577";"f";"";"322";"CONSOLIDADA";"";"Presencial";
"1219806";"02";"25950";"";"";"54732";"GRADUAÇÃO";"Campus Central";"HUOL/HWG";"2014";"1";"2014-01-27";"2014-03-13";"234567M123456  2345T1234 (27/01/2014 - 13/03/2014)";"3";"3";"REGULAR";"f";"2014-06-10 11:22:21.577";"f";"";"322";"CONSOLIDADA";"";"Presencial";
"1219806";"02";"5755545";"";"";"54732";"GRADUAÇÃO";"Campus Central";"HUOL/HWG";"2014";"1";"2014-01-27";"2014-03-13";"234567M123456  2345T1234 (27/01/2014 - 13/03/2014)";"3";"3";"REGULAR";"f";"2014-06-10 11:22:21.577";"f";"";"322";"CONSOLIDADA";"";"Presencial";
"1219806";"02";"5755870";"";"";"54732";"GRADUAÇÃO";"Campus Central";"HUOL/HWG";"2014";"1";"2014-01-27";"2014-03-13";"234567M123456  2345T1234 (27/01/2014 - 13/03/2014)";"3";"3";"REGULAR";"f";"2014-06-10 11:22:21.577";"f";"";"322";"CONSOLIDADA";"";"Presencial";
"1219806";"02";"5755605";"";"";"54732";"GRADUAÇÃO";"Campus Central";"HUOL/HWG";"2014";"1";"2014-01-27";"2014-03-13";"234567M123456  2345T1234 (27/01/2014 - 13/03/2014)";"3";"3";"REGULAR";"f";"2014-06-10 11:22:21.577";"f";"";"322";"CONSOLIDADA";"";"Presencial";
"1219806";"02";"5753062";"";"";"54732";"GRADUAÇÃO";"Campus Central";"HUOL/HWG";"2014";"1";"2014-01-27";"2014-03-13";"234567M123456  2345T1234 (27/01/2014 - 13/03/2014)";"3";"3";"REGULAR";"f";"2014-06-10 11:22:21.577";"f";"";"322";"CONSOLIDADA";"";"Presencial";
"1219807";"01";"20900";"";"";"22464";"GRADUAÇÃO";"Campus Central";"4I4";"2014";"1";"2014-01-27";"2014-06-14";"5T456";"10";"35";"REGULAR";"f";"2014-06-09 10:27:16.774";"f";"";"51";"CONSOLIDADA";"";"Presencial";
"1219808";"03";"25950";"";"";"54732";"GRADUAÇÃO";"Campus Central";"HUOL";"2014";"1";"2014-01-27";"2014-03-13";"234567M123456  2345T1234 (27/01/2014 - 13/03/2014)";"3";"3";"REGULAR";"f";"2014-06-10 11:23:55.092";"f";"";"322";"CONSOLIDADA";"";"Presencial";
"1219808";"03";"5755870";"";"";"54732";"GRADUAÇÃO";"Campus Central";"HUOL";"2014";"1";"2014-01-27";"2014-03-13";"234567M123456  2345T1234 (27/01/2014 - 13/03/2014)";"3";"3";"REGULAR";"f";"2014-06-10 11:23:55.092";"f";"";"322";"CONSOLIDADA";"";"Presencial";
"1219808";"03";"5755545";"";"";"54732";"GRADUAÇÃO";"Campus Central";"HUOL";"2014";"1";"2014-01-27";"2014-03-13";"234567M123456  2345T1234 (27/01/2014 - 13/03/2014)";"3";"3";"REGULAR";"f";"2014-06-10 11:23:55.092";"f";"";"322";"CONSOLIDADA";"";"Presencial";
"1219808";"03";"5755605";"";"";"54732";"GRADUAÇÃO";"Campus Central";"HUOL";"2014";"1";"2014-01-27";"2014-03-13";"234567M123456  2345T1234 (27/01/2014 - 13/03/2014)";"3";"3";"REGULAR";"f";"2014-06-10 11:23:55.092";"f";"";"322";"CONSOLIDADA";"";"Presencial";
"1219808";"03";"26225";"";"";"54732";"GRADUAÇÃO";"Campus Central";"HUOL";"2014";"1";"2014-01-27";"2014-03-13";"234567M123456  2345T1234 (27/01/2014 - 13/03/2014)";"3";"3";"REGULAR";"f";"2014-06-10 11:23:55.092";"f";"";"322";"CONSOLIDADA";"";"Presencial";
"1219808";"03";"5752384";"";"";"54732";"GRADUAÇÃO";"Campus Central";"HUOL";"2014";"1";"2014-01-27";"2014-03-13";"234567M123456  2345T1234 (27/01/2014 - 13/03/2014)";"3";"3";"REGULAR";"f";"2014-06-10 11:23:55.092";"f";"";"322";"CONSOLIDADA";"";"Presencial";
"1219808";"03";"5753062";"";"";"54732";"GRADUAÇÃO";"Campus Central";"HUOL";"2014";"1";"2014-01-27";"2014-03-13";"234567M123456  2345T1234 (27/01/2014 - 13/03/2014)";"3";"3";"REGULAR";"f";"2014-06-10 11:23:55.092";"f";"";"322";"CONSOLIDADA";"";"Presencial";
"1219808";"03";"5752391";"";"";"54732";"GRADUAÇÃO";"Campus Central";"HUOL";"2014";"1";"2014-01-27";"2014-03-13";"234567M123456  2345T1234 (27/01/2014 - 13/03/2014)";"3";"3";"REGULAR";"f";"2014-06-10 11:23:55.092";"f";"";"322";"CONSOLIDADA";"";"Presencial";
"1219808";"03";"63327";"";"";"54732";"GRADUAÇÃO";"Campus Central";"HUOL";"2014";"1";"2014-01-27";"2014-03-13";"234567M123456  2345T1234 (27/01/2014 - 13/03/2014)";"3";"3";"REGULAR";"f";"2014-06-10 11:23:55.092";"f";"";"322";"CONSOLIDADA";"";"Presencial";
"1219808";"03";"16422";"";"";"54732";"GRADUAÇÃO";"Campus Central";"HUOL";"2014";"1";"2014-01-27";"2014-03-13";"234567M123456  2345T1234 (27/01/2014 - 13/03/2014)";"3";"3";"REGULAR";"f";"2014-06-10 11:23:55.092";"f";"";"322";"CONSOLIDADA";"";"Presencial";
"1219809";"04";"25950";"";"";"54732";"GRADUAÇÃO";"Campus Central";"HUOL/HWG";"2014";"1";"2014-01-27";"2014-03-13";"234567M123456  2345T1234 (27/01/2014 - 13/03/2014)";"3";"3";"REGULAR";"f";"2014-06-10 11:25:11.541";"f";"";"322";"CONSOLIDADA";"";"Presencial";
"1219809";"04";"63327";"";"";"54732";"GRADUAÇÃO";"Campus Central";"HUOL/HWG";"2014";"1";"2014-01-27";"2014-03-13";"234567M123456  2345T1234 (27/01/2014 - 13/03/2014)";"3";"3";"REGULAR";"f";"2014-06-10 11:25:11.541";"f";"";"322";"CONSOLIDADA";"";"Presencial";
"1219809";"04";"5755870";"";"";"54732";"GRADUAÇÃO";"Campus Central";"HUOL/HWG";"2014";"1";"2014-01-27";"2014-03-13";"234567M123456  2345T1234 (27/01/2014 - 13/03/2014)";"3";"3";"REGULAR";"f";"2014-06-10 11:25:11.541";"f";"";"322";"CONSOLIDADA";"";"Presencial";
"1219809";"04";"5752391";"";"";"54732";"GRADUAÇÃO";"Campus Central";"HUOL/HWG";"2014";"1";"2014-01-27";"2014-03-13";"234567M123456  2345T1234 (27/01/2014 - 13/03/2014)";"3";"3";"REGULAR";"f";"2014-06-10 11:25:11.541";"f";"";"322";"CONSOLIDADA";"";"Presencial";
"1219809";"04";"5755545";"";"";"54732";"GRADUAÇÃO";"Campus Central";"HUOL/HWG";"2014";"1";"2014-01-27";"2014-03-13";"234567M123456  2345T1234 (27/01/2014 - 13/03/2014)";"3";"3";"REGULAR";"f";"2014-06-10 11:25:11.541";"f";"";"322";"CONSOLIDADA";"";"Presencial";
"1219809";"04";"26225";"";"";"54732";"GRADUAÇÃO";"Campus Central";"HUOL/HWG";"2014";"1";"2014-01-27";"2014-03-13";"234567M123456  2345T1234 (27/01/2014 - 13/03/2014)";"3";"3";"REGULAR";"f";"2014-06-10 11:25:11.541";"f";"";"322";"CONSOLIDADA";"";"Presencial";
"1219809";"04";"5753062";"";"";"54732";"GRADUAÇÃO";"Campus Central";"HUOL/HWG";"2014";"1";"2014-01-27";"2014-03-13";"234567M123456  2345T1234 (27/01/2014 - 13/03/2014)";"3";"3";"REGULAR";"f";"2014-06-10 11:25:11.541";"f";"";"322";"CONSOLIDADA";"";"Presencial";
"1219809";"04";"16422";"";"";"54732";"GRADUAÇÃO";"Campus Central";"HUOL/HWG";"2014";"1";"2014-01-27";"2014-03-13";"234567M123456  2345T1234 (27/01/2014 - 13/03/2014)";"3";"3";"REGULAR";"f";"2014-06-10 11:25:11.541";"f";"";"322";"CONSOLIDADA";"";"Presencial";
"1219809";"04";"5752384";"";"";"54732";"GRADUAÇÃO";"Campus Central";"HUOL/HWG";"2014";"1";"2014-01-27";"2014-03-13";"234567M123456  2345T1234 (27/01/2014 - 13/03/2014)";"3";"3";"REGULAR";"f";"2014-06-10 11:25:11.541";"f";"";"322";"CONSOLIDADA";"";"Presencial";
"1219809";"04";"5755605";"";"";"54732";"GRADUAÇÃO";"Campus Central";"HUOL/HWG";"2014";"1";"2014-01-27";"2014-03-13";"234567M123456  2345T1234 (27/01/2014 - 13/03/2014)";"3";"3";"REGULAR";"f";"2014-06-10 11:25:11.541";"f";"";"322";"CONSOLIDADA";"";"Presencial";
"1219810";"05";"26225";"";"";"54732";"GRADUAÇÃO";"Campus Central";"HUOL/HWG";"2014";"1";"2014-01-27";"2014-03-13";"234567M123456  2345T1234 (27/01/2014 - 13/03/2014)";"3";"3";"REGULAR";"f";"2014-06-10 11:26:23.243";"f";"";"322";"CONSOLIDADA";"";"Presencial";
"1219810";"05";"5752391";"";"";"54732";"GRADUAÇÃO";"Campus Central";"HUOL/HWG";"2014";"1";"2014-01-27";"2014-03-13";"234567M123456  2345T1234 (27/01/2014 - 13/03/2014)";"3";"3";"REGULAR";"f";"2014-06-10 11:26:23.243";"f";"";"322";"CONSOLIDADA";"";"Presencial";
"1219810";"05";"63327";"";"";"54732";"GRADUAÇÃO";"Campus Central";"HUOL/HWG";"2014";"1";"2014-01-27";"2014-03-13";"234567M123456  2345T1234 (27/01/2014 - 13/03/2014)";"3";"3";"REGULAR";"f";"2014-06-10 11:26:23.243";"f";"";"322";"CONSOLIDADA";"";"Presencial";
"1219810";"05";"16422";"";"";"54732";"GRADUAÇÃO";"Campus Central";"HUOL/HWG";"2014";"1";"2014-01-27";"2014-03-13";"234567M123456  2345T1234 (27/01/2014 - 13/03/2014)";"3";"3";"REGULAR";"f";"2014-06-10 11:26:23.243";"f";"";"322";"CONSOLIDADA";"";"Presencial";
"1219810";"05";"5755870";"";"";"54732";"GRADUAÇÃO";"Campus Central";"HUOL/HWG";"2014";"1";"2014-01-27";"2014-03-13";"234567M123456  2345T1234 (27/01/2014 - 13/03/2014)";"3";"3";"REGULAR";"f";"2014-06-10 11:26:23.243";"f";"";"322";"CONSOLIDADA";"";"Presencial";
"1219810";"05";"5755545";"";"";"54732";"GRADUAÇÃO";"Campus Central";"HUOL/HWG";"2014";"1";"2014-01-27";"2014-03-13";"234567M123456  2345T1234 (27/01/2014 - 13/03/2014)";"3";"3";"REGULAR";"f";"2014-06-10 11:26:23.243";"f";"";"322";"CONSOLIDADA";"";"Presencial";
"1219810";"05";"25950";"";"";"54732";"GRADUAÇÃO";"Campus Central";"HUOL/HWG";"2014";"1";"2014-01-27";"2014-03-13";"234567M123456  2345T1234 (27/01/2014 - 13/03/2014)";"3";"3";"REGULAR";"f";"2014-06-10 11:26:23.243";"f";"";"322";"CONSOLIDADA";"";"Presencial";
"1219810";"05";"5752384";"";"";"54732";"GRADUAÇÃO";"Campus Central";"HUOL/HWG";"2014";"1";"2014-01-27";"2014-03-13";"234567M123456  2345T1234 (27/01/2014 - 13/03/2014)";"3";"3";"REGULAR";"f";"2014-06-10 11:26:23.243";"f";"";"322";"CONSOLIDADA";"";"Presencial";
"1219810";"05";"5753062";"";"";"54732";"GRADUAÇÃO";"Campus Central";"HUOL/HWG";"2014";"1";"2014-01-27";"2014-03-13";"234567M123456  2345T1234 (27/01/2014 - 13/03/2014)";"3";"3";"REGULAR";"f";"2014-06-10 11:26:23.243";"f";"";"322";"CONSOLIDADA";"";"Presencial";
"1219810";"05";"5755605";"";"";"54732";"GRADUAÇÃO";"Campus Central";"HUOL/HWG";"2014";"1";"2014-01-27";"2014-03-13";"234567M123456  2345T1234 (27/01/2014 - 13/03/2014)";"3";"3";"REGULAR";"f";"2014-06-10 11:26:23.243";"f";"";"322";"CONSOLIDADA";"";"Presencial";
"1219811";"06";"63327";"";"";"54732";"GRADUAÇÃO";"Campus Central";"HUOL/HWG";"2014";"1";"2014-01-27";"2014-03-13";"234567M123456  2345T1234 (27/01/2014 - 13/03/2014)";"1";"3";"REGULAR";"f";"2014-06-10 11:27:29.567";"f";"";"322";"CONSOLIDADA";"";"Presencial";
"1219811";"06";"5752391";"";"";"54732";"GRADUAÇÃO";"Campus Central";"HUOL/HWG";"2014";"1";"2014-01-27";"2014-03-13";"234567M123456  2345T1234 (27/01/2014 - 13/03/2014)";"1";"3";"REGULAR";"f";"2014-06-10 11:27:29.567";"f";"";"322";"CONSOLIDADA";"";"Presencial";
"1219811";"06";"5755605";"";"";"54732";"GRADUAÇÃO";"Campus Central";"HUOL/HWG";"2014";"1";"2014-01-27";"2014-03-13";"234567M123456  2345T1234 (27/01/2014 - 13/03/2014)";"1";"3";"REGULAR";"f";"2014-06-10 11:27:29.567";"f";"";"322";"CONSOLIDADA";"";"Presencial";
"1219811";"06";"5752384";"";"";"54732";"GRADUAÇÃO";"Campus Central";"HUOL/HWG";"2014";"1";"2014-01-27";"2014-03-13";"234567M123456  2345T1234 (27/01/2014 - 13/03/2014)";"1";"3";"REGULAR";"f";"2014-06-10 11:27:29.567";"f";"";"322";"CONSOLIDADA";"";"Presencial";
"1219811";"06";"5753062";"";"";"54732";"GRADUAÇÃO";"Campus Central";"HUOL/HWG";"2014";"1";"2014-01-27";"2014-03-13";"234567M123456  2345T1234 (27/01/2014 - 13/03/2014)";"1";"3";"REGULAR";"f";"2014-06-10 11:27:29.567";"f";"";"322";"CONSOLIDADA";"";"Presencial";
"1219811";"06";"5755545";"";"";"54732";"GRADUAÇÃO";"Campus Central";"HUOL/HWG";"2014";"1";"2014-01-27";"2014-03-13";"234567M123456  2345T1234 (27/01/2014 - 13/03/2014)";"1";"3";"REGULAR";"f";"2014-06-10 11:27:29.567";"f";"";"322";"CONSOLIDADA";"";"Presencial";
"1219811";"06";"26225";"";"";"54732";"GRADUAÇÃO";"Campus Central";"HUOL/HWG";"2014";"1";"2014-01-27";"2014-03-13";"234567M123456  2345T1234 (27/01/2014 - 13/03/2014)";"1";"3";"REGULAR";"f";"2014-06-10 11:27:29.567";"f";"";"322";"CONSOLIDADA";"";"Presencial";
"1219811";"06";"5755870";"";"";"54732";"GRADUAÇÃO";"Campus Central";"HUOL/HWG";"2014";"1";"2014-01-27";"2014-03-13";"234567M123456  2345T1234 (27/01/2014 - 13/03/2014)";"1";"3";"REGULAR";"f";"2014-06-10 11:27:29.567";"f";"";"322";"CONSOLIDADA";"";"Presencial";
"1219811";"06";"25950";"";"";"54732";"GRADUAÇÃO";"Campus Central";"HUOL/HWG";"2014";"1";"2014-01-27";"2014-03-13";"234567M123456  2345T1234 (27/01/2014 - 13/03/2014)";"1";"3";"REGULAR";"f";"2014-06-10 11:27:29.567";"f";"";"322";"CONSOLIDADA";"";"Presencial";
"1219811";"06";"16422";"";"";"54732";"GRADUAÇÃO";"Campus Central";"HUOL/HWG";"2014";"1";"2014-01-27";"2014-03-13";"234567M123456  2345T1234 (27/01/2014 - 13/03/2014)";"1";"3";"REGULAR";"f";"2014-06-10 11:27:29.567";"f";"";"322";"CONSOLIDADA";"";"Presencial";
"1219813";"01A";"5756360";"";"";"46637";"GRADUAÇÃO";"Campus Central";"a definir";"2014";"1";"2014-01-27";"2014-06-14";"24T34 6T12";"";"20";"REGULAR";"f";"";"f";"1219812";"";"EXCLUÍDA";"";"Presencial";
"1219813";"01A";"20900";"";"";"46637";"GRADUAÇÃO";"Campus Central";"a definir";"2014";"1";"2014-01-27";"2014-06-14";"24T34 6T12";"";"20";"REGULAR";"f";"";"f";"1219812";"";"EXCLUÍDA";"";"Presencial";
"1219814";"07";"5755870";"";"";"54732";"GRADUAÇÃO";"Campus Central";"HUOL/HWG";"2014";"1";"2014-03-14";"2014-04-28";"234567M123456  2345T1234 (14/03/2014 - 28/04/2014)";"3";"3";"REGULAR";"f";"2014-06-10 11:28:40.748";"f";"";"308";"CONSOLIDADA";"";"Presencial";
"1219814";"07";"16422";"";"";"54732";"GRADUAÇÃO";"Campus Central";"HUOL/HWG";"2014";"1";"2014-03-14";"2014-04-28";"234567M123456  2345T1234 (14/03/2014 - 28/04/2014)";"3";"3";"REGULAR";"f";"2014-06-10 11:28:40.748";"f";"";"308";"CONSOLIDADA";"";"Presencial";
"1219814";"07";"5755605";"";"";"54732";"GRADUAÇÃO";"Campus Central";"HUOL/HWG";"2014";"1";"2014-03-14";"2014-04-28";"234567M123456  2345T1234 (14/03/2014 - 28/04/2014)";"3";"3";"REGULAR";"f";"2014-06-10 11:28:40.748";"f";"";"308";"CONSOLIDADA";"";"Presencial";
"1219814";"07";"63327";"";"";"54732";"GRADUAÇÃO";"Campus Central";"HUOL/HWG";"2014";"1";"2014-03-14";"2014-04-28";"234567M123456  2345T1234 (14/03/2014 - 28/04/2014)";"3";"3";"REGULAR";"f";"2014-06-10 11:28:40.748";"f";"";"308";"CONSOLIDADA";"";"Presencial";
"1219814";"07";"5752391";"";"";"54732";"GRADUAÇÃO";"Campus Central";"HUOL/HWG";"2014";"1";"2014-03-14";"2014-04-28";"234567M123456  2345T1234 (14/03/2014 - 28/04/2014)";"3";"3";"REGULAR";"f";"2014-06-10 11:28:40.748";"f";"";"308";"CONSOLIDADA";"";"Presencial";
"1219814";"07";"5753062";"";"";"54732";"GRADUAÇÃO";"Campus Central";"HUOL/HWG";"2014";"1";"2014-03-14";"2014-04-28";"234567M123456  2345T1234 (14/03/2014 - 28/04/2014)";"3";"3";"REGULAR";"f";"2014-06-10 11:28:40.748";"f";"";"308";"CONSOLIDADA";"";"Presencial";
"1219814";"07";"25950";"";"";"54732";"GRADUAÇÃO";"Campus Central";"HUOL/HWG";"2014";"1";"2014-03-14";"2014-04-28";"234567M123456  2345T1234 (14/03/2014 - 28/04/2014)";"3";"3";"REGULAR";"f";"2014-06-10 11:28:40.748";"f";"";"308";"CONSOLIDADA";"";"Presencial";
"1219814";"07";"5752384";"";"";"54732";"GRADUAÇÃO";"Campus Central";"HUOL/HWG";"2014";"1";"2014-03-14";"2014-04-28";"234567M123456  2345T1234 (14/03/2014 - 28/04/2014)";"3";"3";"REGULAR";"f";"2014-06-10 11:28:40.748";"f";"";"308";"CONSOLIDADA";"";"Presencial";
"1219814";"07";"26225";"";"";"54732";"GRADUAÇÃO";"Campus Central";"HUOL/HWG";"2014";"1";"2014-03-14";"2014-04-28";"234567M123456  2345T1234 (14/03/2014 - 28/04/2014)";"3";"3";"REGULAR";"f";"2014-06-10 11:28:40.748";"f";"";"308";"CONSOLIDADA";"";"Presencial";
"1219814";"07";"5755545";"";"";"54732";"GRADUAÇÃO";"Campus Central";"HUOL/HWG";"2014";"1";"2014-03-14";"2014-04-28";"234567M123456  2345T1234 (14/03/2014 - 28/04/2014)";"3";"3";"REGULAR";"f";"2014-06-10 11:28:40.748";"f";"";"308";"CONSOLIDADA";"";"Presencial";
"1219815";"08";"63327";"";"";"54732";"GRADUAÇÃO";"Campus Central";"HUOL/HWG";"2014";"1";"2014-03-14";"2014-04-28";"234567M123456  2345T1234 (14/03/2014 - 28/04/2014)";"3";"3";"REGULAR";"f";"2014-06-10 11:29:47.525";"f";"";"308";"CONSOLIDADA";"";"Presencial";
"1219815";"08";"5752391";"";"";"54732";"GRADUAÇÃO";"Campus Central";"HUOL/HWG";"2014";"1";"2014-03-14";"2014-04-28";"234567M123456  2345T1234 (14/03/2014 - 28/04/2014)";"3";"3";"REGULAR";"f";"2014-06-10 11:29:47.525";"f";"";"308";"CONSOLIDADA";"";"Presencial";
"1219815";"08";"26225";"";"";"54732";"GRADUAÇÃO";"Campus Central";"HUOL/HWG";"2014";"1";"2014-03-14";"2014-04-28";"234567M123456  2345T1234 (14/03/2014 - 28/04/2014)";"3";"3";"REGULAR";"f";"2014-06-10 11:29:47.525";"f";"";"308";"CONSOLIDADA";"";"Presencial";
"1219815";"08";"5755870";"";"";"54732";"GRADUAÇÃO";"Campus Central";"HUOL/HWG";"2014";"1";"2014-03-14";"2014-04-28";"234567M123456  2345T1234 (14/03/2014 - 28/04/2014)";"3";"3";"REGULAR";"f";"2014-06-10 11:29:47.525";"f";"";"308";"CONSOLIDADA";"";"Presencial";
"1219815";"08";"5755545";"";"";"54732";"GRADUAÇÃO";"Campus Central";"HUOL/HWG";"2014";"1";"2014-03-14";"2014-04-28";"234567M123456  2345T1234 (14/03/2014 - 28/04/2014)";"3";"3";"REGULAR";"f";"2014-06-10 11:29:47.525";"f";"";"308";"CONSOLIDADA";"";"Presencial";
"1219815";"08";"5755605";"";"";"54732";"GRADUAÇÃO";"Campus Central";"HUOL/HWG";"2014";"1";"2014-03-14";"2014-04-28";"234567M123456  2345T1234 (14/03/2014 - 28/04/2014)";"3";"3";"REGULAR";"f";"2014-06-10 11:29:47.525";"f";"";"308";"CONSOLIDADA";"";"Presencial";
"1219815";"08";"25950";"";"";"54732";"GRADUAÇÃO";"Campus Central";"HUOL/HWG";"2014";"1";"2014-03-14";"2014-04-28";"234567M123456  2345T1234 (14/03/2014 - 28/04/2014)";"3";"3";"REGULAR";"f";"2014-06-10 11:29:47.525";"f";"";"308";"CONSOLIDADA";"";"Presencial";
"1219815";"08";"5753062";"";"";"54732";"GRADUAÇÃO";"Campus Central";"HUOL/HWG";"2014";"1";"2014-03-14";"2014-04-28";"234567M123456  2345T1234 (14/03/2014 - 28/04/2014)";"3";"3";"REGULAR";"f";"2014-06-10 11:29:47.525";"f";"";"308";"CONSOLIDADA";"";"Presencial";
"1219815";"08";"5752384";"";"";"54732";"GRADUAÇÃO";"Campus Central";"HUOL/HWG";"2014";"1";"2014-03-14";"2014-04-28";"234567M123456  2345T1234 (14/03/2014 - 28/04/2014)";"3";"3";"REGULAR";"f";"2014-06-10 11:29:47.525";"f";"";"308";"CONSOLIDADA";"";"Presencial";
"1219815";"08";"16422";"";"";"54732";"GRADUAÇÃO";"Campus Central";"HUOL/HWG";"2014";"1";"2014-03-14";"2014-04-28";"234567M123456  2345T1234 (14/03/2014 - 28/04/2014)";"3";"3";"REGULAR";"f";"2014-06-10 11:29:47.525";"f";"";"308";"CONSOLIDADA";"";"Presencial";
"1219816";"09";"16422";"";"";"54732";"GRADUAÇÃO";"Campus Central";"HUOL/HWG";"2014";"1";"2014-04-29";"2014-06-13";"234567M123456  2345T1234 (29/04/2014 - 13/06/2014)";"3";"3";"REGULAR";"f";"2014-06-18 09:46:01.084";"f";"";"338";"CONSOLIDADA";"";"Presencial";
"1219816";"09";"5753062";"";"";"54732";"GRADUAÇÃO";"Campus Central";"HUOL/HWG";"2014";"1";"2014-04-29";"2014-06-13";"234567M123456  2345T1234 (29/04/2014 - 13/06/2014)";"3";"3";"REGULAR";"f";"2014-06-18 09:46:01.084";"f";"";"338";"CONSOLIDADA";"";"Presencial";
"1219816";"09";"63327";"";"";"54732";"GRADUAÇÃO";"Campus Central";"HUOL/HWG";"2014";"1";"2014-04-29";"2014-06-13";"234567M123456  2345T1234 (29/04/2014 - 13/06/2014)";"3";"3";"REGULAR";"f";"2014-06-18 09:46:01.084";"f";"";"338";"CONSOLIDADA";"";"Presencial";
"1219816";"09";"25950";"";"";"54732";"GRADUAÇÃO";"Campus Central";"HUOL/HWG";"2014";"1";"2014-04-29";"2014-06-13";"234567M123456  2345T1234 (29/04/2014 - 13/06/2014)";"3";"3";"REGULAR";"f";"2014-06-18 09:46:01.084";"f";"";"338";"CONSOLIDADA";"";"Presencial";
"1219816";"09";"5755870";"";"";"54732";"GRADUAÇÃO";"Campus Central";"HUOL/HWG";"2014";"1";"2014-04-29";"2014-06-13";"234567M123456  2345T1234 (29/04/2014 - 13/06/2014)";"3";"3";"REGULAR";"f";"2014-06-18 09:46:01.084";"f";"";"338";"CONSOLIDADA";"";"Presencial";
"1219816";"09";"5755605";"";"";"54732";"GRADUAÇÃO";"Campus Central";"HUOL/HWG";"2014";"1";"2014-04-29";"2014-06-13";"234567M123456  2345T1234 (29/04/2014 - 13/06/2014)";"3";"3";"REGULAR";"f";"2014-06-18 09:46:01.084";"f";"";"338";"CONSOLIDADA";"";"Presencial";
"1219816";"09";"5752384";"";"";"54732";"GRADUAÇÃO";"Campus Central";"HUOL/HWG";"2014";"1";"2014-04-29";"2014-06-13";"234567M123456  2345T1234 (29/04/2014 - 13/06/2014)";"3";"3";"REGULAR";"f";"2014-06-18 09:46:01.084";"f";"";"338";"CONSOLIDADA";"";"Presencial";
"1219816";"09";"5755545";"";"";"54732";"GRADUAÇÃO";"Campus Central";"HUOL/HWG";"2014";"1";"2014-04-29";"2014-06-13";"234567M123456  2345T1234 (29/04/2014 - 13/06/2014)";"3";"3";"REGULAR";"f";"2014-06-18 09:46:01.084";"f";"";"338";"CONSOLIDADA";"";"Presencial";
"1219816";"09";"5752391";"";"";"54732";"GRADUAÇÃO";"Campus Central";"HUOL/HWG";"2014";"1";"2014-04-29";"2014-06-13";"234567M123456  2345T1234 (29/04/2014 - 13/06/2014)";"3";"3";"REGULAR";"f";"2014-06-18 09:46:01.084";"f";"";"338";"CONSOLIDADA";"";"Presencial";
"1219816";"09";"26225";"";"";"54732";"GRADUAÇÃO";"Campus Central";"HUOL/HWG";"2014";"1";"2014-04-29";"2014-06-13";"234567M123456  2345T1234 (29/04/2014 - 13/06/2014)";"3";"3";"REGULAR";"f";"2014-06-18 09:46:01.084";"f";"";"338";"CONSOLIDADA";"";"Presencial";
"1219817";"10";"25950";"";"";"54732";"GRADUAÇÃO";"Campus Central";"HUOL/HWG";"2014";"1";"2014-03-14";"2014-04-28";"234567M123456  2345T1234 (14/03/2014 - 28/04/2014)";"3";"3";"REGULAR";"f";"2014-06-10 11:31:34.094";"f";"";"308";"CONSOLIDADA";"";"Presencial";
"1219817";"10";"5755870";"";"";"54732";"GRADUAÇÃO";"Campus Central";"HUOL/HWG";"2014";"1";"2014-03-14";"2014-04-28";"234567M123456  2345T1234 (14/03/2014 - 28/04/2014)";"3";"3";"REGULAR";"f";"2014-06-10 11:31:34.094";"f";"";"308";"CONSOLIDADA";"";"Presencial";
"1219817";"10";"26225";"";"";"54732";"GRADUAÇÃO";"Campus Central";"HUOL/HWG";"2014";"1";"2014-03-14";"2014-04-28";"234567M123456  2345T1234 (14/03/2014 - 28/04/2014)";"3";"3";"REGULAR";"f";"2014-06-10 11:31:34.094";"f";"";"308";"CONSOLIDADA";"";"Presencial";
"1219817";"10";"63327";"";"";"54732";"GRADUAÇÃO";"Campus Central";"HUOL/HWG";"2014";"1";"2014-03-14";"2014-04-28";"234567M123456  2345T1234 (14/03/2014 - 28/04/2014)";"3";"3";"REGULAR";"f";"2014-06-10 11:31:34.094";"f";"";"308";"CONSOLIDADA";"";"Presencial";
"1219817";"10";"5753062";"";"";"54732";"GRADUAÇÃO";"Campus Central";"HUOL/HWG";"2014";"1";"2014-03-14";"2014-04-28";"234567M123456  2345T1234 (14/03/2014 - 28/04/2014)";"3";"3";"REGULAR";"f";"2014-06-10 11:31:34.094";"f";"";"308";"CONSOLIDADA";"";"Presencial";
"1219817";"10";"5752384";"";"";"54732";"GRADUAÇÃO";"Campus Central";"HUOL/HWG";"2014";"1";"2014-03-14";"2014-04-28";"234567M123456  2345T1234 (14/03/2014 - 28/04/2014)";"3";"3";"REGULAR";"f";"2014-06-10 11:31:34.094";"f";"";"308";"CONSOLIDADA";"";"Presencial";
"1219817";"10";"5755545";"";"";"54732";"GRADUAÇÃO";"Campus Central";"HUOL/HWG";"2014";"1";"2014-03-14";"2014-04-28";"234567M123456  2345T1234 (14/03/2014 - 28/04/2014)";"3";"3";"REGULAR";"f";"2014-06-10 11:31:34.094";"f";"";"308";"CONSOLIDADA";"";"Presencial";
"1219817";"10";"5752391";"";"";"54732";"GRADUAÇÃO";"Campus Central";"HUOL/HWG";"2014";"1";"2014-03-14";"2014-04-28";"234567M123456  2345T1234 (14/03/2014 - 28/04/2014)";"3";"3";"REGULAR";"f";"2014-06-10 11:31:34.094";"f";"";"308";"CONSOLIDADA";"";"Presencial";
"1219817";"10";"5755605";"";"";"54732";"GRADUAÇÃO";"Campus Central";"HUOL/HWG";"2014";"1";"2014-03-14";"2014-04-28";"234567M123456  2345T1234 (14/03/2014 - 28/04/2014)";"3";"3";"REGULAR";"f";"2014-06-10 11:31:34.094";"f";"";"308";"CONSOLIDADA";"";"Presencial";
"1219817";"10";"16422";"";"";"54732";"GRADUAÇÃO";"Campus Central";"HUOL/HWG";"2014";"1";"2014-03-14";"2014-04-28";"234567M123456  2345T1234 (14/03/2014 - 28/04/2014)";"3";"3";"REGULAR";"f";"2014-06-10 11:31:34.094";"f";"";"308";"CONSOLIDADA";"";"Presencial";
"1219818";"11";"63327";"";"";"54732";"GRADUAÇÃO";"Campus Central";"HUOL/HWG";"2014";"1";"2014-03-14";"2014-04-28";"234567M123456  2345T1234 (14/03/2014 - 28/04/2014)";"3";"3";"REGULAR";"f";"2014-06-10 11:32:30.771";"f";"";"308";"CONSOLIDADA";"";"Presencial";
"1219818";"11";"5755870";"";"";"54732";"GRADUAÇÃO";"Campus Central";"HUOL/HWG";"2014";"1";"2014-03-14";"2014-04-28";"234567M123456  2345T1234 (14/03/2014 - 28/04/2014)";"3";"3";"REGULAR";"f";"2014-06-10 11:32:30.771";"f";"";"308";"CONSOLIDADA";"";"Presencial";
"1219818";"11";"25950";"";"";"54732";"GRADUAÇÃO";"Campus Central";"HUOL/HWG";"2014";"1";"2014-03-14";"2014-04-28";"234567M123456  2345T1234 (14/03/2014 - 28/04/2014)";"3";"3";"REGULAR";"f";"2014-06-10 11:32:30.771";"f";"";"308";"CONSOLIDADA";"";"Presencial";
"1219818";"11";"26225";"";"";"54732";"GRADUAÇÃO";"Campus Central";"HUOL/HWG";"2014";"1";"2014-03-14";"2014-04-28";"234567M123456  2345T1234 (14/03/2014 - 28/04/2014)";"3";"3";"REGULAR";"f";"2014-06-10 11:32:30.771";"f";"";"308";"CONSOLIDADA";"";"Presencial";
"1219818";"11";"5752384";"";"";"54732";"GRADUAÇÃO";"Campus Central";"HUOL/HWG";"2014";"1";"2014-03-14";"2014-04-28";"234567M123456  2345T1234 (14/03/2014 - 28/04/2014)";"3";"3";"REGULAR";"f";"2014-06-10 11:32:30.771";"f";"";"308";"CONSOLIDADA";"";"Presencial";
"1219818";"11";"5755605";"";"";"54732";"GRADUAÇÃO";"Campus Central";"HUOL/HWG";"2014";"1";"2014-03-14";"2014-04-28";"234567M123456  2345T1234 (14/03/2014 - 28/04/2014)";"3";"3";"REGULAR";"f";"2014-06-10 11:32:30.771";"f";"";"308";"CONSOLIDADA";"";"Presencial";
"1219818";"11";"5752391";"";"";"54732";"GRADUAÇÃO";"Campus Central";"HUOL/HWG";"2014";"1";"2014-03-14";"2014-04-28";"234567M123456  2345T1234 (14/03/2014 - 28/04/2014)";"3";"3";"REGULAR";"f";"2014-06-10 11:32:30.771";"f";"";"308";"CONSOLIDADA";"";"Presencial";
"1219818";"11";"16422";"";"";"54732";"GRADUAÇÃO";"Campus Central";"HUOL/HWG";"2014";"1";"2014-03-14";"2014-04-28";"234567M123456  2345T1234 (14/03/2014 - 28/04/2014)";"3";"3";"REGULAR";"f";"2014-06-10 11:32:30.771";"f";"";"308";"CONSOLIDADA";"";"Presencial";
"1219818";"11";"5753062";"";"";"54732";"GRADUAÇÃO";"Campus Central";"HUOL/HWG";"2014";"1";"2014-03-14";"2014-04-28";"234567M123456  2345T1234 (14/03/2014 - 28/04/2014)";"3";"3";"REGULAR";"f";"2014-06-10 11:32:30.771";"f";"";"308";"CONSOLIDADA";"";"Presencial";
"1219818";"11";"5755545";"";"";"54732";"GRADUAÇÃO";"Campus Central";"HUOL/HWG";"2014";"1";"2014-03-14";"2014-04-28";"234567M123456  2345T1234 (14/03/2014 - 28/04/2014)";"3";"3";"REGULAR";"f";"2014-06-10 11:32:30.771";"f";"";"308";"CONSOLIDADA";"";"Presencial";
"1219820";"02A";"5756360";"";"";"46637";"GRADUAÇÃO";"Campus Central";"4B5";"2014";"1";"2014-01-27";"2014-06-14";"246T34";"7";"20";"REGULAR";"f";"2014-06-07 12:05:33.974";"f";"1219819";"106";"CONSOLIDADA";"";"Presencial";
"1219820";"02A";"20900";"";"";"46637";"GRADUAÇÃO";"Campus Central";"4B5";"2014";"1";"2014-01-27";"2014-06-14";"246T34";"7";"20";"REGULAR";"f";"2014-06-07 12:05:33.974";"f";"1219819";"106";"CONSOLIDADA";"";"Presencial";
"1219821";"12";"5755545";"";"";"54732";"GRADUAÇÃO";"Campus Central";"HUOL/HWG";"2014";"1";"2014-03-14";"2014-04-28";"234567M123456  2345T1234 (14/03/2014 - 28/04/2014)";"2";"3";"REGULAR";"f";"2014-06-10 11:33:27.779";"f";"";"308";"CONSOLIDADA";"";"Presencial";
"1219821";"12";"5755870";"";"";"54732";"GRADUAÇÃO";"Campus Central";"HUOL/HWG";"2014";"1";"2014-03-14";"2014-04-28";"234567M123456  2345T1234 (14/03/2014 - 28/04/2014)";"2";"3";"REGULAR";"f";"2014-06-10 11:33:27.779";"f";"";"308";"CONSOLIDADA";"";"Presencial";
"1219821";"12";"16422";"";"";"54732";"GRADUAÇÃO";"Campus Central";"HUOL/HWG";"2014";"1";"2014-03-14";"2014-04-28";"234567M123456  2345T1234 (14/03/2014 - 28/04/2014)";"2";"3";"REGULAR";"f";"2014-06-10 11:33:27.779";"f";"";"308";"CONSOLIDADA";"";"Presencial";
"1219821";"12";"5752384";"";"";"54732";"GRADUAÇÃO";"Campus Central";"HUOL/HWG";"2014";"1";"2014-03-14";"2014-04-28";"234567M123456  2345T1234 (14/03/2014 - 28/04/2014)";"2";"3";"REGULAR";"f";"2014-06-10 11:33:27.779";"f";"";"308";"CONSOLIDADA";"";"Presencial";
"1219821";"12";"25950";"";"";"54732";"GRADUAÇÃO";"Campus Central";"HUOL/HWG";"2014";"1";"2014-03-14";"2014-04-28";"234567M123456  2345T1234 (14/03/2014 - 28/04/2014)";"2";"3";"REGULAR";"f";"2014-06-10 11:33:27.779";"f";"";"308";"CONSOLIDADA";"";"Presencial";
"1219821";"12";"5753062";"";"";"54732";"GRADUAÇÃO";"Campus Central";"HUOL/HWG";"2014";"1";"2014-03-14";"2014-04-28";"234567M123456  2345T1234 (14/03/2014 - 28/04/2014)";"2";"3";"REGULAR";"f";"2014-06-10 11:33:27.779";"f";"";"308";"CONSOLIDADA";"";"Presencial";
"1219821";"12";"63327";"";"";"54732";"GRADUAÇÃO";"Campus Central";"HUOL/HWG";"2014";"1";"2014-03-14";"2014-04-28";"234567M123456  2345T1234 (14/03/2014 - 28/04/2014)";"2";"3";"REGULAR";"f";"2014-06-10 11:33:27.779";"f";"";"308";"CONSOLIDADA";"";"Presencial";
"1219821";"12";"5752391";"";"";"54732";"GRADUAÇÃO";"Campus Central";"HUOL/HWG";"2014";"1";"2014-03-14";"2014-04-28";"234567M123456  2345T1234 (14/03/2014 - 28/04/2014)";"2";"3";"REGULAR";"f";"2014-06-10 11:33:27.779";"f";"";"308";"CONSOLIDADA";"";"Presencial";
"1219821";"12";"5755605";"";"";"54732";"GRADUAÇÃO";"Campus Central";"HUOL/HWG";"2014";"1";"2014-03-14";"2014-04-28";"234567M123456  2345T1234 (14/03/2014 - 28/04/2014)";"2";"3";"REGULAR";"f";"2014-06-10 11:33:27.779";"f";"";"308";"CONSOLIDADA";"";"Presencial";
"1219821";"12";"26225";"";"";"54732";"GRADUAÇÃO";"Campus Central";"HUOL/HWG";"2014";"1";"2014-03-14";"2014-04-28";"234567M123456  2345T1234 (14/03/2014 - 28/04/2014)";"2";"3";"REGULAR";"f";"2014-06-10 11:33:27.779";"f";"";"308";"CONSOLIDADA";"";"Presencial";
"1219822";"13";"26225";"";"";"54732";"GRADUAÇÃO";"Campus Central";"HUOL/HWG";"2014";"1";"2014-03-14";"2014-04-28";"234567M123456  2345T1234 (14/03/2014 - 28/04/2014)";"";"3";"REGULAR";"f";"2014-06-10 11:34:23.111";"f";"";"308";"CONSOLIDADA";"";"Presencial";
"1219822";"13";"16422";"";"";"54732";"GRADUAÇÃO";"Campus Central";"HUOL/HWG";"2014";"1";"2014-03-14";"2014-04-28";"234567M123456  2345T1234 (14/03/2014 - 28/04/2014)";"";"3";"REGULAR";"f";"2014-06-10 11:34:23.111";"f";"";"308";"CONSOLIDADA";"";"Presencial";
"1219822";"13";"5753062";"";"";"54732";"GRADUAÇÃO";"Campus Central";"HUOL/HWG";"2014";"1";"2014-03-14";"2014-04-28";"234567M123456  2345T1234 (14/03/2014 - 28/04/2014)";"";"3";"REGULAR";"f";"2014-06-10 11:34:23.111";"f";"";"308";"CONSOLIDADA";"";"Presencial";
"1219822";"13";"5752391";"";"";"54732";"GRADUAÇÃO";"Campus Central";"HUOL/HWG";"2014";"1";"2014-03-14";"2014-04-28";"234567M123456  2345T1234 (14/03/2014 - 28/04/2014)";"";"3";"REGULAR";"f";"2014-06-10 11:34:23.111";"f";"";"308";"CONSOLIDADA";"";"Presencial";
"1219822";"13";"5755545";"";"";"54732";"GRADUAÇÃO";"Campus Central";"HUOL/HWG";"2014";"1";"2014-03-14";"2014-04-28";"234567M123456  2345T1234 (14/03/2014 - 28/04/2014)";"";"3";"REGULAR";"f";"2014-06-10 11:34:23.111";"f";"";"308";"CONSOLIDADA";"";"Presencial";
"1219822";"13";"5755870";"";"";"54732";"GRADUAÇÃO";"Campus Central";"HUOL/HWG";"2014";"1";"2014-03-14";"2014-04-28";"234567M123456  2345T1234 (14/03/2014 - 28/04/2014)";"";"3";"REGULAR";"f";"2014-06-10 11:34:23.111";"f";"";"308";"CONSOLIDADA";"";"Presencial";
"1219822";"13";"25950";"";"";"54732";"GRADUAÇÃO";"Campus Central";"HUOL/HWG";"2014";"1";"2014-03-14";"2014-04-28";"234567M123456  2345T1234 (14/03/2014 - 28/04/2014)";"";"3";"REGULAR";"f";"2014-06-10 11:34:23.111";"f";"";"308";"CONSOLIDADA";"";"Presencial";
"1219822";"13";"63327";"";"";"54732";"GRADUAÇÃO";"Campus Central";"HUOL/HWG";"2014";"1";"2014-03-14";"2014-04-28";"234567M123456  2345T1234 (14/03/2014 - 28/04/2014)";"";"3";"REGULAR";"f";"2014-06-10 11:34:23.111";"f";"";"308";"CONSOLIDADA";"";"Presencial";
"1219822";"13";"5755605";"";"";"54732";"GRADUAÇÃO";"Campus Central";"HUOL/HWG";"2014";"1";"2014-03-14";"2014-04-28";"234567M123456  2345T1234 (14/03/2014 - 28/04/2014)";"";"3";"REGULAR";"f";"2014-06-10 11:34:23.111";"f";"";"308";"CONSOLIDADA";"";"Presencial";
"1219822";"13";"5752384";"";"";"54732";"GRADUAÇÃO";"Campus Central";"HUOL/HWG";"2014";"1";"2014-03-14";"2014-04-28";"234567M123456  2345T1234 (14/03/2014 - 28/04/2014)";"";"3";"REGULAR";"f";"2014-06-10 11:34:23.111";"f";"";"308";"CONSOLIDADA";"";"Presencial";
"1219823";"14";"5752384";"";"";"54732";"GRADUAÇÃO";"Campus Central";"HUOL/HWG";"2014";"1";"2014-04-29";"2014-06-13";"234567M123456  2345T1234 (29/04/2014 - 13/06/2014)";"3";"3";"REGULAR";"f";"2014-06-18 09:49:31.339";"f";"";"338";"CONSOLIDADA";"";"Presencial";
"1219823";"14";"5753062";"";"";"54732";"GRADUAÇÃO";"Campus Central";"HUOL/HWG";"2014";"1";"2014-04-29";"2014-06-13";"234567M123456  2345T1234 (29/04/2014 - 13/06/2014)";"3";"3";"REGULAR";"f";"2014-06-18 09:49:31.339";"f";"";"338";"CONSOLIDADA";"";"Presencial";
"1219823";"14";"5752391";"";"";"54732";"GRADUAÇÃO";"Campus Central";"HUOL/HWG";"2014";"1";"2014-04-29";"2014-06-13";"234567M123456  2345T1234 (29/04/2014 - 13/06/2014)";"3";"3";"REGULAR";"f";"2014-06-18 09:49:31.339";"f";"";"338";"CONSOLIDADA";"";"Presencial";
"1219823";"14";"5755545";"";"";"54732";"GRADUAÇÃO";"Campus Central";"HUOL/HWG";"2014";"1";"2014-04-29";"2014-06-13";"234567M123456  2345T1234 (29/04/2014 - 13/06/2014)";"3";"3";"REGULAR";"f";"2014-06-18 09:49:31.339";"f";"";"338";"CONSOLIDADA";"";"Presencial";
"1219823";"14";"26225";"";"";"54732";"GRADUAÇÃO";"Campus Central";"HUOL/HWG";"2014";"1";"2014-04-29";"2014-06-13";"234567M123456  2345T1234 (29/04/2014 - 13/06/2014)";"3";"3";"REGULAR";"f";"2014-06-18 09:49:31.339";"f";"";"338";"CONSOLIDADA";"";"Presencial";
"1219823";"14";"63327";"";"";"54732";"GRADUAÇÃO";"Campus Central";"HUOL/HWG";"2014";"1";"2014-04-29";"2014-06-13";"234567M123456  2345T1234 (29/04/2014 - 13/06/2014)";"3";"3";"REGULAR";"f";"2014-06-18 09:49:31.339";"f";"";"338";"CONSOLIDADA";"";"Presencial";
"1219823";"14";"5755605";"";"";"54732";"GRADUAÇÃO";"Campus Central";"HUOL/HWG";"2014";"1";"2014-04-29";"2014-06-13";"234567M123456  2345T1234 (29/04/2014 - 13/06/2014)";"3";"3";"REGULAR";"f";"2014-06-18 09:49:31.339";"f";"";"338";"CONSOLIDADA";"";"Presencial";
"1219823";"14";"5755870";"";"";"54732";"GRADUAÇÃO";"Campus Central";"HUOL/HWG";"2014";"1";"2014-04-29";"2014-06-13";"234567M123456  2345T1234 (29/04/2014 - 13/06/2014)";"3";"3";"REGULAR";"f";"2014-06-18 09:49:31.339";"f";"";"338";"CONSOLIDADA";"";"Presencial";
"1219823";"14";"16422";"";"";"54732";"GRADUAÇÃO";"Campus Central";"HUOL/HWG";"2014";"1";"2014-04-29";"2014-06-13";"234567M123456  2345T1234 (29/04/2014 - 13/06/2014)";"3";"3";"REGULAR";"f";"2014-06-18 09:49:31.339";"f";"";"338";"CONSOLIDADA";"";"Presencial";
"1219823";"14";"25950";"";"";"54732";"GRADUAÇÃO";"Campus Central";"HUOL/HWG";"2014";"1";"2014-04-29";"2014-06-13";"234567M123456  2345T1234 (29/04/2014 - 13/06/2014)";"3";"3";"REGULAR";"f";"2014-06-18 09:49:31.339";"f";"";"338";"CONSOLIDADA";"";"Presencial";
"1219824";"15";"5755870";"";"";"54732";"GRADUAÇÃO";"Campus Central";"HUOL/HWG";"2014";"1";"2014-04-29";"2014-06-13";"234567M123456  2345T1234 (29/04/2014 - 13/06/2014)";"3";"3";"REGULAR";"f";"2014-06-18 09:50:11.389";"f";"";"286";"CONSOLIDADA";"";"Presencial";
"1219824";"15";"5752384";"";"";"54732";"GRADUAÇÃO";"Campus Central";"HUOL/HWG";"2014";"1";"2014-04-29";"2014-06-13";"234567M123456  2345T1234 (29/04/2014 - 13/06/2014)";"3";"3";"REGULAR";"f";"2014-06-18 09:50:11.389";"f";"";"286";"CONSOLIDADA";"";"Presencial";
"1219824";"15";"16422";"";"";"54732";"GRADUAÇÃO";"Campus Central";"HUOL/HWG";"2014";"1";"2014-04-29";"2014-06-13";"234567M123456  2345T1234 (29/04/2014 - 13/06/2014)";"3";"3";"REGULAR";"f";"2014-06-18 09:50:11.389";"f";"";"286";"CONSOLIDADA";"";"Presencial";
"1219824";"15";"5752391";"";"";"54732";"GRADUAÇÃO";"Campus Central";"HUOL/HWG";"2014";"1";"2014-04-29";"2014-06-13";"234567M123456  2345T1234 (29/04/2014 - 13/06/2014)";"3";"3";"REGULAR";"f";"2014-06-18 09:50:11.389";"f";"";"286";"CONSOLIDADA";"";"Presencial";
"1219824";"15";"5753062";"";"";"54732";"GRADUAÇÃO";"Campus Central";"HUOL/HWG";"2014";"1";"2014-04-29";"2014-06-13";"234567M123456  2345T1234 (29/04/2014 - 13/06/2014)";"3";"3";"REGULAR";"f";"2014-06-18 09:50:11.389";"f";"";"286";"CONSOLIDADA";"";"Presencial";
"1219824";"15";"25950";"";"";"54732";"GRADUAÇÃO";"Campus Central";"HUOL/HWG";"2014";"1";"2014-04-29";"2014-06-13";"234567M123456  2345T1234 (29/04/2014 - 13/06/2014)";"3";"3";"REGULAR";"f";"2014-06-18 09:50:11.389";"f";"";"286";"CONSOLIDADA";"";"Presencial";
"1219824";"15";"26225";"";"";"54732";"GRADUAÇÃO";"Campus Central";"HUOL/HWG";"2014";"1";"2014-04-29";"2014-06-13";"234567M123456  2345T1234 (29/04/2014 - 13/06/2014)";"3";"3";"REGULAR";"f";"2014-06-18 09:50:11.389";"f";"";"286";"CONSOLIDADA";"";"Presencial";
"1219824";"15";"5755545";"";"";"54732";"GRADUAÇÃO";"Campus Central";"HUOL/HWG";"2014";"1";"2014-04-29";"2014-06-13";"234567M123456  2345T1234 (29/04/2014 - 13/06/2014)";"3";"3";"REGULAR";"f";"2014-06-18 09:50:11.389";"f";"";"286";"CONSOLIDADA";"";"Presencial";
"1219824";"15";"63327";"";"";"54732";"GRADUAÇÃO";"Campus Central";"HUOL/HWG";"2014";"1";"2014-04-29";"2014-06-13";"234567M123456  2345T1234 (29/04/2014 - 13/06/2014)";"3";"3";"REGULAR";"f";"2014-06-18 09:50:11.389";"f";"";"286";"CONSOLIDADA";"";"Presencial";
"1219824";"15";"5755605";"";"";"54732";"GRADUAÇÃO";"Campus Central";"HUOL/HWG";"2014";"1";"2014-04-29";"2014-06-13";"234567M123456  2345T1234 (29/04/2014 - 13/06/2014)";"3";"3";"REGULAR";"f";"2014-06-18 09:50:11.389";"f";"";"286";"CONSOLIDADA";"";"Presencial";
"1219825";"16";"5755870";"";"";"54732";"GRADUAÇÃO";"Campus Central";"HUOL/HWG";"2014";"1";"2014-04-29";"2014-06-13";"234567M123456  2345T1234 (29/04/2014 - 13/06/2014)";"2";"3";"REGULAR";"f";"2014-06-18 09:48:42.933";"f";"";"338";"CONSOLIDADA";"";"Presencial";
"1219825";"16";"5755605";"";"";"54732";"GRADUAÇÃO";"Campus Central";"HUOL/HWG";"2014";"1";"2014-04-29";"2014-06-13";"234567M123456  2345T1234 (29/04/2014 - 13/06/2014)";"2";"3";"REGULAR";"f";"2014-06-18 09:48:42.933";"f";"";"338";"CONSOLIDADA";"";"Presencial";
"1219825";"16";"5753062";"";"";"54732";"GRADUAÇÃO";"Campus Central";"HUOL/HWG";"2014";"1";"2014-04-29";"2014-06-13";"234567M123456  2345T1234 (29/04/2014 - 13/06/2014)";"2";"3";"REGULAR";"f";"2014-06-18 09:48:42.933";"f";"";"338";"CONSOLIDADA";"";"Presencial";
"1219825";"16";"5755545";"";"";"54732";"GRADUAÇÃO";"Campus Central";"HUOL/HWG";"2014";"1";"2014-04-29";"2014-06-13";"234567M123456  2345T1234 (29/04/2014 - 13/06/2014)";"2";"3";"REGULAR";"f";"2014-06-18 09:48:42.933";"f";"";"338";"CONSOLIDADA";"";"Presencial";
"1219825";"16";"25950";"";"";"54732";"GRADUAÇÃO";"Campus Central";"HUOL/HWG";"2014";"1";"2014-04-29";"2014-06-13";"234567M123456  2345T1234 (29/04/2014 - 13/06/2014)";"2";"3";"REGULAR";"f";"2014-06-18 09:48:42.933";"f";"";"338";"CONSOLIDADA";"";"Presencial";
"1219825";"16";"26225";"";"";"54732";"GRADUAÇÃO";"Campus Central";"HUOL/HWG";"2014";"1";"2014-04-29";"2014-06-13";"234567M123456  2345T1234 (29/04/2014 - 13/06/2014)";"2";"3";"REGULAR";"f";"2014-06-18 09:48:42.933";"f";"";"338";"CONSOLIDADA";"";"Presencial";
"1219825";"16";"63327";"";"";"54732";"GRADUAÇÃO";"Campus Central";"HUOL/HWG";"2014";"1";"2014-04-29";"2014-06-13";"234567M123456  2345T1234 (29/04/2014 - 13/06/2014)";"2";"3";"REGULAR";"f";"2014-06-18 09:48:42.933";"f";"";"338";"CONSOLIDADA";"";"Presencial";
"1219825";"16";"16422";"";"";"54732";"GRADUAÇÃO";"Campus Central";"HUOL/HWG";"2014";"1";"2014-04-29";"2014-06-13";"234567M123456  2345T1234 (29/04/2014 - 13/06/2014)";"2";"3";"REGULAR";"f";"2014-06-18 09:48:42.933";"f";"";"338";"CONSOLIDADA";"";"Presencial";
"1219825";"16";"5752384";"";"";"54732";"GRADUAÇÃO";"Campus Central";"HUOL/HWG";"2014";"1";"2014-04-29";"2014-06-13";"234567M123456  2345T1234 (29/04/2014 - 13/06/2014)";"2";"3";"REGULAR";"f";"2014-06-18 09:48:42.933";"f";"";"338";"CONSOLIDADA";"";"Presencial";
"1219825";"16";"5752391";"";"";"54732";"GRADUAÇÃO";"Campus Central";"HUOL/HWG";"2014";"1";"2014-04-29";"2014-06-13";"234567M123456  2345T1234 (29/04/2014 - 13/06/2014)";"2";"3";"REGULAR";"f";"2014-06-18 09:48:42.933";"f";"";"338";"CONSOLIDADA";"";"Presencial";
"1219826";"17";"63327";"";"";"54732";"GRADUAÇÃO";"Campus Central";"HUOL/HWG";"2014";"1";"2014-04-29";"2014-06-13";"234567M123456  2345T1234 (29/04/2014 - 13/06/2014)";"3";"3";"REGULAR";"f";"2014-06-18 09:50:45.02";"f";"";"338";"CONSOLIDADA";"";"Presencial";
"1219826";"17";"5753062";"";"";"54732";"GRADUAÇÃO";"Campus Central";"HUOL/HWG";"2014";"1";"2014-04-29";"2014-06-13";"234567M123456  2345T1234 (29/04/2014 - 13/06/2014)";"3";"3";"REGULAR";"f";"2014-06-18 09:50:45.02";"f";"";"338";"CONSOLIDADA";"";"Presencial";
"1219826";"17";"5755545";"";"";"54732";"GRADUAÇÃO";"Campus Central";"HUOL/HWG";"2014";"1";"2014-04-29";"2014-06-13";"234567M123456  2345T1234 (29/04/2014 - 13/06/2014)";"3";"3";"REGULAR";"f";"2014-06-18 09:50:45.02";"f";"";"338";"CONSOLIDADA";"";"Presencial";
"1219826";"17";"5755605";"";"";"54732";"GRADUAÇÃO";"Campus Central";"HUOL/HWG";"2014";"1";"2014-04-29";"2014-06-13";"234567M123456  2345T1234 (29/04/2014 - 13/06/2014)";"3";"3";"REGULAR";"f";"2014-06-18 09:50:45.02";"f";"";"338";"CONSOLIDADA";"";"Presencial";
"1219826";"17";"16422";"";"";"54732";"GRADUAÇÃO";"Campus Central";"HUOL/HWG";"2014";"1";"2014-04-29";"2014-06-13";"234567M123456  2345T1234 (29/04/2014 - 13/06/2014)";"3";"3";"REGULAR";"f";"2014-06-18 09:50:45.02";"f";"";"338";"CONSOLIDADA";"";"Presencial";
"1219826";"17";"5755870";"";"";"54732";"GRADUAÇÃO";"Campus Central";"HUOL/HWG";"2014";"1";"2014-04-29";"2014-06-13";"234567M123456  2345T1234 (29/04/2014 - 13/06/2014)";"3";"3";"REGULAR";"f";"2014-06-18 09:50:45.02";"f";"";"338";"CONSOLIDADA";"";"Presencial";
"1219826";"17";"5752391";"";"";"54732";"GRADUAÇÃO";"Campus Central";"HUOL/HWG";"2014";"1";"2014-04-29";"2014-06-13";"234567M123456  2345T1234 (29/04/2014 - 13/06/2014)";"3";"3";"REGULAR";"f";"2014-06-18 09:50:45.02";"f";"";"338";"CONSOLIDADA";"";"Presencial";
"1219826";"17";"26225";"";"";"54732";"GRADUAÇÃO";"Campus Central";"HUOL/HWG";"2014";"1";"2014-04-29";"2014-06-13";"234567M123456  2345T1234 (29/04/2014 - 13/06/2014)";"3";"3";"REGULAR";"f";"2014-06-18 09:50:45.02";"f";"";"338";"CONSOLIDADA";"";"Presencial";
"1219826";"17";"5752384";"";"";"54732";"GRADUAÇÃO";"Campus Central";"HUOL/HWG";"2014";"1";"2014-04-29";"2014-06-13";"234567M123456  2345T1234 (29/04/2014 - 13/06/2014)";"3";"3";"REGULAR";"f";"2014-06-18 09:50:45.02";"f";"";"338";"CONSOLIDADA";"";"Presencial";
"1219826";"17";"25950";"";"";"54732";"GRADUAÇÃO";"Campus Central";"HUOL/HWG";"2014";"1";"2014-04-29";"2014-06-13";"234567M123456  2345T1234 (29/04/2014 - 13/06/2014)";"3";"3";"REGULAR";"f";"2014-06-18 09:50:45.02";"f";"";"338";"CONSOLIDADA";"";"Presencial";
"1219827";"18";"5755605";"";"";"54732";"GRADUAÇÃO";"Campus Central";"HUOL/HWG";"2014";"1";"2014-04-29";"2014-06-13";"234567M123456  2345T1234 (29/04/2014 - 13/06/2014)";"1";"3";"REGULAR";"f";"2014-06-18 09:43:58.274";"f";"";"338";"CONSOLIDADA";"";"Presencial";
"1219827";"18";"25950";"";"";"54732";"GRADUAÇÃO";"Campus Central";"HUOL/HWG";"2014";"1";"2014-04-29";"2014-06-13";"234567M123456  2345T1234 (29/04/2014 - 13/06/2014)";"1";"3";"REGULAR";"f";"2014-06-18 09:43:58.274";"f";"";"338";"CONSOLIDADA";"";"Presencial";
"1219827";"18";"5755545";"";"";"54732";"GRADUAÇÃO";"Campus Central";"HUOL/HWG";"2014";"1";"2014-04-29";"2014-06-13";"234567M123456  2345T1234 (29/04/2014 - 13/06/2014)";"1";"3";"REGULAR";"f";"2014-06-18 09:43:58.274";"f";"";"338";"CONSOLIDADA";"";"Presencial";
"1219827";"18";"5752391";"";"";"54732";"GRADUAÇÃO";"Campus Central";"HUOL/HWG";"2014";"1";"2014-04-29";"2014-06-13";"234567M123456  2345T1234 (29/04/2014 - 13/06/2014)";"1";"3";"REGULAR";"f";"2014-06-18 09:43:58.274";"f";"";"338";"CONSOLIDADA";"";"Presencial";
"1219827";"18";"63327";"";"";"54732";"GRADUAÇÃO";"Campus Central";"HUOL/HWG";"2014";"1";"2014-04-29";"2014-06-13";"234567M123456  2345T1234 (29/04/2014 - 13/06/2014)";"1";"3";"REGULAR";"f";"2014-06-18 09:43:58.274";"f";"";"338";"CONSOLIDADA";"";"Presencial";
"1219827";"18";"5755870";"";"";"54732";"GRADUAÇÃO";"Campus Central";"HUOL/HWG";"2014";"1";"2014-04-29";"2014-06-13";"234567M123456  2345T1234 (29/04/2014 - 13/06/2014)";"1";"3";"REGULAR";"f";"2014-06-18 09:43:58.274";"f";"";"338";"CONSOLIDADA";"";"Presencial";
"1219827";"18";"5753062";"";"";"54732";"GRADUAÇÃO";"Campus Central";"HUOL/HWG";"2014";"1";"2014-04-29";"2014-06-13";"234567M123456  2345T1234 (29/04/2014 - 13/06/2014)";"1";"3";"REGULAR";"f";"2014-06-18 09:43:58.274";"f";"";"338";"CONSOLIDADA";"";"Presencial";
"1219827";"18";"16422";"";"";"54732";"GRADUAÇÃO";"Campus Central";"HUOL/HWG";"2014";"1";"2014-04-29";"2014-06-13";"234567M123456  2345T1234 (29/04/2014 - 13/06/2014)";"1";"3";"REGULAR";"f";"2014-06-18 09:43:58.274";"f";"";"338";"CONSOLIDADA";"";"Presencial";
"1219827";"18";"26225";"";"";"54732";"GRADUAÇÃO";"Campus Central";"HUOL/HWG";"2014";"1";"2014-04-29";"2014-06-13";"234567M123456  2345T1234 (29/04/2014 - 13/06/2014)";"1";"3";"REGULAR";"f";"2014-06-18 09:43:58.274";"f";"";"338";"CONSOLIDADA";"";"Presencial";
"1219827";"18";"5752384";"";"";"54732";"GRADUAÇÃO";"Campus Central";"HUOL/HWG";"2014";"1";"2014-04-29";"2014-06-13";"234567M123456  2345T1234 (29/04/2014 - 13/06/2014)";"1";"3";"REGULAR";"f";"2014-06-18 09:43:58.274";"f";"";"338";"CONSOLIDADA";"";"Presencial";
"1219828";"01";"5755605";"";"";"55009";"GRADUAÇÃO";"Campus Central";"HUOL";"2014";"1";"2014-01-27";"2014-06-14";"5T34";"15";"20";"REGULAR";"f";"2014-06-19 00:16:12.068";"f";"";"34";"CONSOLIDADA";"";"Presencial";
"1219829";"01";"5756472";"";"";"54976";"GRADUAÇÃO";"Campus Santa Cruz";"Bloco I - Sala 9";"2014";"1";"2014-01-27";"2014-06-06";"4M456 (27/01/2014 - 06/06/2014)";"47";"48";"REGULAR";"f";"2014-06-25 10:43:24.01";"f";"";"57";"CONSOLIDADA";"";"Presencial";
"1219829";"01";"5753861";"";"";"54976";"GRADUAÇÃO";"Campus Santa Cruz";"Bloco I - Sala 9";"2014";"1";"2014-01-27";"2014-06-06";"4M456 (27/01/2014 - 06/06/2014)";"47";"48";"REGULAR";"f";"2014-06-25 10:43:24.01";"f";"";"57";"CONSOLIDADA";"";"Presencial";
"1219831";"01A";"5753099";"";"";"46639";"GRADUAÇÃO";"Campus Central";"4B4";"2014";"1";"2014-01-27";"2014-06-14";"3T56 5T3456";"10";"20";"REGULAR";"f";"2014-06-20 19:47:02.209";"f";"1219830";"110";"CONSOLIDADA";"";"Presencial";
"1219833";"02A";"20900";"";"";"46639";"GRADUAÇÃO";"Campus Central";"a definir";"2014";"1";"2014-01-27";"2014-06-14";"3T5634 5T56";"";"20";"REGULAR";"f";"";"f";"1219832";"";"EXCLUÍDA";"";"Presencial";
"1219833";"02A";"5753099";"";"";"46639";"GRADUAÇÃO";"Campus Central";"a definir";"2014";"1";"2014-01-27";"2014-06-14";"3T5634 5T56";"";"20";"REGULAR";"f";"";"f";"1219832";"";"EXCLUÍDA";"";"Presencial";
"1219834";"01";"5753861";"";"";"54977";"GRADUAÇÃO";"Campus Santa Cruz";"Clínicas de Fisioterapia";"2014";"1";"2014-01-27";"2014-06-06";"3T12 (27/01/2014 - 06/06/2014)";"6";"6";"REGULAR";"f";"2014-06-14 10:02:39.741";"f";"";"36";"CONSOLIDADA";"";"Presencial";
"1219835";"02";"5756248";"";"";"54977";"GRADUAÇÃO";"Campus Santa Cruz";"Clínicas de Fisioterapia";"2014";"1";"2014-01-27";"2014-06-06";"3T12 (27/01/2014 - 06/06/2014)";"5";"6";"REGULAR";"f";"2014-06-09 14:39:14.627";"f";"";"36";"CONSOLIDADA";"";"Presencial";
"1219835";"02";"5756472";"";"";"54977";"GRADUAÇÃO";"Campus Santa Cruz";"Clínicas de Fisioterapia";"2014";"1";"2014-01-27";"2014-06-06";"3T12 (27/01/2014 - 06/06/2014)";"5";"6";"REGULAR";"f";"2014-06-09 14:39:14.627";"f";"";"36";"CONSOLIDADA";"";"Presencial";
"1219836";"03";"5753861";"";"";"54977";"GRADUAÇÃO";"Campus Santa Cruz";"Clínicas de Fisioterapia";"2014";"1";"2014-01-27";"2014-06-06";"3T34 (27/01/2014 - 06/06/2014)";"6";"6";"REGULAR";"f";"2014-06-12 21:02:32.902";"f";"";"36";"CONSOLIDADA";"";"Presencial";
"1219837";"04";"5756472";"";"";"54977";"GRADUAÇÃO";"Campus Santa Cruz";"Clínicas de Fisioterapia";"2014";"1";"2014-01-27";"2014-06-06";"3T34 (27/01/2014 - 06/06/2014)";"6";"6";"REGULAR";"f";"2014-06-11 08:51:17.95";"f";"";"36";"CONSOLIDADA";"";"Presencial";
"1219837";"04";"5756248";"";"";"54977";"GRADUAÇÃO";"Campus Santa Cruz";"Clínicas de Fisioterapia";"2014";"1";"2014-01-27";"2014-06-06";"3T34 (27/01/2014 - 06/06/2014)";"6";"6";"REGULAR";"f";"2014-06-11 08:51:17.95";"f";"";"36";"CONSOLIDADA";"";"Presencial";
"1219838";"05";"5754337";"";"";"54977";"GRADUAÇÃO";"Campus Santa Cruz";"Clínicas de Fisioterapia";"2014";"1";"2014-01-27";"2014-06-06";"6M34 (27/01/2014 - 06/06/2014)";"5";"6";"REGULAR";"f";"2014-06-12 20:51:20.308";"f";"";"36";"CONSOLIDADA";"";"Presencial";
"1219838";"05";"5753861";"";"";"54977";"GRADUAÇÃO";"Campus Santa Cruz";"Clínicas de Fisioterapia";"2014";"1";"2014-01-27";"2014-06-06";"6M34 (27/01/2014 - 06/06/2014)";"5";"6";"REGULAR";"f";"2014-06-12 20:51:20.308";"f";"";"36";"CONSOLIDADA";"";"Presencial";
"1219839";"06";"5756248";"";"";"54977";"GRADUAÇÃO";"Campus Santa Cruz";"Clínicas de Fisioterapia";"2014";"1";"2014-01-27";"2014-06-06";"6M34 (27/01/2014 - 06/06/2014)";"6";"6";"REGULAR";"f";"2014-06-11 08:53:16.795";"f";"";"36";"CONSOLIDADA";"";"Presencial";
"1219839";"06";"5756472";"";"";"54977";"GRADUAÇÃO";"Campus Santa Cruz";"Clínicas de Fisioterapia";"2014";"1";"2014-01-27";"2014-06-06";"6M34 (27/01/2014 - 06/06/2014)";"6";"6";"REGULAR";"f";"2014-06-11 08:53:16.795";"f";"";"36";"CONSOLIDADA";"";"Presencial";
"1219840";"07";"5753861";"";"";"54977";"GRADUAÇÃO";"Campus Santa Cruz";"Clínicas de Fisioterapia";"2014";"1";"2014-01-27";"2014-06-06";"6M56 (27/01/2014 - 06/06/2014)";"7";"6";"REGULAR";"f";"2014-06-12 20:46:54.796";"f";"";"36";"CONSOLIDADA";"";"Presencial";
"1219840";"07";"5754337";"";"";"54977";"GRADUAÇÃO";"Campus Santa Cruz";"Clínicas de Fisioterapia";"2014";"1";"2014-01-27";"2014-06-06";"6M56 (27/01/2014 - 06/06/2014)";"7";"6";"REGULAR";"f";"2014-06-12 20:46:54.796";"f";"";"36";"CONSOLIDADA";"";"Presencial";
"1219841";"08";"5756472";"";"";"54977";"GRADUAÇÃO";"Campus Santa Cruz";"Clínicas de Fisioterapia";"2014";"1";"2014-01-27";"2014-06-06";"6M56 (27/01/2014 - 06/06/2014)";"6";"6";"REGULAR";"f";"2014-06-11 08:55:06.473";"f";"";"36";"CONSOLIDADA";"";"Presencial";
"1219841";"08";"5756248";"";"";"54977";"GRADUAÇÃO";"Campus Santa Cruz";"Clínicas de Fisioterapia";"2014";"1";"2014-01-27";"2014-06-06";"6M56 (27/01/2014 - 06/06/2014)";"6";"6";"REGULAR";"f";"2014-06-11 08:55:06.473";"f";"";"36";"CONSOLIDADA";"";"Presencial";
"1219842";"02";"22708";"";"";"21087";"GRADUAÇÃO";"Campus Central";"4A3";"2014";"1";"2014-01-27";"2014-06-14";"6N1234";"6";"25";"REGULAR";"f";"2014-06-21 01:25:20.927";"f";"";"68";"CONSOLIDADA";"";"Presencial";
"1219843";"01";"5752552";"";"";"55088";"GRADUAÇÃO";"Campus Santa Cruz";"2T Bloco I - Sala 1 e 5T Bloco I - Sala 2";"2014";"1";"2014-01-27";"2014-06-02";"2T123 5T56 (27/01/2014 - 02/06/2014)";"37";"42";"REGULAR";"f";"2014-06-12 12:22:22.864";"f";"";"89";"CONSOLIDADA";"";"Presencial";
"1219843";"01";"5756048";"";"";"55088";"GRADUAÇÃO";"Campus Santa Cruz";"2T Bloco I - Sala 1 e 5T Bloco I - Sala 2";"2014";"1";"2014-01-27";"2014-06-02";"2T123 5T56 (27/01/2014 - 02/06/2014)";"37";"42";"REGULAR";"f";"2014-06-12 12:22:22.864";"f";"";"89";"CONSOLIDADA";"";"Presencial";
"1219843";"01";"5756715";"";"";"55088";"GRADUAÇÃO";"Campus Santa Cruz";"2T Bloco I - Sala 1 e 5T Bloco I - Sala 2";"2014";"1";"2014-01-27";"2014-06-02";"2T123 5T56 (27/01/2014 - 02/06/2014)";"37";"42";"REGULAR";"f";"2014-06-12 12:22:22.864";"f";"";"89";"CONSOLIDADA";"";"Presencial";
"1219845";"01A";"5753099";"";"";"47119";"GRADUAÇÃO";"Campus Central";"4C3";"2014";"1";"2014-01-27";"2014-06-14";"246T56";"13";"22";"REGULAR";"f";"2014-06-20 19:35:02.084";"f";"1219844";"112";"CONSOLIDADA";"";"Presencial";
"1219846";"01";"5756048";"";"";"55089";"GRADUAÇÃO";"Campus Santa Cruz";"Clínicas de Fisioterapia e Sala 13";"2014";"1";"2014-02-04";"2014-02-14";"36T12 (04/02/2014 - 14/02/2014)";"7";"6";"REGULAR";"f";"2014-06-10 22:43:30.163";"f";"";"8";"CONSOLIDADA";"";"Presencial";
"1219847";"02";"5756048";"";"";"55089";"GRADUAÇÃO";"Campus Santa Cruz";"Clínicas de Fisioterapia e Sala 13";"2014";"1";"2014-02-04";"2014-02-14";"36T34 (04/02/2014 - 14/02/2014)";"5";"6";"REGULAR";"f";"2014-06-10 22:47:48.178";"f";"";"8";"CONSOLIDADA";"";"Presencial";
"1219848";"03";"5756048";"";"";"55089";"GRADUAÇÃO";"Campus Santa Cruz";"Clínicas de Fisioterapia e Sala 13";"2014";"1";"2014-02-04";"2014-02-14";"36T56 (04/02/2014 - 14/02/2014)";"6";"6";"REGULAR";"f";"2014-06-10 22:50:24.398";"f";"";"8";"CONSOLIDADA";"";"Presencial";
"1219849";"01";"5756048";"";"";"55090";"GRADUAÇÃO";"Campus Santa Cruz";"Clínicas de Fisioterapia e Sala 13";"2014";"1";"2014-03-11";"2014-03-18";"36T12 (11/03/2014 - 18/03/2014)";"7";"6";"REGULAR";"f";"2014-06-10 22:57:20.738";"f";"";"6";"CONSOLIDADA";"";"Presencial";
"1219850";"02";"5756048";"";"";"55090";"GRADUAÇÃO";"Campus Santa Cruz";"Clínicas de Fisioterapia e Sala 13";"2014";"1";"2014-03-11";"2014-03-18";"36T34 (11/03/2014 - 18/03/2014)";"5";"6";"REGULAR";"f";"2014-06-10 22:59:42.23";"f";"";"6";"CONSOLIDADA";"";"Presencial";
"1219851";"03";"5756048";"";"";"55090";"GRADUAÇÃO";"Campus Santa Cruz";"Clínicas de Fisioterapia e Sala 13";"2014";"1";"2014-03-11";"2014-03-18";"36T56 (11/03/2014 - 18/03/2014)";"6";"6";"REGULAR";"f";"2014-06-10 23:03:40.756";"f";"";"6";"CONSOLIDADA";"";"Presencial";
"1219852";"04";"5752552";"";"";"55090";"GRADUAÇÃO";"Campus Santa Cruz";"Clínicas de Fisioterapia e Sala 13";"2014";"1";"2014-03-21";"2014-04-01";"3T34 6T23 (21/03/2014 - 01/04/2014)";"2";"6";"REGULAR";"f";"2014-06-11 22:43:53.067";"f";"";"6";"CONSOLIDADA";"";"Presencial";
"1219853";"05";"5756048";"";"";"55090";"GRADUAÇÃO";"Campus Santa Cruz";"Clínicas de Fisioterapia e Sala 13";"2014";"1";"2014-03-21";"2014-04-01";"3T34 6T23 (21/03/2014 - 01/04/2014)";"6";"6";"REGULAR";"f";"2014-06-10 23:01:43.587";"f";"";"8";"CONSOLIDADA";"";"Presencial";
"1219854";"06";"5752552";"";"";"55090";"GRADUAÇÃO";"Campus Santa Cruz";"Clínicas de Fisioterapia e Sala 13";"2014";"1";"2014-03-21";"2014-04-01";"3T56 6T45 (21/03/2014 - 01/04/2014)";"6";"6";"REGULAR";"f";"2014-06-11 22:45:07.831";"f";"";"6";"CONSOLIDADA";"";"Presencial";
"1219855";"07";"5756048";"";"";"55090";"GRADUAÇÃO";"Campus Santa Cruz";"Clínicas de Fisioterapia e Sala 13";"2014";"1";"2014-03-21";"2014-04-01";"3T56 6T45 (21/03/2014 - 01/04/2014)";"5";"6";"REGULAR";"f";"2014-06-10 23:05:47.475";"f";"";"8";"CONSOLIDADA";"";"Presencial";
"1219856";"01";"5756048";"";"";"55091";"GRADUAÇÃO";"Campus Santa Cruz";"Clínicas de Fisioterapia e Sala 13";"2014";"1";"2014-04-08";"2014-04-22";"3T12 (08/04/2014 - 22/04/2014)";"7";"6";"REGULAR";"f";"2014-06-10 23:07:38.184";"f";"";"6";"CONSOLIDADA";"";"Presencial";
"1219857";"02";"5756048";"";"";"55091";"GRADUAÇÃO";"Campus Santa Cruz";"Clínicas de Fisioterapia e Sala 13";"2014";"1";"2014-04-08";"2014-04-22";"3T34 (08/04/2014 - 22/04/2014)";"5";"6";"REGULAR";"f";"2014-06-10 23:10:55.988";"f";"";"6";"CONSOLIDADA";"";"Presencial";
"1219858";"03";"5756048";"";"";"55091";"GRADUAÇÃO";"Campus Santa Cruz";"Clínicas de Fisioterapia e Sala 13";"2014";"1";"2014-04-08";"2014-04-22";"3T56 (08/04/2014 - 22/04/2014)";"6";"6";"REGULAR";"f";"2014-06-10 23:12:36.428";"f";"";"6";"CONSOLIDADA";"";"Presencial";
"1219859";"04";"5756715";"";"";"55091";"GRADUAÇÃO";"Campus Santa Cruz";"Clínicas de Fisioterapia e Sala 13";"2014";"1";"2014-04-29";"2014-05-13";"3T34 (29/04/2014 - 13/05/2014)";"2";"6";"REGULAR";"f";"2014-06-12 12:16:18.657";"f";"";"6";"CONSOLIDADA";"";"Presencial";
"1219859";"04";"5752552";"";"";"55091";"GRADUAÇÃO";"Campus Santa Cruz";"Clínicas de Fisioterapia e Sala 13";"2014";"1";"2014-04-29";"2014-05-13";"3T34 (29/04/2014 - 13/05/2014)";"2";"6";"REGULAR";"f";"2014-06-12 12:16:18.657";"f";"";"6";"CONSOLIDADA";"";"Presencial";
"1219860";"05";"5756048";"";"";"55091";"GRADUAÇÃO";"Campus Santa Cruz";"Clínicas de Fisioterapia e Sala 13";"2014";"1";"2014-04-29";"2014-05-13";"3T34 (29/04/2014 - 13/05/2014)";"6";"6";"REGULAR";"f";"2014-06-10 23:14:17.244";"f";"";"6";"CONSOLIDADA";"";"Presencial";
"1219861";"06";"5752552";"";"";"55091";"GRADUAÇÃO";"Campus Santa Cruz";"Clínicas de Fisioterapia e Sala 13";"2014";"1";"2014-04-29";"2014-05-13";"3T56 (29/04/2014 - 13/05/2014)";"6";"6";"REGULAR";"f";"2014-06-12 12:19:40.18";"f";"";"6";"CONSOLIDADA";"";"Presencial";
"1219861";"06";"5756715";"";"";"55091";"GRADUAÇÃO";"Campus Santa Cruz";"Clínicas de Fisioterapia e Sala 13";"2014";"1";"2014-04-29";"2014-05-13";"3T56 (29/04/2014 - 13/05/2014)";"6";"6";"REGULAR";"f";"2014-06-12 12:19:40.18";"f";"";"6";"CONSOLIDADA";"";"Presencial";
"1219862";"07";"5756048";"";"";"55091";"GRADUAÇÃO";"Campus Santa Cruz";"Clínicas de Fisioterapia e Sala 13";"2014";"1";"2014-04-29";"2014-05-13";"3T56 (29/04/2014 - 13/05/2014)";"5";"6";"REGULAR";"f";"2014-06-10 23:16:02.826";"f";"";"6";"CONSOLIDADA";"";"Presencial";
"1219863";"01";"26533";"";"";"2019950";"GRADUAÇÃO";"Campus Caicó";"A-05";"2014";"1";"2014-01-27";"2014-06-14";"23N12";"10";"60";"REGULAR";"f";"2014-06-18 22:22:18.046";"f";"";"72";"CONSOLIDADA";"";"Presencial";
"1219864";"01";"5755245";"";"";"2019952";"GRADUAÇÃO";"Campus Caicó";"A-05";"2014";"1";"2014-01-27";"2014-06-14";"24N34";"36";"60";"REGULAR";"f";"2014-06-16 18:05:23.413";"f";"";"72";"CONSOLIDADA";"";"Presencial";
"1219865";"01";"5756470";"";"";"2019951";"GRADUAÇÃO";"Campus Caicó";"A-05";"2014";"1";"2014-01-27";"2014-06-14";"3N34 5N12";"2";"58";"REGULAR";"f";"2014-06-21 11:40:34.727";"f";"";"70";"CONSOLIDADA";"";"Presencial";
"1219866";"01";"5756462";"";"";"2020002";"GRADUAÇÃO";"Campus Caicó";"A-04";"2014";"1";"2014-01-27";"2014-06-14";"345N12";"44";"50";"REGULAR";"f";"2014-06-21 20:04:49.072";"f";"";"112";"CONSOLIDADA";"";"Presencial";
"1219867";"01";"5756436";"";"";"2020003";"GRADUAÇÃO";"Campus Caicó";"LAB.ALAN TURING";"2014";"1";"2014-01-27";"2014-06-14";"6N34";"39";"50";"REGULAR";"f";"2014-06-14 16:33:18.796";"f";"";"38";"CONSOLIDADA";"";"Presencial";
"1219868";"01";"22768";"";"";"2020004";"GRADUAÇÃO";"Campus Caicó";"A-04";"2014";"1";"2014-01-27";"2014-06-14";"5N34 6N12";"39";"50";"REGULAR";"f";"2014-06-19 15:23:33.35";"f";"";"66";"CONSOLIDADA";"";"Presencial";
"1219869";"01";"5756436";"";"";"2020259";"GRADUAÇÃO";"Campus Caicó";"LAB.ALAN TURING";"2014";"1";"2014-01-27";"2014-06-14";"2N34 3N12";"49";"50";"REGULAR";"f";"2014-06-15 17:03:51.438";"f";"";"70";"CONSOLIDADA";"";"Presencial";
"1219870";"01";"5756436";"";"";"2020269";"GRADUAÇÃO";"Campus Caicó";"LAB.ALAN TURING";"2014";"1";"2014-01-27";"2014-06-14";"6N12";"43";"50";"REGULAR";"f";"2014-06-18 15:22:17.534";"f";"";"38";"CONSOLIDADA";"";"Presencial";
"1219871";"01";"5756462";"";"";"2020255";"GRADUAÇÃO";"Campus Caicó";"A-03";"2014";"1";"2014-01-27";"2014-06-14";"34N34";"46";"50";"REGULAR";"f";"2014-06-21 20:42:53.207";"f";"";"76";"CONSOLIDADA";"";"Presencial";
"1219872";"01";"5756341";"";"";"2020256";"GRADUAÇÃO";"Campus Caicó";"A-03";"2014";"1";"2014-01-27";"2014-06-14";"4N12 5N34";"48";"50";"REGULAR";"f";"2014-06-20 23:06:42.733";"f";"";"72";"CONSOLIDADA";"";"Presencial";
"1219873";"01";"5755245";"";"";"2020257";"GRADUAÇÃO";"Campus Caicó";"A-03";"2014";"1";"2014-01-27";"2014-06-14";"25N12";"49";"50";"REGULAR";"f";"2014-06-16 18:07:40.34";"f";"";"70";"CONSOLIDADA";"";"Presencial";
"1219874";"01";"5756341";"";"";"2020258";"GRADUAÇÃO";"Campus Caicó";"A-03";"2014";"1";"2014-01-27";"2014-06-14";"6N1234";"49";"50";"REGULAR";"f";"2014-06-20 11:10:22.955";"f";"";"76";"CONSOLIDADA";"";"Presencial";
"1219875";"01";"5755245";"";"";"2020267";"GRADUAÇÃO";"Campus Caicó";"A-09";"2014";"1";"2014-01-27";"2014-06-14";"4N12 5N34";"42";"50";"REGULAR";"f";"2014-06-16 17:52:19.524";"f";"";"72";"CONSOLIDADA";"";"Presencial";
"1219876";"01";"5755988";"";"";"2020264";"GRADUAÇÃO";"Campus Caicó";"A-09";"2014";"1";"2014-01-27";"2014-06-14";"6N34";"42";"50";"REGULAR";"f";"2014-06-18 09:48:37.871";"f";"";"36";"CONSOLIDADA";"";"Presencial";
"1219877";"01";"5756341";"";"";"2020266";"GRADUAÇÃO";"Campus Caicó";"A-09";"2014";"1";"2014-01-27";"2014-06-14";"4N34 5N12";"44";"50";"REGULAR";"f";"2014-06-20 11:14:02.873";"f";"";"70";"CONSOLIDADA";"";"Presencial";
"1219878";"01";"26271";"";"";"2020268";"GRADUAÇÃO";"Campus Caicó";"A-09";"2014";"1";"2014-01-27";"2014-06-14";"2N1234";"41";"50";"REGULAR";"f";"2014-06-18 19:56:04.941";"f";"";"76";"CONSOLIDADA";"";"Presencial";
"1219879";"01";"25988";"";"";"2020270";"GRADUAÇÃO";"Campus Caicó";"A-09";"2014";"1";"2014-01-27";"2014-06-14";"3N1234";"44";"50";"REGULAR";"f";"2014-06-16 12:58:53.81";"f";"";"76";"CONSOLIDADA";"";"Presencial";
"1219880";"01";"5756436";"";"";"2020271";"GRADUAÇÃO";"Campus Caicó";"A-10";"2014";"1";"2014-01-27";"2014-06-14";"35N34";"53";"55";"REGULAR";"f";"2014-06-18 15:12:45.572";"f";"";"74";"CONSOLIDADA";"";"Presencial";
"1219881";"01";"22768";"";"";"2020276";"GRADUAÇÃO";"Campus Caicó";"A-10";"2014";"1";"2014-01-27";"2014-06-14";"5N12 6N34";"42";"50";"REGULAR";"f";"2014-06-19 15:45:40.911";"f";"";"66";"CONSOLIDADA";"";"Presencial";
"1219882";"01";"22768";"";"";"2020281";"GRADUAÇÃO";"Campus Caicó";"A-10";"2014";"1";"2014-01-27";"2014-06-14";"4N1234";"39";"50";"REGULAR";"f";"2014-06-19 15:14:29.056";"f";"";"68";"CONSOLIDADA";"";"Presencial";
"1219883";"01";"26271";"";"";"2020283";"GRADUAÇÃO";"Campus Caicó";"A-10";"2014";"1";"2014-01-27";"2014-06-14";"4N1234";"4";"50";"REGULAR";"f";"2014-06-18 17:51:49.591";"f";"";"72";"CONSOLIDADA";"";"Presencial";
"1219884";"01";"25988";"";"";"48630";"GRADUAÇÃO";"Campus Caicó";"A-10";"2014";"1";"2014-01-27";"2014-06-14";"2N1234";"41";"50";"REGULAR";"f";"2014-06-13 12:28:07.711";"f";"";"72";"CONSOLIDADA";"";"Presencial";
"1219885";"01";"23110";"";"";"41687";"GRADUAÇÃO";"Campus Central";"IH8";"2014";"1";"2014-01-27";"2014-06-14";"35N12";"24";"45";"REGULAR";"f";"2014-06-20 08:16:02.626";"f";"";"66";"CONSOLIDADA";"";"Presencial";
"1219886";"01";"5756700";"";"";"43504";"GRADUAÇÃO";"Campus Caicó";"B-01";"2014";"1";"2014-01-27";"2014-06-14";"456N34";"20";"70";"REGULAR";"f";"2014-06-21 13:20:46.935";"f";"";"110";"CONSOLIDADA";"";"Presencial";
"1219887";"01";"25889";"";"";"46068";"GRADUAÇÃO";"Campus Caicó";"B-09";"2014";"1";"2014-01-27";"2014-06-14";"45N34 6N12";"7";"40";"REGULAR";"f";"2014-06-21 13:31:21.123";"f";"";"108";"CONSOLIDADA";"";"Presencial";
"1219888";"01";"5755436";"";"";"43505";"GRADUAÇÃO";"Campus Caicó";"B-01";"2014";"1";"2014-01-27";"2014-06-14";"56N12";"3";"65";"REGULAR";"f";"2014-06-13 11:43:36.591";"f";"";"74";"CONSOLIDADA";"";"Presencial";
"1219889";"01";"5755436";"";"";"43506";"GRADUAÇÃO";"Campus Caicó";"B-01";"2014";"1";"2014-01-27";"2014-06-14";"234N12";"18";"65";"REGULAR";"f";"2014-06-11 18:31:05.25";"f";"";"112";"CONSOLIDADA";"";"Presencial";
"1219890";"01";"5755436";"";"";"46008";"GRADUAÇÃO";"Campus Caicó";"AUD.CERES";"2014";"1";"2014-01-27";"2014-06-14";"234N34";"2";"10";"REGULAR";"f";"2014-06-11 18:41:38.305";"f";"";"112";"CONSOLIDADA";"";"Presencial";
"1219891";"01";"20812";"";"";"46012";"GRADUAÇÃO";"Campus Caicó";"B-09";"2014";"1";"2014-01-27";"2014-06-14";"23N34 4N12";"12";"40";"REGULAR";"f";"2014-06-20 11:15:07.505";"f";"";"106";"CONSOLIDADA";"";"Presencial";
"1219892";"01";"5752603";"";"";"46069";"GRADUAÇÃO";"Campus Caicó";"B-09";"2014";"1";"2014-01-27";"2014-06-14";"5N12 6N34";"8";"40";"REGULAR";"f";"2014-06-20 11:46:27.148";"f";"";"70";"CONSOLIDADA";"";"Presencial";
"1219893";"01";"20856";"";"";"46074";"GRADUAÇÃO";"Campus Caicó";"B-09";"2014";"1";"2014-01-27";"2014-06-14";"2M34 3M12";"3";"30";"REGULAR";"f";"2014-06-14 21:38:39.091";"f";"";"66";"CONSOLIDADA";"";"Presencial";
"1219894";"01";"5756700";"";"";"46059";"GRADUAÇÃO";"Campus Caicó";"AUD.CERES";"2014";"1";"2014-01-27";"2014-06-14";"456N12";"6";"10";"REGULAR";"f";"2014-06-21 14:05:51.479";"f";"";"112";"CONSOLIDADA";"";"Presencial";
"1219895";"01";"25889";"";"";"46013";"GRADUAÇÃO";"Campus Caicó";"B-10";"2014";"1";"2014-01-27";"2014-06-14";"45N12 6N34";"32";"35";"REGULAR";"f";"2014-06-21 13:33:11.984";"f";"";"110";"CONSOLIDADA";"";"Presencial";
"1219896";"04";"5753689";"";"";"41439";"GRADUAÇÃO";"Campus Central";"4E6";"2014";"1";"2014-01-27";"2014-06-14";"6T1234 (27/01/2014 - 14/06/2014)";"42";"25";"REGULAR";"f";"2014-06-21 01:25:49.108";"f";"";"68";"CONSOLIDADA";"";"Presencial";
"1219897";"05";"5753689";"";"";"41439";"GRADUAÇÃO";"Campus Central";"4E6";"2014";"1";"2014-01-27";"2014-06-14";"6N1234 (27/01/2014 - 14/06/2014)";"35";"25";"REGULAR";"f";"2014-06-21 01:53:36.856";"f";"";"68";"CONSOLIDADA";"";"Presencial";
"1219898";"01";"26644";"";"";"41695";"GRADUAÇÃO";"Campus Central";"IC4";"2014";"1";"2014-01-27";"2014-06-14";"35N12";"38";"40";"REGULAR";"f";"2014-06-19 21:33:35.879";"f";"";"72";"CONSOLIDADA";"";"Presencial";
"1219899";"01";"26644";"";"";"41697";"GRADUAÇÃO";"Campus Central";"IC4";"2014";"1";"2014-01-27";"2014-06-14";"24M34";"15";"40";"REGULAR";"f";"2014-06-19 21:31:02.076";"f";"";"70";"CONSOLIDADA";"";"Presencial";
"1219900";"01";"5753051";"";"";"41673";"GRADUAÇÃO";"Campus Central";"ICI";"2014";"1";"2014-01-27";"2014-06-14";"2M34 6M12";"25";"54";"REGULAR";"f";"2014-06-14 11:47:12.958";"f";"";"72";"CONSOLIDADA";"";"Presencial";
"1219901";"01";"58407";"";"";"46087";"GRADUAÇÃO";"Campus Caicó";"LEM";"2014";"1";"2014-01-27";"2014-06-14";"23N34";"32";"40";"REGULAR";"f";"2014-06-19 08:35:05.424";"f";"";"66";"CONSOLIDADA";"";"Presencial";
"1219902";"01";"23110";"";"";"41675";"GRADUAÇÃO";"Campus Central";"IC2";"2014";"1";"2014-01-27";"2014-06-14";"24N12";"23";"50";"REGULAR";"f";"2014-06-20 09:44:47.021";"f";"";"66";"CONSOLIDADA";"";"Presencial";
"1219903";"01";"5752603";"";"";"46142";"GRADUAÇÃO";"Campus Caicó";"LEM";"2014";"1";"2014-01-27";"2014-06-14";"46N12 5N34";"9";"40";"REGULAR";"f";"2014-06-20 11:11:01.739";"f";"";"106";"CONSOLIDADA";"";"Presencial";
"1219904";"01";"5755582";"";"";"46143";"GRADUAÇÃO";"Campus Caicó";"LEM";"2014";"1";"2014-01-27";"2014-06-14";"2N1234 3N34";"17";"40";"REGULAR";"f";"2014-06-11 16:24:46.017";"f";"";"110";"CONSOLIDADA";"";"Presencial";
"1219905";"01";"20856";"";"";"46139";"GRADUAÇÃO";"Campus Caicó";"LEM";"2014";"1";"2014-01-27";"2014-06-14";"24M12 3M34";"9";"40";"REGULAR";"f";"2014-06-16 11:48:41.04";"f";"";"100";"CONSOLIDADA";"";"Presencial";
"1219906";"01";"5755418";"";"";"51589";"GRADUAÇÃO";"Campus Central";"4A1";"2014";"1";"2014-01-27";"2014-06-14";"35N34";"10";"40";"REGULAR";"f";"2014-06-06 18:51:33.835";"f";"";"70";"CONSOLIDADA";"";"Presencial";
"1219907";"01";"5753350";"";"";"51590";"GRADUAÇÃO";"Campus Central";"4G2";"2014";"1";"2014-01-27";"2014-06-14";"3N12 6N34";"7";"40";"REGULAR";"f";"2014-06-20 13:57:21.751";"f";"";"74";"CONSOLIDADA";"";"Presencial";
"1219908";"01";"5756614";"";"";"46474";"GRADUAÇÃO";"Campus Central";"4A1";"2014";"1";"2014-01-27";"2014-06-14";"46N34";"4";"40";"REGULAR";"f";"2014-06-11 11:20:13.401";"f";"";"70";"CONSOLIDADA";"";"Presencial";
"1219909";"01";"5753350";"";"";"52340";"GRADUAÇÃO";"Campus Central";"4A6";"2014";"1";"2014-01-27";"2014-06-14";"2N34 4N12";"6";"40";"REGULAR";"f";"2014-06-20 13:54:42.748";"f";"";"72";"CONSOLIDADA";"";"Presencial";
"1219910";"01";"5755401";"";"";"52336";"GRADUAÇÃO";"Campus Central";"4B1";"2014";"1";"2014-01-27";"2014-06-14";"35N34";"5";"40";"REGULAR";"f";"2014-06-18 20:38:04.93";"f";"";"66";"CONSOLIDADA";"";"Presencial";
"1219911";"01";"5753676";"";"";"46477";"GRADUAÇÃO";"Campus Central";"4A8";"2014";"1";"2014-01-27";"2014-06-14";"25N12";"5";"40";"REGULAR";"f";"2014-06-14 21:52:23.502";"f";"";"68";"CONSOLIDADA";"";"Presencial";
"1219912";"01";"5755401";"";"";"52342";"GRADUAÇÃO";"Campus Central";"4B1";"2014";"1";"2014-01-27";"2014-06-14";"35N12";"1";"40";"REGULAR";"f";"2014-06-14 08:43:17.652";"f";"";"66";"CONSOLIDADA";"";"Presencial";
"1219913";"01";"5755989";"";"";"52343";"GRADUAÇÃO";"Campus Central";"4A7";"2014";"1";"2014-01-27";"2014-06-14";"2N12 5N34";"1";"40";"REGULAR";"f";"2014-06-13 22:43:36.602";"f";"";"68";"CONSOLIDADA";"";"Presencial";
"1219914";"01";"5756629";"";"";"52344";"GRADUAÇÃO";"Campus Central";"4A8";"2014";"1";"2014-01-27";"2014-06-14";"26N34";"1";"40";"REGULAR";"f";"2014-06-17 22:31:15.044";"f";"";"68";"CONSOLIDADA";"";"Presencial";
"1219915";"01";"5753386";"";"";"52345";"GRADUAÇÃO";"Campus Central";"4E5";"2014";"1";"2014-01-27";"2014-06-14";"3N34 6N12";"2";"40";"REGULAR";"f";"2014-06-09 19:43:28.543";"f";"";"70";"CONSOLIDADA";"";"Presencial";
"1219916";"01";"5752988";"";"";"52346";"GRADUAÇÃO";"Campus Central";"4B2";"2014";"1";"2014-01-27";"2014-06-14";"4N1234";"2";"40";"REGULAR";"f";"2014-06-11 09:32:47.474";"f";"";"72";"CONSOLIDADA";"";"Presencial";
"1219917";"01";"5756629";"";"";"48651";"GRADUAÇÃO";"Campus Central";"4B3";"2014";"1";"2014-01-27";"2014-06-14";"35N34";"5";"40";"REGULAR";"f";"2014-06-21 23:29:04.042";"f";"";"68";"CONSOLIDADA";"";"Presencial";
"1219918";"01";"5756016";"";"";"48652";"GRADUAÇÃO";"Campus Central";"SEDIS";"2014";"1";"2014-01-27";"2014-06-14";"36N12";"10";"40";"REGULAR";"f";"2014-06-05 12:51:58.555";"f";"";"68";"CONSOLIDADA";"";"Presencial";
"1219919";"01";"5755401";"";"";"52357";"GRADUAÇÃO";"Campus Central";"4F4";"2014";"1";"2014-01-27";"2014-06-14";"35T56";"1";"40";"REGULAR";"f";"2014-06-14 08:59:20.869";"f";"";"72";"CONSOLIDADA";"";"Presencial";
"1219920";"01";"5752988";"";"";"46449";"GRADUAÇÃO";"Campus Central";"4A2";"2014";"1";"2014-01-27";"2014-06-14";"356N34";"19";"40";"REGULAR";"f";"2014-06-14 21:40:31.317";"f";"";"102";"CONSOLIDADA";"";"Presencial";
"1219920";"01";"5753676";"";"";"46449";"GRADUAÇÃO";"Campus Central";"4A2";"2014";"1";"2014-01-27";"2014-06-14";"356N34";"19";"40";"REGULAR";"f";"2014-06-14 21:40:31.317";"f";"";"102";"CONSOLIDADA";"";"Presencial";
"1219921";"01";"5752988";"";"";"46451";"GRADUAÇÃO";"Campus Central";"4A2";"2014";"1";"2014-01-27";"2014-06-14";"6N12";"56";"40";"REGULAR";"f";"2014-06-11 09:35:47.701";"f";"";"36";"CONSOLIDADA";"";"Presencial";
"1219922";"01";"5753386";"";"";"46454";"GRADUAÇÃO";"Campus Central";"4E5";"2014";"1";"2014-01-27";"2014-06-14";"35N12";"23";"40";"REGULAR";"f";"2014-06-09 19:41:36.018";"f";"";"68";"CONSOLIDADA";"";"Presencial";
"1219923";"01";"5752989";"";"";"46457";"GRADUAÇÃO";"Campus Central";"4F2";"2014";"1";"2014-01-27";"2014-06-14";"35N12";"19";"40";"REGULAR";"f";"2014-06-09 16:03:18.068";"f";"";"74";"CONSOLIDADA";"";"Presencial";
"1219924";"01";"5753362";"";"";"46461";"GRADUAÇÃO";"Campus Central";"Setor IV";"2014";"1";"2014-01-27";"2014-06-14";"26N34";"0";"40";"REGULAR";"f";"";"f";"";"";"EXCLUÍDA";"";"Presencial";
"1219925";"01";"5756614";"";"";"46462";"GRADUAÇÃO";"Campus Central";"4A1";"2014";"1";"2014-01-27";"2014-06-14";"46N12";"4";"40";"REGULAR";"f";"2014-06-11 10:59:43.531";"f";"";"72";"CONSOLIDADA";"";"Presencial";
"1219927";"01";"5754955";"";"";"54545";"GRADUAÇÃO";"Campus Central";"4A1";"2014";"1";"2014-01-27";"2014-06-14";"35N12";"3";"40";"REGULAR";"f";"2014-06-06 11:33:24.059";"f";"";"70";"CONSOLIDADA";"";"Presencial";
"1219927";"01";"5755418";"";"";"54545";"GRADUAÇÃO";"Campus Central";"4A1";"2014";"1";"2014-01-27";"2014-06-14";"35N12";"3";"40";"REGULAR";"f";"2014-06-06 11:33:24.059";"f";"";"70";"CONSOLIDADA";"";"Presencial";
"1219928";"01";"5755765";"";"";"26861";"GRADUAÇÃO";"Campus Currais Novos";"A definir";"2014";"1";"2014-01-27";"2014-06-14";"4T12 5T56";"42";"50";"REGULAR";"f";"2014-06-17 00:43:35.808";"f";"";"74";"CONSOLIDADA";"";"Presencial";
"1219929";"02";"5755765";"";"";"26861";"GRADUAÇÃO";"Campus Currais Novos";"A definir";"2014";"1";"2014-01-27";"2014-06-14";"45T34";"33";"50";"REGULAR";"f";"2014-06-16 00:57:00.069";"f";"";"74";"CONSOLIDADA";"";"Presencial";
"1219930";"01";"17983";"";"";"48224";"GRADUAÇÃO";"Campus Caicó";"B2";"2014";"1";"2014-01-27";"2014-06-14";"2M1234";"21";"60";"REGULAR";"f";"2014-06-09 20:46:47.712";"f";"";"68";"CONSOLIDADA";"";"Presencial";
"1219932";"01A";"5752273";"";"";"2051000";"GRADUAÇÃO";"Campus Central";"Auditório A";"2014";"1";"2014-01-27";"2014-06-14";"35M12  2T12 (27/01/2014 - 14/06/2014)";"37";"32";"REGULAR";"f";"2014-06-17 20:45:27.23";"f";"1219931";"102";"CONSOLIDADA";"";"Presencial";
"1219933";"01B";"5752273";"";"";"2051000";"GRADUAÇÃO";"Campus Central";"Auditório A";"2014";"1";"2014-01-27";"2014-06-14";"35M12  3T12 (27/01/2014 - 14/06/2014)";"25";"32";"REGULAR";"f";"2014-06-17 20:45:29.331";"f";"1219931";"102";"CONSOLIDADA";"";"Presencial";
"1219934";"01C";"5752273";"";"";"2051000";"GRADUAÇÃO";"Campus Central";"Auditório A";"2014";"1";"2014-01-27";"2014-06-14";"35M12  2T34 (27/01/2014 - 14/06/2014)";"17";"32";"REGULAR";"f";"2014-06-17 20:45:30.441";"f";"1219931";"102";"CONSOLIDADA";"";"Presencial";
"1219935";"01D";"5752273";"";"";"2051000";"GRADUAÇÃO";"Campus Central";"Auditório A";"2014";"1";"2014-01-27";"2014-06-14";"345M12 (27/01/2014 - 14/06/2014)";"36";"32";"REGULAR";"f";"2014-06-17 20:45:31.418";"f";"1219931";"102";"CONSOLIDADA";"";"Presencial";
"1219936";"01E";"5752273";"";"";"2051000";"GRADUAÇÃO";"Campus Central";"Auditório A";"2014";"1";"2014-01-27";"2014-06-14";"35M12 6M56 (27/01/2014 - 14/06/2014)";"24";"32";"REGULAR";"f";"2014-06-17 20:45:28.379";"f";"1219931";"102";"CONSOLIDADA";"";"Presencial";
"1219938";"01A";"5756596";"";"";"27940";"GRADUAÇÃO";"Campus Central";"Sala dos embriões";"2014";"1";"2014-01-27";"2014-06-14";"3M45 6M345";"16";"24";"REGULAR";"f";"2014-06-14 13:03:48.467";"f";"1219937";"85";"CONSOLIDADA";"";"Presencial";
"1219938";"01A";"17612";"";"";"27940";"GRADUAÇÃO";"Campus Central";"Sala dos embriões";"2014";"1";"2014-01-27";"2014-06-14";"3M45 6M345";"16";"24";"REGULAR";"f";"2014-06-14 13:03:48.467";"f";"1219937";"85";"CONSOLIDADA";"";"Presencial";
"1219938";"01A";"2260569";"";"";"27940";"GRADUAÇÃO";"Campus Central";"Sala dos embriões";"2014";"1";"2014-01-27";"2014-06-14";"3M45 6M345";"16";"24";"REGULAR";"f";"2014-06-14 13:03:48.467";"f";"1219937";"85";"CONSOLIDADA";"";"Presencial";
"1219940";"02A";"5756596";"";"";"27940";"GRADUAÇÃO";"Campus Central";"Sala dos embriões";"2014";"1";"2014-01-27";"2014-06-14";"3M45 6M345";"8";"29";"REGULAR";"f";"2014-06-14 13:07:56.483";"f";"1219939";"85";"CONSOLIDADA";"";"Presencial";
"1219940";"02A";"2260569";"";"";"27940";"GRADUAÇÃO";"Campus Central";"Sala dos embriões";"2014";"1";"2014-01-27";"2014-06-14";"3M45 6M345";"8";"29";"REGULAR";"f";"2014-06-14 13:07:56.483";"f";"1219939";"85";"CONSOLIDADA";"";"Presencial";
"1219940";"02A";"17612";"";"";"27940";"GRADUAÇÃO";"Campus Central";"Sala dos embriões";"2014";"1";"2014-01-27";"2014-06-14";"3M45 6M345";"8";"29";"REGULAR";"f";"2014-06-14 13:07:56.483";"f";"1219939";"85";"CONSOLIDADA";"";"Presencial";
"1219941";"01";"18162";"";"";"43200";"GRADUAÇÃO";"Campus Central";"Anfiteatro B";"2014";"1";"2014-01-27";"2014-06-14";"246M56";"23";"30";"REGULAR";"f";"2014-06-16 17:52:30.757";"f";"";"104";"CONSOLIDADA";"";"Presencial";
"1219942";"01";"5752697";"";"";"20956";"GRADUAÇÃO";"Campus Central";"JUAZEIRO";"2014";"1";"2014-01-27";"2014-06-14";"2M234 5M56";"20";"40";"REGULAR";"f";"2014-06-13 14:01:06.437";"f";"";"86";"CONSOLIDADA";"";"Presencial";
"1219942";"01";"21470";"";"";"20956";"GRADUAÇÃO";"Campus Central";"JUAZEIRO";"2014";"1";"2014-01-27";"2014-06-14";"2M234 5M56";"20";"40";"REGULAR";"f";"2014-06-13 14:01:06.437";"f";"";"86";"CONSOLIDADA";"";"Presencial";
"1219942";"01";"5752642";"";"";"20956";"GRADUAÇÃO";"Campus Central";"JUAZEIRO";"2014";"1";"2014-01-27";"2014-06-14";"2M234 5M56";"20";"40";"REGULAR";"f";"2014-06-13 14:01:06.437";"f";"";"86";"CONSOLIDADA";"";"Presencial";
"1219944";"02A";"5752294";"";"";"2051000";"GRADUAÇÃO";"Campus Central";"Auditório B";"2014";"1";"2014-01-27";"2014-06-14";"35M12  4T12 (27/01/2014 - 14/06/2014)";"10";"32";"REGULAR";"f";"2014-06-16 12:24:57.519";"f";"1219943";"112";"CONSOLIDADA";"";"Presencial";
"1219945";"02B";"5752294";"";"";"2051000";"GRADUAÇÃO";"Campus Central";"Auditório B";"2014";"1";"2014-01-27";"2014-06-14";"35M12  5T12 (27/01/2014 - 14/06/2014)";"8";"32";"REGULAR";"f";"2014-06-16 12:24:56.365";"f";"1219943";"112";"CONSOLIDADA";"";"Presencial";
"1219946";"02C";"5752294";"";"";"2051000";"GRADUAÇÃO";"Campus Central";"Auditório B";"2014";"1";"2014-01-27";"2014-06-14";"35M12  4T34 (27/01/2014 - 14/06/2014)";"35";"34";"REGULAR";"f";"2014-06-16 12:24:59.414";"f";"1219943";"112";"CONSOLIDADA";"";"Presencial";
"1219947";"02D";"5752294";"";"";"2051000";"GRADUAÇÃO";"Campus Central";"Auditório B";"2014";"1";"2014-01-27";"2014-06-14";"356M12 (27/01/2014 - 14/06/2014)";"48";"32";"REGULAR";"f";"2014-06-16 12:25:00.462";"f";"1219943";"112";"CONSOLIDADA";"";"Presencial";
"1219949";"01A";"20854";"";"";"21029";"GRADUAÇÃO";"Campus Central";"JUCÁ";"2014";"1";"2014-01-27";"2014-06-14";"3M2345";"26";"20";"REGULAR";"f";"2014-06-18 21:22:13.711";"f";"1219948";"76";"CONSOLIDADA";"";"Presencial";
"1219949";"01A";"5752642";"";"";"21029";"GRADUAÇÃO";"Campus Central";"JUCÁ";"2014";"1";"2014-01-27";"2014-06-14";"3M2345";"26";"20";"REGULAR";"f";"2014-06-18 21:22:13.711";"f";"1219948";"76";"CONSOLIDADA";"";"Presencial";
"1219949";"01A";"25454";"";"";"21029";"GRADUAÇÃO";"Campus Central";"JUCÁ";"2014";"1";"2014-01-27";"2014-06-14";"3M2345";"26";"20";"REGULAR";"f";"2014-06-18 21:22:13.711";"f";"1219948";"76";"CONSOLIDADA";"";"Presencial";
"1219949";"01A";"19582";"";"";"21029";"GRADUAÇÃO";"Campus Central";"JUCÁ";"2014";"1";"2014-01-27";"2014-06-14";"3M2345";"26";"20";"REGULAR";"f";"2014-06-18 21:22:13.711";"f";"1219948";"76";"CONSOLIDADA";"";"Presencial";
"1219950";"02E";"5752294";"";"";"2051000";"GRADUAÇÃO";"Campus Central";"Auditório B";"2014";"1";"2014-01-27";"2014-06-14";"35M12  6T12 (27/01/2014 - 14/06/2014)";"20";"32";"REGULAR";"f";"2014-06-16 12:24:58.537";"f";"1219943";"112";"CONSOLIDADA";"";"Presencial";
"1219951";"01";"22773";"";"";"2034750";"GRADUAÇÃO";"Campus Central";"JUCÁ";"2014";"1";"2014-01-27";"2014-06-14";"5M34 6M123";"3";"49";"REGULAR";"f";"2014-06-14 11:05:53.505";"f";"";"88";"CONSOLIDADA";"";"Presencial";
"1219951";"01";"20854";"";"";"2034750";"GRADUAÇÃO";"Campus Central";"JUCÁ";"2014";"1";"2014-01-27";"2014-06-14";"5M34 6M123";"3";"49";"REGULAR";"f";"2014-06-14 11:05:53.505";"f";"";"88";"CONSOLIDADA";"";"Presencial";
"1219951";"01";"5756461";"";"";"2034750";"GRADUAÇÃO";"Campus Central";"JUCÁ";"2014";"1";"2014-01-27";"2014-06-14";"5M34 6M123";"3";"49";"REGULAR";"f";"2014-06-14 11:05:53.505";"f";"";"88";"CONSOLIDADA";"";"Presencial";
"1219951";"01";"19582";"";"";"2034750";"GRADUAÇÃO";"Campus Central";"JUCÁ";"2014";"1";"2014-01-27";"2014-06-14";"5M34 6M123";"3";"49";"REGULAR";"f";"2014-06-14 11:05:53.505";"f";"";"88";"CONSOLIDADA";"";"Presencial";
"1219952";"01";"5752476";"";"";"43205";"GRADUAÇÃO";"Campus Central";"Sala dos embriões";"2014";"1";"2014-01-27";"2014-06-14";"246T12";"19";"30";"REGULAR";"f";"2014-06-23 09:10:20.8";"f";"";"100";"CONSOLIDADA";"";"Presencial";
"1219952";"01";"5752246";"";"";"43205";"GRADUAÇÃO";"Campus Central";"Sala dos embriões";"2014";"1";"2014-01-27";"2014-06-14";"246T12";"19";"30";"REGULAR";"f";"2014-06-23 09:10:20.8";"f";"";"100";"CONSOLIDADA";"";"Presencial";
"1219953";"02";"5752246";"";"";"43205";"GRADUAÇÃO";"Campus Central";"Sala dos embriões";"2014";"1";"2014-01-27";"2014-06-14";"246N12";"30";"35";"REGULAR";"f";"2014-06-22 12:12:07.934";"f";"";"100";"CONSOLIDADA";"";"Presencial";
"1219953";"02";"5752235";"";"";"43205";"GRADUAÇÃO";"Campus Central";"Sala dos embriões";"2014";"1";"2014-01-27";"2014-06-14";"246N12";"30";"35";"REGULAR";"f";"2014-06-22 12:12:07.934";"f";"";"100";"CONSOLIDADA";"";"Presencial";
"1219955";"01A";"19582";"";"";"2043401";"GRADUAÇÃO";"Campus Central";"JUAZEIRO";"2014";"1";"2014-01-27";"2014-06-14";"2T23 4T234";"49";"25";"REGULAR";"f";"2014-06-13 14:42:08.099";"f";"1219954";"85";"CONSOLIDADA";"";"Presencial";
"1219955";"01A";"22773";"";"";"2043401";"GRADUAÇÃO";"Campus Central";"JUAZEIRO";"2014";"1";"2014-01-27";"2014-06-14";"2T23 4T234";"49";"25";"REGULAR";"f";"2014-06-13 14:42:08.099";"f";"1219954";"85";"CONSOLIDADA";"";"Presencial";
"1219955";"01A";"24343";"";"";"2043401";"GRADUAÇÃO";"Campus Central";"JUAZEIRO";"2014";"1";"2014-01-27";"2014-06-14";"2T23 4T234";"49";"25";"REGULAR";"f";"2014-06-13 14:42:08.099";"f";"1219954";"85";"CONSOLIDADA";"";"Presencial";
"1219955";"01A";"20854";"";"";"2043401";"GRADUAÇÃO";"Campus Central";"JUAZEIRO";"2014";"1";"2014-01-27";"2014-06-14";"2T23 4T234";"49";"25";"REGULAR";"f";"2014-06-13 14:42:08.099";"f";"1219954";"85";"CONSOLIDADA";"";"Presencial";
"1219956";"01";"5752671";"";"";"2048484";"GRADUAÇÃO";"Campus Central";"Sala das células";"2014";"1";"2014-01-27";"2014-06-14";"24M34";"52";"47";"REGULAR";"f";"2014-06-11 09:27:12.796";"f";"";"72";"CONSOLIDADA";"";"Presencial";
"1219956";"01";"2260569";"";"";"2048484";"GRADUAÇÃO";"Campus Central";"Sala das células";"2014";"1";"2014-01-27";"2014-06-14";"24M34";"52";"47";"REGULAR";"f";"2014-06-11 09:27:12.796";"f";"";"72";"CONSOLIDADA";"";"Presencial";
"1219957";"01";"5752671";"";"";"2048485";"GRADUAÇÃO";"Campus Central";"Sala dos embriões";"2014";"1";"2014-01-27";"2014-06-14";"35N12";"23";"30";"REGULAR";"f";"2014-06-11 09:40:32.929";"f";"";"72";"CONSOLIDADA";"";"Presencial";
"1219959";"01B";"20854";"";"";"2043401";"GRADUAÇÃO";"Campus Central";"JUAZEIRO";"2014";"1";"2014-01-27";"2014-06-14";"2T23 4T234";"29";"30";"REGULAR";"f";"2014-06-13 14:42:06.054";"f";"1219954";"85";"CONSOLIDADA";"";"Presencial";
"1219959";"01B";"22773";"";"";"2043401";"GRADUAÇÃO";"Campus Central";"JUAZEIRO";"2014";"1";"2014-01-27";"2014-06-14";"2T23 4T234";"29";"30";"REGULAR";"f";"2014-06-13 14:42:06.054";"f";"1219954";"85";"CONSOLIDADA";"";"Presencial";
"1219959";"01B";"24343";"";"";"2043401";"GRADUAÇÃO";"Campus Central";"JUAZEIRO";"2014";"1";"2014-01-27";"2014-06-14";"2T23 4T234";"29";"30";"REGULAR";"f";"2014-06-13 14:42:06.054";"f";"1219954";"85";"CONSOLIDADA";"";"Presencial";
"1219959";"01B";"19582";"";"";"2043401";"GRADUAÇÃO";"Campus Central";"JUAZEIRO";"2014";"1";"2014-01-27";"2014-06-14";"2T23 4T234";"29";"30";"REGULAR";"f";"2014-06-13 14:42:06.054";"f";"1219954";"85";"CONSOLIDADA";"";"Presencial";
"1219960";"01";"18762";"";"";"43203";"GRADUAÇÃO";"Campus Central";"Anfiteatro A";"2014";"1";"2014-01-27";"2014-06-14";"24M56";"26";"30";"REGULAR";"f";"2014-06-18 09:52:18.746";"f";"";"72";"CONSOLIDADA";"";"Presencial";
"1219961";"02";"5756444";"";"";"43203";"GRADUAÇÃO";"Campus Central";"Anfiteatro B";"2014";"1";"2014-01-27";"2014-06-14";"35N12";"27";"35";"REGULAR";"f";"2014-06-10 12:41:00.039";"f";"";"66";"CONSOLIDADA";"";"Presencial";
"1219961";"02";"5755910";"";"";"43203";"GRADUAÇÃO";"Campus Central";"Anfiteatro B";"2014";"1";"2014-01-27";"2014-06-14";"35N12";"27";"35";"REGULAR";"f";"2014-06-10 12:41:00.039";"f";"";"66";"CONSOLIDADA";"";"Presencial";
"1219962";"01";"5753637";"";"";"45839";"GRADUAÇÃO";"Campus Central";"Sala das células";"2014";"1";"2014-01-27";"2014-06-14";"24N1234";"18";"40";"REGULAR";"f";"2014-06-18 15:26:00.459";"f";"";"140";"CONSOLIDADA";"";"Presencial";
"1219962";"01";"26317";"";"";"45839";"GRADUAÇÃO";"Campus Central";"Sala das células";"2014";"1";"2014-01-27";"2014-06-14";"24N1234";"18";"40";"REGULAR";"f";"2014-06-18 15:26:00.459";"f";"";"140";"CONSOLIDADA";"";"Presencial";
"1219962";"01";"5752233";"";"";"45839";"GRADUAÇÃO";"Campus Central";"Sala das células";"2014";"1";"2014-01-27";"2014-06-14";"24N1234";"18";"40";"REGULAR";"f";"2014-06-18 15:26:00.459";"f";"";"140";"CONSOLIDADA";"";"Presencial";
"1219962";"01";"5752476";"";"";"45839";"GRADUAÇÃO";"Campus Central";"Sala das células";"2014";"1";"2014-01-27";"2014-06-14";"24N1234";"18";"40";"REGULAR";"f";"2014-06-18 15:26:00.459";"f";"";"140";"CONSOLIDADA";"";"Presencial";
"1219964";"03A";"5756434";"";"";"2051000";"GRADUAÇÃO";"Campus Central";"Auditório A";"2014";"1";"2014-01-27";"2014-06-14";"2T56  35N34 (27/01/2014 - 14/06/2014)";"19";"38";"REGULAR";"f";"2014-06-21 10:15:21.778";"f";"1219963";"98";"CONSOLIDADA";"";"Presencial";
"1219966";"01A";"5756596";"";"";"25734";"GRADUAÇÃO";"Campus Central";"Sala dos epitélios";"2014";"1";"2014-01-27";"2014-06-14";"35T12";"14";"26";"REGULAR";"f";"2014-06-14 13:52:27.306";"f";"1219965";"70";"CONSOLIDADA";"";"Presencial";
"1219966";"01A";"23841";"";"";"25734";"GRADUAÇÃO";"Campus Central";"Sala dos epitélios";"2014";"1";"2014-01-27";"2014-06-14";"35T12";"14";"26";"REGULAR";"f";"2014-06-14 13:52:27.306";"f";"1219965";"70";"CONSOLIDADA";"";"Presencial";
"1219966";"01A";"17612";"";"";"25734";"GRADUAÇÃO";"Campus Central";"Sala dos epitélios";"2014";"1";"2014-01-27";"2014-06-14";"35T12";"14";"26";"REGULAR";"f";"2014-06-14 13:52:27.306";"f";"1219965";"70";"CONSOLIDADA";"";"Presencial";
"1219968";"02A";"23841";"";"";"25734";"GRADUAÇÃO";"Campus Central";"Sala dos epitélios";"2014";"1";"2014-01-27";"2014-06-14";"35T12";"14";"34";"REGULAR";"f";"2014-06-14 13:57:34.675";"f";"1219967";"70";"CONSOLIDADA";"";"Presencial";
"1219968";"02A";"17612";"";"";"25734";"GRADUAÇÃO";"Campus Central";"Sala dos epitélios";"2014";"1";"2014-01-27";"2014-06-14";"35T12";"14";"34";"REGULAR";"f";"2014-06-14 13:57:34.675";"f";"1219967";"70";"CONSOLIDADA";"";"Presencial";
"1219968";"02A";"5756596";"";"";"25734";"GRADUAÇÃO";"Campus Central";"Sala dos epitélios";"2014";"1";"2014-01-27";"2014-06-14";"35T12";"14";"34";"REGULAR";"f";"2014-06-14 13:57:34.675";"f";"1219967";"70";"CONSOLIDADA";"";"Presencial";
"1219969";"01";"5756444";"";"";"2043101";"GRADUAÇÃO";"Campus Central";"Anfiteatro A";"2014";"1";"2014-01-27";"2014-06-14";"34M34";"14";"55";"REGULAR";"f";"2014-06-10 12:31:08.236";"f";"";"72";"CONSOLIDADA";"";"Presencial";
"1219969";"01";"2262005";"";"";"2043101";"GRADUAÇÃO";"Campus Central";"Anfiteatro A";"2014";"1";"2014-01-27";"2014-06-14";"34M34";"14";"55";"REGULAR";"f";"2014-06-10 12:31:08.236";"f";"";"72";"CONSOLIDADA";"";"Presencial";
"1219970";"03B";"5756434";"";"";"2051000";"GRADUAÇÃO";"Campus Central";"Auditório A";"2014";"1";"2014-01-27";"2014-06-14";"3T56  35N34 (27/01/2014 - 14/06/2014)";"11";"36";"REGULAR";"f";"2014-06-21 10:15:22.271";"f";"1219963";"98";"CONSOLIDADA";"";"Presencial";
"1219971";"02";"5753678";"";"";"2043101";"GRADUAÇÃO";"Campus Central";"Anfiteatro A";"2014";"1";"2014-01-27";"2014-06-14";"3N34 5N12";"20";"54";"REGULAR";"f";"2014-06-17 11:37:39.865";"f";"";"68";"CONSOLIDADA";"";"Presencial";
"1219971";"02";"2262005";"";"";"2043101";"GRADUAÇÃO";"Campus Central";"Anfiteatro A";"2014";"1";"2014-01-27";"2014-06-14";"3N34 5N12";"20";"54";"REGULAR";"f";"2014-06-17 11:37:39.865";"f";"";"68";"CONSOLIDADA";"";"Presencial";
"1219972";"03C";"5756434";"";"";"2051000";"GRADUAÇÃO";"Campus Central";"Auditório A";"2014";"1";"2014-01-27";"2014-06-14";"7M12  35N34 (27/01/2014 - 14/06/2014)";"23";"32";"REGULAR";"f";"2014-06-21 10:15:19.354";"f";"1219963";"98";"CONSOLIDADA";"";"Presencial";
"1219973";"01";"24706";"";"";"25926";"GRADUAÇÃO";"Campus Central";"Sala dos embriões";"2014";"1";"2014-01-27";"2014-06-14";"35M123";"18";"54";"REGULAR";"f";"2014-06-21 22:20:59.479";"f";"";"104";"CONSOLIDADA";"";"Presencial";
"1219974";"01";"18162";"";"";"27947";"GRADUAÇÃO";"Campus Central";"Anfiteatro B";"2014";"1";"2014-01-27";"2014-06-14";"35M34";"27";"30";"REGULAR";"f";"2014-06-06 15:12:40.608";"f";"";"68";"CONSOLIDADA";"";"Presencial";
"1219975";"03D";"5756434";"";"";"2051000";"GRADUAÇÃO";"Campus Central";"Auditório A";"2014";"1";"2014-01-27";"2014-06-14";"7M34  35N34 (27/01/2014 - 14/06/2014)";"35";"32";"REGULAR";"f";"2014-06-21 10:15:20.11";"f";"1219963";"98";"CONSOLIDADA";"";"Presencial";
"1219976";"02";"18162";"";"";"27947";"GRADUAÇÃO";"Campus Central";"Sala dos embriões";"2014";"1";"2014-01-27";"2014-06-14";"35N34";"36";"36";"REGULAR";"f";"2014-06-06 14:50:31.386";"f";"";"68";"CONSOLIDADA";"";"Presencial";
"1219977";"03E";"5756434";"";"";"2051000";"GRADUAÇÃO";"Campus Central";"Auditório A";"2014";"1";"2014-01-27";"2014-06-14";"6T34  35N34 (27/01/2014 - 14/06/2014)";"23";"33";"REGULAR";"f";"2014-06-21 10:15:21.194";"f";"1219963";"98";"CONSOLIDADA";"";"Presencial";
"1219978";"01";"5756248";"";"";"54972";"GRADUAÇÃO";"Campus Santa Cruz";"Bloco I - Sala 13";"2014";"1";"2014-01-27";"2014-03-10";"2M345 (27/01/2014 - 10/03/2014)";"27";"30";"REGULAR";"f";"2014-06-11 08:33:12.193";"f";"";"18";"CONSOLIDADA";"";"Presencial";
"1219978";"01";"5756472";"";"";"54972";"GRADUAÇÃO";"Campus Santa Cruz";"Bloco I - Sala 13";"2014";"1";"2014-01-27";"2014-03-10";"2M345 (27/01/2014 - 10/03/2014)";"27";"30";"REGULAR";"f";"2014-06-11 08:33:12.193";"f";"";"18";"CONSOLIDADA";"";"Presencial";
"1219979";"01";"5755910";"";"";"2043950";"GRADUAÇÃO";"Campus Central";"Anfiteatro A";"2014";"1";"2014-01-27";"2014-06-14";"24M12  6T12";"17";"62";"REGULAR";"f";"2014-06-09 06:46:39.367";"f";"";"100";"CONSOLIDADA";"";"Presencial";
"1219979";"01";"5751841";"";"";"2043950";"GRADUAÇÃO";"Campus Central";"Anfiteatro A";"2014";"1";"2014-01-27";"2014-06-14";"24M12  6T12";"17";"62";"REGULAR";"f";"2014-06-09 06:46:39.367";"f";"";"100";"CONSOLIDADA";"";"Presencial";
"1219979";"01";"5752167";"";"";"2043950";"GRADUAÇÃO";"Campus Central";"Anfiteatro A";"2014";"1";"2014-01-27";"2014-06-14";"24M12  6T12";"17";"62";"REGULAR";"f";"2014-06-09 06:46:39.367";"f";"";"100";"CONSOLIDADA";"";"Presencial";
"1219981";"04A";"5756053";"";"";"2051000";"GRADUAÇÃO";"Campus Central";"Auditório B";"2014";"1";"2014-01-27";"2014-06-14";"4T56  35N34 (27/01/2014 - 14/06/2014)";"17";"34";"REGULAR";"f";"2014-06-21 00:00:16.378";"f";"1219980";"112";"CONSOLIDADA";"";"Presencial";
"1219982";"01";"26065";"";"";"25738";"GRADUAÇÃO";"Campus Central";"Sala dos epitélios";"2014";"1";"2014-01-27";"2014-06-14";"2T234";"16";"50";"REGULAR";"f";"2014-06-17 21:48:15.606";"f";"";"51";"CONSOLIDADA";"";"Presencial";
"1219983";"01";"5752290";"";"";"43202";"GRADUAÇÃO";"Campus Central";"Sala das células";"2014";"1";"2014-01-27";"2014-06-14";"35M34";"21";"35";"REGULAR";"f";"2014-06-23 11:53:14.231";"f";"";"66";"CONSOLIDADA";"";"Presencial";
"1219983";"01";"5755889";"";"";"43202";"GRADUAÇÃO";"Campus Central";"Sala das células";"2014";"1";"2014-01-27";"2014-06-14";"35M34";"21";"35";"REGULAR";"f";"2014-06-23 11:53:14.231";"f";"";"66";"CONSOLIDADA";"";"Presencial";
"1219983";"01";"5753678";"";"";"43202";"GRADUAÇÃO";"Campus Central";"Sala das células";"2014";"1";"2014-01-27";"2014-06-14";"35M34";"21";"35";"REGULAR";"f";"2014-06-23 11:53:14.231";"f";"";"66";"CONSOLIDADA";"";"Presencial";
"1219984";"04B";"5756053";"";"";"2051000";"GRADUAÇÃO";"Campus Central";"Auditório B";"2014";"1";"2014-01-27";"2014-06-14";"5T56  35N34 (27/01/2014 - 14/06/2014)";"15";"32";"REGULAR";"f";"2014-06-21 00:00:14.245";"f";"1219980";"112";"CONSOLIDADA";"";"Presencial";
"1219985";"01";"24041";"";"";"2045614";"GRADUAÇÃO";"Campus Central";"JUAZEIRO";"2014";"1";"2014-01-27";"2014-06-14";"3M345";"20";"40";"REGULAR";"f";"2014-06-05 10:37:10.084";"f";"";"54";"CONSOLIDADA";"";"Presencial";
"1219987";"03A";"17612";"";"";"25734";"GRADUAÇÃO";"Campus Central";"Sala dos epitélios";"2014";"1";"2014-01-27";"2014-06-14";"56N34";"25";"31";"REGULAR";"f";"2014-06-18 15:15:24.834";"f";"1219986";"68";"CONSOLIDADA";"";"Presencial";
"1219987";"03A";"5756596";"";"";"25734";"GRADUAÇÃO";"Campus Central";"Sala dos epitélios";"2014";"1";"2014-01-27";"2014-06-14";"56N34";"25";"31";"REGULAR";"f";"2014-06-18 15:15:24.834";"f";"1219986";"68";"CONSOLIDADA";"";"Presencial";
"1219987";"03A";"23841";"";"";"25734";"GRADUAÇÃO";"Campus Central";"Sala dos epitélios";"2014";"1";"2014-01-27";"2014-06-14";"56N34";"25";"31";"REGULAR";"f";"2014-06-18 15:15:24.834";"f";"1219986";"68";"CONSOLIDADA";"";"Presencial";
"1219989";"04A";"5756596";"";"";"25734";"GRADUAÇÃO";"Campus Central";"Sala dos epitélios";"2014";"1";"2014-01-27";"2014-06-14";"56N34";"23";"27";"REGULAR";"f";"2014-06-18 15:17:55.438";"f";"1219988";"68";"CONSOLIDADA";"";"Presencial";
"1219989";"04A";"17612";"";"";"25734";"GRADUAÇÃO";"Campus Central";"Sala dos epitélios";"2014";"1";"2014-01-27";"2014-06-14";"56N34";"23";"27";"REGULAR";"f";"2014-06-18 15:17:55.438";"f";"1219988";"68";"CONSOLIDADA";"";"Presencial";
"1219989";"04A";"23841";"";"";"25734";"GRADUAÇÃO";"Campus Central";"Sala dos epitélios";"2014";"1";"2014-01-27";"2014-06-14";"56N34";"23";"27";"REGULAR";"f";"2014-06-18 15:17:55.438";"f";"1219988";"68";"CONSOLIDADA";"";"Presencial";
"1219990";"04C";"5756053";"";"";"2051000";"GRADUAÇÃO";"Campus Central";"Auditório B";"2014";"1";"2014-01-27";"2014-06-14";"7T12  35N34 (27/01/2014 - 14/06/2014)";"30";"36";"REGULAR";"f";"2014-06-21 00:00:18.431";"f";"1219980";"112";"CONSOLIDADA";"";"Presencial";
"1219992";"01A";"22773";"";"";"2045643";"GRADUAÇÃO";"Campus Central";"DNA";"2014";"1";"2014-01-27";"2014-06-14";"5T234";"23";"20";"REGULAR";"f";"2014-06-13 22:22:59.877";"f";"1219991";"50";"CONSOLIDADA";"";"Presencial";
"1219992";"01A";"20854";"";"";"2045643";"GRADUAÇÃO";"Campus Central";"DNA";"2014";"1";"2014-01-27";"2014-06-14";"5T234";"23";"20";"REGULAR";"f";"2014-06-13 22:22:59.877";"f";"1219991";"50";"CONSOLIDADA";"";"Presencial";
"1219992";"01A";"19582";"";"";"2045643";"GRADUAÇÃO";"Campus Central";"DNA";"2014";"1";"2014-01-27";"2014-06-14";"5T234";"23";"20";"REGULAR";"f";"2014-06-13 22:22:59.877";"f";"1219991";"50";"CONSOLIDADA";"";"Presencial";
"1219992";"01A";"24343";"";"";"2045643";"GRADUAÇÃO";"Campus Central";"DNA";"2014";"1";"2014-01-27";"2014-06-14";"5T234";"23";"20";"REGULAR";"f";"2014-06-13 22:22:59.877";"f";"1219991";"50";"CONSOLIDADA";"";"Presencial";
"1219993";"01";"5756472";"";"";"54973";"GRADUAÇÃO";"Campus Santa Cruz";"Bloco I - Sala 13";"2014";"1";"2014-03-17";"2014-04-28";"2M345 (17/03/2014 - 28/04/2014)";"9";"10";"REGULAR";"f";"2014-06-11 08:37:40.259";"f";"";"30";"CONSOLIDADA";"";"Presencial";
"1219994";"04D";"5756053";"";"";"2051000";"GRADUAÇÃO";"Campus Central";"Auditório B";"2014";"1";"2014-01-27";"2014-06-14";"7T34  35N34 (27/01/2014 - 14/06/2014)";"30";"32";"REGULAR";"f";"2014-06-21 00:00:15.338";"f";"1219980";"112";"CONSOLIDADA";"";"Presencial";
"1219996";"01B";"24343";"";"";"2045643";"GRADUAÇÃO";"Campus Central";"DNA";"2014";"1";"2014-01-27";"2014-06-14";"5T234";"22";"20";"REGULAR";"f";"2014-06-13 22:23:00.681";"f";"1219991";"50";"CONSOLIDADA";"";"Presencial";
"1219996";"01B";"22773";"";"";"2045643";"GRADUAÇÃO";"Campus Central";"DNA";"2014";"1";"2014-01-27";"2014-06-14";"5T234";"22";"20";"REGULAR";"f";"2014-06-13 22:23:00.681";"f";"1219991";"50";"CONSOLIDADA";"";"Presencial";
"1219996";"01B";"19582";"";"";"2045643";"GRADUAÇÃO";"Campus Central";"DNA";"2014";"1";"2014-01-27";"2014-06-14";"5T234";"22";"20";"REGULAR";"f";"2014-06-13 22:23:00.681";"f";"1219991";"50";"CONSOLIDADA";"";"Presencial";
"1219996";"01B";"20854";"";"";"2045643";"GRADUAÇÃO";"Campus Central";"DNA";"2014";"1";"2014-01-27";"2014-06-14";"5T234";"22";"20";"REGULAR";"f";"2014-06-13 22:23:00.681";"f";"1219991";"50";"CONSOLIDADA";"";"Presencial";
"1219997";"04E";"5756053";"";"";"2051000";"GRADUAÇÃO";"Campus Central";"Auditório B";"2014";"1";"2014-01-27";"2014-06-14";"6T56  35N34 (27/01/2014 - 14/06/2014)";"31";"34";"REGULAR";"f";"2014-06-21 00:00:17.316";"f";"1219980";"112";"CONSOLIDADA";"";"Presencial";
"1219998";"02";"5753861";"";"";"54973";"GRADUAÇÃO";"Campus Santa Cruz";"Bloco I - Sala 13";"2014";"1";"2014-03-17";"2014-04-28";"2M345 (17/03/2014 - 28/04/2014)";"9";"10";"REGULAR";"f";"2014-06-12 20:27:11.839";"f";"";"18";"CONSOLIDADA";"";"Presencial";
"1219999";"01";"26523";"";"";"2049202";"GRADUAÇÃO";"Campus Central";"SALA II - DBF";"2014";"1";"2014-01-27";"2014-06-14";"35M34";"13";"18";"REGULAR";"f";"2014-06-04 11:10:47.592";"f";"";"68";"CONSOLIDADA";"";"Presencial";
"1219999";"01";"5752673";"";"";"2049202";"GRADUAÇÃO";"Campus Central";"SALA II - DBF";"2014";"1";"2014-01-27";"2014-06-14";"35M34";"13";"18";"REGULAR";"f";"2014-06-04 11:10:47.592";"f";"";"68";"CONSOLIDADA";"";"Presencial";
"1220000";"02";"26523";"";"";"2049202";"GRADUAÇÃO";"Campus Central";"ANF. DOS ANFÍBIOS";"2014";"1";"2014-01-27";"2014-06-14";"35T34";"20";"21";"REGULAR";"f";"2014-06-11 09:44:08.591";"f";"";"70";"CONSOLIDADA";"";"Presencial";
"1220000";"02";"5752673";"";"";"2049202";"GRADUAÇÃO";"Campus Central";"ANF. DOS ANFÍBIOS";"2014";"1";"2014-01-27";"2014-06-14";"35T34";"20";"21";"REGULAR";"f";"2014-06-11 09:44:08.591";"f";"";"70";"CONSOLIDADA";"";"Presencial";
"1220001";"03";"5754337";"";"";"54973";"GRADUAÇÃO";"Campus Santa Cruz";"Bloco I - Sala 13";"2014";"1";"2014-03-17";"2014-04-28";"2M345 (17/03/2014 - 28/04/2014)";"9";"10";"REGULAR";"f";"2014-05-25 10:07:13.296";"f";"";"18";"CONSOLIDADA";"";"Presencial";
"1220002";"02";"5756461";"";"";"43339";"GRADUAÇÃO";"Campus Central";"JUAZEIRO";"2014";"1";"2014-01-27";"2014-06-14";"24N1234";"26";"35";"REGULAR";"f";"2014-06-13 10:27:28.053";"f";"";"132";"CONSOLIDADA";"";"Presencial";
"1220002";"02";"20854";"";"";"43339";"GRADUAÇÃO";"Campus Central";"JUAZEIRO";"2014";"1";"2014-01-27";"2014-06-14";"24N1234";"26";"35";"REGULAR";"f";"2014-06-13 10:27:28.053";"f";"";"132";"CONSOLIDADA";"";"Presencial";
"1220002";"02";"5752697";"";"";"43339";"GRADUAÇÃO";"Campus Central";"JUAZEIRO";"2014";"1";"2014-01-27";"2014-06-14";"24N1234";"26";"35";"REGULAR";"f";"2014-06-13 10:27:28.053";"f";"";"132";"CONSOLIDADA";"";"Presencial";
"1220002";"02";"5755500";"";"";"43339";"GRADUAÇÃO";"Campus Central";"JUAZEIRO";"2014";"1";"2014-01-27";"2014-06-14";"24N1234";"26";"35";"REGULAR";"f";"2014-06-13 10:27:28.053";"f";"";"132";"CONSOLIDADA";"";"Presencial";
"1220002";"02";"26028";"";"";"43339";"GRADUAÇÃO";"Campus Central";"JUAZEIRO";"2014";"1";"2014-01-27";"2014-06-14";"24N1234";"26";"35";"REGULAR";"f";"2014-06-13 10:27:28.053";"f";"";"132";"CONSOLIDADA";"";"Presencial";
"1220003";"01";"5752022";"";"";"46765";"GRADUAÇÃO";"Campus Central";"MANDACARÚ";"2014";"1";"2014-01-27";"2014-06-14";"35M56";"21";"35";"REGULAR";"f";"2014-06-11 16:44:53.707";"f";"";"66";"CONSOLIDADA";"";"Presencial";
"1220003";"01";"26028";"";"";"46765";"GRADUAÇÃO";"Campus Central";"MANDACARÚ";"2014";"1";"2014-01-27";"2014-06-14";"35M56";"21";"35";"REGULAR";"f";"2014-06-11 16:44:53.707";"f";"";"66";"CONSOLIDADA";"";"Presencial";
"1220004";"01";"5756472";"";"";"54974";"GRADUAÇÃO";"Campus Santa Cruz";"Clínicas de Fisioterapia";"2014";"1";"2014-04-10";"2014-06-05";"5T12 (10/04/2014 - 05/06/2014)";"3";"3";"REGULAR";"f";"2014-06-11 15:21:35.911";"f";"";"19";"CONSOLIDADA";"";"Presencial";
"1220006";"05A";"5755262";"";"";"2051000";"GRADUAÇÃO";"Campus Central";"Auditório B";"2014";"1";"2014-01-27";"2014-06-14";"3T3456 5T56 (27/01/2014 - 14/06/2014)";"30";"33";"REGULAR";"f";"2014-06-21 18:51:32.247";"f";"1220005";"110";"CONSOLIDADA";"";"Presencial";
"1220007";"02";"26028";"";"";"46765";"GRADUAÇÃO";"Campus Central";"EPTÉLIOS";"2014";"1";"2014-01-27";"2014-06-14";"35N12";"24";"35";"REGULAR";"f";"2014-06-11 18:10:13.114";"f";"";"68";"CONSOLIDADA";"";"Presencial";
"1220007";"02";"5752022";"";"";"46765";"GRADUAÇÃO";"Campus Central";"EPTÉLIOS";"2014";"1";"2014-01-27";"2014-06-14";"35N12";"24";"35";"REGULAR";"f";"2014-06-11 18:10:13.114";"f";"";"68";"CONSOLIDADA";"";"Presencial";
"1220008";"05B";"5755262";"";"";"2051000";"GRADUAÇÃO";"Campus Central";"Auditório B";"2014";"1";"2014-01-27";"2014-06-14";"3T56 5T3456 (27/01/2014 - 14/06/2014)";"19";"34";"REGULAR";"f";"2014-06-21 18:51:30.07";"f";"1220005";"110";"CONSOLIDADA";"";"Presencial";
"1220009";"02";"5753861";"";"";"54974";"GRADUAÇÃO";"Campus Santa Cruz";"Clínicas de Fisioterapia";"2014";"1";"2014-04-10";"2014-06-05";"5T12 (10/04/2014 - 05/06/2014)";"3";"3";"REGULAR";"f";"2014-06-12 14:34:30.85";"f";"";"20";"CONSOLIDADA";"";"Presencial";
"1220010";"01";"24041";"";"";"20943";"GRADUAÇÃO";"Campus Central";"PAU-BRASIL";"2014";"1";"2014-01-27";"2014-06-14";"24M56";"22";"35";"REGULAR";"f";"2014-06-05 10:20:47.041";"f";"";"70";"CONSOLIDADA";"";"Presencial";
"1220011";"05C";"5755262";"";"";"2051000";"GRADUAÇÃO";"Campus Central";"Auditório B";"2014";"1";"2014-01-27";"2014-06-14";"7M56  35T56 (27/01/2014 - 14/06/2014)";"32";"32";"REGULAR";"f";"2014-06-21 18:51:34.597";"f";"1220005";"110";"CONSOLIDADA";"";"Presencial";
"1220012";"02";"5752999";"";"";"20943";"GRADUAÇÃO";"Campus Central";"SALA II - DBF";"2014";"1";"2014-01-27";"2014-06-14";"35N12";"30";"35";"REGULAR";"f";"2014-06-07 23:01:50.992";"f";"";"70";"CONSOLIDADA";"";"Presencial";
"1220014";"01A";"5753000";"";"";"21038";"GRADUAÇÃO";"Campus Central";"FF - CCS";"2014";"1";"2014-01-27";"2014-06-14";"3M3456";"39";"18";"REGULAR";"f";"2014-06-14 21:56:20.57";"f";"1220013";"66";"CONSOLIDADA";"";"Presencial";
"1220014";"01A";"5756454";"";"";"21038";"GRADUAÇÃO";"Campus Central";"FF - CCS";"2014";"1";"2014-01-27";"2014-06-14";"3M3456";"39";"18";"REGULAR";"f";"2014-06-14 21:56:20.57";"f";"1220013";"66";"CONSOLIDADA";"";"Presencial";
"1220015";"03";"5756603";"";"";"54974";"GRADUAÇÃO";"Campus Santa Cruz";"Clínicas de Fisioterapia";"2014";"1";"2014-04-10";"2014-06-05";"5T12 (10/04/2014 - 05/06/2014)";"3";"3";"REGULAR";"f";"2014-06-13 21:37:50.155";"f";"";"18";"CONSOLIDADA";"";"Presencial";
"1220015";"03";"5754337";"";"";"54974";"GRADUAÇÃO";"Campus Santa Cruz";"Clínicas de Fisioterapia";"2014";"1";"2014-04-10";"2014-06-05";"5T12 (10/04/2014 - 05/06/2014)";"3";"3";"REGULAR";"f";"2014-06-13 21:37:50.155";"f";"";"18";"CONSOLIDADA";"";"Presencial";
"1220016";"05D";"5755262";"";"";"2051000";"GRADUAÇÃO";"Campus Central";"Auditório B";"2014";"1";"2014-01-27";"2014-06-14";"357T56 (27/01/2014 - 14/06/2014)";"9";"35";"REGULAR";"f";"2014-06-21 18:51:33.261";"f";"1220005";"110";"CONSOLIDADA";"";"Presencial";
"1220017";"04";"5756472";"";"";"54974";"GRADUAÇÃO";"Campus Santa Cruz";"Clínicas de Fisioterapia";"2014";"1";"2014-04-10";"2014-06-06";"5T34 (10/04/2014 - 06/06/2014)";"3";"3";"REGULAR";"f";"2014-06-14 12:03:46.137";"f";"";"25";"CONSOLIDADA";"";"Presencial";
"1220019";"01A";"26523";"";"";"26957";"GRADUAÇÃO";"Campus Central";"PAU-BRASIL";"2014";"1";"2014-01-27";"2014-06-14";"56M56";"35";"38";"REGULAR";"f";"2014-06-16 11:33:42.723";"f";"1220018";"66";"CONSOLIDADA";"";"Presencial";
"1220019";"01A";"26049";"";"";"26957";"GRADUAÇÃO";"Campus Central";"PAU-BRASIL";"2014";"1";"2014-01-27";"2014-06-14";"56M56";"35";"38";"REGULAR";"f";"2014-06-16 11:33:42.723";"f";"1220018";"66";"CONSOLIDADA";"";"Presencial";
"1220020";"05";"5753861";"";"";"54974";"GRADUAÇÃO";"Campus Santa Cruz";"Clínicas de Fisioterapia";"2014";"1";"2014-04-10";"2014-06-05";"5T34 (10/04/2014 - 05/06/2014)";"3";"3";"REGULAR";"f";"2014-06-12 20:21:36.139";"f";"";"20";"CONSOLIDADA";"";"Presencial";
"1220022";"01A";"5752999";"";"";"26958";"GRADUAÇÃO";"Campus Central";"FAVELEIRA";"2014";"1";"2014-01-27";"2014-06-14";"35M34";"39";"39";"REGULAR";"f";"2014-06-09 10:51:49.465";"f";"1220021";"70";"CONSOLIDADA";"";"Presencial";
"1220022";"01A";"26049";"";"";"26958";"GRADUAÇÃO";"Campus Central";"FAVELEIRA";"2014";"1";"2014-01-27";"2014-06-14";"35M34";"39";"39";"REGULAR";"f";"2014-06-09 10:51:49.465";"f";"1220021";"70";"CONSOLIDADA";"";"Presencial";
"1220023";"01B";"5753000";"";"";"21038";"GRADUAÇÃO";"Campus Central";"FF - CCS";"2014";"1";"2014-01-27";"2014-06-14";"3M34 5M56";"19";"16";"REGULAR";"f";"2014-06-14 21:56:21.449";"f";"1220013";"66";"CONSOLIDADA";"";"Presencial";
"1220023";"01B";"5756454";"";"";"21038";"GRADUAÇÃO";"Campus Central";"FF - CCS";"2014";"1";"2014-01-27";"2014-06-14";"3M34 5M56";"19";"16";"REGULAR";"f";"2014-06-14 21:56:21.449";"f";"1220013";"66";"CONSOLIDADA";"";"Presencial";
"1220024";"06";"5754337";"";"";"54974";"GRADUAÇÃO";"Campus Santa Cruz";"Clínicas de Fisioterapia";"2014";"1";"2014-04-10";"2014-06-05";"5T34 (10/04/2014 - 05/06/2014)";"3";"3";"REGULAR";"f";"2014-06-13 21:42:20.718";"f";"";"22";"CONSOLIDADA";"";"Presencial";
"1220024";"06";"5756603";"";"";"54974";"GRADUAÇÃO";"Campus Santa Cruz";"Clínicas de Fisioterapia";"2014";"1";"2014-04-10";"2014-06-05";"5T34 (10/04/2014 - 05/06/2014)";"3";"3";"REGULAR";"f";"2014-06-13 21:42:20.718";"f";"";"22";"CONSOLIDADA";"";"Presencial";
"1220025";"07";"5756472";"";"";"54974";"GRADUAÇÃO";"Campus Santa Cruz";"Clínicas de Fisioterapia";"2014";"1";"2014-04-10";"2014-06-05";"5T56 (10/04/2014 - 05/06/2014)";"3";"4";"REGULAR";"f";"2014-06-14 12:06:44.224";"f";"";"25";"CONSOLIDADA";"";"Presencial";
"1220026";"08";"5753861";"";"";"54974";"GRADUAÇÃO";"Campus Santa Cruz";"Clínicas de Fisioterapia";"2014";"1";"2014-04-10";"2014-06-05";"5T56 (10/04/2014 - 05/06/2014)";"3";"4";"REGULAR";"f";"2014-06-12 20:12:39.392";"f";"";"20";"CONSOLIDADA";"";"Presencial";
"1220027";"01C";"5756454";"";"";"21038";"GRADUAÇÃO";"Campus Central";"FF - CCS";"2014";"1";"2014-01-27";"2014-06-14";"35M34";"21";"17";"REGULAR";"f";"2014-06-14 21:56:19.387";"f";"1220013";"66";"CONSOLIDADA";"";"Presencial";
"1220027";"01C";"5753000";"";"";"21038";"GRADUAÇÃO";"Campus Central";"FF - CCS";"2014";"1";"2014-01-27";"2014-06-14";"35M34";"21";"17";"REGULAR";"f";"2014-06-14 21:56:19.387";"f";"1220013";"66";"CONSOLIDADA";"";"Presencial";
"1220029";"01A";"5756454";"";"";"21039";"GRADUAÇÃO";"Campus Central";"FF - CCS";"2014";"1";"2014-01-27";"2014-06-14";"23T23";"33";"23";"REGULAR";"f";"2014-06-18 20:17:38.277";"f";"1220028";"68";"CONSOLIDADA";"";"Presencial";
"1220029";"01A";"5753000";"";"";"21039";"GRADUAÇÃO";"Campus Central";"FF - CCS";"2014";"1";"2014-01-27";"2014-06-14";"23T23";"33";"23";"REGULAR";"f";"2014-06-18 20:17:38.277";"f";"1220028";"68";"CONSOLIDADA";"";"Presencial";
"1220029";"01A";"2306614";"";"";"21039";"GRADUAÇÃO";"Campus Central";"FF - CCS";"2014";"1";"2014-01-27";"2014-06-14";"23T23";"33";"23";"REGULAR";"f";"2014-06-18 20:17:38.277";"f";"1220028";"68";"CONSOLIDADA";"";"Presencial";
"1220030";"01B";"5756454";"";"";"21039";"GRADUAÇÃO";"Campus Central";"FF - CCS";"2014";"1";"2014-01-27";"2014-06-14";"2T23 3T56";"26";"24";"REGULAR";"f";"2014-06-18 20:17:39.223";"f";"1220028";"68";"CONSOLIDADA";"";"Presencial";
"1220030";"01B";"5753000";"";"";"21039";"GRADUAÇÃO";"Campus Central";"FF - CCS";"2014";"1";"2014-01-27";"2014-06-14";"2T23 3T56";"26";"24";"REGULAR";"f";"2014-06-18 20:17:39.223";"f";"1220028";"68";"CONSOLIDADA";"";"Presencial";
"1220030";"01B";"2306614";"";"";"21039";"GRADUAÇÃO";"Campus Central";"FF - CCS";"2014";"1";"2014-01-27";"2014-06-14";"2T23 3T56";"26";"24";"REGULAR";"f";"2014-06-18 20:17:39.223";"f";"1220028";"68";"CONSOLIDADA";"";"Presencial";
"1220031";"14B";"22736";"";"";"45854";"GRADUAÇÃO";"";"CAICÓ/RN";"2014";"1";"2014-01-27";"2014-06-14";"";"28";"";"REGULAR";"t";"2014-06-11 23:19:32.514";"f";"";"0";"CONSOLIDADA";"";"A Distância";
"1220032";"11B";"22736";"";"";"45854";"GRADUAÇÃO";"";"EXTREMOZ/RN";"2014";"1";"2014-01-27";"2014-06-14";"";"1";"";"REGULAR";"t";"2014-06-20 09:00:04.323";"f";"";"0";"CONSOLIDADA";"";"A Distância";
"1220033";"12B";"22736";"";"";"45854";"GRADUAÇÃO";"";"LUÍS GOMES/RN";"2014";"1";"2014-01-27";"2014-06-14";"";"28";"";"REGULAR";"t";"2014-06-13 10:11:29.611";"f";"";"0";"CONSOLIDADA";"";"A Distância";
"1220034";"01B";"22736";"";"";"45854";"GRADUAÇÃO";"";"MACAU/RN";"2014";"1";"2014-01-27";"2014-06-14";"";"43";"";"REGULAR";"t";"2014-06-11 23:26:44.312";"f";"";"0";"CONSOLIDADA";"";"A Distância";
"1220035";"16";"22736";"";"";"45854";"GRADUAÇÃO";"";"MARCELINO VIEIRA/RN";"2014";"1";"2014-01-27";"2014-06-14";"";"33";"";"REGULAR";"t";"2014-06-13 10:26:23.523";"f";"";"0";"CONSOLIDADA";"";"A Distância";
"1220036";"13B";"22736";"";"";"45854";"GRADUAÇÃO";"";"MARTINS/RN";"2014";"1";"2014-01-27";"2014-06-14";"";"37";"";"REGULAR";"t";"2014-06-13 10:30:04.841";"f";"";"0";"CONSOLIDADA";"";"A Distância";
"1220037";"03B";"22736";"";"";"45854";"GRADUAÇÃO";"";"NOVA CRUZ/RN";"2014";"1";"2014-01-27";"2014-06-14";"";"30";"";"REGULAR";"t";"2014-06-13 10:35:26.413";"f";"";"0";"CONSOLIDADA";"";"A Distância";
"1220038";"01";"26304";"";"";"39998";"GRADUAÇÃO";"Campus Central";"VH1/VC4";"2014";"1";"2014-01-27";"2014-06-14";"2M56";"15";"25";"REGULAR";"f";"2014-06-21 17:17:04.6";"f";"";"36";"CONSOLIDADA";"";"Presencial";
"1220039";"02";"26304";"";"";"39998";"GRADUAÇÃO";"Campus Central";"VH1/VC4";"2014";"1";"2014-01-27";"2014-06-14";"4M56";"16";"25";"REGULAR";"f";"2014-06-20 17:46:20.945";"f";"";"38";"CONSOLIDADA";"";"Presencial";
"1220040";"01";"26304";"";"";"39999";"GRADUAÇÃO";"Campus Central";"VH1/VH4";"2014";"1";"2014-01-27";"2014-06-14";"2N1234";"14";"30";"REGULAR";"f";"2014-06-20 17:47:48.34";"f";"";"72";"CONSOLIDADA";"";"Presencial";
"1220041";"01";"5755023";"";"";"40000";"GRADUAÇÃO";"Campus Central";"VG4";"2014";"1";"2014-01-27";"2014-06-14";"35M34";"35";"45";"REGULAR";"f";"2014-06-17 01:27:53.147";"f";"";"74";"CONSOLIDADA";"";"Presencial";
"1220042";"02";"5755023";"";"";"40000";"GRADUAÇÃO";"Campus Central";"VG4";"2014";"1";"2014-01-27";"2014-06-14";"35N34";"49";"43";"REGULAR";"f";"2014-06-17 02:06:10.53";"f";"";"68";"CONSOLIDADA";"";"Presencial";
"1220043";"01";"5752469";"";"";"40004";"GRADUAÇÃO";"Campus Central";"VG4";"2014";"1";"2014-01-27";"2014-06-14";"35M12";"32";"45";"REGULAR";"f";"2014-06-21 09:33:05.256";"f";"";"74";"CONSOLIDADA";"";"Presencial";
"1220044";"02";"5752469";"";"";"40004";"GRADUAÇÃO";"Campus Central";"VG4";"2014";"1";"2014-01-27";"2014-06-14";"35N12";"32";"40";"REGULAR";"f";"2014-06-21 09:34:31.66";"f";"";"74";"CONSOLIDADA";"";"Presencial";
"1220045";"01";"24041";"";"";"23861";"GRADUAÇÃO";"Campus Central";"Laboratório Didático de Parasitologia";"2014";"1";"2014-01-27";"2014-06-14";"5T23";"7";"30";"REGULAR";"f";"2014-06-05 10:25:47.934";"f";"";"34";"CONSOLIDADA";"";"Presencial";
"1220046";"09";"5754337";"";"";"54974";"GRADUAÇÃO";"Campus Santa Cruz";"Clínicas de Fisioterapia";"2014";"1";"2014-04-10";"2014-06-05";"5T56 (10/04/2014 - 05/06/2014)";"3";"4";"REGULAR";"f";"2014-06-13 21:44:51.794";"f";"";"18";"CONSOLIDADA";"";"Presencial";
"1220046";"09";"5756603";"";"";"54974";"GRADUAÇÃO";"Campus Santa Cruz";"Clínicas de Fisioterapia";"2014";"1";"2014-04-10";"2014-06-05";"5T56 (10/04/2014 - 05/06/2014)";"3";"4";"REGULAR";"f";"2014-06-13 21:44:51.794";"f";"";"18";"CONSOLIDADA";"";"Presencial";
"1220047";"03";"5753580";"";"";"39998";"GRADUAÇÃO";"Campus Central";"VH1/VC4";"2014";"1";"2014-01-27";"2014-06-14";"4N12";"60";"43";"REGULAR";"f";"2014-06-07 22:14:36.897";"f";"";"34";"CONSOLIDADA";"";"Presencial";
"1220048";"01";"5756279";"";"";"39982";"GRADUAÇÃO";"Campus Central";"VG3";"2014";"1";"2014-01-27";"2014-06-14";"35M12";"81";"50";"REGULAR";"f";"2014-06-14 17:09:02.865";"f";"";"70";"CONSOLIDADA";"";"Presencial";
"1220049";"02";"5756279";"";"";"39982";"GRADUAÇÃO";"Campus Central";"VG3";"2014";"1";"2014-01-27";"2014-06-14";"4N34 6N12";"70";"50";"REGULAR";"f";"2014-06-14 20:27:27.879";"f";"";"70";"CONSOLIDADA";"";"Presencial";
"1220050";"01";"5756279";"";"";"39983";"GRADUAÇÃO";"Campus Central";"VG4";"2014";"1";"2014-01-27";"2014-06-14";"46M12";"33";"45";"REGULAR";"f";"2014-06-14 21:00:22.346";"f";"";"76";"CONSOLIDADA";"";"Presencial";
"1220051";"14";"5754334";"";"";"45860";"GRADUAÇÃO";"";"CAICÓ/RN";"2014";"1";"2014-01-27";"2014-06-14";"";"4";"";"REGULAR";"t";"2014-06-05 10:49:09.791";"f";"";"0";"CONSOLIDADA";"";"A Distância";
"1220052";"11";"5754334";"";"";"45860";"GRADUAÇÃO";"";"EXTREMOZ/RN";"2014";"1";"2014-01-27";"2014-06-14";"";"6";"";"REGULAR";"t";"2014-06-11 13:19:04.727";"f";"";"0";"CONSOLIDADA";"";"A Distância";
"1220053";"12";"5754334";"";"";"45860";"GRADUAÇÃO";"";"LUÍS GOMES/RN";"2014";"1";"2014-01-27";"2014-06-14";"";"5";"";"REGULAR";"t";"2014-06-11 13:28:18.217";"f";"";"0";"CONSOLIDADA";"";"A Distância";
"1220054";"01";"5754334";"";"";"45860";"GRADUAÇÃO";"";"MACAU/RN";"2014";"1";"2014-01-27";"2014-06-14";"";"1";"";"REGULAR";"t";"";"f";"";"";"EXCLUÍDA";"";"A Distância";
"1220055";"16";"5754334";"";"";"45860";"GRADUAÇÃO";"";"MARCELINO VIEIRA/RN";"2014";"1";"2014-01-27";"2014-06-14";"";"5";"";"REGULAR";"t";"2014-06-11 13:30:57.664";"f";"";"0";"CONSOLIDADA";"";"A Distância";
"1220056";"13";"5754334";"";"";"45860";"GRADUAÇÃO";"";"MARTINS/RN";"2014";"1";"2014-01-27";"2014-06-14";"";"1";"";"REGULAR";"t";"2014-06-05 10:47:40.487";"f";"";"0";"CONSOLIDADA";"";"A Distância";
"1220057";"03";"5754334";"";"";"45860";"GRADUAÇÃO";"";"NOVA CRUZ/RN";"2014";"1";"2014-01-27";"2014-06-14";"";"11";"";"REGULAR";"t";"2014-06-11 13:26:56.845";"f";"";"0";"CONSOLIDADA";"";"A Distância";
"1220058";"01";"5756472";"";"";"43498";"GRADUAÇÃO";"Campus Santa Cruz";"Bloco I - Sala 13";"2014";"1";"2014-01-27";"2014-06-14";"2T12";"26";"40";"REGULAR";"f";"2014-06-09 14:35:48.696";"f";"";"34";"CONSOLIDADA";"";"Presencial";
"1220060";"01A";"5756298";"";"";"43737";"GRADUAÇÃO";"Campus Santa Cruz";"Bloco I - Sala 13";"2014";"1";"2014-01-27";"2014-06-14";"2M12 4M23";"39";"40";"REGULAR";"f";"2014-06-13 16:03:53.106";"f";"1220059";"74";"CONSOLIDADA";"";"Presencial";
"1220061";"14";"";"102231282";"";"45955";"GRADUAÇÃO";"";"CAICÓ/RN";"2014";"1";"2014-01-27";"2014-06-14";"";"1";"";"REGULAR";"t";"2014-06-24 10:09:12.795";"f";"";"0";"CONSOLIDADA";"";"A Distância";
"1220062";"11";"";"102231282";"";"45955";"GRADUAÇÃO";"";"EXTREMOZ/RN";"2014";"1";"2014-01-27";"2014-06-14";"";"4";"";"REGULAR";"t";"2014-06-14 21:58:36.54";"f";"";"0";"CONSOLIDADA";"";"A Distância";
"1220063";"12";"";"102231282";"";"45955";"GRADUAÇÃO";"";"LUÍS GOMES/RN";"2014";"1";"2014-01-27";"2014-06-14";"";"3";"";"REGULAR";"t";"2014-06-24 10:08:01.593";"f";"";"0";"CONSOLIDADA";"";"A Distância";
"1220064";"01";"";"102231282";"";"45955";"GRADUAÇÃO";"";"MACAU/RN";"2014";"1";"2014-01-27";"2014-06-14";"";"2";"";"REGULAR";"t";"2014-06-14 21:55:15.735";"f";"";"0";"CONSOLIDADA";"";"A Distância";
"1220065";"16";"";"102231282";"";"45955";"GRADUAÇÃO";"";"MARCELINO VIEIRA/RN";"2014";"1";"2014-01-27";"2014-06-14";"";"2";"";"REGULAR";"t";"2014-06-14 21:59:39.739";"f";"";"0";"CONSOLIDADA";"";"A Distância";
"1220066";"13";"";"102231282";"";"45955";"GRADUAÇÃO";"";"MARTINS/RN";"2014";"1";"2014-01-27";"2014-06-14";"";"";"";"REGULAR";"t";"";"f";"";"";"EXCLUÍDA";"";"A Distância";
"1220067";"03";"";"102231282";"";"45955";"GRADUAÇÃO";"";"NOVA CRUZ/RN";"2014";"1";"2014-01-27";"2014-06-14";"";"6";"";"REGULAR";"t";"2014-06-14 22:17:17.429";"f";"";"0";"CONSOLIDADA";"";"A Distância";
"1220068";"14";"";"102231282";"";"45956";"GRADUAÇÃO";"";"CAICÓ/RN";"2014";"1";"2014-01-27";"2014-06-14";"";"3";"";"REGULAR";"t";"2014-06-14 22:00:31.002";"f";"";"0";"CONSOLIDADA";"";"A Distância";
"1220069";"11";"";"102231282";"";"45956";"GRADUAÇÃO";"";"EXTREMOZ/RN";"2014";"1";"2014-01-27";"2014-06-14";"";"2";"";"REGULAR";"t";"2014-06-24 10:11:01.19";"f";"";"0";"CONSOLIDADA";"";"A Distância";
"1220070";"12";"";"102231282";"";"45956";"GRADUAÇÃO";"";"LUÍS GOMES/RN";"2014";"1";"2014-01-27";"2014-06-14";"";"";"";"REGULAR";"t";"";"f";"";"";"EXCLUÍDA";"";"A Distância";
"1220071";"01";"";"102231282";"";"45956";"GRADUAÇÃO";"";"MACAU/RN";"2014";"1";"2014-01-27";"2014-06-14";"";"";"";"REGULAR";"t";"";"f";"";"";"EXCLUÍDA";"";"A Distância";
"1220072";"16";"";"102231282";"";"45956";"GRADUAÇÃO";"";"MARCELINO VIEIRA/RN";"2014";"1";"2014-01-27";"2014-06-14";"";"2";"";"REGULAR";"t";"2014-06-14 22:01:23.044";"f";"";"0";"CONSOLIDADA";"";"A Distância";
"1220073";"13";"";"102231282";"";"45956";"GRADUAÇÃO";"";"MARTINS/RN";"2014";"1";"2014-01-27";"2014-06-14";"";"1";"";"REGULAR";"t";"2014-06-14 22:15:33.168";"f";"";"0";"CONSOLIDADA";"";"A Distância";
"1220074";"03";"";"102231282";"";"45956";"GRADUAÇÃO";"";"NOVA CRUZ/RN";"2014";"1";"2014-01-27";"2014-06-14";"";"1";"";"REGULAR";"t";"2014-06-14 22:03:46.088";"f";"";"0";"CONSOLIDADA";"";"A Distância";
"1220075";"14";"";"102231282";"";"45957";"GRADUAÇÃO";"";"CAICÓ/RN";"2014";"1";"2014-01-27";"2014-06-14";"";"4";"";"REGULAR";"t";"2014-06-24 10:10:25.681";"f";"";"0";"CONSOLIDADA";"";"A Distância";
"1220076";"11";"";"102231282";"";"45957";"GRADUAÇÃO";"";"EXTREMOZ/RN";"2014";"1";"2014-01-27";"2014-06-14";"";"3";"";"REGULAR";"t";"2014-06-14 22:02:09.686";"f";"";"0";"CONSOLIDADA";"";"A Distância";
"1220077";"12";"";"102231282";"";"45957";"GRADUAÇÃO";"";"LUÍS GOMES/RN";"2014";"1";"2014-01-27";"2014-06-14";"";"";"";"REGULAR";"t";"";"f";"";"";"EXCLUÍDA";"";"A Distância";
"1220078";"01";"";"102231282";"";"45957";"GRADUAÇÃO";"";"MACAU/RN";"2014";"1";"2014-01-27";"2014-06-14";"";"";"";"REGULAR";"t";"";"f";"";"";"EXCLUÍDA";"";"A Distância";
"1220079";"16";"";"102231282";"";"45957";"GRADUAÇÃO";"";"MARCELINO VIEIRA/RN";"2014";"1";"2014-01-27";"2014-06-14";"";"";"";"REGULAR";"t";"";"f";"";"";"EXCLUÍDA";"";"A Distância";
"1220080";"13";"";"102231282";"";"45957";"GRADUAÇÃO";"";"MARTINS/RN";"2014";"1";"2014-01-27";"2014-06-14";"";"1";"";"REGULAR";"t";"2014-06-14 22:02:57.205";"f";"";"0";"CONSOLIDADA";"";"A Distância";
"1220081";"03";"";"102231282";"";"45957";"GRADUAÇÃO";"";"NOVA CRUZ/RN";"2014";"1";"2014-01-27";"2014-06-14";"";"5";"";"REGULAR";"t";"2014-06-24 10:11:57.189";"f";"";"0";"CONSOLIDADA";"";"A Distância";
"1220082";"11";"5751595";"";"";"45865";"GRADUAÇÃO";"";"EXTREMOZ/RN";"2014";"1";"2014-01-27";"2014-06-14";"";"3";"";"REGULAR";"t";"2014-06-13 12:47:31.57";"f";"";"0";"CONSOLIDADA";"";"A Distância";
"1220083";"01";"5751595";"";"";"45865";"GRADUAÇÃO";"";"MACAU/RN";"2014";"1";"2014-01-27";"2014-06-14";"";"4";"";"REGULAR";"t";"2014-06-07 09:15:26.323";"f";"";"0";"CONSOLIDADA";"";"A Distância";
"1220084";"16";"5751595";"";"";"45865";"GRADUAÇÃO";"";"MARCELINO VIEIRA/RN";"2014";"1";"2014-01-27";"2014-06-14";"";"2";"";"REGULAR";"t";"2014-06-07 09:24:05.186";"f";"";"0";"CONSOLIDADA";"";"A Distância";
"1220085";"03";"5751595";"";"";"45865";"GRADUAÇÃO";"";"NOVA CRUZ/RN";"2014";"1";"2014-01-27";"2014-06-14";"";"9";"";"REGULAR";"t";"2014-06-13 12:45:07.762";"f";"";"0";"CONSOLIDADA";"";"A Distância";
"1220087";"01A";"5752289";"";"";"48580";"GRADUAÇÃO";"Campus Central";"Auditório A";"2014";"1";"2014-01-27";"2014-03-02";"23456M34 (27/01/2014 - 02/03/2014)";"42";"130";"REGULAR";"f";"2014-06-02 22:11:14.279";"f";"1220086";"50";"CONSOLIDADA";"";"Presencial";
"1220089";"02A";"5755040";"";"";"48580";"GRADUAÇÃO";"Campus Central";"Auditório B";"2014";"1";"2014-01-27";"2014-03-02";"23456M34 (27/01/2014 - 02/03/2014)";"29";"130";"REGULAR";"f";"2014-06-04 18:17:55.769";"f";"1220088";"50";"CONSOLIDADA";"";"Presencial";
"1220090";"01";"5753882";"";"";"23552";"GRADUAÇÃO";"Campus Central";"4F3";"2014";"1";"2014-01-27";"2014-06-14";"24M56 5M34";"58";"56";"REGULAR";"f";"2014-06-20 02:11:32.378";"f";"";"110";"CONSOLIDADA";"";"Presencial";
"1220092";"03A";"5755568";"";"";"48580";"GRADUAÇÃO";"Campus Central";"Auditório C";"2014";"1";"2014-01-27";"2014-03-02";"23456M34 (27/01/2014 - 02/03/2014)";"7";"136";"REGULAR";"f";"2014-06-11 17:56:42.49";"f";"1220091";"50";"CONSOLIDADA";"";"Presencial";
"1220094";"04A";"5754327";"";"";"48580";"GRADUAÇÃO";"Campus Central";"Auditório A";"2014";"1";"2014-01-27";"2014-03-02";"23456N12 (27/01/2014 - 02/03/2014)";"72";"140";"REGULAR";"f";"2014-07-15 16:07:31.251";"f";"1220093";"50";"CONSOLIDADA";"";"Presencial";
"1220096";"05A";"26592";"";"";"48580";"GRADUAÇÃO";"Campus Central";"Auditório B";"2014";"1";"2014-01-27";"2014-03-02";"23456N12 (27/01/2014 - 02/03/2014)";"100";"147";"REGULAR";"f";"2014-04-29 09:54:07.822";"f";"1220095";"44";"CONSOLIDADA";"";"Presencial";
"1220098";"06A";"5756031";"";"";"48580";"GRADUAÇÃO";"Campus Central";"Auditório F";"2014";"1";"2014-01-27";"2014-03-02";"23456N12 (27/01/2014 - 02/03/2014)";"28";"180";"REGULAR";"f";"2014-05-26 15:04:11.549";"f";"1220097";"50";"CONSOLIDADA";"";"Presencial";
"1220100";"07A";"5752289";"";"";"48580";"GRADUAÇÃO";"Campus Central";"Auditório C";"2014";"1";"2014-01-27";"2014-03-02";"23456T12 (27/01/2014 - 02/03/2014)";"37";"100";"REGULAR";"f";"";"f";"1220099";"";"EXCLUÍDA";"";"Presencial";
"1220102";"01A";"2260569";"";"";"25736";"GRADUAÇÃO";"Campus Central";"Sala das células";"2014";"1";"2014-01-27";"2014-06-14";"24T34";"16";"25";"REGULAR";"f";"2014-06-11 09:44:56.164";"f";"1220101";"70";"CONSOLIDADA";"";"Presencial";
"1220102";"01A";"5752671";"";"";"25736";"GRADUAÇÃO";"Campus Central";"Sala das células";"2014";"1";"2014-01-27";"2014-06-14";"24T34";"16";"25";"REGULAR";"f";"2014-06-11 09:44:56.164";"f";"1220101";"70";"CONSOLIDADA";"";"Presencial";
"1220104";"02A";"2260569";"";"";"25736";"GRADUAÇÃO";"Campus Central";"Sala das células";"2014";"1";"2014-01-27";"2014-06-14";"24T34";"9";"29";"REGULAR";"f";"2014-06-11 09:50:24.359";"f";"1220103";"70";"CONSOLIDADA";"";"Presencial";
"1220104";"02A";"5752671";"";"";"25736";"GRADUAÇÃO";"Campus Central";"Sala das células";"2014";"1";"2014-01-27";"2014-06-14";"24T34";"9";"29";"REGULAR";"f";"2014-06-11 09:50:24.359";"f";"1220103";"70";"CONSOLIDADA";"";"Presencial";
"1220106";"01A";"2305973";"";"";"25735";"GRADUAÇÃO";"Campus Central";"Sala das células";"2014";"1";"2014-01-27";"2014-06-14";"24T56";"10";"23";"REGULAR";"f";"2014-06-18 08:56:51.062";"f";"1220105";"70";"CONSOLIDADA";"";"Presencial";
"1220106";"01A";"21357";"";"";"25735";"GRADUAÇÃO";"Campus Central";"Sala das células";"2014";"1";"2014-01-27";"2014-06-14";"24T56";"10";"23";"REGULAR";"f";"2014-06-18 08:56:51.062";"f";"1220105";"70";"CONSOLIDADA";"";"Presencial";
"1220108";"02A";"2305973";"";"";"25735";"GRADUAÇÃO";"Campus Central";"Sala das células";"2014";"1";"2014-01-27";"2014-06-14";"24T56";"15";"25";"REGULAR";"f";"2014-06-18 08:59:12.738";"f";"1220107";"70";"CONSOLIDADA";"";"Presencial";
"1220108";"02A";"21357";"";"";"25735";"GRADUAÇÃO";"Campus Central";"Sala das células";"2014";"1";"2014-01-27";"2014-06-14";"24T56";"15";"25";"REGULAR";"f";"2014-06-18 08:59:12.738";"f";"1220107";"70";"CONSOLIDADA";"";"Presencial";
"1220110";"08A";"5752289";"";"";"48581";"GRADUAÇÃO";"Campus Central";"Auditório A";"2014";"1";"2014-03-03";"2014-04-06";"23456M34 (03/03/2014 - 06/04/2014)";"49";"130";"REGULAR";"f";"2014-06-02 22:24:15.959";"f";"1223512";"44";"CONSOLIDADA";"";"Presencial";
"1220112";"01A";"23841";"";"";"2043951";"GRADUAÇÃO";"Campus Central";"Sala dos embriões";"2014";"1";"2014-01-27";"2014-06-14";"24T34";"11";"28";"REGULAR";"f";"2014-06-18 08:53:09.376";"f";"1220111";"70";"CONSOLIDADA";"";"Presencial";
"1220112";"01A";"2305973";"";"";"2043951";"GRADUAÇÃO";"Campus Central";"Sala dos embriões";"2014";"1";"2014-01-27";"2014-06-14";"24T34";"11";"28";"REGULAR";"f";"2014-06-18 08:53:09.376";"f";"1220111";"70";"CONSOLIDADA";"";"Presencial";
"1220114";"02A";"23841";"";"";"2043951";"GRADUAÇÃO";"Campus Central";"Sala dos embriões";"2014";"1";"2014-01-27";"2014-06-14";"24T34";"6";"28";"REGULAR";"f";"2014-06-18 08:54:16.848";"f";"1220113";"72";"CONSOLIDADA";"";"Presencial";
"1220114";"02A";"2305973";"";"";"2043951";"GRADUAÇÃO";"Campus Central";"Sala dos embriões";"2014";"1";"2014-01-27";"2014-06-14";"24T34";"6";"28";"REGULAR";"f";"2014-06-18 08:54:16.848";"f";"1220113";"72";"CONSOLIDADA";"";"Presencial";
"1220116";"09A";"5755052";"";"";"48581";"GRADUAÇÃO";"Campus Central";"Auditório B";"2014";"1";"2014-03-03";"2014-04-06";"23456M34 (03/03/2014 - 06/04/2014)";"26";"130";"REGULAR";"f";"2014-05-22 18:31:24.701";"f";"1224367";"44";"CONSOLIDADA";"";"Presencial";
"1220117";"01";"26065";"";"";"52384";"GRADUAÇÃO";"Campus Central";"Sala dos epitélios";"2014";"1";"2014-01-27";"2014-06-14";"2N12";"54";"54";"REGULAR";"f";"2014-06-17 22:38:18.891";"f";"";"34";"CONSOLIDADA";"";"Presencial";
"1220119";"03A";"5753081";"";"";"48581";"GRADUAÇÃO";"Campus Central";"Auditório C";"2014";"1";"2014-03-03";"2014-04-06";"23456M34 (03/03/2014 - 06/04/2014)";"20";"132";"REGULAR";"f";"2014-05-19 16:48:10.527";"f";"1220118";"44";"CONSOLIDADA";"";"Presencial";
"1220120";"01";"5755546";"";"";"43006";"GRADUAÇÃO";"Campus Central";"Sala das células";"2014";"1";"2014-01-27";"2014-06-14";"6M234";"38";"55";"REGULAR";"f";"2014-06-16 21:07:24.853";"f";"";"57";"CONSOLIDADA";"";"Presencial";
"1220122";"04A";"5754327";"";"";"48581";"GRADUAÇÃO";"Campus Central";"Auditório A";"2014";"1";"2014-03-03";"2014-04-06";"23456N12 (03/03/2014 - 06/04/2014)";"106";"140";"REGULAR";"f";"2014-06-16 11:51:45.605";"f";"1220121";"44";"CONSOLIDADA";"";"Presencial";
"1220123";"01";"26317";"";"";"25741";"GRADUAÇÃO";"Campus Central";"Sala das células";"2014";"1";"2014-01-27";"2014-06-14";"35T34";"32";"30";"REGULAR";"f";"2014-06-20 18:52:59.343";"f";"";"66";"CONSOLIDADA";"";"Presencial";
"1220123";"01";"5756632";"";"";"25741";"GRADUAÇÃO";"Campus Central";"Sala das células";"2014";"1";"2014-01-27";"2014-06-14";"35T34";"32";"30";"REGULAR";"f";"2014-06-20 18:52:59.343";"f";"";"66";"CONSOLIDADA";"";"Presencial";
"1220125";"05A";"5752172";"";"";"48581";"GRADUAÇÃO";"Campus Central";"Auditório B";"2014";"1";"2014-03-03";"2014-04-06";"23456N12 (03/03/2014 - 06/04/2014)";"45";"145";"REGULAR";"f";"2014-06-07 02:31:30.954";"f";"1220124";"44";"CONSOLIDADA";"";"Presencial";
"1220127";"06A";"5755509";"";"";"48581";"GRADUAÇÃO";"Campus Central";"Auditório F";"2014";"1";"2014-03-03";"2014-04-06";"23456N12 (03/03/2014 - 06/04/2014)";"50";"180";"REGULAR";"f";"2014-06-07 22:36:24.817";"f";"1220126";"44";"CONSOLIDADA";"";"Presencial";
"1220129";"07A";"5754327";"";"";"48581";"GRADUAÇÃO";"Campus Central";"Auditório C";"2014";"1";"2014-03-03";"2014-04-06";"23456T12 (03/03/2014 - 06/04/2014)";"59";"120";"REGULAR";"f";"2014-06-16 11:53:46.98";"f";"1220128";"44";"CONSOLIDADA";"";"Presencial";
"1220130";"14";"5751762";"";"";"45853";"GRADUAÇÃO";"";"CAICÓ/RN";"2014";"1";"2014-01-27";"2014-06-14";"";"30";"";"REGULAR";"t";"2014-06-18 12:39:14.701";"f";"";"0";"CONSOLIDADA";"";"A Distância";
"1220131";"11";"5751762";"";"";"45853";"GRADUAÇÃO";"";"EXTREMOZ/RN";"2014";"1";"2014-01-27";"2014-06-14";"";"4";"";"REGULAR";"t";"2014-06-18 12:37:16.731";"f";"";"0";"CONSOLIDADA";"";"A Distância";
"1220132";"12";"5751762";"";"";"45853";"GRADUAÇÃO";"";"LUÍS GOMES/RN";"2014";"1";"2014-01-27";"2014-06-14";"";"27";"";"REGULAR";"t";"2014-06-18 12:36:25.285";"f";"";"0";"CONSOLIDADA";"";"A Distância";
"1220133";"01";"5751762";"";"";"45853";"GRADUAÇÃO";"";"MACAU/RN";"2014";"1";"2014-01-27";"2014-06-14";"";"39";"";"REGULAR";"t";"2014-06-18 12:33:17.41";"f";"";"0";"CONSOLIDADA";"";"A Distância";
"1220134";"16";"5751762";"";"";"45853";"GRADUAÇÃO";"";"MARCELINO VIEIRA/RN";"2014";"1";"2014-01-27";"2014-06-14";"";"33";"";"REGULAR";"t";"2014-06-18 12:40:07.837";"f";"";"0";"CONSOLIDADA";"";"A Distância";
"1220135";"13";"5751762";"";"";"45853";"GRADUAÇÃO";"";"MARTINS/RN";"2014";"1";"2014-01-27";"2014-06-14";"";"37";"";"REGULAR";"t";"2014-06-18 12:38:11.149";"f";"";"0";"CONSOLIDADA";"";"A Distância";
"1220136";"03";"5751762";"";"";"45853";"GRADUAÇÃO";"";"NOVA CRUZ/RN";"2014";"1";"2014-01-27";"2014-06-14";"";"34";"";"REGULAR";"t";"2014-06-18 12:35:12.074";"f";"";"0";"CONSOLIDADA";"";"A Distância";
"1220138";"01A";"5753045";"";"";"48582";"GRADUAÇÃO";"Campus Central";"Auditório A";"2014";"1";"2014-04-07";"2014-06-14";"23456M34 (07/04/2014 - 14/06/2014)";"64";"110";"REGULAR";"f";"2014-06-13 12:00:42.471";"f";"1220137";"90";"CONSOLIDADA";"";"Presencial";
"1220140";"02A";"5753081";"";"";"48582";"GRADUAÇÃO";"Campus Central";"Auditório B";"2014";"1";"2014-04-07";"2014-06-14";"23456M34 (07/04/2014 - 14/06/2014)";"28";"110";"REGULAR";"f";"2014-06-11 14:05:14.362";"f";"1220139";"88";"CONSOLIDADA";"";"Presencial";
"1220142";"03A";"5755568";"";"";"48582";"GRADUAÇÃO";"Campus Central";"Auditório C";"2014";"1";"2014-04-07";"2014-06-14";"23456M34 (07/04/2014 - 14/06/2014)";"78";"140";"REGULAR";"f";"2014-06-11 17:53:36.493";"f";"1220141";"88";"CONSOLIDADA";"";"Presencial";
"1220144";"04A";"5752287";"";"";"48582";"GRADUAÇÃO";"Campus Central";"Auditório A";"2014";"1";"2014-04-07";"2014-06-14";"23456N12 (07/04/2014 - 14/06/2014)";"143";"140";"REGULAR";"f";"2014-06-19 23:32:59.361";"f";"1220143";"92";"CONSOLIDADA";"";"Presencial";
"1220146";"05A";"5755509";"";"";"48582";"GRADUAÇÃO";"Campus Central";"Auditório B";"2014";"1";"2014-04-07";"2014-06-14";"23456N12 (07/04/2014 - 14/06/2014)";"97";"145";"REGULAR";"f";"2014-06-13 22:24:43.841";"f";"1220145";"92";"CONSOLIDADA";"";"Presencial";
"1220148";"06A";"5756031";"";"";"48582";"GRADUAÇÃO";"Campus Central";"Auditório F";"2014";"1";"2014-04-07";"2014-06-14";"23456N12 (07/04/2014 - 14/06/2014)";"87";"180";"REGULAR";"f";"2014-06-14 00:11:26.973";"f";"1220147";"92";"CONSOLIDADA";"";"Presencial";
"1220150";"07A";"5753045";"";"";"48582";"GRADUAÇÃO";"Campus Central";"Auditório C";"2014";"1";"2014-04-07";"2014-06-14";"23456T12 (07/04/2014 - 14/06/2014)";"92";"140";"REGULAR";"f";"2014-06-20 00:11:57.145";"f";"1220149";"90";"CONSOLIDADA";"";"Presencial";
"1220150";"07A";"5752287";"";"";"48582";"GRADUAÇÃO";"Campus Central";"Auditório C";"2014";"1";"2014-04-07";"2014-06-14";"23456T12 (07/04/2014 - 14/06/2014)";"92";"140";"REGULAR";"f";"2014-06-20 00:11:57.145";"f";"1220149";"90";"CONSOLIDADA";"";"Presencial";
"1220152";"08A";"26592";"";"";"48582";"GRADUAÇÃO";"Campus Central";"Auditório D";"2014";"1";"2014-04-07";"2014-06-14";"23456T56 (07/04/2014 - 14/06/2014)";"150";"140";"REGULAR";"f";"2014-06-14 15:03:55.009";"f";"1220151";"88";"CONSOLIDADA";"";"Presencial";
"1220153";"14";"5753547";"";"";"46629";"GRADUAÇÃO";"";"CAICÓ/RN";"2014";"1";"2014-01-27";"2014-06-14";"";"";"";"REGULAR";"t";"2014-06-17 21:18:39.87";"f";"";"0";"CONSOLIDADA";"";"A Distância";
"1220154";"11";"5753547";"";"";"46629";"GRADUAÇÃO";"";"EXTREMOZ/RN";"2014";"1";"2014-01-27";"2014-06-14";"";"3";"";"REGULAR";"t";"2014-06-17 21:07:35.352";"f";"";"0";"CONSOLIDADA";"";"A Distância";
"1220155";"12";"5753547";"";"";"46629";"GRADUAÇÃO";"";"LUÍS GOMES/RN";"2014";"1";"2014-01-27";"2014-06-14";"";"";"";"REGULAR";"t";"";"f";"";"";"EXCLUÍDA";"";"A Distância";
"1220156";"01";"5753547";"";"";"46629";"GRADUAÇÃO";"";"MACAU/RN";"2014";"1";"2014-01-27";"2014-06-14";"";"1";"";"REGULAR";"t";"2014-06-20 09:13:56.982";"f";"";"0";"CONSOLIDADA";"";"A Distância";
"1220157";"16";"5753547";"";"";"46629";"GRADUAÇÃO";"";"MARCELINO VIEIRA/RN";"2014";"1";"2014-01-27";"2014-06-14";"";"";"";"REGULAR";"t";"";"f";"";"";"EXCLUÍDA";"";"A Distância";
"1220158";"13";"5753547";"";"";"46629";"GRADUAÇÃO";"";"MARTINS/RN";"2014";"1";"2014-01-27";"2014-06-14";"";"";"";"REGULAR";"t";"";"f";"";"";"EXCLUÍDA";"";"A Distância";
"1220159";"03";"5753547";"";"";"46629";"GRADUAÇÃO";"";"NOVA CRUZ/RN";"2014";"1";"2014-01-27";"2014-06-14";"";"";"";"REGULAR";"t";"";"f";"";"";"EXCLUÍDA";"";"A Distância";
"1220160";"01";"5755994";"";"";"2048450";"GRADUAÇÃO";"Campus Caicó";"SALA B2";"2014";"1";"2014-01-27";"2014-06-14";"4M1234";"27";"60";"REGULAR";"f";"2014-06-14 21:49:16.177";"f";"";"72";"CONSOLIDADA";"";"Presencial";
"1220162";"09A";"5756620";"";"";"48582";"GRADUAÇÃO";"Campus Central";"Auditório F";"2014";"1";"2014-04-07";"2014-06-14";"23456M34 (07/04/2014 - 14/06/2014)";"18";"110";"REGULAR";"f";"2014-06-21 09:25:17.885";"f";"1220161";"92";"CONSOLIDADA";"";"Presencial";
"1220163";"01";"18187";"";"";"22452";"GRADUAÇÃO";"Campus Central";"4E5";"2014";"1";"2014-01-27";"2014-06-14";"35T56";"7";"20";"REGULAR";"f";"2014-06-21 08:39:33.346";"f";"";"66";"CONSOLIDADA";"";"Presencial";
"1220165";"01A";"5756627";"";"";"2051001";"GRADUAÇÃO";"Campus Central";"Auditório A";"2014";"1";"2014-01-27";"2014-06-14";"35M56  2T34 (27/01/2014 - 14/06/2014)";"36";"36";"REGULAR";"f";"2014-06-19 22:08:25.129";"f";"1220164";"98";"CONSOLIDADA";"";"Presencial";
"1220165";"01A";"5753034";"";"";"2051001";"GRADUAÇÃO";"Campus Central";"Auditório A";"2014";"1";"2014-01-27";"2014-06-14";"35M56  2T34 (27/01/2014 - 14/06/2014)";"36";"36";"REGULAR";"f";"2014-06-19 22:08:25.129";"f";"1220164";"98";"CONSOLIDADA";"";"Presencial";
"1220166";"01B";"5756627";"";"";"2051001";"GRADUAÇÃO";"Campus Central";"Auditório A";"2014";"1";"2014-01-27";"2014-06-14";"35M56  2T56 (27/01/2014 - 14/06/2014)";"20";"36";"REGULAR";"f";"2014-06-19 22:08:23.023";"f";"1220164";"98";"CONSOLIDADA";"";"Presencial";
"1220166";"01B";"5753034";"";"";"2051001";"GRADUAÇÃO";"Campus Central";"Auditório A";"2014";"1";"2014-01-27";"2014-06-14";"35M56  2T56 (27/01/2014 - 14/06/2014)";"20";"36";"REGULAR";"f";"2014-06-19 22:08:23.023";"f";"1220164";"98";"CONSOLIDADA";"";"Presencial";
"1220167";"14";"5753660";"";"";"45864";"GRADUAÇÃO";"";"CAICÓ/RN";"2014";"1";"2014-01-27";"2014-06-14";"";"1";"";"REGULAR";"t";"2014-06-19 15:23:23.193";"f";"";"0";"CONSOLIDADA";"";"A Distância";
"1220168";"11";"5753660";"";"";"45864";"GRADUAÇÃO";"";"EXTREMOZ/RN";"2014";"1";"2014-01-27";"2014-06-14";"";"4";"";"REGULAR";"t";"2014-06-05 22:16:11.364";"f";"";"0";"CONSOLIDADA";"";"A Distância";
"1220169";"01";"5753660";"";"";"45864";"GRADUAÇÃO";"";"MACAU/RN";"2014";"1";"2014-01-27";"2014-06-14";"";"8";"";"REGULAR";"t";"2014-06-19 15:21:09.022";"f";"";"0";"CONSOLIDADA";"";"A Distância";
"1220170";"03";"5753660";"";"";"45864";"GRADUAÇÃO";"";"NOVA CRUZ/RN";"2014";"1";"2014-01-27";"2014-06-14";"";"8";"";"REGULAR";"t";"2014-06-19 15:22:27.604";"f";"";"0";"CONSOLIDADA";"";"A Distância";
"1220171";"01C";"5753034";"";"";"2051001";"GRADUAÇÃO";"Campus Central";"Auditório A";"2014";"1";"2014-01-27";"2014-06-14";"35M56  4T12 (27/01/2014 - 14/06/2014)";"35";"36";"REGULAR";"f";"2014-06-19 22:08:22.057";"f";"1220164";"98";"CONSOLIDADA";"";"Presencial";
"1220171";"01C";"5755958";"";"";"2051001";"GRADUAÇÃO";"Campus Central";"Auditório A";"2014";"1";"2014-01-27";"2014-06-14";"35M56  4T12 (27/01/2014 - 14/06/2014)";"35";"36";"REGULAR";"f";"2014-06-19 22:08:22.057";"f";"1220164";"98";"CONSOLIDADA";"";"Presencial";
"1220172";"01";"5756290";"";"";"48180";"GRADUAÇÃO";"Campus Caicó";"B2";"2014";"1";"2014-01-27";"2014-06-14";"2N1234";"8";"65";"REGULAR";"f";"2014-06-19 09:39:14.228";"f";"";"72";"CONSOLIDADA";"";"Presencial";
"1220173";"01D";"5753034";"";"";"2051001";"GRADUAÇÃO";"Campus Central";"Auditório A";"2014";"1";"2014-01-27";"2014-06-14";"35M56  6T56 (27/01/2014 - 14/06/2014)";"11";"36";"REGULAR";"f";"2014-06-19 22:08:24.076";"f";"1220164";"98";"CONSOLIDADA";"";"Presencial";
"1220173";"01D";"5755958";"";"";"2051001";"GRADUAÇÃO";"Campus Central";"Auditório A";"2014";"1";"2014-01-27";"2014-06-14";"35M56  6T56 (27/01/2014 - 14/06/2014)";"11";"36";"REGULAR";"f";"2014-06-19 22:08:24.076";"f";"1220164";"98";"CONSOLIDADA";"";"Presencial";
"1220174";"01";"5756392";"";"";"2034509";"GRADUAÇÃO";"Campus Caicó";"B2";"2014";"1";"2014-01-27";"2014-06-14";"3N1234";"2";"70";"REGULAR";"f";"2014-06-14 07:26:38.783";"f";"";"76";"CONSOLIDADA";"";"Presencial";
"1220176";"02A";"5753317";"";"";"2051001";"GRADUAÇÃO";"Campus Central";"Auditório B";"2014";"1";"2014-01-27";"2014-06-14";"35M56  2T12 (27/01/2014 - 14/06/2014)";"48";"36";"REGULAR";"f";"2014-06-14 11:37:00.173";"f";"1220175";"112";"CONSOLIDADA";"";"Presencial";
"1220176";"02A";"5756090";"";"";"2051001";"GRADUAÇÃO";"Campus Central";"Auditório B";"2014";"1";"2014-01-27";"2014-06-14";"35M56  2T12 (27/01/2014 - 14/06/2014)";"48";"36";"REGULAR";"f";"2014-06-14 11:37:00.173";"f";"1220175";"112";"CONSOLIDADA";"";"Presencial";
"1220177";"02B";"5756090";"";"";"2051001";"GRADUAÇÃO";"Campus Central";"Auditório B";"2014";"1";"2014-01-27";"2014-06-14";"35M56  2T34 (27/01/2014 - 14/06/2014)";"32";"36";"REGULAR";"f";"2014-06-14 11:37:01.079";"f";"1220175";"112";"CONSOLIDADA";"";"Presencial";
"1220177";"02B";"5753317";"";"";"2051001";"GRADUAÇÃO";"Campus Central";"Auditório B";"2014";"1";"2014-01-27";"2014-06-14";"35M56  2T34 (27/01/2014 - 14/06/2014)";"32";"36";"REGULAR";"f";"2014-06-14 11:37:01.079";"f";"1220175";"112";"CONSOLIDADA";"";"Presencial";
"1220178";"01";"5753688";"";"";"43164";"GRADUAÇÃO";"Campus Caicó";"B2";"2014";"1";"2014-01-27";"2014-06-14";"4N1234";"5";"65";"REGULAR";"f";"2014-06-20 12:01:25.092";"f";"";"72";"CONSOLIDADA";"";"Presencial";
"1220179";"01";"5753560";"";"";"22482";"GRADUAÇÃO";"Campus Central";"4I2";"2014";"1";"2014-01-27";"2014-06-14";"5T1234";"16";"16";"REGULAR";"f";"2014-06-18 07:59:22.817";"f";"";"72";"CONSOLIDADA";"";"Presencial";
"1220180";"01";"5756052";"";"";"2038552";"GRADUAÇÃO";"Campus Caicó";"B2";"2014";"1";"2014-01-27";"2014-06-14";"5N1234";"6";"65";"REGULAR";"f";"2014-06-13 13:45:59.656";"f";"";"72";"CONSOLIDADA";"";"Presencial";
"1220181";"14";"5753688";"";"";"45852";"GRADUAÇÃO";"";"CAICÓ/RN";"2014";"1";"2014-01-27";"2014-06-14";"";"28";"";"REGULAR";"t";"2014-06-20 12:48:53.085";"f";"";"0";"CONSOLIDADA";"";"A Distância";
"1220182";"11";"5753688";"";"";"45852";"GRADUAÇÃO";"";"EXTREMOZ/RN";"2014";"1";"2014-01-27";"2014-06-14";"";"4";"";"REGULAR";"t";"2014-06-20 12:32:52.058";"f";"";"0";"CONSOLIDADA";"";"A Distância";
"1220183";"12";"5753688";"";"";"45852";"GRADUAÇÃO";"";"LUÍS GOMES/RN";"2014";"1";"2014-01-27";"2014-06-14";"";"25";"";"REGULAR";"t";"2014-06-20 12:39:55.488";"f";"";"0";"CONSOLIDADA";"";"A Distância";
"1220184";"01";"5753688";"";"";"45852";"GRADUAÇÃO";"";"MACAU/RN";"2014";"1";"2014-01-27";"2014-06-14";"";"39";"";"REGULAR";"t";"2014-06-20 12:35:24.997";"f";"";"0";"CONSOLIDADA";"";"A Distância";
"1220185";"16";"5753688";"";"";"45852";"GRADUAÇÃO";"";"MARCELINO VIEIRA/RN";"2014";"1";"2014-01-27";"2014-06-14";"";"30";"";"REGULAR";"t";"2014-06-20 12:43:49.231";"f";"";"0";"CONSOLIDADA";"";"A Distância";
"1220186";"13";"5753688";"";"";"45852";"GRADUAÇÃO";"";"MARTINS/RN";"2014";"1";"2014-01-27";"2014-06-14";"";"35";"";"REGULAR";"t";"2014-06-20 12:41:24.879";"f";"";"0";"CONSOLIDADA";"";"A Distância";
"1220187";"03";"5753688";"";"";"45852";"GRADUAÇÃO";"";"NOVA CRUZ/RN";"2014";"1";"2014-01-27";"2014-06-14";"";"30";"";"REGULAR";"t";"2014-06-20 12:37:35.053";"f";"";"0";"CONSOLIDADA";"";"A Distância";
"1220188";"02C";"5756090";"";"";"2051001";"GRADUAÇÃO";"Campus Central";"Auditório B";"2014";"1";"2014-01-27";"2014-06-14";"35M56  4T12 (27/01/2014 - 14/06/2014)";"66";"39";"REGULAR";"f";"2014-06-14 11:36:58.05";"f";"1220175";"112";"CONSOLIDADA";"";"Presencial";
"1220188";"02C";"5753317";"";"";"2051001";"GRADUAÇÃO";"Campus Central";"Auditório B";"2014";"1";"2014-01-27";"2014-06-14";"35M56  4T12 (27/01/2014 - 14/06/2014)";"66";"39";"REGULAR";"f";"2014-06-14 11:36:58.05";"f";"1220175";"112";"CONSOLIDADA";"";"Presencial";
"1220189";"01";"5756320";"";"";"48179";"GRADUAÇÃO";"Campus Caicó";"B2";"2014";"1";"2014-01-27";"2014-06-14";"6N123";"5";"65";"REGULAR";"f";"2014-06-08 18:13:21.376";"f";"";"51";"CONSOLIDADA";"";"Presencial";
"1220190";"02D";"5753317";"";"";"2051001";"GRADUAÇÃO";"Campus Central";"Auditório B";"2014";"1";"2014-01-27";"2014-06-14";"35M56  4T34 (27/01/2014 - 14/06/2014)";"49";"36";"REGULAR";"f";"2014-06-14 11:37:02.14";"f";"1220175";"112";"CONSOLIDADA";"";"Presencial";
"1220190";"02D";"5756090";"";"";"2051001";"GRADUAÇÃO";"Campus Central";"Auditório B";"2014";"1";"2014-01-27";"2014-06-14";"35M56  4T34 (27/01/2014 - 14/06/2014)";"49";"36";"REGULAR";"f";"2014-06-14 11:37:02.14";"f";"1220175";"112";"CONSOLIDADA";"";"Presencial";
"1220191";"01";"5756290";"";"";"48183";"GRADUAÇÃO";"Campus Caicó";"B3";"2014";"1";"2014-01-27";"2014-06-14";"3N123";"33";"60";"REGULAR";"f";"2014-06-14 19:03:33.516";"f";"";"57";"CONSOLIDADA";"";"Presencial";
"1220192";"01";"5755600";"";"";"48185";"GRADUAÇÃO";"Campus Caicó";"B3";"2014";"1";"2014-01-27";"2014-06-14";"4N1234";"24";"60";"REGULAR";"f";"2014-06-08 13:06:48.991";"f";"";"72";"CONSOLIDADA";"";"Presencial";
"1220194";"03A";"5755443";"";"";"2051001";"GRADUAÇÃO";"Campus Central";"Auditório C";"2014";"1";"2014-01-27";"2014-06-14";"6T34  35N34 (27/01/2014 - 14/06/2014)";"46";"35";"REGULAR";"f";"2014-06-13 20:56:58.335";"f";"1220193";"100";"CONSOLIDADA";"";"Presencial";
"1220194";"03A";"5755513";"";"";"2051001";"GRADUAÇÃO";"Campus Central";"Auditório C";"2014";"1";"2014-01-27";"2014-06-14";"6T34  35N34 (27/01/2014 - 14/06/2014)";"46";"35";"REGULAR";"f";"2014-06-13 20:56:58.335";"f";"1220193";"100";"CONSOLIDADA";"";"Presencial";
"1220195";"01";"5755798";"";"";"48184";"GRADUAÇÃO";"Campus Caicó";"B3";"2014";"1";"2014-01-27";"2014-06-14";"5N1234";"27";"60";"REGULAR";"f";"2014-06-15 16:42:54.488";"f";"";"68";"CONSOLIDADA";"";"Presencial";
"1220196";"03B";"5755513";"";"";"2051001";"GRADUAÇÃO";"Campus Central";"Auditório C";"2014";"1";"2014-01-27";"2014-06-14";"6T56  35N34 (27/01/2014 - 14/06/2014)";"51";"35";"REGULAR";"f";"2014-06-13 20:56:55.083";"f";"1220193";"100";"CONSOLIDADA";"";"Presencial";
"1220196";"03B";"5755443";"";"";"2051001";"GRADUAÇÃO";"Campus Central";"Auditório C";"2014";"1";"2014-01-27";"2014-06-14";"6T56  35N34 (27/01/2014 - 14/06/2014)";"51";"35";"REGULAR";"f";"2014-06-13 20:56:55.083";"f";"1220193";"100";"CONSOLIDADA";"";"Presencial";
"1220197";"14";"5754334";"";"";"45866";"GRADUAÇÃO";"";"CAICÓ/RN";"2014";"1";"2014-01-27";"2014-06-14";"";"";"";"REGULAR";"t";"";"f";"";"";"EXCLUÍDA";"";"A Distância";
"1220198";"11";"5754334";"";"";"45866";"GRADUAÇÃO";"";"EXTREMOZ/RN";"2014";"1";"2014-01-27";"2014-06-14";"";"2";"";"REGULAR";"t";"2014-06-11 11:31:44.348";"f";"";"0";"CONSOLIDADA";"";"A Distância";
"1220199";"01";"5754334";"";"";"45866";"GRADUAÇÃO";"";"MACAU/RN";"2014";"1";"2014-01-27";"2014-06-14";"";"1";"";"REGULAR";"t";"2014-06-05 11:33:12.552";"f";"";"0";"CONSOLIDADA";"";"A Distância";
"1220200";"16";"5754334";"";"";"45866";"GRADUAÇÃO";"";"MARCELINO VIEIRA/RN";"2014";"1";"2014-01-27";"2014-06-14";"";"5";"";"REGULAR";"t";"2014-06-11 11:30:21.706";"f";"";"0";"CONSOLIDADA";"";"A Distância";
"1220201";"03";"5754334";"";"";"45866";"GRADUAÇÃO";"";"NOVA CRUZ/RN";"2014";"1";"2014-01-27";"2014-06-14";"";"8";"";"REGULAR";"t";"2014-06-05 11:36:34.835";"f";"";"0";"CONSOLIDADA";"";"A Distância";
"1220202";"01";"5755465";"";"";"21648";"GRADUAÇÃO";"Campus Caicó";"B3";"2014";"1";"2014-01-27";"2014-06-14";"6N1234";"28";"60";"REGULAR";"f";"2014-06-10 13:23:28.846";"f";"";"68";"CONSOLIDADA";"";"Presencial";
"1220203";"03C";"5755443";"";"";"2051001";"GRADUAÇÃO";"Campus Central";"Auditório C";"2014";"1";"2014-01-27";"2014-06-14";"7M34  35N34 (27/01/2014 - 14/06/2014)";"36";"35";"REGULAR";"f";"2014-06-13 20:56:55.956";"f";"1220193";"100";"CONSOLIDADA";"";"Presencial";
"1220203";"03C";"5755513";"";"";"2051001";"GRADUAÇÃO";"Campus Central";"Auditório C";"2014";"1";"2014-01-27";"2014-06-14";"7M34  35N34 (27/01/2014 - 14/06/2014)";"36";"35";"REGULAR";"f";"2014-06-13 20:56:55.956";"f";"1220193";"100";"CONSOLIDADA";"";"Presencial";
"1220204";"01";"5753688";"";"";"43158";"GRADUAÇÃO";"Campus Caicó";"B4";"2014";"1";"2014-01-27";"2014-06-14";"5M1234";"33";"60";"REGULAR";"f";"2014-06-20 11:52:40.573";"f";"";"80";"CONSOLIDADA";"";"Presencial";
"1220205";"03D";"5755513";"";"";"2051001";"GRADUAÇÃO";"Campus Central";"Auditório C";"2014";"1";"2014-01-27";"2014-06-14";"7M56  35N34 (27/01/2014 - 14/06/2014)";"38";"35";"REGULAR";"f";"2014-06-13 20:56:57.071";"f";"1220193";"100";"CONSOLIDADA";"";"Presencial";
"1220205";"03D";"5755443";"";"";"2051001";"GRADUAÇÃO";"Campus Central";"Auditório C";"2014";"1";"2014-01-27";"2014-06-14";"7M56  35N34 (27/01/2014 - 14/06/2014)";"38";"35";"REGULAR";"f";"2014-06-13 20:56:57.071";"f";"1220193";"100";"CONSOLIDADA";"";"Presencial";
"1220207";"04A";"5755513";"";"";"2051001";"GRADUAÇÃO";"Campus Central";"Auditório D";"2014";"1";"2014-01-27";"2014-06-14";"5T34  35N34 (27/01/2014 - 14/06/2014)";"52";"35";"REGULAR";"f";"2014-06-13 12:39:50.289";"f";"1220206";"100";"CONSOLIDADA";"";"Presencial";
"1220207";"04A";"5755443";"";"";"2051001";"GRADUAÇÃO";"Campus Central";"Auditório D";"2014";"1";"2014-01-27";"2014-06-14";"5T34  35N34 (27/01/2014 - 14/06/2014)";"52";"35";"REGULAR";"f";"2014-06-13 12:39:50.289";"f";"1220206";"100";"CONSOLIDADA";"";"Presencial";
"1220208";"02";"5755600";"";"";"43158";"GRADUAÇÃO";"Campus Caicó";"B4";"2014";"1";"2014-01-27";"2014-06-14";"5N1234";"";"60";"REGULAR";"f";"";"f";"";"";"EXCLUÍDA";"";"Presencial";
"1220209";"04B";"5755443";"";"";"2051001";"GRADUAÇÃO";"Campus Central";"Auditório D";"2014";"1";"2014-01-27";"2014-06-14";"5T56  35N34 (27/01/2014 - 14/06/2014)";"46";"35";"REGULAR";"f";"2014-06-13 12:39:51.472";"f";"1220206";"100";"CONSOLIDADA";"";"Presencial";
"1220209";"04B";"5755513";"";"";"2051001";"GRADUAÇÃO";"Campus Central";"Auditório D";"2014";"1";"2014-01-27";"2014-06-14";"5T56  35N34 (27/01/2014 - 14/06/2014)";"46";"35";"REGULAR";"f";"2014-06-13 12:39:51.472";"f";"1220206";"100";"CONSOLIDADA";"";"Presencial";
"1220210";"04C";"5755443";"";"";"2051001";"GRADUAÇÃO";"Campus Central";"Auditório D";"2014";"1";"2014-01-27";"2014-06-14";"7M34  35N34 (27/01/2014 - 14/06/2014)";"41";"35";"REGULAR";"f";"2014-06-13 12:39:52.484";"f";"1220206";"100";"CONSOLIDADA";"";"Presencial";
"1220210";"04C";"5755513";"";"";"2051001";"GRADUAÇÃO";"Campus Central";"Auditório D";"2014";"1";"2014-01-27";"2014-06-14";"7M34  35N34 (27/01/2014 - 14/06/2014)";"41";"35";"REGULAR";"f";"2014-06-13 12:39:52.484";"f";"1220206";"100";"CONSOLIDADA";"";"Presencial";
"1220211";"04D";"5755513";"";"";"2051001";"GRADUAÇÃO";"Campus Central";"Auditório D";"2014";"1";"2014-01-27";"2014-06-14";"7M56  35N34 (27/01/2014 - 14/06/2014)";"36";"35";"REGULAR";"f";"2014-06-13 12:39:49.263";"f";"1220206";"100";"CONSOLIDADA";"";"Presencial";
"1220211";"04D";"5755443";"";"";"2051001";"GRADUAÇÃO";"Campus Central";"Auditório D";"2014";"1";"2014-01-27";"2014-06-14";"7M56  35N34 (27/01/2014 - 14/06/2014)";"36";"35";"REGULAR";"f";"2014-06-13 12:39:49.263";"f";"1220206";"100";"CONSOLIDADA";"";"Presencial";
"1220212";"01";"5755600";"";"";"48191";"GRADUAÇÃO";"Campus Caicó";"B4";"2014";"1";"2014-01-27";"2014-06-14";"6N1234";"49";"60";"REGULAR";"f";"2014-06-10 09:49:05.861";"f";"";"72";"CONSOLIDADA";"";"Presencial";
"1220214";"05A";"5755443";"";"";"2051001";"GRADUAÇÃO";"Campus Central";"Auditório E";"2014";"1";"2014-01-27";"2014-06-14";"3M34  35T56 (27/01/2014 - 14/06/2014)";"23";"35";"REGULAR";"f";"2014-06-22 00:54:05.773";"f";"1220213";"112";"CONSOLIDADA";"";"Presencial";
"1220214";"05A";"5754369";"";"";"2051001";"GRADUAÇÃO";"Campus Central";"Auditório E";"2014";"1";"2014-01-27";"2014-06-14";"3M34  35T56 (27/01/2014 - 14/06/2014)";"23";"35";"REGULAR";"f";"2014-06-22 00:54:05.773";"f";"1220213";"112";"CONSOLIDADA";"";"Presencial";
"1220214";"05A";"5756627";"";"";"2051001";"GRADUAÇÃO";"Campus Central";"Auditório E";"2014";"1";"2014-01-27";"2014-06-14";"3M34  35T56 (27/01/2014 - 14/06/2014)";"23";"35";"REGULAR";"f";"2014-06-22 00:54:05.773";"f";"1220213";"112";"CONSOLIDADA";"";"Presencial";
"1220215";"01";"5756333";"";"";"2038561";"GRADUAÇÃO";"Campus Caicó";"Aranhão";"2014";"1";"2014-01-27";"2014-06-14";"4N1234";"39";"50";"REGULAR";"f";"2014-06-18 07:47:04.317";"f";"";"72";"CONSOLIDADA";"";"Presencial";
"1220216";"05B";"5755443";"";"";"2051001";"GRADUAÇÃO";"Campus Central";"Auditório E";"2014";"1";"2014-01-27";"2014-06-14";"3M56  35T56 (27/01/2014 - 14/06/2014)";"48";"36";"REGULAR";"f";"2014-06-22 00:54:03.906";"f";"1220213";"112";"CONSOLIDADA";"";"Presencial";
"1220216";"05B";"5756627";"";"";"2051001";"GRADUAÇÃO";"Campus Central";"Auditório E";"2014";"1";"2014-01-27";"2014-06-14";"3M56  35T56 (27/01/2014 - 14/06/2014)";"48";"36";"REGULAR";"f";"2014-06-22 00:54:03.906";"f";"1220213";"112";"CONSOLIDADA";"";"Presencial";
"1220216";"05B";"5754369";"";"";"2051001";"GRADUAÇÃO";"Campus Central";"Auditório E";"2014";"1";"2014-01-27";"2014-06-14";"3M56  35T56 (27/01/2014 - 14/06/2014)";"48";"36";"REGULAR";"f";"2014-06-22 00:54:03.906";"f";"1220213";"112";"CONSOLIDADA";"";"Presencial";
"1220217";"05C";"5754369";"";"";"2051001";"GRADUAÇÃO";"Campus Central";"Auditório E";"2014";"1";"2014-01-27";"2014-06-14";"4M34  35T56 (27/01/2014 - 14/06/2014)";"16";"35";"REGULAR";"f";"2014-06-22 00:54:04.809";"f";"1220213";"112";"CONSOLIDADA";"";"Presencial";
"1220217";"05C";"5755443";"";"";"2051001";"GRADUAÇÃO";"Campus Central";"Auditório E";"2014";"1";"2014-01-27";"2014-06-14";"4M34  35T56 (27/01/2014 - 14/06/2014)";"16";"35";"REGULAR";"f";"2014-06-22 00:54:04.809";"f";"1220213";"112";"CONSOLIDADA";"";"Presencial";
"1220218";"01";"22142";"";"";"2038562";"GRADUAÇÃO";"Campus Caicó";"Aranhão";"2014";"1";"2014-01-27";"2014-06-14";"3N1234";"28";"60";"REGULAR";"f";"2014-06-10 09:19:51.712";"f";"";"72";"CONSOLIDADA";"";"Presencial";
"1220219";"14";"5753660";"";"";"45858";"GRADUAÇÃO";"";"CAICÓ/RN";"2014";"1";"2014-01-27";"2014-06-14";"";"3";"";"REGULAR";"t";"2014-06-19 15:26:48.976";"f";"";"0";"CONSOLIDADA";"";"A Distância";
"1220220";"11";"5753660";"";"";"45858";"GRADUAÇÃO";"";"EXTREMOZ/RN";"2014";"1";"2014-01-27";"2014-06-14";"";"3";"";"REGULAR";"t";"2014-06-05 22:30:29.009";"f";"";"0";"CONSOLIDADA";"";"A Distância";
"1220221";"01";"5753660";"";"";"45858";"GRADUAÇÃO";"";"MACAU/RN";"2014";"1";"2014-01-27";"2014-06-14";"";"4";"";"REGULAR";"t";"2014-06-05 22:28:59.402";"f";"";"0";"CONSOLIDADA";"";"A Distância";
"1220222";"16";"5753660";"";"";"45858";"GRADUAÇÃO";"";"MARCELINO VIEIRA/RN";"2014";"1";"2014-01-27";"2014-06-14";"";"1";"";"REGULAR";"t";"2014-06-05 22:32:59.961";"f";"";"0";"CONSOLIDADA";"";"A Distância";
"1220223";"13";"5753660";"";"";"45858";"GRADUAÇÃO";"";"MARTINS/RN";"2014";"1";"2014-01-27";"2014-06-14";"";"1";"";"REGULAR";"t";"2014-06-05 22:31:15.587";"f";"";"0";"CONSOLIDADA";"";"A Distância";
"1220224";"03";"5753660";"";"";"45858";"GRADUAÇÃO";"";"NOVA CRUZ/RN";"2014";"1";"2014-01-27";"2014-06-14";"";"4";"";"REGULAR";"t";"2014-06-19 15:25:29.169";"f";"";"0";"CONSOLIDADA";"";"A Distância";
"1220225";"05D";"5754369";"";"";"2051001";"GRADUAÇÃO";"Campus Central";"Auditório E";"2014";"1";"2014-01-27";"2014-06-14";"4M56  35T56 (27/01/2014 - 14/06/2014)";"35";"35";"REGULAR";"f";"2014-06-22 00:54:02.95";"f";"1220213";"112";"CONSOLIDADA";"";"Presencial";
"1220225";"05D";"5755443";"";"";"2051001";"GRADUAÇÃO";"Campus Central";"Auditório E";"2014";"1";"2014-01-27";"2014-06-14";"4M56  35T56 (27/01/2014 - 14/06/2014)";"35";"35";"REGULAR";"f";"2014-06-22 00:54:02.95";"f";"1220213";"112";"CONSOLIDADA";"";"Presencial";
"1220226";"01";"5756333";"";"";"43160";"GRADUAÇÃO";"Campus Caicó";"A6";"2014";"1";"2014-01-27";"2014-06-14";"4T2345";"16";"60";"REGULAR";"f";"2014-06-06 10:01:42.791";"f";"";"80";"CONSOLIDADA";"";"Presencial";
"1220227";"01";"5756299";"";"";"54993";"GRADUAÇÃO";"Campus Santa Cruz";"Bloco I - Sala 3";"2014";"1";"2014-01-28";"2014-05-29";"3M12 5M456 (28/01/2014 - 29/05/2014)";"41";"42";"REGULAR";"f";"2014-06-13 12:44:00.019";"f";"";"84";"CONSOLIDADA";"";"Presencial";
"1220227";"01";"5753029";"";"";"54993";"GRADUAÇÃO";"Campus Santa Cruz";"Bloco I - Sala 3";"2014";"1";"2014-01-28";"2014-05-29";"3M12 5M456 (28/01/2014 - 29/05/2014)";"41";"42";"REGULAR";"f";"2014-06-13 12:44:00.019";"f";"";"84";"CONSOLIDADA";"";"Presencial";
"1220227";"01";"5756046";"";"";"54993";"GRADUAÇÃO";"Campus Santa Cruz";"Bloco I - Sala 3";"2014";"1";"2014-01-28";"2014-05-29";"3M12 5M456 (28/01/2014 - 29/05/2014)";"41";"42";"REGULAR";"f";"2014-06-13 12:44:00.019";"f";"";"84";"CONSOLIDADA";"";"Presencial";
"1220228";"01";"5752962";"";"";"2051002";"GRADUAÇÃO";"Campus Central";"Auditório A";"2014";"1";"2014-01-27";"2014-06-14";"4M56 (27/01/2014 - 14/06/2014)";"26";"120";"REGULAR";"f";"2014-06-09 08:56:19.046";"f";"";"34";"CONSOLIDADA";"";"Presencial";
"1220229";"02";"5753651";"";"";"2051002";"GRADUAÇÃO";"Campus Central";"Auditório B";"2014";"1";"2014-01-27";"2014-06-14";"4M56 (27/01/2014 - 14/06/2014)";"21";"120";"REGULAR";"f";"2014-06-09 15:23:13.031";"f";"";"38";"CONSOLIDADA";"";"Presencial";
"1220230";"03";"5756439";"";"";"2051002";"GRADUAÇÃO";"Campus Central";"Auditório C";"2014";"1";"2014-01-27";"2014-06-14";"4M56 (27/01/2014 - 14/06/2014)";"12";"120";"REGULAR";"f";"2014-06-08 19:10:37.991";"f";"";"34";"CONSOLIDADA";"";"Presencial";
"1220231";"14";"5753625";"";"";"45851";"GRADUAÇÃO";"";"CAICÓ/RN";"2014";"1";"2014-01-27";"2014-06-14";"";"27";"";"REGULAR";"t";"2014-06-14 21:58:53.618";"f";"";"0";"CONSOLIDADA";"";"A Distância";
"1220232";"11";"5753625";"";"";"45851";"GRADUAÇÃO";"";"EXTREMOZ/RN";"2014";"1";"2014-01-27";"2014-06-14";"";"2";"";"REGULAR";"t";"2014-06-14 21:53:16.153";"f";"";"0";"CONSOLIDADA";"";"A Distância";
"1220233";"12";"5753625";"";"";"45851";"GRADUAÇÃO";"";"LUÍS GOMES/RN";"2014";"1";"2014-01-27";"2014-06-14";"";"27";"";"REGULAR";"t";"2014-06-14 21:55:50.369";"f";"";"0";"CONSOLIDADA";"";"A Distância";
"1220234";"01";"5753625";"";"";"45851";"GRADUAÇÃO";"";"MACAU/RN";"2014";"1";"2014-01-27";"2014-06-14";"";"40";"";"REGULAR";"t";"2014-06-14 21:50:08.249";"f";"";"0";"CONSOLIDADA";"";"A Distância";
"1220235";"16";"5753625";"";"";"45851";"GRADUAÇÃO";"";"MARCELINO VIEIRA/RN";"2014";"1";"2014-01-27";"2014-06-14";"";"29";"";"REGULAR";"t";"2014-06-14 22:00:50.615";"f";"";"0";"CONSOLIDADA";"";"A Distância";
"1220236";"13";"5753625";"";"";"45851";"GRADUAÇÃO";"";"MARTINS/RN";"2014";"1";"2014-01-27";"2014-06-14";"";"37";"";"REGULAR";"t";"2014-06-14 21:57:14.707";"f";"";"0";"CONSOLIDADA";"";"A Distância";
"1220237";"03";"5753625";"";"";"45851";"GRADUAÇÃO";"";"NOVA CRUZ/RN";"2014";"1";"2014-01-27";"2014-06-14";"";"27";"";"REGULAR";"t";"2014-06-14 21:52:23.266";"f";"";"0";"CONSOLIDADA";"";"A Distância";
"1220238";"04";"5752292";"";"";"2051002";"GRADUAÇÃO";"Campus Central";"Auditório A";"2014";"1";"2014-01-27";"2014-06-14";"4N34 (27/01/2014 - 14/06/2014)";"17";"120";"REGULAR";"f";"2014-06-14 10:34:46.887";"f";"";"36";"CONSOLIDADA";"";"Presencial";
"1220239";"05";"5756054";"";"";"2051002";"GRADUAÇÃO";"Campus Central";"Auditório B";"2014";"1";"2014-01-27";"2014-06-14";"4N34 (27/01/2014 - 14/06/2014)";"37";"130";"REGULAR";"f";"2014-06-01 00:35:40.923";"f";"";"36";"CONSOLIDADA";"";"Presencial";
"1220240";"11A";"5751595";"";"";"45856";"GRADUAÇÃO";"";"EXTREMOZ/RN";"2014";"1";"2014-01-27";"2014-06-14";"";"2";"";"REGULAR";"t";"2014-06-07 09:52:02.242";"f";"";"0";"CONSOLIDADA";"";"A Distância";
"1220241";"06";"5753651";"";"";"2051002";"GRADUAÇÃO";"Campus Central";"Auditório F";"2014";"1";"2014-01-27";"2014-06-14";"4N34 (27/01/2014 - 14/06/2014)";"18";"160";"REGULAR";"f";"2014-06-09 15:19:09.614";"f";"";"36";"CONSOLIDADA";"";"Presencial";
"1220242";"01";"5755382";"";"";"2051003";"GRADUAÇÃO";"Campus Central";"Auditório A";"2014";"1";"2014-01-27";"2014-06-14";"2M56 (27/01/2014 - 14/06/2014)";"27";"140";"REGULAR";"f";"2014-06-09 10:32:26.296";"f";"";"34";"CONSOLIDADA";"";"Presencial";
"1220243";"02";"5753009";"";"";"2051003";"GRADUAÇÃO";"Campus Central";"Auditório B";"2014";"1";"2014-01-27";"2014-06-14";"2M56 (27/01/2014 - 14/06/2014)";"49";"140";"REGULAR";"f";"2014-06-17 12:38:15.639";"f";"";"36";"CONSOLIDADA";"";"Presencial";
"1220244";"03";"5755968";"";"";"2051003";"GRADUAÇÃO";"Campus Central";"Auditório C";"2014";"1";"2014-01-27";"2014-06-14";"2M56 (27/01/2014 - 14/06/2014)";"86";"165";"REGULAR";"f";"2014-06-09 11:07:02.784";"f";"";"36";"CONSOLIDADA";"";"Presencial";
"1220245";"14";"5751595";"";"";"45863";"GRADUAÇÃO";"";"CAICÓ/RN";"2014";"1";"2014-01-27";"2014-06-14";"";"";"";"REGULAR";"t";"";"f";"";"";"EXCLUÍDA";"";"A Distância";
"1220246";"11";"5751595";"";"";"45863";"GRADUAÇÃO";"";"EXTREMOZ/RN";"2014";"1";"2014-01-27";"2014-06-14";"";"1";"";"REGULAR";"t";"2014-06-07 09:54:53.148";"f";"";"0";"CONSOLIDADA";"";"A Distância";
"1220247";"16";"5751595";"";"";"45863";"GRADUAÇÃO";"";"MARCELINO VIEIRA/RN";"2014";"1";"2014-01-27";"2014-06-14";"";"2";"";"REGULAR";"t";"2014-06-07 09:56:17.053";"f";"";"0";"CONSOLIDADA";"";"A Distância";
"1220248";"03";"5751595";"";"";"45863";"GRADUAÇÃO";"";"NOVA CRUZ/RN";"2014";"1";"2014-01-27";"2014-06-14";"";"2";"";"REGULAR";"t";"2014-06-07 09:49:08.741";"f";"";"0";"CONSOLIDADA";"";"A Distância";
"1220249";"04";"5755968";"";"";"2051003";"GRADUAÇÃO";"Campus Central";"Auditório A";"2014";"1";"2014-01-27";"2014-06-14";"2N34 (27/01/2014 - 14/06/2014)";"104";"140";"REGULAR";"f";"2014-06-09 11:03:12.255";"f";"";"36";"CONSOLIDADA";"";"Presencial";
"1220250";"05";"5753009";"";"";"2051003";"GRADUAÇÃO";"Campus Central";"Auditório B";"2014";"1";"2014-01-27";"2014-06-14";"2N34 (27/01/2014 - 14/06/2014)";"50";"145";"REGULAR";"f";"2014-06-10 18:03:15.689";"f";"";"36";"CONSOLIDADA";"";"Presencial";
"1220251";"06";"5755382";"";"";"2051003";"GRADUAÇÃO";"Campus Central";"Auditório E";"2014";"1";"2014-01-27";"2014-06-14";"2N34 (27/01/2014 - 14/06/2014)";"29";"180";"REGULAR";"f";"2014-06-09 10:40:32.163";"f";"";"34";"CONSOLIDADA";"";"Presencial";
"1220252";"14";"26597";"";"";"45841";"GRADUAÇÃO";"";"CAICÓ/RN";"2014";"1";"2014-01-27";"2014-06-14";"";"";"";"REGULAR";"t";"2014-06-15 08:56:11.706";"f";"";"0";"CONSOLIDADA";"";"A Distância";
"1220253";"02";"26597";"";"";"45841";"GRADUAÇÃO";"";"CURRIAS NOVOS/RN";"2014";"1";"2014-01-27";"2014-06-14";"";"";"";"REGULAR";"t";"2014-06-15 08:47:54.319";"f";"";"0";"CONSOLIDADA";"";"A Distância";
"1220254";"12";"26597";"";"";"45841";"GRADUAÇÃO";"";"LUÍS GOMES/RN";"2014";"1";"2014-01-27";"2014-06-14";"";"3";"";"REGULAR";"t";"2014-06-15 08:53:01.729";"f";"";"0";"CONSOLIDADA";"";"A Distância";
"1220255";"01";"26597";"";"";"45841";"GRADUAÇÃO";"";"MACAU/RN";"2014";"1";"2014-01-27";"2014-06-14";"";"6";"";"REGULAR";"t";"2014-06-15 08:20:32.437";"f";"";"0";"CONSOLIDADA";"";"A Distância";
"1220256";"16";"26597";"";"";"45841";"GRADUAÇÃO";"";"MARCELINO VIEIRA/RN";"2014";"1";"2014-01-27";"2014-06-14";"";"6";"";"REGULAR";"t";"2014-06-15 08:58:52.155";"f";"";"0";"CONSOLIDADA";"";"A Distância";
"1220257";"13";"26597";"";"";"45841";"GRADUAÇÃO";"";"MARTINS/RN";"2014";"1";"2014-01-27";"2014-06-14";"";"1";"";"REGULAR";"t";"2014-06-15 08:54:29.428";"f";"";"0";"CONSOLIDADA";"";"A Distância";
"1220258";"03";"26597";"";"";"45841";"GRADUAÇÃO";"";"NOVA CRUZ/RN";"2014";"1";"2014-01-27";"2014-06-14";"";"5";"";"REGULAR";"t";"2014-06-15 08:50:00.478";"f";"";"0";"CONSOLIDADA";"";"A Distância";
"1220259";"01";"5755040";"";"";"48583";"GRADUAÇÃO";"Campus Central";"Auditório A";"2014";"1";"2014-01-27";"2014-05-31";"246T34 (27/01/2014 - 31/05/2014)";"346";"140";"REGULAR";"f";"2014-06-07 10:01:42.746";"f";"";"100";"CONSOLIDADA";"";"Presencial";
"1220260";"02";"5755052";"";"";"48583";"GRADUAÇÃO";"Campus Central";"Auditório B";"2014";"1";"2014-01-27";"2014-05-31";"246T34 (27/01/2014 - 31/05/2014)";"189";"140";"REGULAR";"f";"2014-06-09 19:06:52.568";"f";"";"88";"CONSOLIDADA";"";"Presencial";
"1220261";"14A";"3031765";"";"";"46522";"GRADUAÇÃO";"";"CAICÓ/RN";"2014";"1";"2014-01-27";"2014-06-14";"";"";"";"REGULAR";"t";"2014-06-17 00:20:50.777";"f";"";"0";"CONSOLIDADA";"";"A Distância";
"1220262";"02A";"3031765";"";"";"46522";"GRADUAÇÃO";"";"CURRAIS NOVOS/RN";"2014";"1";"2014-01-27";"2014-06-14";"";"";"";"REGULAR";"t";"2014-06-17 00:16:59.415";"f";"";"0";"CONSOLIDADA";"";"A Distância";
"1220263";"12A";"3031765";"";"";"46522";"GRADUAÇÃO";"";"LUÍS GOMES/RN";"2014";"1";"2014-01-27";"2014-06-14";"";"";"";"REGULAR";"t";"";"f";"";"";"EXCLUÍDA";"";"A Distância";
"1220264";"01A";"3031765";"";"";"46522";"GRADUAÇÃO";"";"MACAU/RN";"2014";"1";"2014-01-27";"2014-06-14";"";"";"";"REGULAR";"t";"2014-06-17 00:15:33.716";"f";"";"0";"CONSOLIDADA";"";"A Distância";
"1220265";"16A";"3031765";"";"";"46522";"GRADUAÇÃO";"";"MARCELINO VIEIRA/RN";"2014";"1";"2014-01-27";"2014-06-14";"";"";"";"REGULAR";"t";"";"f";"";"";"EXCLUÍDA";"";"A Distância";
"1220266";"13A";"3031765";"";"";"46522";"GRADUAÇÃO";"";"MARTINS/RN";"2014";"1";"2014-01-27";"2014-06-14";"";"";"";"REGULAR";"t";"";"f";"";"";"EXCLUÍDA";"";"A Distância";
"1220267";"03A";"3031765";"";"";"46522";"GRADUAÇÃO";"";"NOVA CRUZ/RN";"2014";"1";"2014-01-27";"2014-06-14";"";"";"";"REGULAR";"t";"";"f";"";"";"EXCLUÍDA";"";"A Distância";
"1220268";"03";"5752769";"";"";"48583";"GRADUAÇÃO";"Campus Central";"Auditório C";"2014";"1";"2014-01-27";"2014-05-31";"246T34 (27/01/2014 - 31/05/2014)";"71";"140";"REGULAR";"f";"2014-06-20 16:32:00.251";"f";"";"100";"CONSOLIDADA";"";"Presencial";
"1220269";"14B";"5756439";"";"";"45766";"GRADUAÇÃO";"";"CAICÓ/RN";"2014";"1";"2014-01-27";"2014-06-14";"";"";"";"REGULAR";"t";"2014-06-08 19:09:00.81";"f";"";"0";"CONSOLIDADA";"";"A Distância";
"1220270";"02B";"5756439";"";"";"45766";"GRADUAÇÃO";"";"CURRAIS NOVOS/RN";"2014";"1";"2014-01-27";"2014-06-14";"";"";"";"REGULAR";"t";"2014-06-08 19:03:25.739";"f";"";"0";"CONSOLIDADA";"";"A Distância";
"1220271";"12B";"5756024";"";"";"45766";"GRADUAÇÃO";"";"LUÍS GOMES/RN";"2014";"1";"2014-01-27";"2014-06-14";"";"";"";"REGULAR";"t";"";"f";"";"";"EXCLUÍDA";"";"A Distância";
"1220272";"01B";"5756439";"";"";"45766";"GRADUAÇÃO";"";"MACAU/RN";"2014";"1";"2014-01-27";"2014-06-14";"";"2";"";"REGULAR";"t";"2014-06-08 18:55:41.323";"f";"";"0";"CONSOLIDADA";"";"A Distância";
"1220273";"16B";"5756439";"";"";"45766";"GRADUAÇÃO";"";"MARCELINO VIEIRA/RN";"2014";"1";"2014-01-27";"2014-06-14";"";"2";"";"REGULAR";"t";"2014-05-30 13:06:34.225";"f";"";"0";"CONSOLIDADA";"";"A Distância";
"1220274";"13B";"5756024";"";"";"45766";"GRADUAÇÃO";"";"MARTINS/RN";"2014";"1";"2014-01-27";"2014-06-14";"";"";"";"REGULAR";"t";"";"f";"";"";"EXCLUÍDA";"";"A Distância";
"1220275";"03B";"5756439";"";"";"45766";"GRADUAÇÃO";"";"NOVA CRUZ/RN";"2014";"1";"2014-01-27";"2014-06-14";"";"2";"";"REGULAR";"t";"2014-05-30 13:02:04.989";"f";"";"0";"CONSOLIDADA";"";"A Distância";
"1220276";"04";"5752737";"";"";"48583";"GRADUAÇÃO";"Campus Central";"Sala 01";"2014";"1";"2014-01-27";"2014-06-14";"35T56 (27/01/2014 - 06/04/2014),  356T56 (07/04/2014 - 14/06/2014)";"80";"80";"REGULAR";"f";"2014-06-20 12:20:08.198";"f";"";"88";"CONSOLIDADA";"";"Presencial";
"1220277";"14";"21931";"";"";"45844";"GRADUAÇÃO";"";"CAICÓ/RN";"2014";"1";"2014-01-27";"2014-06-14";"";"0";"";"REGULAR";"t";"2014-06-13 07:51:32.897";"f";"";"0";"CONSOLIDADA";"";"A Distância";
"1220278";"02";"21931";"";"";"45844";"GRADUAÇÃO";"";"CURRIAS NOVOS/RN";"2014";"1";"2014-01-27";"2014-06-14";"";"";"";"REGULAR";"t";"2014-06-13 07:47:25.155";"f";"";"0";"CONSOLIDADA";"";"A Distância";
"1220279";"01";"21931";"";"";"45844";"GRADUAÇÃO";"";"MACAU/RN";"2014";"1";"2014-01-27";"2014-06-14";"";"2";"";"REGULAR";"t";"2014-06-13 07:42:05.904";"f";"";"0";"CONSOLIDADA";"";"A Distância";
"1220280";"14";"26597";"";"";"45842";"GRADUAÇÃO";"";"CAICÓ/RN";"2014";"1";"2014-01-27";"2014-06-14";"";"8";"";"REGULAR";"t";"2014-06-15 09:08:38.531";"f";"";"0";"CONSOLIDADA";"";"A Distância";
"1220281";"11";"26597";"";"";"45842";"GRADUAÇÃO";"";"EXTREMOZ/RN";"2014";"1";"2014-01-27";"2014-06-14";"";"4";"";"REGULAR";"t";"2014-06-15 09:05:14.123";"f";"";"0";"CONSOLIDADA";"";"A Distância";
"1220282";"15";"26597";"";"";"45842";"GRADUAÇÃO";"";"LAJES/RN";"2014";"1";"2014-01-27";"2014-06-14";"";"";"";"REGULAR";"t";"";"f";"";"";"EXCLUÍDA";"";"A Distância";
"1220283";"12";"26597";"";"";"45842";"GRADUAÇÃO";"";"LUÍS GOMES/RN";"2014";"1";"2014-01-27";"2014-06-14";"";"6";"";"REGULAR";"t";"2014-06-15 09:06:24.642";"f";"";"0";"CONSOLIDADA";"";"A Distância";
"1220284";"01";"26597";"";"";"45842";"GRADUAÇÃO";"";"MACAU/RN";"2014";"1";"2014-01-27";"2014-06-14";"";"17";"";"REGULAR";"t";"2014-06-15 09:02:49.185";"f";"";"0";"CONSOLIDADA";"";"A Distância";
"1220285";"16";"26597";"";"";"45842";"GRADUAÇÃO";"";"MARCELINO VIEIRA/RN";"2014";"1";"2014-01-27";"2014-06-14";"";"5";"";"REGULAR";"t";"2014-06-15 09:09:38.506";"f";"";"0";"CONSOLIDADA";"";"A Distância";
"1220286";"13";"26597";"";"";"45842";"GRADUAÇÃO";"";"MARTINS/RN";"2014";"1";"2014-01-27";"2014-06-14";"";"6";"";"REGULAR";"t";"2014-06-15 09:07:34.274";"f";"";"0";"CONSOLIDADA";"";"A Distância";
"1220287";"03";"26597";"";"";"45842";"GRADUAÇÃO";"";"NOVA CRUZ/RN";"2014";"1";"2014-01-27";"2014-06-14";"";"5";"";"REGULAR";"t";"2014-06-15 09:04:06.651";"f";"";"0";"CONSOLIDADA";"";"A Distância";
"1220288";"05";"5752769";"";"";"48583";"GRADUAÇÃO";"Campus Central";"Sala 01";"2014";"1";"2014-01-27";"2014-06-14";"35N12 (27/01/2014 - 06/04/2014),  356N12 (07/04/2014 - 14/06/2014)";"70";"100";"REGULAR";"f";"2014-06-21 06:58:28.493";"f";"";"93";"CONSOLIDADA";"";"Presencial";
"1220288";"05";"5752737";"";"";"48583";"GRADUAÇÃO";"Campus Central";"Sala 01";"2014";"1";"2014-01-27";"2014-06-14";"35N12 (27/01/2014 - 06/04/2014),  356N12 (07/04/2014 - 14/06/2014)";"70";"100";"REGULAR";"f";"2014-06-21 06:58:28.493";"f";"";"93";"CONSOLIDADA";"";"Presencial";
"1220289";"06";"5756404";"";"";"48583";"GRADUAÇÃO";"Campus Central";"Sala 02";"2014";"1";"2014-01-27";"2014-06-14";"35N12 (27/01/2014 - 06/04/2014),  356N12 (07/04/2014 - 14/06/2014)";"143";"100";"REGULAR";"f";"2014-06-16 12:59:22.385";"f";"";"88";"CONSOLIDADA";"";"Presencial";
"1220290";"14";"5756079";"";"";"46912";"GRADUAÇÃO";"";"CAICÓ/RN";"2014";"1";"2014-01-27";"2014-06-14";"";"24";"";"REGULAR";"t";"2014-06-18 21:18:59.692";"f";"";"0";"CONSOLIDADA";"";"A Distância";
"1220291";"11";"5756079";"";"";"46912";"GRADUAÇÃO";"";"EXTREMOZ/RN";"2014";"1";"2014-01-27";"2014-06-14";"";"3";"";"REGULAR";"t";"2014-06-21 01:29:41.746";"f";"";"0";"CONSOLIDADA";"";"A Distância";
"1220292";"15";"5756079";"";"";"46912";"GRADUAÇÃO";"";"LAJES/RN";"2014";"1";"2014-01-27";"2014-06-14";"";"";"";"REGULAR";"t";"";"f";"";"";"EXCLUÍDA";"";"A Distância";
"1220293";"12";"5756079";"";"";"46912";"GRADUAÇÃO";"";"LUÍS GOMES/RN";"2014";"1";"2014-01-27";"2014-06-14";"";"28";"";"REGULAR";"t";"2014-06-21 01:25:39.824";"f";"";"0";"CONSOLIDADA";"";"A Distância";
"1220294";"01";"5756079";"";"";"46912";"GRADUAÇÃO";"";"MACAU/RN";"2014";"1";"2014-01-27";"2014-06-14";"";"43";"";"REGULAR";"t";"2014-06-21 01:28:04.129";"f";"";"0";"CONSOLIDADA";"";"A Distância";
"1220295";"16";"5756079";"";"";"46912";"GRADUAÇÃO";"";"MARCELINO VIEIRA/RN";"2014";"1";"2014-01-27";"2014-06-14";"";"31";"";"REGULAR";"t";"2014-06-21 01:23:12.749";"f";"";"0";"CONSOLIDADA";"";"A Distância";
"1220296";"13";"5756079";"";"";"46912";"GRADUAÇÃO";"";"MARTINS/RN";"2014";"1";"2014-01-27";"2014-06-14";"";"37";"";"REGULAR";"t";"2014-06-18 21:17:22.168";"f";"";"0";"CONSOLIDADA";"";"A Distância";
"1220297";"03";"5756079";"";"";"46912";"GRADUAÇÃO";"";"NOVA CRUZ/RN";"2014";"1";"2014-01-27";"2014-06-14";"";"27";"";"REGULAR";"t";"2014-06-18 20:50:41.218";"f";"";"0";"CONSOLIDADA";"";"A Distância";
"1220298";"07";"5756404";"";"";"48583";"GRADUAÇÃO";"Campus Central";"Sala 01";"2014";"1";"2014-01-27";"2014-06-14";"35M34 (27/01/2014 - 06/04/2014), 356M34 (07/04/2014 - 14/06/2014)";"80";"101";"REGULAR";"f";"2014-06-20 17:56:29.696";"f";"";"92";"CONSOLIDADA";"";"Presencial";
"1220298";"07";"5756369";"";"";"48583";"GRADUAÇÃO";"Campus Central";"Sala 01";"2014";"1";"2014-01-27";"2014-06-14";"35M34 (27/01/2014 - 06/04/2014), 356M34 (07/04/2014 - 14/06/2014)";"80";"101";"REGULAR";"f";"2014-06-20 17:56:29.696";"f";"";"92";"CONSOLIDADA";"";"Presencial";
"1220299";"01";"5753037";"";"";"48584";"GRADUAÇÃO";"Campus Central";"Auditório A";"2014";"1";"2014-01-27";"2014-05-31";"246T12 (27/01/2014 - 31/05/2014)";"138";"120";"REGULAR";"f";"2014-06-03 00:51:10.85";"f";"";"88";"CONSOLIDADA";"";"Presencial";
"1220300";"14";"5755245";"";"";"52066";"GRADUAÇÃO";"";"CAICÓ/RN";"2014";"1";"2014-01-27";"2014-06-14";"";"23";"";"REGULAR";"t";"2014-06-18 17:44:17.113";"f";"";"0";"CONSOLIDADA";"";"A Distância";
"1220301";"26";"5755245";"";"";"52066";"GRADUAÇÃO";"";"CURRAIS NOVOS/RN";"2014";"1";"2014-01-27";"2014-06-14";"";"29";"";"REGULAR";"t";"2014-06-18 17:55:06.047";"f";"";"0";"CONSOLIDADA";"";"A Distância";
"1220302";"17";"5755245";"";"";"52066";"GRADUAÇÃO";"";"MOSSORÓ/RN";"2014";"1";"2014-01-27";"2014-06-14";"";"29";"";"REGULAR";"t";"2014-06-18 17:52:08.456";"f";"";"0";"CONSOLIDADA";"";"A Distância";
"1220303";"25";"5755245";"";"";"52066";"GRADUAÇÃO";"";"NATAL/RN";"2014";"1";"2014-01-27";"2014-06-14";"";"39";"";"REGULAR";"t";"2014-06-18 17:56:54.328";"f";"";"0";"CONSOLIDADA";"";"A Distância";
"1220304";"24";"5755245";"";"";"52066";"GRADUAÇÃO";"";"NATAL/RN";"2014";"1";"2014-01-27";"2014-06-14";"";"310";"";"REGULAR";"t";"2014-06-18 17:50:28.545";"f";"";"0";"CONSOLIDADA";"";"A Distância";
"1220305";"02";"5752242";"";"";"48584";"GRADUAÇÃO";"Campus Central";"Auditório B";"2014";"1";"2014-01-27";"2014-05-31";"246T12 (27/01/2014 - 31/05/2014)";"223";"120";"REGULAR";"f";"2014-06-21 18:04:49.085";"f";"";"100";"CONSOLIDADA";"";"Presencial";
"1220306";"14";"5754352";"";"";"52058";"GRADUAÇÃO";"";"CAICÓ/RN";"2014";"1";"2014-01-27";"2014-06-14";"";"23";"";"REGULAR";"t";"2014-06-10 22:23:34.18";"f";"";"0";"CONSOLIDADA";"";"A Distância";
"1220307";"26";"5754352";"";"";"52058";"GRADUAÇÃO";"";"CURRAIS NOVOS/RN";"2014";"1";"2014-01-27";"2014-06-14";"";"29";"";"REGULAR";"t";"2014-06-13 20:19:49.125";"f";"";"0";"CONSOLIDADA";"";"A Distância";
"1220308";"17";"5754352";"";"";"52058";"GRADUAÇÃO";"";"MOSSORÓ/RN";"2014";"1";"2014-01-27";"2014-06-14";"";"29";"";"REGULAR";"t";"2014-06-13 20:14:26.98";"f";"";"0";"CONSOLIDADA";"";"A Distância";
"1220309";"25";"5754352";"";"";"52058";"GRADUAÇÃO";"";"NATAL/RN";"2014";"1";"2014-01-27";"2014-06-14";"";"39";"";"REGULAR";"t";"2014-06-13 20:18:39.216";"f";"";"0";"CONSOLIDADA";"";"A Distância";
"1220310";"24";"5754352";"";"";"52058";"GRADUAÇÃO";"";"NATAL/RN";"2014";"1";"2014-01-27";"2014-06-14";"";"310";"";"REGULAR";"t";"2014-06-13 20:16:06.419";"f";"";"0";"CONSOLIDADA";"";"A Distância";
"1220311";"03";"5756359";"";"";"48584";"GRADUAÇÃO";"Campus Central";"Auditório D";"2014";"1";"2014-01-27";"2014-05-31";"246T12 (27/01/2014 - 31/05/2014)";"89";"120";"REGULAR";"f";"2014-06-17 19:33:23.582";"f";"";"100";"CONSOLIDADA";"";"Presencial";
"1220317";"04";"5756359";"";"";"48584";"GRADUAÇÃO";"Campus Central";"Auditório C";"2014";"1";"2014-01-27";"2014-06-14";"246T56 (27/01/2014 - 06/04/2014),  24T56 (07/04/2014 - 14/06/2014)";"156";"140";"REGULAR";"f";"2014-06-21 19:36:35.415";"f";"";"94";"CONSOLIDADA";"";"Presencial";
"1220317";"04";"5752242";"";"";"48584";"GRADUAÇÃO";"Campus Central";"Auditório C";"2014";"1";"2014-01-27";"2014-06-14";"246T56 (27/01/2014 - 06/04/2014),  24T56 (07/04/2014 - 14/06/2014)";"156";"140";"REGULAR";"f";"2014-06-21 19:36:35.415";"f";"";"94";"CONSOLIDADA";"";"Presencial";
"1220318";"05";"5755512";"";"";"48584";"GRADUAÇÃO";"Campus Central";"Sala 01";"2014";"1";"2014-01-27";"2014-06-14";"246N12 (27/01/2014 - 06/04/2014),  24N12 (07/04/2014 - 14/06/2014)";"97";"100";"REGULAR";"f";"2014-06-19 18:49:13.128";"f";"";"94";"CONSOLIDADA";"";"Presencial";
"1220319";"14";"25988";"";"";"52069";"GRADUAÇÃO";"";"CAICÓ/RN";"2014";"1";"2014-01-27";"2014-06-14";"";"23";"";"REGULAR";"t";"2014-06-18 16:59:28.683";"f";"";"0";"CONSOLIDADA";"";"A Distância";
"1220320";"26";"25988";"";"";"52069";"GRADUAÇÃO";"";"CURRAIS NOVOS/RN";"2014";"1";"2014-01-27";"2014-06-14";"";"29";"";"REGULAR";"t";"2014-06-18 17:13:36.786";"f";"";"0";"CONSOLIDADA";"";"A Distância";
"1220321";"17";"25988";"";"";"52069";"GRADUAÇÃO";"";"MOSSORÓ/RN";"2014";"1";"2014-01-27";"2014-06-14";"";"28";"";"REGULAR";"t";"2014-06-18 17:00:52.014";"f";"";"0";"CONSOLIDADA";"";"A Distância";
"1220322";"25";"25988";"";"";"52069";"GRADUAÇÃO";"";"NATAL/RN";"2014";"1";"2014-01-27";"2014-06-14";"";"38";"";"REGULAR";"t";"2014-06-18 17:15:38.242";"f";"";"0";"CONSOLIDADA";"";"A Distância";
"1220323";"24";"25988";"";"";"52069";"GRADUAÇÃO";"";"NATAL/RN";"2014";"1";"2014-01-27";"2014-06-14";"";"310";"";"REGULAR";"t";"2014-06-18 17:09:52.857";"f";"";"0";"CONSOLIDADA";"";"A Distância";
"1220324";"06";"5756387";"";"";"48584";"GRADUAÇÃO";"Campus Central";"Sala 02";"2014";"1";"2014-01-27";"2014-06-14";"246N12 (27/01/2014 - 06/04/2014),  24N12 (07/04/2014 - 14/06/2014)";"99";"100";"REGULAR";"f";"2014-06-20 21:12:34.747";"f";"";"88";"CONSOLIDADA";"";"Presencial";
"1220324";"06";"5756620";"";"";"48584";"GRADUAÇÃO";"Campus Central";"Sala 02";"2014";"1";"2014-01-27";"2014-06-14";"246N12 (27/01/2014 - 06/04/2014),  24N12 (07/04/2014 - 14/06/2014)";"99";"100";"REGULAR";"f";"2014-06-20 21:12:34.747";"f";"";"88";"CONSOLIDADA";"";"Presencial";
"1220325";"14";"23122";"";"";"52067";"GRADUAÇÃO";"";"CAICÓ/RN";"2014";"1";"2014-01-27";"2014-06-14";"";"23";"";"REGULAR";"t";"2014-06-09 21:25:40.315";"f";"";"0";"CONSOLIDADA";"";"A Distância";
"1220326";"26";"23122";"";"";"52067";"GRADUAÇÃO";"";"CURRAIS NOVOS/RN";"2014";"1";"2014-01-27";"2014-06-14";"";"29";"";"REGULAR";"t";"2014-06-09 21:35:05.018";"f";"";"0";"CONSOLIDADA";"";"A Distância";
"1220327";"17";"23122";"";"";"52067";"GRADUAÇÃO";"";"MOSSORÓ/RN";"2014";"1";"2014-01-27";"2014-06-14";"";"29";"";"REGULAR";"t";"2014-06-09 21:28:22.597";"f";"";"0";"CONSOLIDADA";"";"A Distância";
"1220328";"25";"23122";"";"";"52067";"GRADUAÇÃO";"";"NATAL/RN";"2014";"1";"2014-01-27";"2014-06-14";"";"38";"";"REGULAR";"t";"2014-06-09 21:37:45.116";"f";"";"0";"CONSOLIDADA";"";"A Distância";
"1220329";"24";"23122";"";"";"52067";"GRADUAÇÃO";"";"NATAL/RN";"2014";"1";"2014-01-27";"2014-06-14";"";"310";"";"REGULAR";"t";"2014-06-10 07:29:36.656";"f";"";"0";"CONSOLIDADA";"";"A Distância";
"1220330";"07";"5755512";"";"";"48584";"GRADUAÇÃO";"Campus Central";"Sala 01";"2014";"1";"2014-01-27";"2014-06-14";"246M34 (27/01/2014 - 06/04/2014), 24M34 (07/04/2014 - 14/06/2014)";"32";"40";"REGULAR";"f";"2014-06-19 18:38:32.611";"f";"";"94";"CONSOLIDADA";"";"Presencial";
"1220331";"14";"21947";"";"";"52070";"GRADUAÇÃO";"";"CAICÓ/RN";"2014";"1";"2014-01-27";"2014-06-14";"";"23";"";"REGULAR";"t";"2014-06-18 09:24:14.813";"f";"";"0";"CONSOLIDADA";"";"A Distância";
"1220332";"26";"21947";"";"";"52070";"GRADUAÇÃO";"";"CURRAIS NOVOS/RN";"2014";"1";"2014-01-27";"2014-06-14";"";"29";"";"REGULAR";"t";"2014-06-18 09:22:01.086";"f";"";"0";"CONSOLIDADA";"";"A Distância";
"1220333";"17";"21947";"";"";"52070";"GRADUAÇÃO";"";"MOSSORÓ/RN";"2014";"1";"2014-01-27";"2014-06-14";"";"29";"";"REGULAR";"t";"2014-06-18 09:36:25.717";"f";"";"0";"CONSOLIDADA";"";"A Distância";
"1220334";"25";"21947";"";"";"52070";"GRADUAÇÃO";"";"NATAL/RN";"2014";"1";"2014-01-27";"2014-06-14";"";"39";"";"REGULAR";"t";"2014-06-18 09:19:07.724";"f";"";"0";"CONSOLIDADA";"";"A Distância";
"1220335";"24";"21947";"";"";"52070";"GRADUAÇÃO";"";"NATAL/RN";"2014";"1";"2014-01-27";"2014-06-14";"";"310";"";"REGULAR";"t";"2014-06-19 09:38:08.249";"f";"";"0";"CONSOLIDADA";"";"A Distância";
"1220337";"01A";"5755984";"";"";"2051007";"GRADUAÇÃO";"Campus Central";"Auditório A";"2014";"1";"2014-01-27";"2014-06-14";"2M34  35T12 (27/01/2014 - 14/06/2014)";"56";"35";"REGULAR";"f";"2014-06-20 16:30:17.354";"f";"1220336";"102";"CONSOLIDADA";"";"Presencial";
"1220337";"01A";"5752247";"";"";"2051007";"GRADUAÇÃO";"Campus Central";"Auditório A";"2014";"1";"2014-01-27";"2014-06-14";"2M34  35T12 (27/01/2014 - 14/06/2014)";"56";"35";"REGULAR";"f";"2014-06-20 16:30:17.354";"f";"1220336";"102";"CONSOLIDADA";"";"Presencial";
"1220338";"01B";"5755984";"";"";"2051007";"GRADUAÇÃO";"Campus Central";"Auditório A";"2014";"1";"2014-01-27";"2014-06-14";"2M56  35T12 (27/01/2014 - 14/06/2014)";"59";"36";"REGULAR";"f";"2014-06-20 16:30:15.572";"f";"1220336";"102";"CONSOLIDADA";"";"Presencial";
"1220338";"01B";"5752247";"";"";"2051007";"GRADUAÇÃO";"Campus Central";"Auditório A";"2014";"1";"2014-01-27";"2014-06-14";"2M56  35T12 (27/01/2014 - 14/06/2014)";"59";"36";"REGULAR";"f";"2014-06-20 16:30:15.572";"f";"1220336";"102";"CONSOLIDADA";"";"Presencial";
"1220339";"01C";"5755984";"";"";"2051007";"GRADUAÇÃO";"Campus Central";"Auditório A";"2014";"1";"2014-01-27";"2014-06-14";"4M34  35T12 (27/01/2014 - 14/06/2014)";"58";"35";"REGULAR";"f";"2014-06-20 16:30:18.184";"f";"1220336";"102";"CONSOLIDADA";"";"Presencial";
"1220339";"01C";"5752247";"";"";"2051007";"GRADUAÇÃO";"Campus Central";"Auditório A";"2014";"1";"2014-01-27";"2014-06-14";"4M34  35T12 (27/01/2014 - 14/06/2014)";"58";"35";"REGULAR";"f";"2014-06-20 16:30:18.184";"f";"1220336";"102";"CONSOLIDADA";"";"Presencial";
"1220340";"01D";"5755984";"";"";"2051007";"GRADUAÇÃO";"Campus Central";"Auditório A";"2014";"1";"2014-01-27";"2014-06-14";"4M56  35T12 (27/01/2014 - 14/06/2014)";"63";"36";"REGULAR";"f";"2014-06-20 16:30:16.547";"f";"1220336";"102";"CONSOLIDADA";"";"Presencial";
"1220340";"01D";"5752247";"";"";"2051007";"GRADUAÇÃO";"Campus Central";"Auditório A";"2014";"1";"2014-01-27";"2014-06-14";"4M56  35T12 (27/01/2014 - 14/06/2014)";"63";"36";"REGULAR";"f";"2014-06-20 16:30:16.547";"f";"1220336";"102";"CONSOLIDADA";"";"Presencial";
"1220342";"02A";"5755421";"";"";"2051007";"GRADUAÇÃO";"Campus Central";"Auditório B";"2014";"1";"2014-01-27";"2014-06-14";"2M34  35T12 (27/01/2014 - 14/06/2014)";"38";"35";"REGULAR";"f";"2014-06-21 17:45:09.331";"f";"1220341";"102";"CONSOLIDADA";"";"Presencial";
"1220342";"02A";"5752964";"";"";"2051007";"GRADUAÇÃO";"Campus Central";"Auditório B";"2014";"1";"2014-01-27";"2014-06-14";"2M34  35T12 (27/01/2014 - 14/06/2014)";"38";"35";"REGULAR";"f";"2014-06-21 17:45:09.331";"f";"1220341";"102";"CONSOLIDADA";"";"Presencial";
"1220342";"02A";"5756271";"";"";"2051007";"GRADUAÇÃO";"Campus Central";"Auditório B";"2014";"1";"2014-01-27";"2014-06-14";"2M34  35T12 (27/01/2014 - 14/06/2014)";"38";"35";"REGULAR";"f";"2014-06-21 17:45:09.331";"f";"1220341";"102";"CONSOLIDADA";"";"Presencial";
"1220343";"02B";"5755421";"";"";"2051007";"GRADUAÇÃO";"Campus Central";"Auditório B";"2014";"1";"2014-01-27";"2014-06-14";"2M56  35T12 (27/01/2014 - 14/06/2014)";"41";"35";"REGULAR";"f";"2014-06-21 17:45:10.418";"f";"1220341";"102";"CONSOLIDADA";"";"Presencial";
"1220343";"02B";"5756271";"";"";"2051007";"GRADUAÇÃO";"Campus Central";"Auditório B";"2014";"1";"2014-01-27";"2014-06-14";"2M56  35T12 (27/01/2014 - 14/06/2014)";"41";"35";"REGULAR";"f";"2014-06-21 17:45:10.418";"f";"1220341";"102";"CONSOLIDADA";"";"Presencial";
"1220343";"02B";"5752964";"";"";"2051007";"GRADUAÇÃO";"Campus Central";"Auditório B";"2014";"1";"2014-01-27";"2014-06-14";"2M56  35T12 (27/01/2014 - 14/06/2014)";"41";"35";"REGULAR";"f";"2014-06-21 17:45:10.418";"f";"1220341";"102";"CONSOLIDADA";"";"Presencial";
"1220344";"02C";"5752964";"";"";"2051007";"GRADUAÇÃO";"Campus Central";"Auditório B";"2014";"1";"2014-01-27";"2014-06-14";"6M34  35T12 (27/01/2014 - 14/06/2014)";"41";"35";"REGULAR";"f";"2014-06-21 17:45:11.337";"f";"1220341";"102";"CONSOLIDADA";"";"Presencial";
"1220344";"02C";"5756271";"";"";"2051007";"GRADUAÇÃO";"Campus Central";"Auditório B";"2014";"1";"2014-01-27";"2014-06-14";"6M34  35T12 (27/01/2014 - 14/06/2014)";"41";"35";"REGULAR";"f";"2014-06-21 17:45:11.337";"f";"1220341";"102";"CONSOLIDADA";"";"Presencial";
"1220344";"02C";"5755421";"";"";"2051007";"GRADUAÇÃO";"Campus Central";"Auditório B";"2014";"1";"2014-01-27";"2014-06-14";"6M34  35T12 (27/01/2014 - 14/06/2014)";"41";"35";"REGULAR";"f";"2014-06-21 17:45:11.337";"f";"1220341";"102";"CONSOLIDADA";"";"Presencial";
"1220345";"02D";"5755421";"";"";"2051007";"GRADUAÇÃO";"Campus Central";"Auditório B";"2014";"1";"2014-01-27";"2014-06-14";"6M56  35T12 (27/01/2014 - 14/06/2014)";"51";"35";"REGULAR";"f";"2014-06-21 17:45:08.288";"f";"1220341";"102";"CONSOLIDADA";"";"Presencial";
"1220345";"02D";"5756271";"";"";"2051007";"GRADUAÇÃO";"Campus Central";"Auditório B";"2014";"1";"2014-01-27";"2014-06-14";"6M56  35T12 (27/01/2014 - 14/06/2014)";"51";"35";"REGULAR";"f";"2014-06-21 17:45:08.288";"f";"1220341";"102";"CONSOLIDADA";"";"Presencial";
"1220345";"02D";"5752964";"";"";"2051007";"GRADUAÇÃO";"Campus Central";"Auditório B";"2014";"1";"2014-01-27";"2014-06-14";"6M56  35T12 (27/01/2014 - 14/06/2014)";"51";"35";"REGULAR";"f";"2014-06-21 17:45:08.288";"f";"1220341";"102";"CONSOLIDADA";"";"Presencial";
"1220347";"03A";"5756271";"";"";"2051007";"GRADUAÇÃO";"Campus Central";"Auditório F";"2014";"1";"2014-01-27";"2014-06-14";"2T34  35N34 (27/01/2014 - 14/06/2014)";"35";"35";"REGULAR";"f";"2014-06-12 15:08:37.651";"f";"1220346";"106";"CONSOLIDADA";"";"Presencial";
"1220347";"03A";"5752964";"";"";"2051007";"GRADUAÇÃO";"Campus Central";"Auditório F";"2014";"1";"2014-01-27";"2014-06-14";"2T34  35N34 (27/01/2014 - 14/06/2014)";"35";"35";"REGULAR";"f";"2014-06-12 15:08:37.651";"f";"1220346";"106";"CONSOLIDADA";"";"Presencial";
"1220347";"03A";"5755421";"";"";"2051007";"GRADUAÇÃO";"Campus Central";"Auditório F";"2014";"1";"2014-01-27";"2014-06-14";"2T34  35N34 (27/01/2014 - 14/06/2014)";"35";"35";"REGULAR";"f";"2014-06-12 15:08:37.651";"f";"1220346";"106";"CONSOLIDADA";"";"Presencial";
"1220348";"03B";"5755421";"";"";"2051007";"GRADUAÇÃO";"Campus Central";"Auditório F";"2014";"1";"2014-01-27";"2014-06-14";"2T56  35N34 (27/01/2014 - 14/06/2014)";"35";"35";"REGULAR";"f";"2014-06-12 15:08:38.773";"f";"1220346";"106";"CONSOLIDADA";"";"Presencial";
"1220348";"03B";"5756271";"";"";"2051007";"GRADUAÇÃO";"Campus Central";"Auditório F";"2014";"1";"2014-01-27";"2014-06-14";"2T56  35N34 (27/01/2014 - 14/06/2014)";"35";"35";"REGULAR";"f";"2014-06-12 15:08:38.773";"f";"1220346";"106";"CONSOLIDADA";"";"Presencial";
"1220348";"03B";"5752964";"";"";"2051007";"GRADUAÇÃO";"Campus Central";"Auditório F";"2014";"1";"2014-01-27";"2014-06-14";"2T56  35N34 (27/01/2014 - 14/06/2014)";"35";"35";"REGULAR";"f";"2014-06-12 15:08:38.773";"f";"1220346";"106";"CONSOLIDADA";"";"Presencial";
"1220349";"03C";"5756271";"";"";"2051007";"GRADUAÇÃO";"Campus Central";"Auditório F";"2014";"1";"2014-01-27";"2014-06-14";"4T56  35N34 (27/01/2014 - 14/06/2014)";"35";"35";"REGULAR";"f";"2014-06-12 15:08:39.692";"f";"1220346";"106";"CONSOLIDADA";"";"Presencial";
"1220349";"03C";"5752964";"";"";"2051007";"GRADUAÇÃO";"Campus Central";"Auditório F";"2014";"1";"2014-01-27";"2014-06-14";"4T56  35N34 (27/01/2014 - 14/06/2014)";"35";"35";"REGULAR";"f";"2014-06-12 15:08:39.692";"f";"1220346";"106";"CONSOLIDADA";"";"Presencial";
"1220349";"03C";"5755421";"";"";"2051007";"GRADUAÇÃO";"Campus Central";"Auditório F";"2014";"1";"2014-01-27";"2014-06-14";"4T56  35N34 (27/01/2014 - 14/06/2014)";"35";"35";"REGULAR";"f";"2014-06-12 15:08:39.692";"f";"1220346";"106";"CONSOLIDADA";"";"Presencial";
"1220350";"03D";"5756271";"";"";"2051007";"GRADUAÇÃO";"Campus Central";"Auditório F";"2014";"1";"2014-01-27";"2014-06-14";"7M34  35N34 (27/01/2014 - 14/06/2014)";"41";"35";"REGULAR";"f";"2014-06-12 15:08:41.758";"f";"1220346";"106";"CONSOLIDADA";"";"Presencial";
"1220350";"03D";"5755421";"";"";"2051007";"GRADUAÇÃO";"Campus Central";"Auditório F";"2014";"1";"2014-01-27";"2014-06-14";"7M34  35N34 (27/01/2014 - 14/06/2014)";"41";"35";"REGULAR";"f";"2014-06-12 15:08:41.758";"f";"1220346";"106";"CONSOLIDADA";"";"Presencial";
"1220350";"03D";"5752964";"";"";"2051007";"GRADUAÇÃO";"Campus Central";"Auditório F";"2014";"1";"2014-01-27";"2014-06-14";"7M34  35N34 (27/01/2014 - 14/06/2014)";"41";"35";"REGULAR";"f";"2014-06-12 15:08:41.758";"f";"1220346";"106";"CONSOLIDADA";"";"Presencial";
"1220352";"04A";"5755237";"";"";"2051007";"GRADUAÇÃO";"Campus Central";"Sala 03";"2014";"1";"2014-01-27";"2014-06-14";"4T34  35N34 (27/01/2014 - 14/06/2014)";"45";"28";"REGULAR";"f";"2014-06-19 01:06:49.422";"f";"1220351";"98";"CONSOLIDADA";"";"Presencial";
"1220353";"04B";"5755237";"";"";"2051007";"GRADUAÇÃO";"Campus Central";"Sala 03";"2014";"1";"2014-01-27";"2014-06-14";"4T56  35N34 (27/01/2014 - 14/06/2014)";"39";"29";"REGULAR";"f";"2014-06-19 01:06:50.407";"f";"1220351";"98";"CONSOLIDADA";"";"Presencial";
"1220354";"04C";"5755237";"";"";"2051007";"GRADUAÇÃO";"Campus Central";"Sala 03";"2014";"1";"2014-01-27";"2014-06-14";"6T12  35N34 (27/01/2014 - 14/06/2014)";"45";"28";"REGULAR";"f";"2014-06-19 01:06:51.787";"f";"1220351";"98";"CONSOLIDADA";"";"Presencial";
"1220355";"04D";"5755237";"";"";"2051007";"GRADUAÇÃO";"Campus Central";"Sala 03";"2014";"1";"2014-01-27";"2014-06-14";"7M56  35N34 (27/01/2014 - 14/06/2014)";"43";"35";"REGULAR";"f";"2014-06-19 01:06:48.188";"f";"1220351";"98";"CONSOLIDADA";"";"Presencial";
"1220357";"05A";"5755984";"";"";"2051007";"GRADUAÇÃO";"Campus Central";"Auditório C";"2014";"1";"2014-01-27";"2014-06-14";"3M34  35T56 (27/01/2014 - 14/06/2014)";"29";"34";"REGULAR";"f";"2014-06-19 05:59:18.283";"f";"1220356";"110";"CONSOLIDADA";"";"Presencial";
"1220357";"05A";"5756090";"";"";"2051007";"GRADUAÇÃO";"Campus Central";"Auditório C";"2014";"1";"2014-01-27";"2014-06-14";"3M34  35T56 (27/01/2014 - 14/06/2014)";"29";"34";"REGULAR";"f";"2014-06-19 05:59:18.283";"f";"1220356";"110";"CONSOLIDADA";"";"Presencial";
"1220357";"05A";"";"103204854";"";"2051007";"GRADUAÇÃO";"Campus Central";"Auditório C";"2014";"1";"2014-01-27";"2014-06-14";"3M34  35T56 (27/01/2014 - 14/06/2014)";"29";"34";"REGULAR";"f";"2014-06-19 05:59:18.283";"f";"1220356";"110";"CONSOLIDADA";"";"Presencial";
"1220358";"05B";"5756090";"";"";"2051007";"GRADUAÇÃO";"Campus Central";"Auditório C";"2014";"1";"2014-01-27";"2014-06-14";"3M56  35T56 (27/01/2014 - 14/06/2014)";"37";"34";"REGULAR";"f";"2014-06-19 05:59:15.631";"f";"1220356";"110";"CONSOLIDADA";"";"Presencial";
"1220358";"05B";"5755984";"";"";"2051007";"GRADUAÇÃO";"Campus Central";"Auditório C";"2014";"1";"2014-01-27";"2014-06-14";"3M56  35T56 (27/01/2014 - 14/06/2014)";"37";"34";"REGULAR";"f";"2014-06-19 05:59:15.631";"f";"1220356";"110";"CONSOLIDADA";"";"Presencial";
"1220358";"05B";"";"103204854";"";"2051007";"GRADUAÇÃO";"Campus Central";"Auditório C";"2014";"1";"2014-01-27";"2014-06-14";"3M56  35T56 (27/01/2014 - 14/06/2014)";"37";"34";"REGULAR";"f";"2014-06-19 05:59:15.631";"f";"1220356";"110";"CONSOLIDADA";"";"Presencial";
"1220359";"05C";"5755984";"";"";"2051007";"GRADUAÇÃO";"Campus Central";"Auditório C";"2014";"1";"2014-01-27";"2014-06-14";"5M34  35T56 (27/01/2014 - 14/06/2014)";"26";"34";"REGULAR";"f";"2014-06-19 05:59:14.387";"f";"1220356";"110";"CONSOLIDADA";"";"Presencial";
"1220359";"05C";"";"103204854";"";"2051007";"GRADUAÇÃO";"Campus Central";"Auditório C";"2014";"1";"2014-01-27";"2014-06-14";"5M34  35T56 (27/01/2014 - 14/06/2014)";"26";"34";"REGULAR";"f";"2014-06-19 05:59:14.387";"f";"1220356";"110";"CONSOLIDADA";"";"Presencial";
"1220359";"05C";"5756090";"";"";"2051007";"GRADUAÇÃO";"Campus Central";"Auditório C";"2014";"1";"2014-01-27";"2014-06-14";"5M34  35T56 (27/01/2014 - 14/06/2014)";"26";"34";"REGULAR";"f";"2014-06-19 05:59:14.387";"f";"1220356";"110";"CONSOLIDADA";"";"Presencial";
"1220360";"05D";"";"103204854";"";"2051007";"GRADUAÇÃO";"Campus Central";"Auditório C";"2014";"1";"2014-01-27";"2014-06-14";"5M56  35T56 (27/01/2014 - 14/06/2014)";"35";"34";"REGULAR";"f";"2014-06-19 05:59:16.468";"f";"1220356";"110";"CONSOLIDADA";"";"Presencial";
"1220360";"05D";"5756090";"";"";"2051007";"GRADUAÇÃO";"Campus Central";"Auditório C";"2014";"1";"2014-01-27";"2014-06-14";"5M56  35T56 (27/01/2014 - 14/06/2014)";"35";"34";"REGULAR";"f";"2014-06-19 05:59:16.468";"f";"1220356";"110";"CONSOLIDADA";"";"Presencial";
"1220360";"05D";"5755984";"";"";"2051007";"GRADUAÇÃO";"Campus Central";"Auditório C";"2014";"1";"2014-01-27";"2014-06-14";"5M56  35T56 (27/01/2014 - 14/06/2014)";"35";"34";"REGULAR";"f";"2014-06-19 05:59:16.468";"f";"1220356";"110";"CONSOLIDADA";"";"Presencial";
"1220362";"01A";"5753754";"";"";"48586";"GRADUAÇÃO";"Campus Central";"Auditório A";"2014";"1";"2014-01-27";"2014-06-14";"2M34  46T56 (27/01/2014 - 14/06/2014)";"42";"32";"REGULAR";"f";"2014-06-16 16:16:29.38";"f";"1220361";"114";"CONSOLIDADA";"";"Presencial";
"1220362";"01A";"5756689";"";"";"48586";"GRADUAÇÃO";"Campus Central";"Auditório A";"2014";"1";"2014-01-27";"2014-06-14";"2M34  46T56 (27/01/2014 - 14/06/2014)";"42";"32";"REGULAR";"f";"2014-06-16 16:16:29.38";"f";"1220361";"114";"CONSOLIDADA";"";"Presencial";
"1220362";"01A";"5755453";"";"";"48586";"GRADUAÇÃO";"Campus Central";"Auditório A";"2014";"1";"2014-01-27";"2014-06-14";"2M34  46T56 (27/01/2014 - 14/06/2014)";"42";"32";"REGULAR";"f";"2014-06-16 16:16:29.38";"f";"1220361";"114";"CONSOLIDADA";"";"Presencial";
"1220363";"01B";"5755453";"";"";"48586";"GRADUAÇÃO";"Campus Central";"Auditório A";"2014";"1";"2014-01-27";"2014-06-14";"3M34  46T56 (27/01/2014 - 14/06/2014)";"36";"32";"REGULAR";"f";"2014-06-16 16:16:29.995";"f";"1220361";"114";"CONSOLIDADA";"";"Presencial";
"1220363";"01B";"5756689";"";"";"48586";"GRADUAÇÃO";"Campus Central";"Auditório A";"2014";"1";"2014-01-27";"2014-06-14";"3M34  46T56 (27/01/2014 - 14/06/2014)";"36";"32";"REGULAR";"f";"2014-06-16 16:16:29.995";"f";"1220361";"114";"CONSOLIDADA";"";"Presencial";
"1220363";"01B";"5753754";"";"";"48586";"GRADUAÇÃO";"Campus Central";"Auditório A";"2014";"1";"2014-01-27";"2014-06-14";"3M34  46T56 (27/01/2014 - 14/06/2014)";"36";"32";"REGULAR";"f";"2014-06-16 16:16:29.995";"f";"1220361";"114";"CONSOLIDADA";"";"Presencial";
"1220364";"01C";"5753754";"";"";"48586";"GRADUAÇÃO";"Campus Central";"Auditório A";"2014";"1";"2014-01-27";"2014-06-14";"2M56  46T56 (27/01/2014 - 14/06/2014)";"46";"32";"REGULAR";"f";"2014-06-16 16:16:30.775";"f";"1220361";"114";"CONSOLIDADA";"";"Presencial";
"1220364";"01C";"5756689";"";"";"48586";"GRADUAÇÃO";"Campus Central";"Auditório A";"2014";"1";"2014-01-27";"2014-06-14";"2M56  46T56 (27/01/2014 - 14/06/2014)";"46";"32";"REGULAR";"f";"2014-06-16 16:16:30.775";"f";"1220361";"114";"CONSOLIDADA";"";"Presencial";
"1220364";"01C";"5755453";"";"";"48586";"GRADUAÇÃO";"Campus Central";"Auditório A";"2014";"1";"2014-01-27";"2014-06-14";"2M56  46T56 (27/01/2014 - 14/06/2014)";"46";"32";"REGULAR";"f";"2014-06-16 16:16:30.775";"f";"1220361";"114";"CONSOLIDADA";"";"Presencial";
"1220365";"01D";"5756689";"";"";"48586";"GRADUAÇÃO";"Campus Central";"Auditório A";"2014";"1";"2014-01-27";"2014-06-14";"3M56  46T56 (27/01/2014 - 14/06/2014)";"56";"32";"REGULAR";"f";"2014-06-16 16:16:28.484";"f";"1220361";"114";"CONSOLIDADA";"";"Presencial";
"1220365";"01D";"5755453";"";"";"48586";"GRADUAÇÃO";"Campus Central";"Auditório A";"2014";"1";"2014-01-27";"2014-06-14";"3M56  46T56 (27/01/2014 - 14/06/2014)";"56";"32";"REGULAR";"f";"2014-06-16 16:16:28.484";"f";"1220361";"114";"CONSOLIDADA";"";"Presencial";
"1220365";"01D";"5753754";"";"";"48586";"GRADUAÇÃO";"Campus Central";"Auditório A";"2014";"1";"2014-01-27";"2014-06-14";"3M56  46T56 (27/01/2014 - 14/06/2014)";"56";"32";"REGULAR";"f";"2014-06-16 16:16:28.484";"f";"1220361";"114";"CONSOLIDADA";"";"Presencial";
"1220367";"02A";"5752721";"";"";"48586";"GRADUAÇÃO";"Campus Central";"Auditório B";"2014";"1";"2014-01-27";"2014-06-14";"4M34  46T56 (27/01/2014 - 14/06/2014)";"19";"32";"REGULAR";"f";"2014-06-11 18:52:33.521";"f";"1220366";"106";"CONSOLIDADA";"";"Presencial";
"1220368";"02B";"5752721";"";"";"48586";"GRADUAÇÃO";"Campus Central";"Auditório B";"2014";"1";"2014-01-27";"2014-06-14";"5M34  46T56 (27/01/2014 - 14/06/2014)";"13";"32";"REGULAR";"f";"2014-06-11 18:52:35.825";"f";"1220366";"106";"CONSOLIDADA";"";"Presencial";
"1220369";"02C";"5752721";"";"";"48586";"GRADUAÇÃO";"Campus Central";"Auditório B";"2014";"1";"2014-01-27";"2014-06-14";"4M56  46T56 (27/01/2014 - 14/06/2014)";"29";"32";"REGULAR";"f";"2014-06-11 18:52:34.838";"f";"1220366";"106";"CONSOLIDADA";"";"Presencial";
"1220370";"02D";"5752721";"";"";"48586";"GRADUAÇÃO";"Campus Central";"Auditório B";"2014";"1";"2014-01-27";"2014-06-14";"5M56  46T56 (27/01/2014 - 14/06/2014)";"31";"32";"REGULAR";"f";"2014-06-11 18:52:32.419";"f";"1220366";"106";"CONSOLIDADA";"";"Presencial";
"1220371";"02";"5755943";"";"";"24542";"GRADUAÇÃO";"Campus Central";"5G1";"2014";"1";"2014-01-27";"2014-06-14";"2M34 4M12";"13";"51";"REGULAR";"f";"2014-06-13 23:56:54.177";"f";"";"68";"CONSOLIDADA";"";"Presencial";
"1220373";"03A";"5756689";"";"";"48586";"GRADUAÇÃO";"Campus Central";"Auditório C";"2014";"1";"2014-01-27";"2014-06-14";"2T56  46N34 (27/01/2014 - 14/06/2014)";"57";"32";"REGULAR";"f";"2014-06-16 16:35:30.319";"f";"1220372";"114";"CONSOLIDADA";"";"Presencial";
"1220373";"03A";"5755453";"";"";"48586";"GRADUAÇÃO";"Campus Central";"Auditório C";"2014";"1";"2014-01-27";"2014-06-14";"2T56  46N34 (27/01/2014 - 14/06/2014)";"57";"32";"REGULAR";"f";"2014-06-16 16:35:30.319";"f";"1220372";"114";"CONSOLIDADA";"";"Presencial";
"1220373";"03A";"5753754";"";"";"48586";"GRADUAÇÃO";"Campus Central";"Auditório C";"2014";"1";"2014-01-27";"2014-06-14";"2T56  46N34 (27/01/2014 - 14/06/2014)";"57";"32";"REGULAR";"f";"2014-06-16 16:35:30.319";"f";"1220372";"114";"CONSOLIDADA";"";"Presencial";
"1220374";"03B";"5756689";"";"";"48586";"GRADUAÇÃO";"Campus Central";"Auditório C";"2014";"1";"2014-01-27";"2014-06-14";"3T56  46N34 (27/01/2014 - 14/06/2014)";"59";"32";"REGULAR";"f";"2014-06-16 16:35:31.11";"f";"1220372";"114";"CONSOLIDADA";"";"Presencial";
"1220374";"03B";"5755453";"";"";"48586";"GRADUAÇÃO";"Campus Central";"Auditório C";"2014";"1";"2014-01-27";"2014-06-14";"3T56  46N34 (27/01/2014 - 14/06/2014)";"59";"32";"REGULAR";"f";"2014-06-16 16:35:31.11";"f";"1220372";"114";"CONSOLIDADA";"";"Presencial";
"1220374";"03B";"5753754";"";"";"48586";"GRADUAÇÃO";"Campus Central";"Auditório C";"2014";"1";"2014-01-27";"2014-06-14";"3T56  46N34 (27/01/2014 - 14/06/2014)";"59";"32";"REGULAR";"f";"2014-06-16 16:35:31.11";"f";"1220372";"114";"CONSOLIDADA";"";"Presencial";
"1220375";"03C";"5756689";"";"";"48586";"GRADUAÇÃO";"Campus Central";"Auditório C";"2014";"1";"2014-01-27";"2014-06-14";"7M34  46N34 (27/01/2014 - 14/06/2014)";"34";"32";"REGULAR";"f";"2014-06-16 16:35:31.894";"f";"1220372";"114";"CONSOLIDADA";"";"Presencial";
"1220375";"03C";"5755453";"";"";"48586";"GRADUAÇÃO";"Campus Central";"Auditório C";"2014";"1";"2014-01-27";"2014-06-14";"7M34  46N34 (27/01/2014 - 14/06/2014)";"34";"32";"REGULAR";"f";"2014-06-16 16:35:31.894";"f";"1220372";"114";"CONSOLIDADA";"";"Presencial";
"1220375";"03C";"5753754";"";"";"48586";"GRADUAÇÃO";"Campus Central";"Auditório C";"2014";"1";"2014-01-27";"2014-06-14";"7M34  46N34 (27/01/2014 - 14/06/2014)";"34";"32";"REGULAR";"f";"2014-06-16 16:35:31.894";"f";"1220372";"114";"CONSOLIDADA";"";"Presencial";
"1220376";"03D";"5755453";"";"";"48586";"GRADUAÇÃO";"Campus Central";"Auditório C";"2014";"1";"2014-01-27";"2014-06-14";"7M56  46N34 (27/01/2014 - 14/06/2014)";"49";"32";"REGULAR";"f";"2014-06-16 16:35:28.72";"f";"1220372";"114";"CONSOLIDADA";"";"Presencial";
"1220376";"03D";"5753754";"";"";"48586";"GRADUAÇÃO";"Campus Central";"Auditório C";"2014";"1";"2014-01-27";"2014-06-14";"7M56  46N34 (27/01/2014 - 14/06/2014)";"49";"32";"REGULAR";"f";"2014-06-16 16:35:28.72";"f";"1220372";"114";"CONSOLIDADA";"";"Presencial";
"1220376";"03D";"5756689";"";"";"48586";"GRADUAÇÃO";"Campus Central";"Auditório C";"2014";"1";"2014-01-27";"2014-06-14";"7M56  46N34 (27/01/2014 - 14/06/2014)";"49";"32";"REGULAR";"f";"2014-06-16 16:35:28.72";"f";"1220372";"114";"CONSOLIDADA";"";"Presencial";
"1220378";"04A";"5752477";"";"";"48586";"GRADUAÇÃO";"Campus Central";"Auditório D";"2014";"1";"2014-01-27";"2014-06-14";"4T56  46N34 (27/01/2014 - 14/06/2014)";"58";"32";"REGULAR";"f";"2014-06-16 09:53:09.874";"f";"1220377";"114";"CONSOLIDADA";"";"Presencial";
"1220379";"04B";"5752477";"";"";"48586";"GRADUAÇÃO";"Campus Central";"Auditório D";"2014";"1";"2014-01-27";"2014-06-14";"5T56  46N34 (27/01/2014 - 14/06/2014)";"70";"32";"REGULAR";"f";"2014-06-16 09:53:10.832";"f";"1220377";"114";"CONSOLIDADA";"";"Presencial";
"1220380";"04C";"5752477";"";"";"48586";"GRADUAÇÃO";"Campus Central";"Auditório D";"2014";"1";"2014-01-27";"2014-06-14";"7T12  46N34 (27/01/2014 - 14/06/2014)";"49";"32";"REGULAR";"f";"2014-06-16 09:53:08.382";"f";"1220377";"114";"CONSOLIDADA";"";"Presencial";
"1220381";"04D";"5752477";"";"";"48586";"GRADUAÇÃO";"Campus Central";"Auditório D";"2014";"1";"2014-01-27";"2014-06-14";"7T34  46N34 (27/01/2014 - 14/06/2014)";"46";"32";"REGULAR";"f";"2014-06-16 09:53:09.156";"f";"1220377";"114";"CONSOLIDADA";"";"Presencial";
"1220382";"03";"5756210";"";"";"24542";"GRADUAÇÃO";"Campus Central";"4C5";"2014";"1";"2014-01-27";"2014-06-14";"35T34";"38";"50";"REGULAR";"f";"2014-06-18 14:42:07.918";"f";"";"68";"CONSOLIDADA";"";"Presencial";
"1220382";"03";"";"98098909";"";"24542";"GRADUAÇÃO";"Campus Central";"4C5";"2014";"1";"2014-01-27";"2014-06-14";"35T34";"38";"50";"REGULAR";"f";"2014-06-18 14:42:07.918";"f";"";"68";"CONSOLIDADA";"";"Presencial";
"1220384";"05A";"5752477";"";"";"48586";"GRADUAÇÃO";"Campus Central";"Auditório E";"2014";"1";"2014-01-27";"2014-06-14";"6M34  46T56 (27/01/2014 - 14/06/2014)";"33";"32";"REGULAR";"f";"2014-06-16 10:39:36.869";"f";"1220383";"116";"CONSOLIDADA";"";"Presencial";
"1220384";"05A";"5755440";"";"";"48586";"GRADUAÇÃO";"Campus Central";"Auditório E";"2014";"1";"2014-01-27";"2014-06-14";"6M34  46T56 (27/01/2014 - 14/06/2014)";"33";"32";"REGULAR";"f";"2014-06-16 10:39:36.869";"f";"1220383";"116";"CONSOLIDADA";"";"Presencial";
"1220385";"05B";"5752477";"";"";"48586";"GRADUAÇÃO";"Campus Central";"Auditório E";"2014";"1";"2014-01-27";"2014-06-14";"6M56  46T56 (27/01/2014 - 14/06/2014)";"58";"32";"REGULAR";"f";"2014-06-16 10:39:37.689";"f";"1220383";"116";"CONSOLIDADA";"";"Presencial";
"1220385";"05B";"5755440";"";"";"48586";"GRADUAÇÃO";"Campus Central";"Auditório E";"2014";"1";"2014-01-27";"2014-06-14";"6M56  46T56 (27/01/2014 - 14/06/2014)";"58";"32";"REGULAR";"f";"2014-06-16 10:39:37.689";"f";"1220383";"116";"CONSOLIDADA";"";"Presencial";
"1220386";"01";"5755943";"";"";"26279";"GRADUAÇÃO";"Campus Central";"1C1";"2014";"1";"2014-01-27";"2014-06-14";"2N12";"9";"57";"REGULAR";"f";"2014-06-13 23:48:43.759";"f";"";"34";"CONSOLIDADA";"";"Presencial";
"1220387";"05C";"5755440";"";"";"48586";"GRADUAÇÃO";"Campus Central";"Auditório E";"2014";"1";"2014-01-27";"2014-06-14";"6M12  46T56 (27/01/2014 - 14/06/2014)";"32";"32";"REGULAR";"f";"2014-06-16 10:39:38.574";"f";"1220383";"116";"CONSOLIDADA";"";"Presencial";
"1220387";"05C";"5752477";"";"";"48586";"GRADUAÇÃO";"Campus Central";"Auditório E";"2014";"1";"2014-01-27";"2014-06-14";"6M12  46T56 (27/01/2014 - 14/06/2014)";"32";"32";"REGULAR";"f";"2014-06-16 10:39:38.574";"f";"1220383";"116";"CONSOLIDADA";"";"Presencial";
"1220388";"05D";"5752477";"";"";"48586";"GRADUAÇÃO";"Campus Central";"Auditório E";"2014";"1";"2014-01-27";"2014-06-14";"7M12  46T56 (27/01/2014 - 14/06/2014)";"41";"32";"REGULAR";"f";"2014-06-16 10:39:36.095";"f";"1220383";"116";"CONSOLIDADA";"";"Presencial";
"1220388";"05D";"5755440";"";"";"48586";"GRADUAÇÃO";"Campus Central";"Auditório E";"2014";"1";"2014-01-27";"2014-06-14";"7M12  46T56 (27/01/2014 - 14/06/2014)";"41";"32";"REGULAR";"f";"2014-06-16 10:39:36.095";"f";"1220383";"116";"CONSOLIDADA";"";"Presencial";
"1220389";"01";"5752232";"";"";"2051700";"GRADUAÇÃO";"Campus Central";"Auditório A";"2014";"1";"2014-01-27";"2014-06-14";"2T56 (27/01/2014 - 14/06/2014)";"103";"115";"REGULAR";"f";"2014-06-04 09:31:50.926";"f";"";"38";"CONSOLIDADA";"";"Presencial";
"1220390";"02";"5752292";"";"";"2051700";"GRADUAÇÃO";"Campus Central";"Auditório B";"2014";"1";"2014-01-27";"2014-06-14";"2T56 (27/01/2014 - 14/06/2014)";"153";"115";"REGULAR";"f";"2014-06-14 10:55:45.82";"f";"";"38";"CONSOLIDADA";"";"Presencial";
"1220391";"03";"5756054";"";"";"2051700";"GRADUAÇÃO";"Campus Central";"Auditório C";"2014";"1";"2014-01-27";"2014-06-14";"2N34 (27/01/2014 - 14/06/2014)";"124";"125";"REGULAR";"f";"2014-06-01 00:37:46.965";"f";"";"34";"CONSOLIDADA";"";"Presencial";
"1220392";"04";"5752962";"";"";"2051700";"GRADUAÇÃO";"Campus Central";"Auditório D";"2014";"1";"2014-01-27";"2014-06-14";"2N34 (27/01/2014 - 14/06/2014)";"130";"125";"REGULAR";"f";"2014-06-17 13:12:15.627";"f";"";"34";"CONSOLIDADA";"";"Presencial";
"1220393";"05";"5756439";"";"";"2051700";"GRADUAÇÃO";"Campus Central";"Sala 01";"2014";"1";"2014-01-27";"2014-06-14";"4T56 (27/01/2014 - 14/06/2014)";"107";"110";"REGULAR";"f";"2014-06-08 19:12:16.324";"f";"";"34";"CONSOLIDADA";"";"Presencial";
"1220394";"01";"5752305";"";"";"2051701";"GRADUAÇÃO";"Campus Central";"Sala 01";"2014";"1";"2014-01-27";"2014-06-14";"35T34 (27/01/2014 - 14/06/2014)";"117";"120";"REGULAR";"f";"2014-06-15 10:39:19.206";"f";"";"74";"CONSOLIDADA";"";"Presencial";
"1220395";"02";"5756078";"";"";"2051701";"GRADUAÇÃO";"Campus Central";"Sala 02";"2014";"1";"2014-01-27";"2014-06-14";"35T56 (27/01/2014 - 14/06/2014)";"107";"120";"REGULAR";"f";"2014-06-18 09:40:24.725";"f";"";"68";"CONSOLIDADA";"";"Presencial";
"1220395";"02";"5752169";"";"";"2051701";"GRADUAÇÃO";"Campus Central";"Sala 02";"2014";"1";"2014-01-27";"2014-06-14";"35T56 (27/01/2014 - 14/06/2014)";"107";"120";"REGULAR";"f";"2014-06-18 09:40:24.725";"f";"";"68";"CONSOLIDADA";"";"Presencial";
"1220396";"03";"5756078";"";"";"2051701";"GRADUAÇÃO";"Campus Central";"Auditório B";"2014";"1";"2014-01-27";"2014-06-14";"35T34 (27/01/2014 - 14/06/2014)";"126";"120";"REGULAR";"f";"2014-06-20 12:05:10.049";"f";"";"74";"CONSOLIDADA";"";"Presencial";
"1220396";"03";"5752720";"";"";"2051701";"GRADUAÇÃO";"Campus Central";"Auditório B";"2014";"1";"2014-01-27";"2014-06-14";"35T34 (27/01/2014 - 14/06/2014)";"126";"120";"REGULAR";"f";"2014-06-20 12:05:10.049";"f";"";"74";"CONSOLIDADA";"";"Presencial";
"1220397";"04";"5752245";"";"";"2051701";"GRADUAÇÃO";"Campus Central";"Auditório E";"2014";"1";"2014-01-27";"2014-06-14";"35N12 (27/01/2014 - 14/06/2014)";"139";"140";"REGULAR";"f";"2014-06-12 13:04:07.448";"f";"";"72";"CONSOLIDADA";"";"Presencial";
"1220398";"01";"5754568";"";"";"2051702";"GRADUAÇÃO";"Campus Central";"Auditório D";"2014";"1";"2014-01-27";"2014-06-14";"35M34 (27/01/2014 - 14/06/2014)";"204";"140";"REGULAR";"f";"2014-06-21 09:37:56.035";"f";"";"74";"CONSOLIDADA";"";"Presencial";
"1220399";"02";"5754637";"";"";"2051702";"GRADUAÇÃO";"Campus Central";"Auditório E";"2014";"1";"2014-01-27";"2014-06-14";"35M34 (27/01/2014 - 14/06/2014)";"178";"140";"REGULAR";"f";"2014-06-16 21:28:53.937";"f";"";"68";"CONSOLIDADA";"";"Presencial";
"1220400";"03";"5754568";"";"";"2051702";"GRADUAÇÃO";"Campus Central";"Auditório C";"2014";"1";"2014-01-27";"2014-06-14";"35N12 (27/01/2014 - 14/06/2014)";"181";"140";"REGULAR";"f";"2014-06-21 09:54:39.416";"f";"";"66";"CONSOLIDADA";"";"Presencial";
"1220401";"01";"5756046";"";"";"54994";"GRADUAÇÃO";"Campus Santa Cruz";"Natal/RN";"2014";"1";"2014-02-27";"2014-03-06";"5M123 (27/02/2014 - 06/03/2014)";"22";"21";"REGULAR";"f";"2014-06-14 01:00:09.08";"f";"";"6";"CONSOLIDADA";"";"Presencial";
"1220402";"04";"5756438";"";"";"2051702";"GRADUAÇÃO";"Campus Central";"Auditório D";"2014";"1";"2014-01-27";"2014-06-14";"35N12 (27/01/2014 - 14/06/2014)";"180";"140";"REGULAR";"f";"2014-06-21 17:38:47.004";"f";"";"66";"CONSOLIDADA";"";"Presencial";
"1220403";"02";"5752740";"";"";"54994";"GRADUAÇÃO";"Campus Santa Cruz";"Natal/RN";"2014";"1";"2014-02-27";"2014-03-06";"5M123 (27/02/2014 - 06/03/2014)";"19";"21";"REGULAR";"f";"2014-06-16 07:19:01.214";"f";"";"6";"CONSOLIDADA";"";"Presencial";
"1220404";"01";"5756387";"";"";"48585";"GRADUAÇÃO";"Campus Central";"Auditório D";"2014";"1";"2014-01-27";"2014-06-14";"246M56 (27/01/2014 - 14/06/2014)";"132";"130";"REGULAR";"f";"2014-06-12 13:31:17.872";"f";"";"92";"CONSOLIDADA";"";"Presencial";
"1220405";"02";"5756369";"";"";"48585";"GRADUAÇÃO";"Campus Central";"Auditório E";"2014";"1";"2014-01-27";"2014-06-14";"246M56 (27/01/2014 - 14/06/2014)";"119";"121";"REGULAR";"f";"2014-06-20 17:46:12.686";"f";"";"96";"CONSOLIDADA";"";"Presencial";
"1220406";"03";"5752172";"";"";"48585";"GRADUAÇÃO";"Campus Central";"Sala 02";"2014";"1";"2014-01-27";"2014-06-14";"246T56 (27/01/2014 - 14/06/2014)";"60";"80";"REGULAR";"f";"2014-06-07 02:09:01.369";"f";"";"96";"CONSOLIDADA";"";"Presencial";
"1220407";"04";"5753037";"";"";"48585";"GRADUAÇÃO";"Campus Central";"Auditório E";"2014";"1";"2014-01-27";"2014-06-14";"246N12 (27/01/2014 - 14/06/2014)";"169";"140";"REGULAR";"f";"2014-06-03 01:41:24.602";"f";"";"88";"CONSOLIDADA";"";"Presencial";
"1220408";"01";"5753029";"";"";"54995";"GRADUAÇÃO";"Campus Santa Cruz";"HUAB e Restaurante Popular";"2014";"1";"2014-03-20";"2014-05-29";"5M1 (20/03/2014 - 29/05/2014)";"8";"7";"REGULAR";"f";"2014-06-13 13:05:23.78";"f";"";"15";"CONSOLIDADA";"";"Presencial";
"1220408";"01";"5756046";"";"";"54995";"GRADUAÇÃO";"Campus Santa Cruz";"HUAB e Restaurante Popular";"2014";"1";"2014-03-20";"2014-05-29";"5M1 (20/03/2014 - 29/05/2014)";"8";"7";"REGULAR";"f";"2014-06-13 13:05:23.78";"f";"";"15";"CONSOLIDADA";"";"Presencial";
"1220408";"01";"5756299";"";"";"54995";"GRADUAÇÃO";"Campus Santa Cruz";"HUAB e Restaurante Popular";"2014";"1";"2014-03-20";"2014-05-29";"5M1 (20/03/2014 - 29/05/2014)";"8";"7";"REGULAR";"f";"2014-06-13 13:05:23.78";"f";"";"15";"CONSOLIDADA";"";"Presencial";
"1220409";"02";"5752740";"";"";"54995";"GRADUAÇÃO";"Campus Santa Cruz";"HUAB e Restaurante Popular";"2014";"1";"2014-03-20";"2014-05-29";"5M1 (20/03/2014 - 29/05/2014)";"7";"7";"REGULAR";"f";"2014-06-18 16:01:24.041";"f";"";"12";"CONSOLIDADA";"";"Presencial";
"1220410";"03";"5756299";"";"";"54995";"GRADUAÇÃO";"Campus Santa Cruz";"HUAB e Restaurante Popular";"2014";"1";"2014-03-20";"2014-05-29";"5M2 (20/03/2014 - 29/05/2014)";"7";"7";"REGULAR";"f";"2014-06-13 13:07:06.278";"f";"";"15";"CONSOLIDADA";"";"Presencial";
"1220410";"03";"5753029";"";"";"54995";"GRADUAÇÃO";"Campus Santa Cruz";"HUAB e Restaurante Popular";"2014";"1";"2014-03-20";"2014-05-29";"5M2 (20/03/2014 - 29/05/2014)";"7";"7";"REGULAR";"f";"2014-06-13 13:07:06.278";"f";"";"15";"CONSOLIDADA";"";"Presencial";
"1220410";"03";"5756046";"";"";"54995";"GRADUAÇÃO";"Campus Santa Cruz";"HUAB e Restaurante Popular";"2014";"1";"2014-03-20";"2014-05-29";"5M2 (20/03/2014 - 29/05/2014)";"7";"7";"REGULAR";"f";"2014-06-13 13:07:06.278";"f";"";"15";"CONSOLIDADA";"";"Presencial";
"1220411";"04";"5752740";"";"";"54995";"GRADUAÇÃO";"Campus Santa Cruz";"HUAB e Restaurante Popular";"2014";"1";"2014-03-20";"2014-05-29";"5M2 (20/03/2014 - 29/05/2014)";"6";"7";"REGULAR";"f";"2014-06-18 17:45:24.175";"f";"";"12";"CONSOLIDADA";"";"Presencial";
"1220413";"01A";"5752262";"";"";"48587";"GRADUAÇÃO";"Campus Central";"Auditório D";"2014";"1";"2014-01-27";"2014-06-14";"46M12  2T12 (27/01/2014 - 14/06/2014)";"66";"32";"REGULAR";"f";"2014-06-20 00:27:28.562";"f";"1220412";"114";"CONSOLIDADA";"";"Presencial";
"1220414";"05";"5753029";"";"";"54995";"GRADUAÇÃO";"Campus Santa Cruz";"HUAB e Restaurante Popular";"2014";"1";"2014-03-20";"2014-05-29";"5M3 (20/03/2014 - 29/05/2014)";"7";"7";"REGULAR";"f";"2014-06-13 13:08:39.735";"f";"";"15";"CONSOLIDADA";"";"Presencial";
"1220414";"05";"5756046";"";"";"54995";"GRADUAÇÃO";"Campus Santa Cruz";"HUAB e Restaurante Popular";"2014";"1";"2014-03-20";"2014-05-29";"5M3 (20/03/2014 - 29/05/2014)";"7";"7";"REGULAR";"f";"2014-06-13 13:08:39.735";"f";"";"15";"CONSOLIDADA";"";"Presencial";
"1220414";"05";"5756299";"";"";"54995";"GRADUAÇÃO";"Campus Santa Cruz";"HUAB e Restaurante Popular";"2014";"1";"2014-03-20";"2014-05-29";"5M3 (20/03/2014 - 29/05/2014)";"7";"7";"REGULAR";"f";"2014-06-13 13:08:39.735";"f";"";"15";"CONSOLIDADA";"";"Presencial";
"1220415";"01B";"5752262";"";"";"48587";"GRADUAÇÃO";"Campus Central";"Auditório D";"2014";"1";"2014-01-27";"2014-06-14";"46M12  2T34 (27/01/2014 - 14/06/2014)";"57";"32";"REGULAR";"f";"2014-06-20 00:27:26.301";"f";"1220412";"114";"CONSOLIDADA";"";"Presencial";
"1220416";"01C";"5752262";"";"";"48587";"GRADUAÇÃO";"Campus Central";"Auditório D";"2014";"1";"2014-01-27";"2014-06-14";"46M12  3T12 (27/01/2014 - 14/06/2014)";"64";"32";"REGULAR";"f";"2014-06-20 00:27:29.5";"f";"1220412";"114";"CONSOLIDADA";"";"Presencial";
"1220417";"06";"5752740";"";"";"54995";"GRADUAÇÃO";"Campus Santa Cruz";"HUAB e Restaurante Popular";"2014";"1";"2014-03-20";"2014-05-29";"5M3 (20/03/2014 - 29/05/2014)";"6";"7";"REGULAR";"f";"2014-06-18 18:02:12.525";"f";"";"14";"CONSOLIDADA";"";"Presencial";
"1220418";"01D";"5752262";"";"";"48587";"GRADUAÇÃO";"Campus Central";"Auditório D";"2014";"1";"2014-01-27";"2014-06-14";"46M12  3T34 (27/01/2014 - 14/06/2014)";"62";"32";"REGULAR";"f";"2014-06-20 00:27:27.492";"f";"1220412";"114";"CONSOLIDADA";"";"Presencial";
"1220420";"02A";"5752751";"";"";"48587";"GRADUAÇÃO";"Campus Central";"Auditório E";"2014";"1";"2014-01-27";"2014-06-14";"46M12  4T12 (27/01/2014 - 14/06/2014)";"41";"32";"REGULAR";"f";"2014-06-17 22:13:56.786";"f";"1220419";"106";"CONSOLIDADA";"";"Presencial";
"1220421";"02B";"5752751";"";"";"48587";"GRADUAÇÃO";"Campus Central";"Auditório E";"2014";"1";"2014-01-27";"2014-06-14";"46M12  4T34 (27/01/2014 - 14/06/2014)";"37";"32";"REGULAR";"f";"2014-06-17 22:13:57.25";"f";"1220419";"106";"CONSOLIDADA";"";"Presencial";
"1220422";"02C";"5752751";"";"";"48587";"GRADUAÇÃO";"Campus Central";"Auditório E";"2014";"1";"2014-01-27";"2014-06-14";"46M12  5T12 (27/01/2014 - 14/06/2014)";"38";"32";"REGULAR";"f";"2014-06-17 22:13:57.782";"f";"1220419";"106";"CONSOLIDADA";"";"Presencial";
"1220423";"02D";"5752751";"";"";"48587";"GRADUAÇÃO";"Campus Central";"Auditório E";"2014";"1";"2014-01-27";"2014-06-14";"46M12  5T34 (27/01/2014 - 14/06/2014)";"50";"32";"REGULAR";"f";"2014-06-17 22:13:56.294";"f";"1220419";"106";"CONSOLIDADA";"";"Presencial";
"1220425";"03A";"5752891";"";"";"48587";"GRADUAÇÃO";"Campus Central";"Sala 05";"2014";"1";"2014-01-27";"2014-06-14";"2T56  46N34 (27/01/2014 - 14/06/2014)";"20";"28";"REGULAR";"f";"2014-06-18 16:13:19.833";"f";"1220424";"100";"CONSOLIDADA";"";"Presencial";
"1220426";"03B";"5752891";"";"";"48587";"GRADUAÇÃO";"Campus Central";"Sala 05";"2014";"1";"2014-01-27";"2014-06-14";"3T56  46N34 (27/01/2014 - 14/06/2014)";"20";"28";"REGULAR";"f";"2014-06-18 16:13:20.85";"f";"1220424";"100";"CONSOLIDADA";"";"Presencial";
"1220427";"03C";"5752891";"";"";"48587";"GRADUAÇÃO";"Campus Central";"Sala 05";"2014";"1";"2014-01-27";"2014-06-14";"7M34  46N34 (27/01/2014 - 14/06/2014)";"19";"28";"REGULAR";"f";"2014-06-18 16:13:21.918";"f";"1220424";"100";"CONSOLIDADA";"";"Presencial";
"1220428";"03D";"5752891";"";"";"48587";"GRADUAÇÃO";"Campus Central";"Sala 05";"2014";"1";"2014-01-27";"2014-06-14";"7M56  46N34 (27/01/2014 - 14/06/2014)";"26";"28";"REGULAR";"f";"2014-06-18 16:13:17.727";"f";"1220424";"100";"CONSOLIDADA";"";"Presencial";
"1220430";"04A";"5756351";"";"";"48587";"GRADUAÇÃO";"Campus Central";"Auditório E";"2014";"1";"2014-01-27";"2014-06-14";"4T56  46N34 (27/01/2014 - 14/06/2014)";"51";"32";"REGULAR";"f";"2014-06-20 22:25:11.366";"f";"1220429";"96";"CONSOLIDADA";"";"Presencial";
"1220431";"04B";"5756351";"";"";"48587";"GRADUAÇÃO";"Campus Central";"Auditório E";"2014";"1";"2014-01-27";"2014-06-14";"5T56  46N34 (27/01/2014 - 14/06/2014)";"39";"32";"REGULAR";"f";"2014-06-20 22:25:08.328";"f";"1220429";"96";"CONSOLIDADA";"";"Presencial";
"1220432";"04C";"5756351";"";"";"48587";"GRADUAÇÃO";"Campus Central";"Auditório E";"2014";"1";"2014-01-27";"2014-06-14";"6T56  46N34 (27/01/2014 - 14/06/2014)";"42";"32";"REGULAR";"f";"2014-06-20 22:25:10.38";"f";"1220429";"96";"CONSOLIDADA";"";"Presencial";
"1220433";"04D";"5756351";"";"";"48587";"GRADUAÇÃO";"Campus Central";"Auditório E";"2014";"1";"2014-01-27";"2014-06-14";"6T34  46N34 (27/01/2014 - 14/06/2014)";"39";"32";"REGULAR";"f";"2014-06-20 22:25:09.221";"f";"1220429";"96";"CONSOLIDADA";"";"Presencial";
"1220434";"01";"5754337";"";"";"54986";"GRADUAÇÃO";"Campus Santa Cruz";"Bloco I - Sala 3";"2014";"1";"2014-01-28";"2014-04-22";"3M345 (28/01/2014 - 22/04/2014)";"26";"30";"REGULAR";"f";"2014-05-21 15:05:38.519";"f";"";"36";"CONSOLIDADA";"";"Presencial";
"1220435";"01";"5754337";"";"";"54987";"GRADUAÇÃO";"Campus Santa Cruz";"Laboratório de Semiologia";"2014";"1";"2014-04-29";"2014-05-13";"3T123456 (29/04/2014 - 13/05/2014)";"15";"15";"REGULAR";"f";"2014-05-21 15:33:25.747";"f";"";"18";"CONSOLIDADA";"";"Presencial";
"1220436";"02";"5754337";"";"";"54987";"GRADUAÇÃO";"Campus Santa Cruz";"Laboratório de Semiologia";"2014";"1";"2014-04-30";"2014-05-14";"4T123456 (30/04/2014 - 14/05/2014)";"11";"15";"REGULAR";"f";"2014-05-21 15:40:12.006";"f";"";"18";"CONSOLIDADA";"";"Presencial";
"1220437";"01";"5753029";"";"";"54999";"GRADUAÇÃO";"Campus Santa Cruz";"Externo";"2014";"1";"2014-05-13";"2014-05-13";"3M3456 (13/05/2014 - 13/05/2014)";"6";"6";"REGULAR";"f";"2014-06-02 16:43:07.258";"f";"";"4";"CONSOLIDADA";"";"Presencial";
"1220438";"02";"5756299";"";"";"54999";"GRADUAÇÃO";"Campus Santa Cruz";"Externo";"2014";"1";"2014-05-13";"2014-05-13";"3M3456 (13/05/2014 - 13/05/2014)";"7";"6";"REGULAR";"f";"2014-06-13 04:21:44.962";"f";"";"4";"CONSOLIDADA";"";"Presencial";
"1220439";"03";"5753029";"";"";"54999";"GRADUAÇÃO";"Campus Santa Cruz";"Externo";"2014";"1";"2014-05-20";"2014-05-20";"3M3456 (20/05/2014 - 20/05/2014)";"7";"7";"REGULAR";"f";"2014-06-02 16:44:20.536";"f";"";"4";"CONSOLIDADA";"";"Presencial";
"1220440";"04";"5756299";"";"";"54999";"GRADUAÇÃO";"Campus Santa Cruz";"Externo";"2014";"1";"2014-05-20";"2014-05-20";"3M3456 (20/05/2014 - 20/05/2014)";"7";"7";"REGULAR";"f";"2014-06-13 04:23:56.443";"f";"";"4";"CONSOLIDADA";"";"Presencial";
"1220441";"05";"5753029";"";"";"54999";"GRADUAÇÃO";"Campus Santa Cruz";"Externo";"2014";"1";"2014-05-27";"2014-05-27";"3M3456 (27/05/2014 - 27/05/2014)";"5";"7";"REGULAR";"f";"2014-06-02 16:45:11.238";"f";"";"4";"CONSOLIDADA";"";"Presencial";
"1220442";"06";"5756299";"";"";"54999";"GRADUAÇÃO";"Campus Santa Cruz";"Externo";"2014";"1";"2014-05-27";"2014-05-27";"3M3456 (27/05/2014 - 27/05/2014)";"6";"7";"REGULAR";"f";"2014-06-13 04:27:12.422";"f";"";"4";"CONSOLIDADA";"";"Presencial";
"1220443";"01";"5753601";"";"";"54982";"GRADUAÇÃO";"Campus Santa Cruz";"Bloco I - Sala 9";"2014";"1";"2014-01-30";"2014-04-10";"5M3456 (30/01/2014 - 10/04/2014)";"36";"32";"REGULAR";"f";"2014-06-10 20:25:31.097";"f";"";"44";"CONSOLIDADA";"";"Presencial";
"1220444";"01";"5756321";"";"";"43156";"GRADUAÇÃO";"Campus Caicó";"B3";"2014";"1";"2014-01-27";"2014-06-14";"2M123456 (27/01/2014 - 14/06/2014)";"41";"50";"REGULAR";"f";"2014-06-14 12:13:41.075";"f";"";"108";"CONSOLIDADA";"";"Presencial";
"1220445";"04";"5752552";"";"";"55089";"GRADUAÇÃO";"Campus Santa Cruz";"Clínicas de Fisioterapia e Sala 13";"2014";"1";"2014-02-18";"2014-02-28";"3T34 6T23 (18/02/2014 - 28/02/2014)";"2";"6";"REGULAR";"f";"2014-06-11 22:41:26.428";"f";"";"6";"CONSOLIDADA";"";"Presencial";
"1220446";"05";"5756048";"";"";"55089";"GRADUAÇÃO";"Campus Santa Cruz";"Clínicas de Fisioterapia e Sala 13";"2014";"1";"2014-02-18";"2014-02-28";"3T34 6T23 (18/02/2014 - 28/02/2014)";"6";"6";"REGULAR";"f";"2014-06-10 22:52:52.202";"f";"";"8";"CONSOLIDADA";"";"Presencial";
"1220447";"01";"22142";"";"";"43150";"GRADUAÇÃO";"Campus Caicó";"B3";"2014";"1";"2014-01-27";"2014-06-14";"4M1234";"38";"60";"REGULAR";"f";"2014-06-17 08:42:49.579";"f";"";"68";"CONSOLIDADA";"";"Presencial";
"1220448";"06";"5752552";"";"";"55089";"GRADUAÇÃO";"Campus Santa Cruz";"Clínicas de Fisioterapia e Sala 13";"2014";"1";"2014-02-18";"2014-02-28";"3T56 6T45 (18/02/2014 - 28/02/2014)";"6";"6";"REGULAR";"f";"2014-06-11 22:42:50.236";"f";"";"6";"CONSOLIDADA";"";"Presencial";
"1220449";"07";"5756048";"";"";"55089";"GRADUAÇÃO";"Campus Santa Cruz";"Clínicas de Fisioterapia e Sala 13";"2014";"1";"2014-02-18";"2014-02-28";"3T56 6T45 (18/02/2014 - 28/02/2014)";"5";"6";"REGULAR";"f";"2014-06-10 22:55:06.141";"f";"";"8";"CONSOLIDADA";"";"Presencial";
"1220450";"01";"5755798";"";"";"25222";"GRADUAÇÃO";"Campus Caicó";"B3";"2014";"1";"2014-01-27";"2014-06-14";"6M1234";"40";"60";"REGULAR";"f";"2014-06-15 17:06:37.318";"f";"";"76";"CONSOLIDADA";"";"Presencial";
"1220451";"01";"3029983";"";"";"43162";"GRADUAÇÃO";"Campus Caicó";"B4";"2014";"1";"2014-01-27";"2014-06-14";"2M123456  2T1 (27/01/2014 - 14/06/2014)";"42";"50";"REGULAR";"f";"2014-06-20 07:40:49.987";"f";"";"119";"CONSOLIDADA";"";"Presencial";
"1220452";"01";"5753640";"";"";"43161";"GRADUAÇÃO";"Campus Caicó";"B4";"2014";"1";"2014-01-27";"2014-06-14";"3M34 4M1234";"43";"60";"REGULAR";"f";"2014-06-04 18:57:02.767";"f";"";"110";"CONSOLIDADA";"";"Presencial";
"1220453";"01";"5755465";"";"";"43159";"GRADUAÇÃO";"Campus Caicó";"B4";"2014";"1";"2014-01-27";"2014-06-14";"6M1234";"34";"60";"REGULAR";"f";"2014-06-10 00:41:14.23";"f";"";"68";"CONSOLIDADA";"";"Presencial";
"1220454";"01";"5755798";"";"";"43145";"GRADUAÇÃO";"Campus Caicó";"B2";"2014";"1";"2014-01-27";"2014-06-14";"3M1234";"16";"60";"REGULAR";"f";"2014-06-15 16:50:35.13";"f";"";"76";"CONSOLIDADA";"";"Presencial";
"1220455";"01";"5755600";"";"";"48188";"GRADUAÇÃO";"Campus Caicó";"B2";"2014";"1";"2014-01-27";"2014-06-14";"6M1234";"25";"60";"REGULAR";"f";"2014-06-08 13:48:13.2";"f";"";"72";"CONSOLIDADA";"";"Presencial";
"1220456";"01";"5756392";"";"";"48218";"GRADUAÇÃO";"Campus Caicó";"B1";"2014";"1";"2014-01-27";"2014-06-14";"6M1234";"11";"65";"REGULAR";"f";"2014-06-14 07:18:43.725";"f";"";"76";"CONSOLIDADA";"";"Presencial";
"1220457";"01";"5756290";"";"";"25219";"GRADUAÇÃO";"Campus Caicó";"B1";"2014";"1";"2014-01-27";"2014-06-14";"3M2345";"1";"70";"REGULAR";"f";"2014-06-14 19:01:32.251";"f";"";"76";"CONSOLIDADA";"";"Presencial";
"1220458";"01";"5756382";"";"";"48323";"GRADUAÇÃO";"Campus Santa Cruz";"Externo";"2014";"1";"2014-02-21";"2014-03-21";"6M56  6T12 (21/02/2014 - 21/03/2014)";"3";"3";"REGULAR";"f";"2014-06-11 22:48:11.79";"f";"";"20";"CONSOLIDADA";"";"Presencial";
"1220459";"02";"5756046";"";"";"48323";"GRADUAÇÃO";"Campus Santa Cruz";"Externo";"2014";"1";"2014-02-21";"2014-03-21";"6M56  6T12 (21/02/2014 - 21/03/2014)";"3";"3";"REGULAR";"f";"2014-06-14 11:02:54.107";"f";"";"20";"CONSOLIDADA";"";"Presencial";
"1220460";"03";"5756382";"";"";"48323";"GRADUAÇÃO";"Campus Santa Cruz";"Externo";"2014";"1";"2014-04-25";"2014-05-23";"6M56  6T12 (25/04/2014 - 23/05/2014)";"3";"3";"REGULAR";"f";"2014-06-13 22:45:54.916";"f";"";"20";"CONSOLIDADA";"";"Presencial";
"1220461";"04";"5756299";"";"";"48323";"GRADUAÇÃO";"Campus Santa Cruz";"Externo";"2014";"1";"2014-04-25";"2014-05-23";"6M56  6T12 (25/04/2014 - 23/05/2014)";"3";"3";"REGULAR";"f";"2014-06-14 01:56:48.896";"f";"";"20";"CONSOLIDADA";"";"Presencial";
"1220461";"04";"5756046";"";"";"48323";"GRADUAÇÃO";"Campus Santa Cruz";"Externo";"2014";"1";"2014-04-25";"2014-05-23";"6M56  6T12 (25/04/2014 - 23/05/2014)";"3";"3";"REGULAR";"f";"2014-06-14 01:56:48.896";"f";"";"20";"CONSOLIDADA";"";"Presencial";
"1220462";"01";"5752274";"";"";"2037003";"GRADUAÇÃO";"Campus Caicó";"B-01";"2014";"1";"2014-01-27";"2014-06-14";"2T12 4T34";"23";"60";"REGULAR";"f";"2014-06-21 21:14:30.292";"f";"";"76";"CONSOLIDADA";"";"Presencial";
"1220463";"14";"5752764";"";"";"25799";"GRADUAÇÃO";"Campus Central";"LAB I";"2014";"1";"2014-01-27";"2014-06-14";"6T123";"12";"16";"REGULAR";"f";"2014-06-20 15:48:22.208";"f";"";"51";"CONSOLIDADA";"";"Presencial";
"1220464";"01";"5752274";"";"";"2037016";"GRADUAÇÃO";"Campus Caicó";"B-02";"2014";"1";"2014-01-27";"2014-06-14";"5T12 6T34";"33";"50";"REGULAR";"f";"2014-06-21 18:27:08.219";"f";"";"76";"CONSOLIDADA";"";"Presencial";
"1220465";"01";"5752382";"";"";"2037000";"GRADUAÇÃO";"Campus Caicó";"LAB.ALAN TURING";"2014";"1";"2014-01-27";"2014-06-14";"234M23";"5";"35";"REGULAR";"f";"2014-06-20 15:29:37.3";"f";"";"112";"CONSOLIDADA";"";"Presencial";
"1220466";"02";"5752382";"";"";"2037000";"GRADUAÇÃO";"Campus Caicó";"LAB.ALAN TURING";"2014";"1";"2014-01-27";"2014-06-14";"234T56";"10";"35";"REGULAR";"f";"2014-06-20 15:36:53.148";"f";"";"112";"CONSOLIDADA";"";"Presencial";
"1220467";"01";"5756081";"";"";"2037001";"GRADUAÇÃO";"Campus Caicó";"B-01";"2014";"1";"2014-01-27";"2014-06-14";"35T34";"32";"60";"REGULAR";"f";"2014-06-18 11:12:56.853";"f";"";"74";"CONSOLIDADA";"";"Presencial";
"1220468";"01";"5756081";"";"";"2037018";"GRADUAÇÃO";"Campus Caicó";"A-06";"2014";"1";"2014-01-27";"2014-06-14";"35M45";"26";"30";"REGULAR";"f";"2014-06-18 09:29:09.41";"f";"";"74";"CONSOLIDADA";"";"Presencial";
"1220469";"01";"5756019";"";"";"2037012";"GRADUAÇÃO";"Campus Caicó";"LAB.ALAN TURING";"2014";"1";"2014-01-27";"2014-06-14";"24M12";"12";"20";"REGULAR";"f";"";"f";"";"";"EXCLUÍDA";"";"Presencial";
"1220470";"02";"5756464";"";"";"2037012";"GRADUAÇÃO";"Campus Caicó";"LAB.ALAN TURING";"2014";"1";"2014-01-27";"2014-06-14";"2T34 3T12";"40";"50";"REGULAR";"f";"2014-06-18 13:08:23.084";"f";"";"74";"CONSOLIDADA";"";"Presencial";
"1220471";"01";"5753601";"";"";"54983";"GRADUAÇÃO";"Campus Santa Cruz";"Pousada O Ideal";"2014";"1";"2014-04-24";"2014-05-29";"5M123 (24/04/2014 - 29/05/2014)";"17";"16";"REGULAR";"f";"2014-06-10 20:29:55.993";"f";"";"12";"CONSOLIDADA";"";"Presencial";
"1220472";"01";"5756464";"";"";"2037015";"GRADUAÇÃO";"Campus Caicó";"LAB.NEUMANN";"2014";"1";"2014-01-27";"2014-06-14";"2T12 6T34";"18";"20";"REGULAR";"f";"2014-06-19 13:19:45.998";"f";"";"72";"CONSOLIDADA";"";"Presencial";
"1220473";"02";"5753601";"";"";"54983";"GRADUAÇÃO";"Campus Santa Cruz";"Pousada O Ideal";"2014";"1";"2014-04-24";"2014-05-29";"5M456 (24/04/2014 - 29/05/2014)";"19";"16";"REGULAR";"f";"2014-06-10 20:37:19.319";"f";"";"12";"CONSOLIDADA";"";"Presencial";
"1220475";"01";"5756081";"";"";"48334";"GRADUAÇÃO";"Campus Caicó";"LAB.NEUMANN";"2014";"1";"2014-01-27";"2014-06-14";"3T12 5T56";"26";"30";"REGULAR";"f";"2014-06-18 12:48:52.657";"f";"";"74";"CONSOLIDADA";"";"Presencial";
"1220476";"01";"5753601";"";"";"54984";"GRADUAÇÃO";"Campus Santa Cruz";"Pousada O Ideal";"2014";"1";"2014-06-05";"2014-06-05";"5M123456 (05/06/2014 - 05/06/2014)";"36";"32";"REGULAR";"f";"2014-06-10 20:40:42.848";"f";"";"6";"CONSOLIDADA";"";"Presencial";
"1220477";"01";"5756019";"";"";"52912";"GRADUAÇÃO";"Campus Caicó";"LAB.NEUMANN";"2014";"1";"2014-01-27";"2014-06-14";"35M12";"8";"20";"REGULAR";"f";"2014-06-21 10:00:12.085";"f";"";"72";"CONSOLIDADA";"";"Presencial";
"1220478";"01";"5755404";"";"";"2037011";"GRADUAÇÃO";"Campus Caicó";"B-02";"2014";"1";"2014-01-27";"2014-06-14";"4T56 6T12";"21";"50";"REGULAR";"f";"2014-06-16 10:06:25.972";"f";"";"70";"CONSOLIDADA";"";"Presencial";
"1220479";"01";"5755404";"";"";"55086";"GRADUAÇÃO";"Campus Caicó";"B-09";"2014";"1";"2014-01-27";"2014-06-14";"4M23 5M45";"11";"20";"REGULAR";"f";"2014-06-06 15:32:55.277";"f";"";"66";"CONSOLIDADA";"";"Presencial";
"1220480";"01";"5753665";"";"";"2037002";"GRADUAÇÃO";"Campus Caicó";"B-01";"2014";"1";"2014-01-27";"2014-06-14";"35T12";"34";"60";"REGULAR";"f";"2014-06-20 07:46:22.623";"f";"";"72";"CONSOLIDADA";"";"Presencial";
"1220481";"03";"5753871";"";"";"22484";"GRADUAÇÃO";"Campus Central";"4I6";"2014";"1";"2014-01-27";"2014-06-14";"246T56";"14";"25";"REGULAR";"f";"2014-06-18 10:17:34.822";"f";"";"101";"CONSOLIDADA";"";"Presencial";
"1220482";"01";"24841";"";"";"22795";"GRADUAÇÃO";"Campus Central";"4A10";"2014";"1";"2014-01-27";"2014-06-14";"35M12";"18";"45";"REGULAR";"f";"2014-06-20 13:09:11.447";"f";"";"72";"CONSOLIDADA";"";"Presencial";
"1220483";"01";"5755988";"";"";"2037007";"GRADUAÇÃO";"Campus Caicó";"B-09";"2014";"1";"2014-01-27";"2014-06-14";"56M23";"17";"25";"REGULAR";"f";"2014-06-18 09:50:29.445";"f";"";"74";"CONSOLIDADA";"";"Presencial";
"1220484";"01";"24841";"";"";"22438";"GRADUAÇÃO";"Campus Central";"4B3";"2014";"1";"2014-01-27";"2014-06-14";"46M12";"13";"35";"REGULAR";"f";"2014-06-20 13:04:18.056";"f";"";"72";"CONSOLIDADA";"";"Presencial";
"1220485";"01";"5756463";"";"";"2037022";"GRADUAÇÃO";"Campus Caicó";"LAB.NEUMANN";"2014";"1";"2014-01-27";"2014-06-14";"35T34";"20";"20";"REGULAR";"f";"2014-06-16 15:58:23.6";"f";"";"72";"CONSOLIDADA";"";"Presencial";
"1220486";"01";"17517";"";"";"25881";"GRADUAÇÃO";"Campus Central";"LAB DE COMUNICAÇÕES";"2014";"1";"2014-01-27";"2014-06-14";"5M34";"13";"12";"REGULAR";"f";"2014-06-12 15:29:27.301";"f";"";"36";"CONSOLIDADA";"";"Presencial";
"1220487";"02";"17517";"";"";"25881";"GRADUAÇÃO";"Campus Central";"LAB DE COMUNICAÇÕES";"2014";"1";"2014-01-27";"2014-06-14";"5M56";"30";"17";"REGULAR";"f";"2014-06-12 15:32:07.728";"f";"";"36";"CONSOLIDADA";"";"Presencial";
"1220488";"01";"5756458";"";"";"2037027";"GRADUAÇÃO";"Campus Caicó";"LAB.NEUMANN";"2014";"1";"2014-01-27";"2014-06-14";"2T56 4T12";"28";"30";"REGULAR";"f";"2014-06-11 01:59:03.349";"f";"";"74";"CONSOLIDADA";"";"Presencial";
"1220489";"03";"17517";"";"";"25881";"GRADUAÇÃO";"Campus Central";"LAB DE COMUNICAÇÕES";"2014";"1";"2014-01-27";"2014-06-14";"6M34";"10";"12";"REGULAR";"f";"2014-06-13 08:38:58.881";"f";"";"38";"CONSOLIDADA";"";"Presencial";
"1220490";"04";"17517";"";"";"25881";"GRADUAÇÃO";"Campus Central";"LAB DE COMUNICAÇÕES";"2014";"1";"2014-01-27";"2014-06-14";"6M56";"5";"12";"REGULAR";"f";"2014-06-13 08:35:11.834";"f";"";"38";"CONSOLIDADA";"";"Presencial";
"1220491";"01";"5756458";"";"";"2037050";"GRADUAÇÃO";"Campus Caicó";"B-09/LAB.NEUMANN";"2014";"1";"2014-01-27";"2014-06-14";"2T34 3T56";"8";"20";"REGULAR";"f";"2014-06-11 02:01:52.624";"f";"";"74";"CONSOLIDADA";"";"Presencial";
"1220492";"01";"5756463";"";"";"2037014";"GRADUAÇÃO";"Campus Caicó";"LAB.NEUMANN";"2014";"1";"2014-01-27";"2014-06-14";"56M45";"4";"20";"REGULAR";"f";"2014-06-16 15:43:55.09";"f";"";"74";"CONSOLIDADA";"";"Presencial";
"1220493";"02";"";"98098909";"";"26279";"GRADUAÇÃO";"Campus Central";"1H2";"2014";"1";"2014-01-27";"2014-06-14";"6M12";"22";"62";"REGULAR";"f";"2014-06-18 14:15:47.133";"f";"";"36";"CONSOLIDADA";"";"Presencial";
"1220494";"01";"5756463";"";"";"2037019";"GRADUAÇÃO";"Campus Caicó";"LAB.NEUMANN";"2014";"1";"2014-01-27";"2014-06-14";"46T56";"13";"20";"REGULAR";"f";"2014-06-16 15:51:49.999";"f";"";"76";"CONSOLIDADA";"";"Presencial";
"1220495";"03";"5755927";"";"";"26279";"GRADUAÇÃO";"Campus Central";"1H2";"2014";"1";"2014-01-27";"2014-06-14";"2N12";"21";"61";"REGULAR";"f";"2014-06-09 11:40:07.863";"f";"";"34";"CONSOLIDADA";"";"Presencial";
"1220496";"01";"5753096";"";"";"25883";"GRADUAÇÃO";"Campus Central";"LAB DE COMUNICAÇÕES";"2014";"1";"2014-01-27";"2014-06-14";"6T12";"30";"21";"REGULAR";"f";"2014-06-14 09:55:37.422";"f";"";"34";"CONSOLIDADA";"";"Presencial";
"1220497";"02";"5753096";"";"";"25883";"GRADUAÇÃO";"Campus Central";"LAB DE COMUNICAÇÕES";"2014";"1";"2014-01-27";"2014-06-14";"6T34";"10";"20";"REGULAR";"f";"2014-06-14 09:57:17.465";"f";"";"34";"CONSOLIDADA";"";"Presencial";
"1220498";"01";"";"98098909";"";"26280";"GRADUAÇÃO";"Campus Central";"1A2";"2014";"1";"2014-01-27";"2014-06-14";"6M34";"77";"60";"REGULAR";"f";"2014-06-18 14:30:40.333";"f";"";"36";"CONSOLIDADA";"";"Presencial";
"1220500";"03A";"5752235";"";"";"25736";"GRADUAÇÃO";"Campus Central";"Sala das células";"2014";"1";"2014-01-27";"2014-06-14";"35T12";"27";"19";"REGULAR";"f";"2014-06-18 12:10:33.327";"f";"1220499";"72";"CONSOLIDADA";"";"Presencial";
"1220500";"03A";"21357";"";"";"25736";"GRADUAÇÃO";"Campus Central";"Sala das células";"2014";"1";"2014-01-27";"2014-06-14";"35T12";"27";"19";"REGULAR";"f";"2014-06-18 12:10:33.327";"f";"1220499";"72";"CONSOLIDADA";"";"Presencial";
"1220502";"04A";"5752235";"";"";"25736";"GRADUAÇÃO";"Campus Central";"Sala das células";"2014";"1";"2014-01-27";"2014-06-14";"35T12";"8";"16";"REGULAR";"f";"2014-06-18 12:28:27.883";"f";"1220501";"70";"CONSOLIDADA";"";"Presencial";
"1220502";"04A";"21357";"";"";"25736";"GRADUAÇÃO";"Campus Central";"Sala das células";"2014";"1";"2014-01-27";"2014-06-14";"35T12";"8";"16";"REGULAR";"f";"2014-06-18 12:28:27.883";"f";"1220501";"70";"CONSOLIDADA";"";"Presencial";
"1220503";"01";"5753678";"";"";"2039151";"GRADUAÇÃO";"Campus Central";"Anfiteatro B / Sala dos embriões";"2014";"1";"2014-01-27";"2014-06-14";"4M23  2T2345";"1";"50";"REGULAR";"f";"2014-06-11 07:58:25.892";"f";"";"98";"CONSOLIDADA";"";"Presencial";
"1220505";"01A";"5752476";"";"";"2039201";"GRADUAÇÃO";"Campus Central";"Sala dos embriões";"2014";"1";"2014-01-27";"2014-06-14";"24M45";"2";"25";"REGULAR";"f";"2014-06-12 21:38:37.463";"f";"1220504";"74";"CONSOLIDADA";"";"Presencial";
"1220505";"01A";"21357";"";"";"2039201";"GRADUAÇÃO";"Campus Central";"Sala dos embriões";"2014";"1";"2014-01-27";"2014-06-14";"24M45";"2";"25";"REGULAR";"f";"2014-06-12 21:38:37.463";"f";"1220504";"74";"CONSOLIDADA";"";"Presencial";
"1220507";"02A";"5752476";"";"";"2039201";"GRADUAÇÃO";"Campus Central";"Sala dos embriões";"2014";"1";"2014-01-27";"2014-06-14";"24M45";"1";"25";"REGULAR";"f";"2014-06-12 21:40:30.186";"f";"1220506";"74";"CONSOLIDADA";"";"Presencial";
"1220507";"02A";"21357";"";"";"2039201";"GRADUAÇÃO";"Campus Central";"Sala dos embriões";"2014";"1";"2014-01-27";"2014-06-14";"24M45";"1";"25";"REGULAR";"f";"2014-06-12 21:40:30.186";"f";"1220506";"74";"CONSOLIDADA";"";"Presencial";
"1220508";"02";"5756690";"";"";"26280";"GRADUAÇÃO";"Campus Central";"1G2";"2014";"1";"2014-01-27";"2014-06-14";"6N12";"51";"60";"REGULAR";"f";"2014-06-26 08:21:06.006";"f";"";"38";"CONSOLIDADA";"";"Presencial";
"1220508";"02";"5756210";"";"";"26280";"GRADUAÇÃO";"Campus Central";"1G2";"2014";"1";"2014-01-27";"2014-06-14";"6N12";"51";"60";"REGULAR";"f";"2014-06-26 08:21:06.006";"f";"";"38";"CONSOLIDADA";"";"Presencial";
"1220509";"03";"5756210";"";"";"26280";"GRADUAÇÃO";"Campus Central";"4A2";"2014";"1";"2014-01-27";"2014-06-14";"6T45";"22";"30";"REGULAR";"f";"2014-06-12 22:13:43.821";"f";"";"36";"CONSOLIDADA";"";"Presencial";
"1220509";"03";"5756690";"";"";"26280";"GRADUAÇÃO";"Campus Central";"4A2";"2014";"1";"2014-01-27";"2014-06-14";"6T45";"22";"30";"REGULAR";"f";"2014-06-12 22:13:43.821";"f";"";"36";"CONSOLIDADA";"";"Presencial";
"1220510";"01";"5755943";"";"";"2021952";"GRADUAÇÃO";"Campus Central";"IH3";"2014";"1";"2014-01-27";"2014-06-14";"35T34";"3";"50";"REGULAR";"f";"2014-06-13 23:41:03.64";"f";"";"68";"CONSOLIDADA";"";"Presencial";
"1220511";"08";"5752604";"";"";"54916";"GRADUAÇÃO";"Campus Santa Cruz";"Externo";"2014";"1";"2014-01-27";"2014-06-14";"5M234";"";"15";"REGULAR";"f";"2014-06-21 21:35:41.403";"f";"";"54";"CONSOLIDADA";"";"Presencial";
"1220512";"01";"5754314";"";"";"2021953";"GRADUAÇÃO";"Campus Central";"ID5";"2014";"1";"2014-01-27";"2014-06-14";"35T12";"4";"50";"REGULAR";"f";"2014-06-10 18:09:36.473";"f";"";"70";"CONSOLIDADA";"";"Presencial";
"1220513";"09";"5756298";"";"";"54916";"GRADUAÇÃO";"Campus Santa Cruz";"Externo";"2014";"1";"2014-01-27";"2014-06-14";"5M234";"6";"15";"REGULAR";"f";"2014-06-13 19:40:37.014";"f";"";"51";"CONSOLIDADA";"";"Presencial";
"1220514";"01";"5754314";"";"";"2021954";"GRADUAÇÃO";"Campus Central";"IH4";"2014";"1";"2014-01-27";"2014-06-14";"35T56";"32";"50";"REGULAR";"f";"2014-06-09 16:16:34.477";"f";"";"66";"CONSOLIDADA";"";"Presencial";
"1220515";"01";"5756336";"";"";"2021955";"GRADUAÇÃO";"Campus Central";"IH4";"2014";"1";"2014-01-27";"2014-06-14";"35T12";"31";"50";"REGULAR";"f";"2014-06-05 12:01:01.901";"f";"";"72";"CONSOLIDADA";"";"Presencial";
"1220516";"01";"24596";"";"";"2022250";"GRADUAÇÃO";"Campus Central";"IH6";"2014";"1";"2014-01-27";"2014-06-14";"24T56";"25";"50";"REGULAR";"f";"2014-06-06 10:06:21.474";"f";"";"66";"CONSOLIDADA";"";"Presencial";
"1220517";"23A";"5754972";"";"";"46631";"GRADUAÇÃO";"";"CARAÚBAS/RN";"2014";"1";"2014-01-27";"2014-06-14";"";"";"";"REGULAR";"t";"2014-06-18 17:48:56.552";"f";"";"0";"CONSOLIDADA";"";"A Distância";
"1220518";"02C";"5754972";"";"";"46631";"GRADUAÇÃO";"";"CURRIAS NOVOS/RN";"2014";"1";"2014-01-27";"2014-06-14";"";"1";"";"REGULAR";"t";"2014-06-18 18:25:48.279";"f";"";"0";"CONSOLIDADA";"";"A Distância";
"1220519";"01B";"5754972";"";"";"46631";"GRADUAÇÃO";"";"MACAU/RN";"2014";"1";"2014-01-27";"2014-06-14";"";"";"";"REGULAR";"t";"2014-06-18 18:23:47.693";"f";"";"0";"CONSOLIDADA";"";"A Distância";
"1220520";"21A";"5754972";"";"";"46631";"GRADUAÇÃO";"";"PARNAMIRIM/RN";"2014";"1";"2014-01-27";"2014-06-14";"";"1";"";"REGULAR";"t";"2014-06-18 17:52:19.818";"f";"";"0";"CONSOLIDADA";"";"A Distância";
"1220521";"1,2,3A";"5754972";"";"";"46631";"GRADUAÇÃO";"";"SÃO GONÇALO  DO AMARANTE/RN";"2014";"1";"2014-01-27";"2014-06-14";"";"2";"";"REGULAR";"t";"2014-06-18 18:15:27.367";"f";"";"0";"CONSOLIDADA";"";"A Distância";
"1220522";"01";"5752382";"";"";"46773";"GRADUAÇÃO";"Campus Caicó";"LAB.ALAN TURING";"2014";"1";"2014-01-27";"2014-06-14";"24M45";"9";"20";"REGULAR";"f";"2014-06-20 11:51:30.154";"f";"";"74";"CONSOLIDADA";"";"Presencial";
"1220523";"23";"2277825";"";"";"53692";"GRADUAÇÃO";"";"CARAÚBAS/RN";"2014";"1";"2014-01-27";"2014-06-14";"";"";"";"REGULAR";"t";"2014-06-26 11:20:21.227";"f";"";"0";"CONSOLIDADA";"";"A Distância";
"1220523";"23";"5753547";"";"";"53692";"GRADUAÇÃO";"";"CARAÚBAS/RN";"2014";"1";"2014-01-27";"2014-06-14";"";"";"";"REGULAR";"t";"2014-06-26 11:20:21.227";"f";"";"0";"CONSOLIDADA";"";"A Distância";
"1220524";"02";"2277825";"";"";"53692";"GRADUAÇÃO";"";"CURRAIS NOVOS/RN";"2014";"1";"2014-01-27";"2014-06-14";"";"1";"";"REGULAR";"t";"2014-06-17 14:56:26.192";"f";"";"0";"CONSOLIDADA";"";"A Distância";
"1220525";"01";"2277825";"";"";"53692";"GRADUAÇÃO";"";"MACAU/RN";"2014";"1";"2014-01-27";"2014-06-14";"";"";"";"REGULAR";"t";"2014-06-26 14:51:12.326";"f";"";"0";"CONSOLIDADA";"";"A Distância";
"1220525";"01";"5753547";"";"";"53692";"GRADUAÇÃO";"";"MACAU/RN";"2014";"1";"2014-01-27";"2014-06-14";"";"";"";"REGULAR";"t";"2014-06-26 14:51:12.326";"f";"";"0";"CONSOLIDADA";"";"A Distância";
"1220526";"21";"2277825";"";"";"53692";"GRADUAÇÃO";"";"PARNAMIRIM/RN";"2014";"1";"2014-01-27";"2014-06-14";"";"2";"";"REGULAR";"t";"2014-06-17 14:58:44.44";"f";"";"0";"CONSOLIDADA";"";"A Distância";
"1220527";"1,2,3";"2277825";"";"";"53692";"GRADUAÇÃO";"";"SÃO GONÇALO  DO AMARANTE/RN";"2014";"1";"2014-01-27";"2014-06-14";"";"2";"";"REGULAR";"t";"2014-06-17 14:57:37.628";"f";"";"0";"CONSOLIDADA";"";"A Distância";
"1220528";"01";"18670";"";"";"2022410";"GRADUAÇÃO";"Campus Central";"IH8";"2014";"1";"2014-01-27";"2014-06-14";"35T34";"36";"50";"REGULAR";"f";"2014-06-18 12:24:00.441";"f";"";"66";"CONSOLIDADA";"";"Presencial";
"1220529";"23A";"3031765";"";"";"46522";"GRADUAÇÃO";"";"CARAÚBAS/RN";"2014";"1";"2014-01-27";"2014-06-14";"";"";"";"REGULAR";"t";"2014-06-17 00:22:48.297";"f";"";"0";"CONSOLIDADA";"";"A Distância";
"1220530";"02B";"3031765";"";"";"46522";"GRADUAÇÃO";"";"CURRAIS NOVOS/RN";"2014";"1";"2014-01-27";"2014-06-14";"";"1";"";"REGULAR";"t";"2014-06-17 00:18:13.993";"f";"";"0";"CONSOLIDADA";"";"A Distância";
"1220531";"01B";"3031765";"";"";"46522";"GRADUAÇÃO";"";"MACAU/RN";"2014";"1";"2014-01-27";"2014-06-14";"";"";"";"REGULAR";"t";"2014-06-17 00:16:19.432";"f";"";"0";"CONSOLIDADA";"";"A Distância";
"1220532";"21A";"3031765";"";"";"46522";"GRADUAÇÃO";"";"PARNAMIRIM/RN";"2014";"1";"2014-01-27";"2014-06-14";"";"2";"";"REGULAR";"t";"2014-06-17 00:21:22.819";"f";"";"0";"CONSOLIDADA";"";"A Distância";
"1220533";"1,2,3A";"3031765";"";"";"46522";"GRADUAÇÃO";"";"SÃO GONÇALO  DO AMARANTE/RN";"2014";"1";"2014-01-27";"2014-06-14";"";"2";"";"REGULAR";"t";"2014-06-17 00:18:52.762";"f";"";"0";"CONSOLIDADA";"";"A Distância";
"1220534";"23";"5752683";"";"";"53690";"GRADUAÇÃO";"";"CARAÚBAS/RN";"2014";"1";"2014-01-27";"2014-06-14";"";"";"";"REGULAR";"t";"2014-06-15 11:29:23.767";"f";"";"0";"CONSOLIDADA";"";"A Distância";
"1220535";"02";"5752683";"";"";"53690";"GRADUAÇÃO";"";"CURRAIS NOVOS/RN";"2014";"1";"2014-01-27";"2014-06-14";"";"1";"";"REGULAR";"t";"2014-06-15 11:26:04.109";"f";"";"0";"CONSOLIDADA";"";"A Distância";
"1220536";"01";"5752683";"";"";"53690";"GRADUAÇÃO";"";"MACAU/RN";"2014";"1";"2014-01-27";"2014-06-14";"";"";"";"REGULAR";"t";"2014-06-15 11:24:40.484";"f";"";"0";"CONSOLIDADA";"";"A Distância";
"1220537";"21";"5752683";"";"";"53690";"GRADUAÇÃO";"";"PARNAMIRIM/RN";"2014";"1";"2014-01-27";"2014-06-14";"";"2";"";"REGULAR";"t";"2014-06-15 11:28:14.203";"f";"";"0";"CONSOLIDADA";"";"A Distância";
"1220538";"1,2,3";"5752683";"";"";"53690";"GRADUAÇÃO";"";"SÃO GONÇALO  DO AMARANTE/RN";"2014";"1";"2014-01-27";"2014-06-14";"";"2";"";"REGULAR";"t";"2014-06-15 11:27:06.29";"f";"";"0";"CONSOLIDADA";"";"A Distância";
"1220539";"23B";"22897";"";"";"45766";"GRADUAÇÃO";"";"CARAÚBAS/RN";"2014";"1";"2014-01-27";"2014-06-14";"";"";"";"REGULAR";"t";"2014-06-19 13:59:42.581";"f";"";"0";"CONSOLIDADA";"";"A Distância";
"1220540";"02C";"22897";"";"";"45766";"GRADUAÇÃO";"";"CURRAIS NOVOS/RN";"2014";"1";"2014-01-27";"2014-06-14";"";"1";"";"REGULAR";"t";"2014-06-19 14:03:55.864";"f";"";"0";"CONSOLIDADA";"";"A Distância";
"1220541";"01C";"22897";"";"";"45766";"GRADUAÇÃO";"";"MACAU/RN";"2014";"1";"2014-01-27";"2014-06-14";"";"";"";"REGULAR";"t";"2014-06-20 09:39:54.329";"f";"";"0";"CONSOLIDADA";"";"A Distância";
"1220542";"21A";"22897";"";"";"45766";"GRADUAÇÃO";"";"PARNAMIRIM/RN";"2014";"1";"2014-01-27";"2014-06-14";"";"1";"";"REGULAR";"t";"2014-06-19 14:19:06.082";"f";"";"0";"CONSOLIDADA";"";"A Distância";
"1220543";"1,2,3A";"22897";"";"";"45766";"GRADUAÇÃO";"";"SÃO GONÇALO  DO AMARANTE/RN";"2014";"1";"2014-01-27";"2014-06-14";"";"2";"";"REGULAR";"t";"2014-06-19 14:10:46.092";"f";"";"0";"CONSOLIDADA";"";"A Distância";
"1220544";"14";"5755424";"";"";"50585";"GRADUAÇÃO";"";"CAICÓ/RN";"2014";"1";"2014-01-27";"2014-06-14";"";"24";"";"REGULAR";"t";"2014-06-21 18:42:51.187";"f";"";"0";"CONSOLIDADA";"";"A Distância";
"1220545";"02";"5755424";"";"";"50585";"GRADUAÇÃO";"";"CURRAIS NOVOS/RN";"2014";"1";"2014-01-27";"2014-06-14";"";"38";"";"REGULAR";"t";"2014-06-21 18:40:48.551";"f";"";"0";"CONSOLIDADA";"";"A Distância";
"1220546";"01";"5755424";"";"";"50585";"GRADUAÇÃO";"";"MACAU/RN";"2014";"1";"2014-01-27";"2014-06-14";"";"26";"";"REGULAR";"t";"2014-06-21 18:30:24.376";"f";"";"0";"CONSOLIDADA";"";"A Distância";
"1220547";"16";"5755424";"";"";"50585";"GRADUAÇÃO";"";"MARCELINO VIEIRA/RN";"2014";"1";"2014-01-27";"2014-06-14";"";"22";"";"REGULAR";"t";"2014-06-21 18:46:57.18";"f";"";"0";"CONSOLIDADA";"";"A Distância";
"1220548";"18";"5755424";"";"";"50585";"GRADUAÇÃO";"";"NATAL/RN";"2014";"1";"2014-01-27";"2014-06-14";"";"31";"";"REGULAR";"t";"2014-06-21 18:48:27.305";"f";"";"0";"CONSOLIDADA";"";"A Distância";
"1220549";"03";"5755424";"";"";"50585";"GRADUAÇÃO";"";"NOVA CRUZ/RN";"2014";"1";"2014-01-27";"2014-06-14";"";"41";"";"REGULAR";"t";"2014-06-21 18:36:50.134";"f";"";"0";"CONSOLIDADA";"";"A Distância";
"1220550";"14C";"5753849";"";"";"46634";"GRADUAÇÃO";"";"CAICÓ/RN";"2014";"1";"2014-01-27";"2014-06-14";"";"19";"";"REGULAR";"t";"2014-06-21 14:37:26.344";"f";"";"0";"CONSOLIDADA";"";"A Distância";
"1220551";"02C";"5753849";"";"";"46634";"GRADUAÇÃO";"";"CURRAIS NOVOS/RN";"2014";"1";"2014-01-27";"2014-06-14";"";"36";"";"REGULAR";"t";"2014-06-21 17:36:45.021";"f";"";"0";"CONSOLIDADA";"";"A Distância";
"1220552";"01C";"5753849";"";"";"46634";"GRADUAÇÃO";"";"MACAU/RN";"2014";"1";"2014-01-27";"2014-06-14";"";"23";"";"REGULAR";"t";"2014-06-21 17:34:44.152";"f";"";"0";"CONSOLIDADA";"";"A Distância";
"1220553";"16B";"5753849";"";"";"46634";"GRADUAÇÃO";"";"MARCELINO VIEIRA/RN";"2014";"1";"2014-01-27";"2014-06-14";"";"22";"";"REGULAR";"t";"2014-06-21 14:31:12.55";"f";"";"0";"CONSOLIDADA";"";"A Distância";
"1220554";"18A";"5753849";"";"";"46634";"GRADUAÇÃO";"";"NATAL/RN";"2014";"1";"2014-01-27";"2014-06-14";"";"28";"";"REGULAR";"t";"2014-06-21 14:35:02.53";"f";"";"0";"CONSOLIDADA";"";"A Distância";
"1220555";"03C";"5753849";"";"";"46634";"GRADUAÇÃO";"";"NOVA CRUZ/RN";"2014";"1";"2014-01-27";"2014-06-14";"";"34";"";"REGULAR";"t";"2014-06-21 17:38:03.647";"f";"";"0";"CONSOLIDADA";"";"A Distância";
"1220556";"01";"5755927";"";"";"2021956";"GRADUAÇÃO";"Campus Central";"IH4";"2014";"1";"2014-01-27";"2014-06-14";"35T34";"29";"50";"REGULAR";"f";"2014-06-08 20:32:52.072";"f";"";"66";"CONSOLIDADA";"";"Presencial";
"1220557";"01";"5756357";"";"";"2021959";"GRADUAÇÃO";"Campus Central";"IH5";"2014";"1";"2014-01-27";"2014-06-14";"24T56";"31";"50";"REGULAR";"f";"2014-06-09 13:26:41.704";"f";"";"70";"CONSOLIDADA";"";"Presencial";
"1220558";"14C";"22129";"";"";"46630";"GRADUAÇÃO";"";"CAICÓ/RN";"2014";"1";"2014-01-27";"2014-06-14";"";"2";"";"REGULAR";"t";"2014-06-20 19:38:22.629";"f";"";"0";"CONSOLIDADA";"";"A Distância";
"1220559";"02C";"22129";"";"";"46630";"GRADUAÇÃO";"";"CURRIAS NOVOS/RN";"2014";"1";"2014-01-27";"2014-06-14";"";"";"";"REGULAR";"t";"2014-06-20 19:29:38.142";"f";"";"0";"CONSOLIDADA";"";"A Distância";
"1220560";"01C";"22129";"";"";"46630";"GRADUAÇÃO";"";"MACAU/RN";"2014";"1";"2014-01-27";"2014-06-14";"";"3";"";"REGULAR";"t";"2014-06-20 19:22:55.736";"f";"";"0";"CONSOLIDADA";"";"A Distância";
"1220561";"21A";"22129";"";"";"46630";"GRADUAÇÃO";"";"PARNAMIRIM/RN";"2014";"1";"2014-01-27";"2014-06-14";"";"";"";"REGULAR";"t";"2014-06-20 19:49:38.078";"f";"";"0";"CONSOLIDADA";"";"A Distância";
"1220562";"14B";"25991";"";"";"46522";"GRADUAÇÃO";"";"CAICÓ/RN";"2014";"1";"2014-01-27";"2014-06-14";"";"1";"";"REGULAR";"t";"2014-06-19 12:37:08.809";"f";"";"0";"CONSOLIDADA";"";"A Distância";
"1220563";"02C";"25991";"";"";"46522";"GRADUAÇÃO";"";"CURRAIS NOVOS/RN";"2014";"1";"2014-01-27";"2014-06-14";"";"2";"";"REGULAR";"t";"2014-06-06 10:16:15.92";"f";"";"0";"CONSOLIDADA";"";"A Distância";
"1220564";"01C";"25991";"";"";"46522";"GRADUAÇÃO";"";"MACAU/RN";"2014";"1";"2014-01-27";"2014-06-14";"";"2";"";"REGULAR";"t";"2014-06-19 12:33:42.904";"f";"";"0";"CONSOLIDADA";"";"A Distância";
"1220565";"21B";"25991";"";"";"46522";"GRADUAÇÃO";"";"PARNAMIRIM/RN";"2014";"1";"2014-01-27";"2014-06-14";"";"";"";"REGULAR";"t";"2014-06-19 12:50:05.69";"f";"";"0";"CONSOLIDADA";"";"A Distância";
"1220566";"01";"5754314";"";"";"2022502";"GRADUAÇÃO";"Campus Central";"IG3";"2014";"1";"2014-01-27";"2014-06-14";"35T34";"37";"50";"REGULAR";"f";"2014-06-09 16:11:33.317";"f";"";"66";"CONSOLIDADA";"";"Presencial";
"1220567";"01";"5755927";"";"";"2021961";"GRADUAÇÃO";"Campus Central";"IH5";"2014";"1";"2014-01-27";"2014-06-14";"35T12";"31";"50";"REGULAR";"f";"2014-06-08 20:47:44.793";"f";"";"68";"CONSOLIDADA";"";"Presencial";
"1220568";"01";"5756336";"";"";"2021958";"GRADUAÇÃO";"Campus Central";"IH5";"2014";"1";"2014-01-27";"2014-06-14";"24T12";"34";"50";"REGULAR";"f";"2014-06-11 08:10:35.7";"f";"";"72";"CONSOLIDADA";"";"Presencial";
"1220569";"01";"5756320";"";"";"48221";"GRADUAÇÃO";"Campus Caicó";"B1";"2014";"1";"2014-01-27";"2014-06-14";"5M123";"6";"70";"REGULAR";"f";"2014-06-12 11:57:10.329";"f";"";"54";"CONSOLIDADA";"";"Presencial";
"1220570";"01";"5756052";"";"";"48223";"GRADUAÇÃO";"Campus Caicó";"B2";"2014";"1";"2014-01-27";"2014-06-14";"5M1234";"19";"60";"REGULAR";"f";"2014-06-13 13:17:39.917";"f";"";"72";"CONSOLIDADA";"";"Presencial";
"1220571";"01";"23920";"";"";"2021960";"GRADUAÇÃO";"Campus Central";"IH5";"2014";"1";"2014-01-27";"2014-06-14";"35T34";"31";"50";"REGULAR";"f";"2014-06-09 21:06:24.119";"f";"";"68";"CONSOLIDADA";"";"Presencial";
"1220572";"01";"5753688";"";"";"25231";"GRADUAÇÃO";"Campus Caicó";"B3";"2014";"1";"2014-01-27";"2014-06-14";"5N1234";"35";"60";"REGULAR";"f";"2014-06-20 11:54:48.186";"f";"";"72";"CONSOLIDADA";"";"Presencial";
"1220573";"01";"102359";"";"";"2022408";"GRADUAÇÃO";"Campus Central";"IH8";"2014";"1";"2014-01-27";"2014-06-14";"24T34";"39";"50";"REGULAR";"f";"2014-06-10 08:33:29.08";"f";"";"70";"CONSOLIDADA";"";"Presencial";
"1220574";"01";"5756336";"";"";"2022150";"GRADUAÇÃO";"Campus Central";"IH6";"2014";"1";"2014-01-27";"2014-06-14";"24T34";"36";"50";"REGULAR";"f";"2014-06-11 21:24:36.277";"f";"";"72";"CONSOLIDADA";"";"Presencial";
"1220575";"01";"5756357";"";"";"2022153";"GRADUAÇÃO";"Campus Central";"IH6";"2014";"1";"2014-01-27";"2014-06-14";"35T56";"39";"50";"REGULAR";"f";"2014-06-09 14:01:04.724";"f";"";"68";"CONSOLIDADA";"";"Presencial";
"1220576";"02";"5756392";"";"";"2034509";"GRADUAÇÃO";"Campus Caicó";"B1";"2014";"1";"2014-01-27";"2014-06-14";"4M1234";"2";"70";"REGULAR";"f";"2014-06-14 07:31:24.371";"f";"";"76";"CONSOLIDADA";"";"Presencial";
"1220577";"01";"23920";"";"";"2022411";"GRADUAÇÃO";"Campus Central";"IH8";"2014";"1";"2014-01-27";"2014-06-14";"35T12";"38";"50";"REGULAR";"f";"2014-06-11 21:03:03.828";"f";"";"68";"CONSOLIDADA";"";"Presencial";
"1220578";"01";"5753640";"";"";"26869";"GRADUAÇÃO";"Campus Caicó";"A7";"2014";"1";"2014-01-27";"2014-06-14";"3T5234";"53";"60";"REGULAR";"f";"2014-06-10 09:57:23.366";"f";"";"72";"CONSOLIDADA";"";"Presencial";
"1220579";"14";"5752824";"";"";"42978";"GRADUAÇÃO";"";"CAICÓ/RN";"2014";"1";"2014-01-27";"2014-06-14";"";"2";"";"REGULAR";"t";"2014-06-20 15:59:08.479";"f";"";"0";"CONSOLIDADA";"";"A Distância";
"1220580";"02";"5752824";"";"";"42978";"GRADUAÇÃO";"";"CURRIAS NOVOS/RN";"2014";"1";"2014-01-27";"2014-06-14";"";"3";"";"REGULAR";"t";"2014-06-20 15:55:00.405";"f";"";"0";"CONSOLIDADA";"";"A Distância";
"1220581";"01";"5752824";"";"";"42978";"GRADUAÇÃO";"";"MACAU/RN";"2014";"1";"2014-01-27";"2014-06-14";"";"7";"";"REGULAR";"t";"2014-06-20 15:52:26.331";"f";"";"0";"CONSOLIDADA";"";"A Distância";
"1220582";"21";"5752824";"";"";"42978";"GRADUAÇÃO";"";"PARNAMIRIM/RN";"2014";"1";"2014-01-27";"2014-06-14";"";"";"";"REGULAR";"t";"2014-06-20 18:14:29.286";"f";"";"0";"CONSOLIDADA";"";"A Distância";
"1220583";"01";"102359";"";"";"2022152";"GRADUAÇÃO";"Campus Central";"IH6";"2014";"1";"2014-01-27";"2014-06-14";"24T12";"40";"50";"REGULAR";"f";"2014-06-10 08:23:42.382";"f";"";"70";"CONSOLIDADA";"";"Presencial";
"1220584";"01";"5756357";"";"";"2022407";"GRADUAÇÃO";"Campus Central";"IH8";"2014";"1";"2014-01-27";"2014-06-14";"24T12";"37";"50";"REGULAR";"f";"2014-06-09 13:28:09.579";"f";"";"72";"CONSOLIDADA";"";"Presencial";
"1220585";"14";"";"102473898";"";"42987";"GRADUAÇÃO";"";"CAICÓ/RN";"2014";"1";"2014-01-27";"2014-06-14";"";"23";"";"REGULAR";"t";"2014-06-30 15:40:58.44";"f";"";"0";"CONSOLIDADA";"";"A Distância";
"1220586";"02";"";"102473898";"";"42987";"GRADUAÇÃO";"";"CURRAIS NOVOS/RN";"2014";"1";"2014-01-27";"2014-06-14";"";"38";"";"REGULAR";"t";"2014-06-30 15:44:34.512";"f";"";"0";"CONSOLIDADA";"";"A Distância";
"1220587";"01";"";"102473898";"";"42987";"GRADUAÇÃO";"";"MACAU/RN";"2014";"1";"2014-01-27";"2014-06-14";"";"26";"";"REGULAR";"t";"2014-06-30 15:43:18.463";"f";"";"0";"CONSOLIDADA";"";"A Distância";
"1220588";"16";"";"102473898";"";"42987";"GRADUAÇÃO";"";"MARCELINO VIEIRA/RN";"2014";"1";"2014-01-27";"2014-06-14";"";"22";"";"REGULAR";"t";"2014-06-30 15:42:15.684";"f";"";"0";"CONSOLIDADA";"";"A Distância";
"1220589";"18";"";"102473898";"";"42987";"GRADUAÇÃO";"";"NATAL/RN";"2014";"1";"2014-01-27";"2014-06-14";"";"28";"";"REGULAR";"t";"2014-06-30 15:47:05.48";"f";"";"0";"CONSOLIDADA";"";"A Distância";
"1220590";"03";"";"102473898";"";"42987";"GRADUAÇÃO";"";"NOVA CRUZ/RN";"2014";"1";"2014-01-27";"2014-06-14";"";"42";"";"REGULAR";"t";"2014-06-30 15:46:05.986";"f";"";"0";"CONSOLIDADA";"";"A Distância";
"1220595";"14";"20842";"";"";"42989";"GRADUAÇÃO";"";"CAICÓ/RN";"2014";"1";"2014-01-27";"2014-06-14";"";"24";"";"REGULAR";"t";"2014-06-26 14:10:47.882";"f";"";"0";"CONSOLIDADA";"";"A Distância";
"1220595";"14";"24352";"";"";"42989";"GRADUAÇÃO";"";"CAICÓ/RN";"2014";"1";"2014-01-27";"2014-06-14";"";"24";"";"REGULAR";"t";"2014-06-26 14:10:47.882";"f";"";"0";"CONSOLIDADA";"";"A Distância";
"1220596";"02";"24352";"";"";"42989";"GRADUAÇÃO";"";"CURRAIS NOVOS/RN";"2014";"1";"2014-01-27";"2014-06-14";"";"39";"";"REGULAR";"t";"2014-06-20 21:26:12.557";"f";"";"0";"CONSOLIDADA";"";"A Distância";
"1220596";"02";"20842";"";"";"42989";"GRADUAÇÃO";"";"CURRAIS NOVOS/RN";"2014";"1";"2014-01-27";"2014-06-14";"";"39";"";"REGULAR";"t";"2014-06-20 21:26:12.557";"f";"";"0";"CONSOLIDADA";"";"A Distância";
"1220597";"01";"20842";"";"";"42989";"GRADUAÇÃO";"";"MACAU/RN";"2014";"1";"2014-01-27";"2014-06-14";"";"28";"";"REGULAR";"t";"2014-06-20 21:06:07.498";"f";"";"0";"CONSOLIDADA";"";"A Distância";
"1220597";"01";"24352";"";"";"42989";"GRADUAÇÃO";"";"MACAU/RN";"2014";"1";"2014-01-27";"2014-06-14";"";"28";"";"REGULAR";"t";"2014-06-20 21:06:07.498";"f";"";"0";"CONSOLIDADA";"";"A Distância";
"1220598";"16";"20842";"";"";"42989";"GRADUAÇÃO";"";"MARCELINO VIEIRA/RN";"2014";"1";"2014-01-27";"2014-06-14";"";"22";"";"REGULAR";"t";"2014-06-20 21:31:28.124";"f";"";"0";"CONSOLIDADA";"";"A Distância";
"1220598";"16";"24352";"";"";"42989";"GRADUAÇÃO";"";"MARCELINO VIEIRA/RN";"2014";"1";"2014-01-27";"2014-06-14";"";"22";"";"REGULAR";"t";"2014-06-20 21:31:28.124";"f";"";"0";"CONSOLIDADA";"";"A Distância";
"1220599";"18";"20842";"";"";"42989";"GRADUAÇÃO";"";"NATAL/RN";"2014";"1";"2014-01-27";"2014-06-14";"";"29";"";"REGULAR";"t";"2014-06-20 21:23:14.019";"f";"";"0";"CONSOLIDADA";"";"A Distância";
"1220599";"18";"24352";"";"";"42989";"GRADUAÇÃO";"";"NATAL/RN";"2014";"1";"2014-01-27";"2014-06-14";"";"29";"";"REGULAR";"t";"2014-06-20 21:23:14.019";"f";"";"0";"CONSOLIDADA";"";"A Distância";
"1220600";"03";"20842";"";"";"42989";"GRADUAÇÃO";"";"NOVA CRUZ/RN";"2014";"1";"2014-01-27";"2014-06-14";"";"41";"";"REGULAR";"t";"2014-06-20 21:28:58.381";"f";"";"0";"CONSOLIDADA";"";"A Distância";
"1220600";"03";"24352";"";"";"42989";"GRADUAÇÃO";"";"NOVA CRUZ/RN";"2014";"1";"2014-01-27";"2014-06-14";"";"41";"";"REGULAR";"t";"2014-06-20 21:28:58.381";"f";"";"0";"CONSOLIDADA";"";"A Distância";
"1220601";"14";"5752569";"";"";"42992";"GRADUAÇÃO";"";"CAICÓ/RN";"2014";"1";"2014-01-27";"2014-06-14";"";"25";"";"REGULAR";"t";"2014-06-15 20:37:06.11";"f";"";"0";"CONSOLIDADA";"";"A Distância";
"1220602";"02";"5752569";"";"";"42992";"GRADUAÇÃO";"";"CURRAIS NOVOS/RN";"2014";"1";"2014-01-27";"2014-06-14";"";"38";"";"REGULAR";"t";"2014-06-15 20:35:33.123";"f";"";"0";"CONSOLIDADA";"";"A Distância";
"1220603";"01";"5752569";"";"";"42992";"GRADUAÇÃO";"";"MACAU/RN";"2014";"1";"2014-01-27";"2014-06-14";"";"27";"";"REGULAR";"t";"2014-06-15 20:27:43.483";"f";"";"0";"CONSOLIDADA";"";"A Distância";
"1220604";"16";"5752569";"";"";"42992";"GRADUAÇÃO";"";"MARCELINO VIEIRA/RN";"2014";"1";"2014-01-27";"2014-06-14";"";"22";"";"REGULAR";"t";"2014-06-15 20:33:36.156";"f";"";"0";"CONSOLIDADA";"";"A Distância";
"1220605";"24";"5752569";"";"";"42992";"GRADUAÇÃO";"";"NATAL/RN";"2014";"1";"2014-01-27";"2014-06-14";"";"28";"";"REGULAR";"t";"2014-06-16 12:11:34.057";"f";"";"0";"CONSOLIDADA";"";"A Distância";
"1220606";"03";"5752569";"";"";"42992";"GRADUAÇÃO";"";"NOVA CRUZ/RN";"2014";"1";"2014-01-27";"2014-06-14";"";"39";"";"REGULAR";"t";"2014-06-15 20:31:43.516";"f";"";"0";"CONSOLIDADA";"";"A Distância";
"1220607";"14";"5752181";"";"";"42977";"GRADUAÇÃO";"";"CAICÓ/RN";"2014";"1";"2014-01-27";"2014-06-14";"";"2";"";"REGULAR";"t";"2014-06-21 07:08:02.926";"f";"";"0";"CONSOLIDADA";"";"A Distância";
"1220608";"02";"5752181";"";"";"42977";"GRADUAÇÃO";"";"CURRIAS NOVOS/RN";"2014";"1";"2014-01-27";"2014-06-14";"";"";"";"REGULAR";"t";"2014-06-21 06:54:28.615";"f";"";"0";"CONSOLIDADA";"";"A Distância";
"1220609";"01";"5752181";"";"";"42977";"GRADUAÇÃO";"";"MACAU/RN";"2014";"1";"2014-01-27";"2014-06-14";"";"2";"";"REGULAR";"t";"2014-06-21 07:28:51.056";"f";"";"0";"CONSOLIDADA";"";"A Distância";
"1220610";"21";"5752181";"";"";"42977";"GRADUAÇÃO";"";"PARNAMIRIM/RN";"2014";"1";"2014-01-27";"2014-06-14";"";"";"";"REGULAR";"t";"2014-06-21 07:53:13.92";"f";"";"0";"CONSOLIDADA";"";"A Distância";
"1220611";"01";"18543";"";"Disciplina Obrigatória.";"53102";"STRICTO SENSU";"";"Sala 02 - LECA/DCA";"2014";"1";"2014-01-27";"2014-06-06";"3N1234 (27/01/2014 - 06/06/2014)";"7";"20";"REGULAR";"f";"2014-06-22 13:26:37.073";"f";"";"72";"CONSOLIDADA";"";"Presencial";
"1220612";"01";"5756467";"";"";"2049573";"GRADUAÇÃO";"Campus Santa Cruz";"3 BLOCO I - Sala 7 E 5 Bloco I - Sala 10";"2014";"1";"2014-01-27";"2014-06-14";"35T56";"36";"40";"REGULAR";"f";"2014-06-13 15:41:28.857";"f";"";"68";"CONSOLIDADA";"";"Presencial";
"1220612";"01";"5756089";"";"";"2049573";"GRADUAÇÃO";"Campus Santa Cruz";"3 BLOCO I - Sala 7 E 5 Bloco I - Sala 10";"2014";"1";"2014-01-27";"2014-06-14";"35T56";"36";"40";"REGULAR";"f";"2014-06-13 15:41:28.857";"f";"";"68";"CONSOLIDADA";"";"Presencial";
"1220613";"01";"5753560";"";"Disciplina Obrigatória";"53103";"STRICTO SENSU";"";"Sala 02 - LECA/DCA";"2014";"1";"2014-01-27";"2014-06-06";"5N1234 (27/01/2014 - 06/06/2014)";"5";"20";"REGULAR";"f";"2014-06-18 16:34:06.995";"f";"";"68";"CONSOLIDADA";"";"Presencial";
"1220613";"01";"17421";"";"Disciplina Obrigatória";"53103";"STRICTO SENSU";"";"Sala 02 - LECA/DCA";"2014";"1";"2014-01-27";"2014-06-06";"5N1234 (27/01/2014 - 06/06/2014)";"5";"20";"REGULAR";"f";"2014-06-18 16:34:06.995";"f";"";"68";"CONSOLIDADA";"";"Presencial";
"1220614";"01";"5752740";"";"";"54013";"GRADUAÇÃO";"Campus Santa Cruz";"Bloco I - Sala 2";"2014";"1";"2014-01-31";"2014-03-28";"6M3456 (31/01/2014 - 28/03/2014)";"7";"6";"REGULAR";"f";"2014-06-25 10:33:48.624";"f";"";"38";"CONSOLIDADA";"";"Presencial";
"1220615";"02";"5752740";"";"";"54013";"GRADUAÇÃO";"Campus Santa Cruz";"Bloco I - Sala 2";"2014";"1";"2014-04-04";"2014-06-06";"6M3456 (04/04/2014 - 06/06/2014)";"5";"6";"REGULAR";"f";"2014-06-25 10:35:05.256";"f";"";"36";"CONSOLIDADA";"";"Presencial";
"1220616";"01";"18544";"";"Disciplina Obrigatória";"53104";"STRICTO SENSU";"";"A definir";"2014";"1";"2014-01-27";"2014-06-06";"4N1234 (27/01/2014 - 06/06/2014)";"5";"20";"REGULAR";"f";"2014-06-18 16:32:31.349";"f";"";"68";"CONSOLIDADA";"";"Presencial";
"1220616";"01";"17421";"";"Disciplina Obrigatória";"53104";"STRICTO SENSU";"";"A definir";"2014";"1";"2014-01-27";"2014-06-06";"4N1234 (27/01/2014 - 06/06/2014)";"5";"20";"REGULAR";"f";"2014-06-18 16:32:31.349";"f";"";"68";"CONSOLIDADA";"";"Presencial";
"1220616";"01";"5754278";"";"Disciplina Obrigatória";"53104";"STRICTO SENSU";"";"A definir";"2014";"1";"2014-01-27";"2014-06-06";"4N1234 (27/01/2014 - 06/06/2014)";"5";"20";"REGULAR";"f";"2014-06-18 16:32:31.349";"f";"";"68";"CONSOLIDADA";"";"Presencial";
"1220617";"02";"5752740";"";"";"54014";"GRADUAÇÃO";"Campus Santa Cruz";"Natal/RN";"2014";"1";"2014-01-29";"2014-04-02";"4M12 (29/01/2014 - 02/04/2014)";"2";"2";"REGULAR";"f";"2014-06-15 19:44:18.96";"f";"";"18";"CONSOLIDADA";"";"Presencial";
"1220618";"01";"18112";"";"Disciplina Optativa";"53106";"STRICTO SENSU";"";"A definir";"2014";"1";"2014-01-27";"2014-06-06";"5N1234 (27/01/2014 - 06/06/2014)";"11";"20";"REGULAR";"f";"2014-06-11 11:57:40.356";"f";"";"64";"CONSOLIDADA";"";"Presencial";
"1220619";"03";"5756046";"";"";"54014";"GRADUAÇÃO";"Campus Santa Cruz";"Santa Cruz/RN";"2014";"1";"2014-01-29";"2014-04-02";"4M12 (29/01/2014 - 02/04/2014)";"5";"4";"REGULAR";"f";"2014-06-14 01:08:44.71";"f";"";"18";"CONSOLIDADA";"";"Presencial";
"1220620";"04";"5752740";"";"";"54014";"GRADUAÇÃO";"Campus Santa Cruz";"Natal/RN";"2014";"1";"2014-04-09";"2014-06-11";"4M12 (09/04/2014 - 11/06/2014)";"1";"1";"REGULAR";"f";"2014-06-16 07:15:19.837";"f";"";"20";"CONSOLIDADA";"";"Presencial";
"1220621";"01";"5753560";"";"Disciplina Optativa";"53109";"STRICTO SENSU";"";"A definir";"2014";"1";"2014-01-27";"2014-06-06";"3N1234 (27/01/2014 - 06/06/2014)";"11";"20";"REGULAR";"f";"2014-06-18 08:00:23.381";"f";"";"72";"CONSOLIDADA";"";"Presencial";
"1220621";"01";"5753408";"";"Disciplina Optativa";"53109";"STRICTO SENSU";"";"A definir";"2014";"1";"2014-01-27";"2014-06-06";"3N1234 (27/01/2014 - 06/06/2014)";"11";"20";"REGULAR";"f";"2014-06-18 08:00:23.381";"f";"";"72";"CONSOLIDADA";"";"Presencial";
"1220622";"01";"5756298";"";"";"54022";"GRADUAÇÃO";"Campus Santa Cruz";"Natal/RN";"2014";"1";"2014-02-03";"2014-03-31";"2M12 (03/02/2014 - 31/03/2014)";"2";"3";"REGULAR";"f";"2014-06-13 15:55:40.564";"f";"";"18";"CONSOLIDADA";"";"Presencial";
"1220623";"02";"5756382";"";"";"54022";"GRADUAÇÃO";"Campus Santa Cruz";"Santa Cruz/RN";"2014";"1";"2014-01-29";"2014-04-02";"4T12 (29/01/2014 - 02/04/2014)";"5";"5";"REGULAR";"f";"2014-06-11 22:04:35.105";"f";"";"18";"CONSOLIDADA";"";"Presencial";
"1220624";"03";"5756298";"";"";"54022";"GRADUAÇÃO";"Campus Santa Cruz";"Natal/RN";"2014";"1";"2014-04-07";"2014-06-09";"2M12 (07/04/2014 - 09/06/2014)";"2";"2";"REGULAR";"f";"2014-06-13 15:57:56.653";"f";"";"18";"CONSOLIDADA";"";"Presencial";
"1220625";"04";"5756382";"";"";"54022";"GRADUAÇÃO";"Campus Santa Cruz";"Santa Cruz/RN";"2014";"1";"2014-04-09";"2014-06-11";"4T12 (09/04/2014 - 11/06/2014)";"6";"5";"REGULAR";"f";"2014-06-13 22:54:08.723";"f";"";"20";"CONSOLIDADA";"";"Presencial";
"1220626";"01";"5754337";"";"";"54018";"GRADUAÇÃO";"Campus Santa Cruz";"Bloco I - Sala 10";"2014";"1";"2014-01-31";"2014-03-28";"6M3456 (31/01/2014 - 28/03/2014)";"6";"6";"REGULAR";"f";"2014-06-25 10:37:11.461";"f";"";"36";"CONSOLIDADA";"";"Presencial";
"1220627";"02";"5753861";"";"";"54018";"GRADUAÇÃO";"Campus Santa Cruz";"Bloco I - Sala 10";"2014";"1";"2014-04-04";"2014-06-06";"6M3456 (04/04/2014 - 06/06/2014)";"7";"6";"REGULAR";"f";"2014-06-25 10:39:23.961";"f";"";"36";"CONSOLIDADA";"";"Presencial";
"1220628";"01";"5756321";"";"";"48189";"GRADUAÇÃO";"Campus Caicó";"B4";"2014";"1";"2014-01-27";"2014-06-14";"2N1234";"37";"60";"REGULAR";"f";"2014-06-13 16:30:41.778";"f";"";"72";"CONSOLIDADA";"";"Presencial";
"1220629";"01";"5755465";"";"";"48190";"GRADUAÇÃO";"Campus Caicó";"B4";"2014";"1";"2014-01-27";"2014-06-14";"4N123";"27";"60";"REGULAR";"f";"2014-06-05 23:40:20.433";"f";"";"54";"CONSOLIDADA";"";"Presencial";
"1220630";"01";"5756320";"";"";"48220";"GRADUAÇÃO";"Campus Caicó";"B3";"2014";"1";"2014-01-27";"2014-06-14";"26N1234 (27/01/2014 - 14/06/2014)";"13";"50";"REGULAR";"f";"2014-06-11 10:40:19.869";"f";"";"144";"CONSOLIDADA";"";"Presencial";
"1220630";"01";"5756686";"";"";"48220";"GRADUAÇÃO";"Campus Caicó";"B3";"2014";"1";"2014-01-27";"2014-06-14";"26N1234 (27/01/2014 - 14/06/2014)";"13";"50";"REGULAR";"f";"2014-06-11 10:40:19.869";"f";"";"144";"CONSOLIDADA";"";"Presencial";
"1220631";"01";"17983";"";"";"48226";"GRADUAÇÃO";"Campus Caicó";"B2";"2014";"1";"2014-01-27";"2014-06-14";"5M12345";"42";"60";"REGULAR";"f";"2014-06-09 20:14:47.367";"f";"";"85";"CONSOLIDADA";"";"Presencial";
"1220632";"01";"17983";"";"";"48227";"GRADUAÇÃO";"Campus Caicó";"B3";"2014";"1";"2014-01-27";"2014-06-14";"3M1234";"37";"60";"REGULAR";"f";"2014-06-09 20:28:27.582";"f";"";"68";"CONSOLIDADA";"";"Presencial";
"1220633";"01";"5756321";"";"";"25225";"GRADUAÇÃO";"Campus Caicó";"A7";"2014";"1";"2014-01-27";"2014-06-14";"4T1234";"32";"60";"REGULAR";"f";"2014-06-13 21:03:27.538";"f";"";"72";"CONSOLIDADA";"";"Presencial";
"1220634";"01";"5756052";"";"";"25244";"GRADUAÇÃO";"Campus Caicó";"Aranhão";"2014";"1";"2014-01-27";"2014-06-14";"2N1234";"74";"70";"REGULAR";"f";"2014-06-13 13:07:10.358";"f";"";"72";"CONSOLIDADA";"";"Presencial";
"1220636";"01A";"5752666";"";"";"24205";"GRADUAÇÃO";"Campus Central";"FF - CCS";"2014";"1";"2014-01-27";"2014-06-14";"2N1234";"15";"14";"REGULAR";"f";"2014-06-09 20:02:42.426";"f";"1220635";"68";"CONSOLIDADA";"";"Presencial";
"1220636";"01A";"5755467";"";"";"24205";"GRADUAÇÃO";"Campus Central";"FF - CCS";"2014";"1";"2014-01-27";"2014-06-14";"2N1234";"15";"14";"REGULAR";"f";"2014-06-09 20:02:42.426";"f";"1220635";"68";"CONSOLIDADA";"";"Presencial";
"1220637";"01B";"5755467";"";"";"24205";"GRADUAÇÃO";"Campus Central";"FF - CCS";"2014";"1";"2014-01-27";"2014-06-14";"2N12 4N34";"15";"15";"REGULAR";"f";"2014-06-09 20:02:43.899";"f";"1220635";"68";"CONSOLIDADA";"";"Presencial";
"1220637";"01B";"5752666";"";"";"24205";"GRADUAÇÃO";"Campus Central";"FF - CCS";"2014";"1";"2014-01-27";"2014-06-14";"2N12 4N34";"15";"15";"REGULAR";"f";"2014-06-09 20:02:43.899";"f";"1220635";"68";"CONSOLIDADA";"";"Presencial";
"1220639";"02A";"5752666";"";"";"24205";"GRADUAÇÃO";"Campus Central";"FF - CCS";"2014";"1";"2014-01-27";"2014-06-14";"23T23";"11";"11";"REGULAR";"f";"2014-06-09 16:15:13.609";"f";"1220638";"70";"CONSOLIDADA";"";"Presencial";
"1220639";"02A";"5755467";"";"";"24205";"GRADUAÇÃO";"Campus Central";"FF - CCS";"2014";"1";"2014-01-27";"2014-06-14";"23T23";"11";"11";"REGULAR";"f";"2014-06-09 16:15:13.609";"f";"1220638";"70";"CONSOLIDADA";"";"Presencial";
"1220640";"02B";"5752666";"";"";"24205";"GRADUAÇÃO";"Campus Central";"FF - CCS";"2014";"1";"2014-01-27";"2014-06-14";"2T23 4T45";"19";"13";"REGULAR";"f";"2014-06-09 16:15:15.52";"f";"1220638";"70";"CONSOLIDADA";"";"Presencial";
"1220640";"02B";"5755467";"";"";"24205";"GRADUAÇÃO";"Campus Central";"FF - CCS";"2014";"1";"2014-01-27";"2014-06-14";"2T23 4T45";"19";"13";"REGULAR";"f";"2014-06-09 16:15:15.52";"f";"1220638";"70";"CONSOLIDADA";"";"Presencial";
"1220641";"02C";"5752666";"";"";"24205";"GRADUAÇÃO";"Campus Central";"FF - CCS";"2014";"1";"2014-01-27";"2014-06-14";"25T23";"12";"13";"REGULAR";"f";"2014-06-09 16:15:14.591";"f";"1220638";"70";"CONSOLIDADA";"";"Presencial";
"1220641";"02C";"5755467";"";"";"24205";"GRADUAÇÃO";"Campus Central";"FF - CCS";"2014";"1";"2014-01-27";"2014-06-14";"25T23";"12";"13";"REGULAR";"f";"2014-06-09 16:15:14.591";"f";"1220638";"70";"CONSOLIDADA";"";"Presencial";
"1220642";"01";"5752226";"";"";"2049515";"GRADUAÇÃO";"Campus Central";"FF -Sala Farmácia Hospitalar";"2014";"1";"2014-01-27";"2014-06-14";"24T45";"43";"36";"REGULAR";"f";"2014-06-20 23:29:56.821";"f";"";"70";"CONSOLIDADA";"";"Presencial";
"1220643";"02";"5752226";"";"";"2049515";"GRADUAÇÃO";"Campus Central";"FF -Sala Farmácia Hospitalar";"2014";"1";"2014-01-27";"2014-06-14";"26N12";"18";"31";"REGULAR";"f";"2014-06-21 00:24:52.505";"f";"";"70";"CONSOLIDADA";"";"Presencial";
"1220644";"01";"23487";"";"";"22817";"GRADUAÇÃO";"Campus Central";"FF - CCS";"2014";"1";"2014-01-27";"2014-06-14";"6T234";"25";"20";"REGULAR";"f";"2014-06-21 06:46:31.345";"f";"";"57";"CONSOLIDADA";"";"Presencial";
"1220646";"02A";"5753000";"";"";"21038";"GRADUAÇÃO";"Campus Central";"FF - CCS";"2014";"1";"2014-01-27";"2014-06-14";"35N12";"33";"20";"REGULAR";"f";"2014-06-14 22:01:27.042";"f";"1220645";"68";"CONSOLIDADA";"";"Presencial";
"1220646";"02A";"5756454";"";"";"21038";"GRADUAÇÃO";"Campus Central";"FF - CCS";"2014";"1";"2014-01-27";"2014-06-14";"35N12";"33";"20";"REGULAR";"f";"2014-06-14 22:01:27.042";"f";"1220645";"68";"CONSOLIDADA";"";"Presencial";
"1220647";"02B";"5753000";"";"";"21038";"GRADUAÇÃO";"Campus Central";"FF - CCS";"2014";"1";"2014-01-27";"2014-06-14";"3N12 5N34";"27";"19";"REGULAR";"f";"2014-06-14 22:01:28.078";"f";"1220645";"68";"CONSOLIDADA";"";"Presencial";
"1220647";"02B";"5756454";"";"";"21038";"GRADUAÇÃO";"Campus Central";"FF - CCS";"2014";"1";"2014-01-27";"2014-06-14";"3N12 5N34";"27";"19";"REGULAR";"f";"2014-06-14 22:01:28.078";"f";"1220645";"68";"CONSOLIDADA";"";"Presencial";
"1220648";"01";"5753766";"";"";"41854";"GRADUAÇÃO";"Campus Central";"QUIXABEIRA (2º andar; 3ª sala)";"2014";"1";"2014-01-27";"2014-06-14";"5T1234";"38";"45";"REGULAR";"f";"2014-06-05 20:27:53.934";"f";"";"68";"CONSOLIDADA";"";"Presencial";
"1220649";"02";"5756209";"";"";"41854";"GRADUAÇÃO";"Campus Central";"QUIXABEIRA (2º andar; 3ª sala)";"2014";"1";"2014-01-27";"2014-06-14";"5N1234";"27";"45";"REGULAR";"f";"2014-06-05 20:22:33.705";"f";"";"76";"CONSOLIDADA";"";"Presencial";
"1220649";"02";"5753766";"";"";"41854";"GRADUAÇÃO";"Campus Central";"QUIXABEIRA (2º andar; 3ª sala)";"2014";"1";"2014-01-27";"2014-06-14";"5N1234";"27";"45";"REGULAR";"f";"2014-06-05 20:22:33.705";"f";"";"76";"CONSOLIDADA";"";"Presencial";
"1220650";"01";"5753056";"";"";"43268";"GRADUAÇÃO";"Campus Central";"QUIXABEIRA (2º andar; 3ª sala)";"2014";"1";"2014-01-27";"2014-06-14";"3M2345";"17";"20";"REGULAR";"f";"2014-06-15 12:44:15.988";"f";"";"76";"CONSOLIDADA";"";"Presencial";
"1220651";"01";"25449";"";"";"43328";"GRADUAÇÃO";"Campus Central";"PAU D'ARCO (1º andar; 2ª sala)";"2014";"1";"2014-01-27";"2014-06-14";"4M2345";"21";"45";"REGULAR";"f";"2014-06-16 11:31:13.804";"f";"";"76";"CONSOLIDADA";"";"Presencial";
"1220651";"01";"5753053";"";"";"43328";"GRADUAÇÃO";"Campus Central";"PAU D'ARCO (1º andar; 2ª sala)";"2014";"1";"2014-01-27";"2014-06-14";"4M2345";"21";"45";"REGULAR";"f";"2014-06-16 11:31:13.804";"f";"";"76";"CONSOLIDADA";"";"Presencial";
"1220652";"02";"5753053";"";"";"43328";"GRADUAÇÃO";"Campus Central";"PAU D'ARCO (1º andar; 2ª sala)";"2014";"1";"2014-01-27";"2014-06-14";"4N1234";"39";"45";"REGULAR";"f";"2014-06-16 11:33:01.438";"f";"";"72";"CONSOLIDADA";"";"Presencial";
"1220652";"02";"25449";"";"";"43328";"GRADUAÇÃO";"Campus Central";"PAU D'ARCO (1º andar; 2ª sala)";"2014";"1";"2014-01-27";"2014-06-14";"4N1234";"39";"45";"REGULAR";"f";"2014-06-16 11:33:01.438";"f";"";"72";"CONSOLIDADA";"";"Presencial";
"1220653";"01";"25449";"";"";"20404";"GRADUAÇÃO";"Campus Central";"FAVELEIRA (2º andar; 4ª sala)";"2014";"1";"2014-01-27";"2014-06-14";"2M2345";"6";"10";"REGULAR";"f";"2014-06-16 11:37:30.267";"f";"";"72";"CONSOLIDADA";"";"Presencial";
"1220653";"01";"5753053";"";"";"20404";"GRADUAÇÃO";"Campus Central";"FAVELEIRA (2º andar; 4ª sala)";"2014";"1";"2014-01-27";"2014-06-14";"2M2345";"6";"10";"REGULAR";"f";"2014-06-16 11:37:30.267";"f";"";"72";"CONSOLIDADA";"";"Presencial";
"1220654";"01";"5756687";"";"";"43330";"GRADUAÇÃO";"Campus Central";"CARNAÚBA (1º andar; 3ª sala)";"2014";"1";"2014-01-27";"2014-06-14";"2M1234";"36";"40";"REGULAR";"f";"2014-06-09 10:38:53.354";"f";"";"72";"CONSOLIDADA";"";"Presencial";
"1220655";"02";"5752267";"";"";"43330";"GRADUAÇÃO";"Campus Central";"CARNAÚBA (1º andar; 3ª sala)";"2014";"1";"2014-01-27";"2014-06-14";"2N1234";"29";"40";"REGULAR";"f";"2014-06-16 20:26:10.085";"f";"";"72";"CONSOLIDADA";"";"Presencial";
"1220656";"01";"21333";"";"";"20402";"GRADUAÇÃO";"Campus Central";"PAU-BRASIL (1º andar - 1º sala)";"2014";"1";"2014-01-27";"2014-06-14";"35T56";"36";"35";"REGULAR";"f";"2014-06-18 12:25:03.672";"f";"";"74";"CONSOLIDADA";"";"Presencial";
"1220657";"02";"21333";"";"";"20402";"GRADUAÇÃO";"Campus Central";"IMBURANA (2º andar; 2ª sala)";"2014";"1";"2014-01-27";"2014-06-14";"46N34";"10";"35";"REGULAR";"f";"2014-06-18 12:30:43.859";"f";"";"76";"CONSOLIDADA";"";"Presencial";
"1220658";"03";"5756687";"";"";"43329";"GRADUAÇÃO";"Campus Central";"PAU-BRASIL (1º andar - 1º sala)";"2014";"1";"2014-01-27";"2014-06-14";"2N1234";"20";"35";"REGULAR";"f";"2014-06-09 10:24:25.655";"f";"";"72";"CONSOLIDADA";"";"Presencial";
"1220659";"04";"5753056";"";"";"43329";"GRADUAÇÃO";"Campus Central";"CARNAÚBA (1º andar; 3ª sala)";"2014";"1";"2014-01-27";"2014-06-14";"6N1234";"1";"20";"REGULAR";"f";"";"f";"";"";"EXCLUÍDA";"";"Presencial";
"1220660";"01";"5753111";"";"";"2037020";"GRADUAÇÃO";"Campus Caicó";"LAB.ALAN TURING";"2014";"1";"2014-01-27";"2014-06-14";"56T12";"";"50";"REGULAR";"f";"";"f";"";"";"EXCLUÍDA";"";"Presencial";
"1220661";"01";"5754623";"";"";"2037026";"GRADUAÇÃO";"Campus Caicó";"B-04";"2014";"1";"2014-01-27";"2014-06-14";"35T34";"4";"20";"REGULAR";"f";"2014-06-20 12:15:56.204";"f";"";"72";"CONSOLIDADA";"";"Presencial";
"1220662";"01";"5754623";"";"";"55122";"GRADUAÇÃO";"Campus Caicó";"LAB.METRÓPOLE DIGITAL";"2014";"1";"2014-01-27";"2014-06-14";"35M23";"";"20";"REGULAR";"f";"";"f";"";"";"EXCLUÍDA";"";"Presencial";
"1220663";"01";"5753665";"";"";"46774";"GRADUAÇÃO";"Campus Caicó";"LABEPI";"2014";"1";"2014-01-27";"2014-06-14";"4M2345";"5";"8";"REGULAR";"f";"2014-06-14 12:58:12.834";"f";"";"76";"CONSOLIDADA";"";"Presencial";
"1220664";"01";"5756470";"";"";"2037004";"GRADUAÇÃO";"Campus Caicó";"B-01";"2014";"1";"2014-01-27";"2014-06-14";"4T12 5T56";"8";"60";"REGULAR";"f";"2014-06-20 19:26:00.997";"f";"";"72";"CONSOLIDADA";"";"Presencial";
"1220665";"01";"5754623";"";"";"2037013";"GRADUAÇÃO";"Campus Caicó";"LAB.ALAN TURING";"2014";"1";"2014-01-27";"2014-06-14";"24T12";"40";"50";"REGULAR";"f";"2014-06-20 12:13:20.82";"f";"";"74";"CONSOLIDADA";"";"Presencial";
"1220666";"01";"5753665";"";"";"2054351";"GRADUAÇÃO";"Campus Caicó";"LAB.ALAN TURING";"2014";"1";"2014-01-27";"2014-06-14";"345T34";"46";"50";"REGULAR";"f";"2014-06-20 07:42:49.742";"f";"";"108";"CONSOLIDADA";"";"Presencial";
"1220667";"01";"5755988";"";"";"2054400";"GRADUAÇÃO";"Campus Caicó";"B-04";"2014";"1";"2014-01-27";"2014-06-14";"46T12";"16";"50";"REGULAR";"f";"2014-06-18 10:00:18.503";"f";"";"76";"CONSOLIDADA";"";"Presencial";
"1220668";"01";"63327";"";"";"54288";"GRADUAÇÃO";"Campus Central";"HUOL/HWG";"2014";"1";"2014-01-27";"2014-06-14";"3T12";"50";"58";"REGULAR";"f";"2014-06-18 10:06:49.864";"f";"";"38";"CONSOLIDADA";"";"Presencial";
"1220668";"01";"5755605";"";"";"54288";"GRADUAÇÃO";"Campus Central";"HUOL/HWG";"2014";"1";"2014-01-27";"2014-06-14";"3T12";"50";"58";"REGULAR";"f";"2014-06-18 10:06:49.864";"f";"";"38";"CONSOLIDADA";"";"Presencial";
"1220668";"01";"16422";"";"";"54288";"GRADUAÇÃO";"Campus Central";"HUOL/HWG";"2014";"1";"2014-01-27";"2014-06-14";"3T12";"50";"58";"REGULAR";"f";"2014-06-18 10:06:49.864";"f";"";"38";"CONSOLIDADA";"";"Presencial";
"1220668";"01";"5752391";"";"";"54288";"GRADUAÇÃO";"Campus Central";"HUOL/HWG";"2014";"1";"2014-01-27";"2014-06-14";"3T12";"50";"58";"REGULAR";"f";"2014-06-18 10:06:49.864";"f";"";"38";"CONSOLIDADA";"";"Presencial";
"1220668";"01";"5752384";"";"";"54288";"GRADUAÇÃO";"Campus Central";"HUOL/HWG";"2014";"1";"2014-01-27";"2014-06-14";"3T12";"50";"58";"REGULAR";"f";"2014-06-18 10:06:49.864";"f";"";"38";"CONSOLIDADA";"";"Presencial";
"1220668";"01";"5755870";"";"";"54288";"GRADUAÇÃO";"Campus Central";"HUOL/HWG";"2014";"1";"2014-01-27";"2014-06-14";"3T12";"50";"58";"REGULAR";"f";"2014-06-18 10:06:49.864";"f";"";"38";"CONSOLIDADA";"";"Presencial";
"1220668";"01";"26225";"";"";"54288";"GRADUAÇÃO";"Campus Central";"HUOL/HWG";"2014";"1";"2014-01-27";"2014-06-14";"3T12";"50";"58";"REGULAR";"f";"2014-06-18 10:06:49.864";"f";"";"38";"CONSOLIDADA";"";"Presencial";
"1220668";"01";"5753062";"";"";"54288";"GRADUAÇÃO";"Campus Central";"HUOL/HWG";"2014";"1";"2014-01-27";"2014-06-14";"3T12";"50";"58";"REGULAR";"f";"2014-06-18 10:06:49.864";"f";"";"38";"CONSOLIDADA";"";"Presencial";
"1220668";"01";"25950";"";"";"54288";"GRADUAÇÃO";"Campus Central";"HUOL/HWG";"2014";"1";"2014-01-27";"2014-06-14";"3T12";"50";"58";"REGULAR";"f";"2014-06-18 10:06:49.864";"f";"";"38";"CONSOLIDADA";"";"Presencial";
"1220668";"01";"5755545";"";"";"54288";"GRADUAÇÃO";"Campus Central";"HUOL/HWG";"2014";"1";"2014-01-27";"2014-06-14";"3T12";"50";"58";"REGULAR";"f";"2014-06-18 10:06:49.864";"f";"";"38";"CONSOLIDADA";"";"Presencial";
"1220669";"01";"26225";"";"";"54289";"GRADUAÇÃO";"Campus Central";"HUOL/HWG";"2014";"1";"2014-01-27";"2014-06-14";"6M12  5T12 (27/01/2014 - 14/06/2014)";"22";"20";"REGULAR";"f";"2014-06-18 09:52:53.495";"f";"";"74";"CONSOLIDADA";"";"Presencial";
"1220669";"01";"5752391";"";"";"54289";"GRADUAÇÃO";"Campus Central";"HUOL/HWG";"2014";"1";"2014-01-27";"2014-06-14";"6M12  5T12 (27/01/2014 - 14/06/2014)";"22";"20";"REGULAR";"f";"2014-06-18 09:52:53.495";"f";"";"74";"CONSOLIDADA";"";"Presencial";
"1220669";"01";"5752384";"";"";"54289";"GRADUAÇÃO";"Campus Central";"HUOL/HWG";"2014";"1";"2014-01-27";"2014-06-14";"6M12  5T12 (27/01/2014 - 14/06/2014)";"22";"20";"REGULAR";"f";"2014-06-18 09:52:53.495";"f";"";"74";"CONSOLIDADA";"";"Presencial";
"1220669";"01";"25950";"";"";"54289";"GRADUAÇÃO";"Campus Central";"HUOL/HWG";"2014";"1";"2014-01-27";"2014-06-14";"6M12  5T12 (27/01/2014 - 14/06/2014)";"22";"20";"REGULAR";"f";"2014-06-18 09:52:53.495";"f";"";"74";"CONSOLIDADA";"";"Presencial";
"1220669";"01";"5753062";"";"";"54289";"GRADUAÇÃO";"Campus Central";"HUOL/HWG";"2014";"1";"2014-01-27";"2014-06-14";"6M12  5T12 (27/01/2014 - 14/06/2014)";"22";"20";"REGULAR";"f";"2014-06-18 09:52:53.495";"f";"";"74";"CONSOLIDADA";"";"Presencial";
"1220670";"02";"5752384";"";"";"54289";"GRADUAÇÃO";"Campus Central";"HUOL/HWG";"2014";"1";"2014-01-27";"2014-06-14";"6M12  5T12 (27/01/2014 - 14/06/2014)";"13";"19";"REGULAR";"f";"2014-06-18 09:54:23.727";"f";"";"66";"CONSOLIDADA";"";"Presencial";
"1220670";"02";"5752391";"";"";"54289";"GRADUAÇÃO";"Campus Central";"HUOL/HWG";"2014";"1";"2014-01-27";"2014-06-14";"6M12  5T12 (27/01/2014 - 14/06/2014)";"13";"19";"REGULAR";"f";"2014-06-18 09:54:23.727";"f";"";"66";"CONSOLIDADA";"";"Presencial";
"1220670";"02";"26225";"";"";"54289";"GRADUAÇÃO";"Campus Central";"HUOL/HWG";"2014";"1";"2014-01-27";"2014-06-14";"6M12  5T12 (27/01/2014 - 14/06/2014)";"13";"19";"REGULAR";"f";"2014-06-18 09:54:23.727";"f";"";"66";"CONSOLIDADA";"";"Presencial";
"1220670";"02";"5753062";"";"";"54289";"GRADUAÇÃO";"Campus Central";"HUOL/HWG";"2014";"1";"2014-01-27";"2014-06-14";"6M12  5T12 (27/01/2014 - 14/06/2014)";"13";"19";"REGULAR";"f";"2014-06-18 09:54:23.727";"f";"";"66";"CONSOLIDADA";"";"Presencial";
"1220670";"02";"25950";"";"";"54289";"GRADUAÇÃO";"Campus Central";"HUOL/HWG";"2014";"1";"2014-01-27";"2014-06-14";"6M12  5T12 (27/01/2014 - 14/06/2014)";"13";"19";"REGULAR";"f";"2014-06-18 09:54:23.727";"f";"";"66";"CONSOLIDADA";"";"Presencial";
"1220671";"03";"5752391";"";"";"54289";"GRADUAÇÃO";"Campus Central";"HUOL/HWG";"2014";"1";"2014-01-27";"2014-06-14";"6M12  5T12 (27/01/2014 - 14/06/2014)";"15";"19";"REGULAR";"f";"2014-06-18 09:56:38.633";"f";"";"66";"CONSOLIDADA";"";"Presencial";
"1220671";"03";"25950";"";"";"54289";"GRADUAÇÃO";"Campus Central";"HUOL/HWG";"2014";"1";"2014-01-27";"2014-06-14";"6M12  5T12 (27/01/2014 - 14/06/2014)";"15";"19";"REGULAR";"f";"2014-06-18 09:56:38.633";"f";"";"66";"CONSOLIDADA";"";"Presencial";
"1220671";"03";"5752384";"";"";"54289";"GRADUAÇÃO";"Campus Central";"HUOL/HWG";"2014";"1";"2014-01-27";"2014-06-14";"6M12  5T12 (27/01/2014 - 14/06/2014)";"15";"19";"REGULAR";"f";"2014-06-18 09:56:38.633";"f";"";"66";"CONSOLIDADA";"";"Presencial";
"1220671";"03";"5753062";"";"";"54289";"GRADUAÇÃO";"Campus Central";"HUOL/HWG";"2014";"1";"2014-01-27";"2014-06-14";"6M12  5T12 (27/01/2014 - 14/06/2014)";"15";"19";"REGULAR";"f";"2014-06-18 09:56:38.633";"f";"";"66";"CONSOLIDADA";"";"Presencial";
"1220671";"03";"26225";"";"";"54289";"GRADUAÇÃO";"Campus Central";"HUOL/HWG";"2014";"1";"2014-01-27";"2014-06-14";"6M12  5T12 (27/01/2014 - 14/06/2014)";"15";"19";"REGULAR";"f";"2014-06-18 09:56:38.633";"f";"";"66";"CONSOLIDADA";"";"Presencial";
"1220672";"01";"5756618";"";"";"54286";"GRADUAÇÃO";"Campus Central";"HUOL";"2014";"1";"2014-01-27";"2014-06-14";"24M12 (27/01/2014 - 14/06/2014)";"14";"7";"REGULAR";"f";"2014-06-11 16:55:26.559";"f";"";"72";"CONSOLIDADA";"";"Presencial";
"1220672";"01";"5753004";"";"";"54286";"GRADUAÇÃO";"Campus Central";"HUOL";"2014";"1";"2014-01-27";"2014-06-14";"24M12 (27/01/2014 - 14/06/2014)";"14";"7";"REGULAR";"f";"2014-06-11 16:55:26.559";"f";"";"72";"CONSOLIDADA";"";"Presencial";
"1220672";"01";"26598";"";"";"54286";"GRADUAÇÃO";"Campus Central";"HUOL";"2014";"1";"2014-01-27";"2014-06-14";"24M12 (27/01/2014 - 14/06/2014)";"14";"7";"REGULAR";"f";"2014-06-11 16:55:26.559";"f";"";"72";"CONSOLIDADA";"";"Presencial";
"1220672";"01";"5752385";"";"";"54286";"GRADUAÇÃO";"Campus Central";"HUOL";"2014";"1";"2014-01-27";"2014-06-14";"24M12 (27/01/2014 - 14/06/2014)";"14";"7";"REGULAR";"f";"2014-06-11 16:55:26.559";"f";"";"72";"CONSOLIDADA";"";"Presencial";
"1220672";"01";"5753380";"";"";"54286";"GRADUAÇÃO";"Campus Central";"HUOL";"2014";"1";"2014-01-27";"2014-06-14";"24M12 (27/01/2014 - 14/06/2014)";"14";"7";"REGULAR";"f";"2014-06-11 16:55:26.559";"f";"";"72";"CONSOLIDADA";"";"Presencial";
"1220672";"01";"5753102";"";"";"54286";"GRADUAÇÃO";"Campus Central";"HUOL";"2014";"1";"2014-01-27";"2014-06-14";"24M12 (27/01/2014 - 14/06/2014)";"14";"7";"REGULAR";"f";"2014-06-11 16:55:26.559";"f";"";"72";"CONSOLIDADA";"";"Presencial";
"1220672";"01";"23056";"";"";"54286";"GRADUAÇÃO";"Campus Central";"HUOL";"2014";"1";"2014-01-27";"2014-06-14";"24M12 (27/01/2014 - 14/06/2014)";"14";"7";"REGULAR";"f";"2014-06-11 16:55:26.559";"f";"";"72";"CONSOLIDADA";"";"Presencial";
"1220672";"01";"5752190";"";"";"54286";"GRADUAÇÃO";"Campus Central";"HUOL";"2014";"1";"2014-01-27";"2014-06-14";"24M12 (27/01/2014 - 14/06/2014)";"14";"7";"REGULAR";"f";"2014-06-11 16:55:26.559";"f";"";"72";"CONSOLIDADA";"";"Presencial";
"1220673";"02";"5753004";"";"";"54286";"GRADUAÇÃO";"Campus Central";"HUOL";"2014";"1";"2014-01-27";"2014-06-14";"24M12 (27/01/2014 - 14/06/2014)";"8";"8";"REGULAR";"f";"2014-06-11 16:53:56.307";"f";"";"70";"CONSOLIDADA";"";"Presencial";
"1220673";"02";"23056";"";"";"54286";"GRADUAÇÃO";"Campus Central";"HUOL";"2014";"1";"2014-01-27";"2014-06-14";"24M12 (27/01/2014 - 14/06/2014)";"8";"8";"REGULAR";"f";"2014-06-11 16:53:56.307";"f";"";"70";"CONSOLIDADA";"";"Presencial";
"1220673";"02";"5752385";"";"";"54286";"GRADUAÇÃO";"Campus Central";"HUOL";"2014";"1";"2014-01-27";"2014-06-14";"24M12 (27/01/2014 - 14/06/2014)";"8";"8";"REGULAR";"f";"2014-06-11 16:53:56.307";"f";"";"70";"CONSOLIDADA";"";"Presencial";
"1220673";"02";"5753102";"";"";"54286";"GRADUAÇÃO";"Campus Central";"HUOL";"2014";"1";"2014-01-27";"2014-06-14";"24M12 (27/01/2014 - 14/06/2014)";"8";"8";"REGULAR";"f";"2014-06-11 16:53:56.307";"f";"";"70";"CONSOLIDADA";"";"Presencial";
"1220673";"02";"26598";"";"";"54286";"GRADUAÇÃO";"Campus Central";"HUOL";"2014";"1";"2014-01-27";"2014-06-14";"24M12 (27/01/2014 - 14/06/2014)";"8";"8";"REGULAR";"f";"2014-06-11 16:53:56.307";"f";"";"70";"CONSOLIDADA";"";"Presencial";
"1220673";"02";"5756618";"";"";"54286";"GRADUAÇÃO";"Campus Central";"HUOL";"2014";"1";"2014-01-27";"2014-06-14";"24M12 (27/01/2014 - 14/06/2014)";"8";"8";"REGULAR";"f";"2014-06-11 16:53:56.307";"f";"";"70";"CONSOLIDADA";"";"Presencial";
"1220673";"02";"5753380";"";"";"54286";"GRADUAÇÃO";"Campus Central";"HUOL";"2014";"1";"2014-01-27";"2014-06-14";"24M12 (27/01/2014 - 14/06/2014)";"8";"8";"REGULAR";"f";"2014-06-11 16:53:56.307";"f";"";"70";"CONSOLIDADA";"";"Presencial";
"1220673";"02";"5752190";"";"";"54286";"GRADUAÇÃO";"Campus Central";"HUOL";"2014";"1";"2014-01-27";"2014-06-14";"24M12 (27/01/2014 - 14/06/2014)";"8";"8";"REGULAR";"f";"2014-06-11 16:53:56.307";"f";"";"70";"CONSOLIDADA";"";"Presencial";
"1220674";"03";"23056";"";"";"54286";"GRADUAÇÃO";"Campus Central";"HUOL";"2014";"1";"2014-01-27";"2014-06-14";"24M12 (27/01/2014 - 14/06/2014)";"8";"8";"REGULAR";"f";"2014-06-11 17:04:58.482";"f";"";"74";"CONSOLIDADA";"";"Presencial";
"1220674";"03";"5756618";"";"";"54286";"GRADUAÇÃO";"Campus Central";"HUOL";"2014";"1";"2014-01-27";"2014-06-14";"24M12 (27/01/2014 - 14/06/2014)";"8";"8";"REGULAR";"f";"2014-06-11 17:04:58.482";"f";"";"74";"CONSOLIDADA";"";"Presencial";
"1220674";"03";"5752385";"";"";"54286";"GRADUAÇÃO";"Campus Central";"HUOL";"2014";"1";"2014-01-27";"2014-06-14";"24M12 (27/01/2014 - 14/06/2014)";"8";"8";"REGULAR";"f";"2014-06-11 17:04:58.482";"f";"";"74";"CONSOLIDADA";"";"Presencial";
"1220674";"03";"5752190";"";"";"54286";"GRADUAÇÃO";"Campus Central";"HUOL";"2014";"1";"2014-01-27";"2014-06-14";"24M12 (27/01/2014 - 14/06/2014)";"8";"8";"REGULAR";"f";"2014-06-11 17:04:58.482";"f";"";"74";"CONSOLIDADA";"";"Presencial";
"1220674";"03";"26598";"";"";"54286";"GRADUAÇÃO";"Campus Central";"HUOL";"2014";"1";"2014-01-27";"2014-06-14";"24M12 (27/01/2014 - 14/06/2014)";"8";"8";"REGULAR";"f";"2014-06-11 17:04:58.482";"f";"";"74";"CONSOLIDADA";"";"Presencial";
"1220674";"03";"5753102";"";"";"54286";"GRADUAÇÃO";"Campus Central";"HUOL";"2014";"1";"2014-01-27";"2014-06-14";"24M12 (27/01/2014 - 14/06/2014)";"8";"8";"REGULAR";"f";"2014-06-11 17:04:58.482";"f";"";"74";"CONSOLIDADA";"";"Presencial";
"1220674";"03";"5753004";"";"";"54286";"GRADUAÇÃO";"Campus Central";"HUOL";"2014";"1";"2014-01-27";"2014-06-14";"24M12 (27/01/2014 - 14/06/2014)";"8";"8";"REGULAR";"f";"2014-06-11 17:04:58.482";"f";"";"74";"CONSOLIDADA";"";"Presencial";
"1220674";"03";"5753380";"";"";"54286";"GRADUAÇÃO";"Campus Central";"HUOL";"2014";"1";"2014-01-27";"2014-06-14";"24M12 (27/01/2014 - 14/06/2014)";"8";"8";"REGULAR";"f";"2014-06-11 17:04:58.482";"f";"";"74";"CONSOLIDADA";"";"Presencial";
"1220675";"04";"5756618";"";"";"54286";"GRADUAÇÃO";"Campus Central";"HUOL";"2014";"1";"2014-01-27";"2014-06-14";"24M12 (27/01/2014 - 14/06/2014)";"7";"8";"REGULAR";"f";"2014-06-11 17:09:26.907";"f";"";"74";"CONSOLIDADA";"";"Presencial";
"1220675";"04";"5752385";"";"";"54286";"GRADUAÇÃO";"Campus Central";"HUOL";"2014";"1";"2014-01-27";"2014-06-14";"24M12 (27/01/2014 - 14/06/2014)";"7";"8";"REGULAR";"f";"2014-06-11 17:09:26.907";"f";"";"74";"CONSOLIDADA";"";"Presencial";
"1220675";"04";"26598";"";"";"54286";"GRADUAÇÃO";"Campus Central";"HUOL";"2014";"1";"2014-01-27";"2014-06-14";"24M12 (27/01/2014 - 14/06/2014)";"7";"8";"REGULAR";"f";"2014-06-11 17:09:26.907";"f";"";"74";"CONSOLIDADA";"";"Presencial";
"1220675";"04";"5753380";"";"";"54286";"GRADUAÇÃO";"Campus Central";"HUOL";"2014";"1";"2014-01-27";"2014-06-14";"24M12 (27/01/2014 - 14/06/2014)";"7";"8";"REGULAR";"f";"2014-06-11 17:09:26.907";"f";"";"74";"CONSOLIDADA";"";"Presencial";
"1220675";"04";"23056";"";"";"54286";"GRADUAÇÃO";"Campus Central";"HUOL";"2014";"1";"2014-01-27";"2014-06-14";"24M12 (27/01/2014 - 14/06/2014)";"7";"8";"REGULAR";"f";"2014-06-11 17:09:26.907";"f";"";"74";"CONSOLIDADA";"";"Presencial";
"1220675";"04";"5753004";"";"";"54286";"GRADUAÇÃO";"Campus Central";"HUOL";"2014";"1";"2014-01-27";"2014-06-14";"24M12 (27/01/2014 - 14/06/2014)";"7";"8";"REGULAR";"f";"2014-06-11 17:09:26.907";"f";"";"74";"CONSOLIDADA";"";"Presencial";
"1220675";"04";"5752190";"";"";"54286";"GRADUAÇÃO";"Campus Central";"HUOL";"2014";"1";"2014-01-27";"2014-06-14";"24M12 (27/01/2014 - 14/06/2014)";"7";"8";"REGULAR";"f";"2014-06-11 17:09:26.907";"f";"";"74";"CONSOLIDADA";"";"Presencial";
"1220675";"04";"5753102";"";"";"54286";"GRADUAÇÃO";"Campus Central";"HUOL";"2014";"1";"2014-01-27";"2014-06-14";"24M12 (27/01/2014 - 14/06/2014)";"7";"8";"REGULAR";"f";"2014-06-11 17:09:26.907";"f";"";"74";"CONSOLIDADA";"";"Presencial";
"1220676";"05";"5752190";"";"";"54286";"GRADUAÇÃO";"Campus Central";"HUOL";"2014";"1";"2014-01-27";"2014-06-14";"24M12 (27/01/2014 - 14/06/2014)";"7";"8";"REGULAR";"f";"2014-06-11 16:58:32.515";"f";"";"72";"CONSOLIDADA";"";"Presencial";
"1220676";"05";"26598";"";"";"54286";"GRADUAÇÃO";"Campus Central";"HUOL";"2014";"1";"2014-01-27";"2014-06-14";"24M12 (27/01/2014 - 14/06/2014)";"7";"8";"REGULAR";"f";"2014-06-11 16:58:32.515";"f";"";"72";"CONSOLIDADA";"";"Presencial";
"1220676";"05";"5752385";"";"";"54286";"GRADUAÇÃO";"Campus Central";"HUOL";"2014";"1";"2014-01-27";"2014-06-14";"24M12 (27/01/2014 - 14/06/2014)";"7";"8";"REGULAR";"f";"2014-06-11 16:58:32.515";"f";"";"72";"CONSOLIDADA";"";"Presencial";
"1220676";"05";"5753102";"";"";"54286";"GRADUAÇÃO";"Campus Central";"HUOL";"2014";"1";"2014-01-27";"2014-06-14";"24M12 (27/01/2014 - 14/06/2014)";"7";"8";"REGULAR";"f";"2014-06-11 16:58:32.515";"f";"";"72";"CONSOLIDADA";"";"Presencial";
"1220676";"05";"5756618";"";"";"54286";"GRADUAÇÃO";"Campus Central";"HUOL";"2014";"1";"2014-01-27";"2014-06-14";"24M12 (27/01/2014 - 14/06/2014)";"7";"8";"REGULAR";"f";"2014-06-11 16:58:32.515";"f";"";"72";"CONSOLIDADA";"";"Presencial";
"1220676";"05";"5753004";"";"";"54286";"GRADUAÇÃO";"Campus Central";"HUOL";"2014";"1";"2014-01-27";"2014-06-14";"24M12 (27/01/2014 - 14/06/2014)";"7";"8";"REGULAR";"f";"2014-06-11 16:58:32.515";"f";"";"72";"CONSOLIDADA";"";"Presencial";
"1220676";"05";"23056";"";"";"54286";"GRADUAÇÃO";"Campus Central";"HUOL";"2014";"1";"2014-01-27";"2014-06-14";"24M12 (27/01/2014 - 14/06/2014)";"7";"8";"REGULAR";"f";"2014-06-11 16:58:32.515";"f";"";"72";"CONSOLIDADA";"";"Presencial";
"1220676";"05";"5753380";"";"";"54286";"GRADUAÇÃO";"Campus Central";"HUOL";"2014";"1";"2014-01-27";"2014-06-14";"24M12 (27/01/2014 - 14/06/2014)";"7";"8";"REGULAR";"f";"2014-06-11 16:58:32.515";"f";"";"72";"CONSOLIDADA";"";"Presencial";
"1220677";"06";"5752190";"";"";"54286";"GRADUAÇÃO";"Campus Central";"HUOL";"2014";"1";"2014-01-27";"2014-06-14";"24M12 (27/01/2014 - 14/06/2014)";"4";"8";"REGULAR";"f";"2014-06-11 17:12:41.027";"f";"";"74";"CONSOLIDADA";"";"Presencial";
"1220677";"06";"5753004";"";"";"54286";"GRADUAÇÃO";"Campus Central";"HUOL";"2014";"1";"2014-01-27";"2014-06-14";"24M12 (27/01/2014 - 14/06/2014)";"4";"8";"REGULAR";"f";"2014-06-11 17:12:41.027";"f";"";"74";"CONSOLIDADA";"";"Presencial";
"1220677";"06";"26598";"";"";"54286";"GRADUAÇÃO";"Campus Central";"HUOL";"2014";"1";"2014-01-27";"2014-06-14";"24M12 (27/01/2014 - 14/06/2014)";"4";"8";"REGULAR";"f";"2014-06-11 17:12:41.027";"f";"";"74";"CONSOLIDADA";"";"Presencial";
"1220677";"06";"5756618";"";"";"54286";"GRADUAÇÃO";"Campus Central";"HUOL";"2014";"1";"2014-01-27";"2014-06-14";"24M12 (27/01/2014 - 14/06/2014)";"4";"8";"REGULAR";"f";"2014-06-11 17:12:41.027";"f";"";"74";"CONSOLIDADA";"";"Presencial";
"1220677";"06";"23056";"";"";"54286";"GRADUAÇÃO";"Campus Central";"HUOL";"2014";"1";"2014-01-27";"2014-06-14";"24M12 (27/01/2014 - 14/06/2014)";"4";"8";"REGULAR";"f";"2014-06-11 17:12:41.027";"f";"";"74";"CONSOLIDADA";"";"Presencial";
"1220677";"06";"5753380";"";"";"54286";"GRADUAÇÃO";"Campus Central";"HUOL";"2014";"1";"2014-01-27";"2014-06-14";"24M12 (27/01/2014 - 14/06/2014)";"4";"8";"REGULAR";"f";"2014-06-11 17:12:41.027";"f";"";"74";"CONSOLIDADA";"";"Presencial";
"1220677";"06";"5752385";"";"";"54286";"GRADUAÇÃO";"Campus Central";"HUOL";"2014";"1";"2014-01-27";"2014-06-14";"24M12 (27/01/2014 - 14/06/2014)";"4";"8";"REGULAR";"f";"2014-06-11 17:12:41.027";"f";"";"74";"CONSOLIDADA";"";"Presencial";
"1220677";"06";"5753102";"";"";"54286";"GRADUAÇÃO";"Campus Central";"HUOL";"2014";"1";"2014-01-27";"2014-06-14";"24M12 (27/01/2014 - 14/06/2014)";"4";"8";"REGULAR";"f";"2014-06-11 17:12:41.027";"f";"";"74";"CONSOLIDADA";"";"Presencial";
"1220678";"07";"5756618";"";"";"54286";"GRADUAÇÃO";"Campus Central";"HUOL";"2014";"1";"2014-01-27";"2014-06-14";"24M12 (27/01/2014 - 14/06/2014)";"10";"8";"REGULAR";"f";"2014-06-11 17:14:04.319";"f";"";"72";"CONSOLIDADA";"";"Presencial";
"1220678";"07";"23056";"";"";"54286";"GRADUAÇÃO";"Campus Central";"HUOL";"2014";"1";"2014-01-27";"2014-06-14";"24M12 (27/01/2014 - 14/06/2014)";"10";"8";"REGULAR";"f";"2014-06-11 17:14:04.319";"f";"";"72";"CONSOLIDADA";"";"Presencial";
"1220678";"07";"5753004";"";"";"54286";"GRADUAÇÃO";"Campus Central";"HUOL";"2014";"1";"2014-01-27";"2014-06-14";"24M12 (27/01/2014 - 14/06/2014)";"10";"8";"REGULAR";"f";"2014-06-11 17:14:04.319";"f";"";"72";"CONSOLIDADA";"";"Presencial";
"1220678";"07";"5752190";"";"";"54286";"GRADUAÇÃO";"Campus Central";"HUOL";"2014";"1";"2014-01-27";"2014-06-14";"24M12 (27/01/2014 - 14/06/2014)";"10";"8";"REGULAR";"f";"2014-06-11 17:14:04.319";"f";"";"72";"CONSOLIDADA";"";"Presencial";
"1220678";"07";"26598";"";"";"54286";"GRADUAÇÃO";"Campus Central";"HUOL";"2014";"1";"2014-01-27";"2014-06-14";"24M12 (27/01/2014 - 14/06/2014)";"10";"8";"REGULAR";"f";"2014-06-11 17:14:04.319";"f";"";"72";"CONSOLIDADA";"";"Presencial";
"1220678";"07";"5753380";"";"";"54286";"GRADUAÇÃO";"Campus Central";"HUOL";"2014";"1";"2014-01-27";"2014-06-14";"24M12 (27/01/2014 - 14/06/2014)";"10";"8";"REGULAR";"f";"2014-06-11 17:14:04.319";"f";"";"72";"CONSOLIDADA";"";"Presencial";
"1220678";"07";"5753102";"";"";"54286";"GRADUAÇÃO";"Campus Central";"HUOL";"2014";"1";"2014-01-27";"2014-06-14";"24M12 (27/01/2014 - 14/06/2014)";"10";"8";"REGULAR";"f";"2014-06-11 17:14:04.319";"f";"";"72";"CONSOLIDADA";"";"Presencial";
"1220678";"07";"5752385";"";"";"54286";"GRADUAÇÃO";"Campus Central";"HUOL";"2014";"1";"2014-01-27";"2014-06-14";"24M12 (27/01/2014 - 14/06/2014)";"10";"8";"REGULAR";"f";"2014-06-11 17:14:04.319";"f";"";"72";"CONSOLIDADA";"";"Presencial";
"1220680";"01A";"5752750";"";"";"48588";"GRADUAÇÃO";"Campus Central";"Auditório D";"2014";"1";"2014-01-27";"2014-06-14";"35M56  2T12 (27/01/2014 - 14/06/2014)";"36";"32";"REGULAR";"f";"2014-06-18 15:43:28.325";"f";"1220679";"112";"CONSOLIDADA";"";"Presencial";
"1220680";"01A";"5755459";"";"";"48588";"GRADUAÇÃO";"Campus Central";"Auditório D";"2014";"1";"2014-01-27";"2014-06-14";"35M56  2T12 (27/01/2014 - 14/06/2014)";"36";"32";"REGULAR";"f";"2014-06-18 15:43:28.325";"f";"1220679";"112";"CONSOLIDADA";"";"Presencial";
"1220681";"01B";"5752750";"";"";"48588";"GRADUAÇÃO";"Campus Central";"Auditório D";"2014";"1";"2014-01-27";"2014-06-14";"35M56  2T34 (27/01/2014 - 14/06/2014)";"32";"32";"REGULAR";"f";"2014-06-18 15:43:26.398";"f";"1220679";"112";"CONSOLIDADA";"";"Presencial";
"1220682";"01E";"5752750";"";"";"48588";"GRADUAÇÃO";"Campus Central";"Auditório D";"2014";"1";"2014-01-27";"2014-06-14";"35M56  3T12 (27/01/2014 - 14/06/2014)";"36";"32";"REGULAR";"f";"2014-06-18 15:43:24.318";"f";"1220679";"112";"CONSOLIDADA";"";"Presencial";
"1220682";"01E";"5755459";"";"";"48588";"GRADUAÇÃO";"Campus Central";"Auditório D";"2014";"1";"2014-01-27";"2014-06-14";"35M56  3T12 (27/01/2014 - 14/06/2014)";"36";"32";"REGULAR";"f";"2014-06-18 15:43:24.318";"f";"1220679";"112";"CONSOLIDADA";"";"Presencial";
"1220683";"01D";"5752750";"";"";"48588";"GRADUAÇÃO";"Campus Central";"Auditório D";"2014";"1";"2014-01-27";"2014-06-14";"35M56  3T34 (27/01/2014 - 14/06/2014)";"37";"32";"REGULAR";"f";"2014-06-18 15:43:27.198";"f";"1220679";"112";"CONSOLIDADA";"";"Presencial";
"1220683";"01D";"5755459";"";"";"48588";"GRADUAÇÃO";"Campus Central";"Auditório D";"2014";"1";"2014-01-27";"2014-06-14";"35M56  3T34 (27/01/2014 - 14/06/2014)";"37";"32";"REGULAR";"f";"2014-06-18 15:43:27.198";"f";"1220679";"112";"CONSOLIDADA";"";"Presencial";
"1220685";"02A";"5752285";"";"";"48588";"GRADUAÇÃO";"Campus Central";"Auditório E";"2014";"1";"2014-01-27";"2014-06-14";"35M56  4T12 (27/01/2014 - 14/06/2014)";"44";"32";"REGULAR";"f";"2014-06-20 15:55:09.361";"f";"1220684";"110";"CONSOLIDADA";"";"Presencial";
"1220686";"02B";"5752285";"";"";"48588";"GRADUAÇÃO";"Campus Central";"Auditório E";"2014";"1";"2014-01-27";"2014-06-14";"35M56  4T34 (27/01/2014 - 14/06/2014)";"32";"32";"REGULAR";"f";"2014-06-20 15:55:07.601";"f";"1220684";"110";"CONSOLIDADA";"";"Presencial";
"1220687";"02C";"5752285";"";"";"48588";"GRADUAÇÃO";"Campus Central";"Auditório E";"2014";"1";"2014-01-27";"2014-06-14";"35M56  5T12 (27/01/2014 - 14/06/2014)";"35";"32";"REGULAR";"f";"2014-06-20 15:55:05.832";"f";"1220684";"110";"CONSOLIDADA";"";"Presencial";
"1220688";"02D";"5752285";"";"";"48588";"GRADUAÇÃO";"Campus Central";"Auditório E";"2014";"1";"2014-01-27";"2014-06-14";"35M56  5T34 (27/01/2014 - 14/06/2014)";"30";"32";"REGULAR";"f";"2014-06-20 15:55:08.576";"f";"1220684";"110";"CONSOLIDADA";"";"Presencial";
"1220690";"03A";"5752719";"";"";"48588";"GRADUAÇÃO";"Campus Central";"Auditório E";"2014";"1";"2014-01-27";"2014-06-14";"2T56  35N34 (27/01/2014 - 14/06/2014)";"34";"28";"REGULAR";"f";"2014-06-21 17:44:30.786";"f";"1220689";"88";"CONSOLIDADA";"";"Presencial";
"1220691";"03B";"5752719";"";"";"48588";"GRADUAÇÃO";"Campus Central";"Auditório E";"2014";"1";"2014-01-27";"2014-06-14";"3T56  35N34 (27/01/2014 - 14/06/2014)";"55";"28";"REGULAR";"f";"2014-06-21 17:44:32.045";"f";"1220689";"88";"CONSOLIDADA";"";"Presencial";
"1220692";"03C";"5752719";"";"";"48588";"GRADUAÇÃO";"Campus Central";"Auditório E";"2014";"1";"2014-01-27";"2014-06-14";"7M34  35N34 (27/01/2014 - 14/06/2014)";"37";"28";"REGULAR";"f";"2014-06-21 17:44:35.149";"f";"1220689";"88";"CONSOLIDADA";"";"Presencial";
"1220693";"03D";"5752719";"";"";"48588";"GRADUAÇÃO";"Campus Central";"Auditório E";"2014";"1";"2014-01-27";"2014-06-14";"7M56  35N34 (27/01/2014 - 14/06/2014)";"40";"28";"REGULAR";"f";"2014-06-21 17:44:34.178";"f";"1220689";"88";"CONSOLIDADA";"";"Presencial";
"1220694";"03E";"5752719";"";"";"48588";"GRADUAÇÃO";"Campus Central";"Auditório E";"2014";"1";"2014-01-27";"2014-06-14";"4T56  35N34 (27/01/2014 - 14/06/2014)";"36";"28";"REGULAR";"f";"2014-06-21 17:44:33.031";"f";"1220689";"88";"CONSOLIDADA";"";"Presencial";
"1220695";"01";"5753011";"";"";"2051707";"GRADUAÇÃO";"Campus Central";"Auditório D";"2014";"1";"2014-01-27";"2014-06-14";"6M34 (27/01/2014 - 14/06/2014)";"263";"140";"REGULAR";"f";"2014-06-10 17:15:07.127";"f";"";"36";"CONSOLIDADA";"";"Presencial";
"1220696";"02";"5753014";"";"";"2051707";"GRADUAÇÃO";"Campus Central";"Auditório E";"2014";"1";"2014-01-27";"2014-06-14";"6M34 (27/01/2014 - 14/06/2014)";"172";"140";"REGULAR";"f";"2014-06-10 22:09:44.11";"f";"";"36";"CONSOLIDADA";"";"Presencial";
"1220697";"03";"5753011";"";"";"2051707";"GRADUAÇÃO";"Campus Central";"Auditório C";"2014";"1";"2014-01-27";"2014-06-14";"6N12 (27/01/2014 - 14/06/2014)";"143";"140";"REGULAR";"f";"2014-06-10 17:28:50.517";"f";"";"34";"CONSOLIDADA";"";"Presencial";
"1220698";"04";"5753039";"";"";"2051707";"GRADUAÇÃO";"Campus Central";"Auditório D";"2014";"1";"2014-01-27";"2014-06-14";"6N12 (27/01/2014 - 14/06/2014)";"136";"140";"REGULAR";"f";"2014-06-17 12:36:09.317";"f";"";"38";"CONSOLIDADA";"";"Presencial";
"1220699";"01";"5753066";"";"";"2051708";"GRADUAÇÃO";"Campus Central";"Auditório D";"2014";"1";"2014-01-27";"2014-06-14";"2M12 (27/01/2014 - 14/06/2014)";"134";"90";"REGULAR";"f";"2014-06-10 17:00:05.912";"f";"";"36";"CONSOLIDADA";"";"Presencial";
"1220700";"02";"5756050";"";"";"2051708";"GRADUAÇÃO";"Campus Central";"Auditório E";"2014";"1";"2014-01-27";"2014-06-14";"2M12 (27/01/2014 - 14/06/2014)";"78";"90";"REGULAR";"f";"2014-06-10 17:53:33.59";"f";"";"36";"CONSOLIDADA";"";"Presencial";
"1220701";"03";"5753066";"";"";"2051708";"GRADUAÇÃO";"Campus Central";"Sala 05";"2014";"1";"2014-01-27";"2014-06-14";"2N34 (27/01/2014 - 14/06/2014)";"123";"110";"REGULAR";"f";"2014-06-10 17:50:23.577";"f";"";"36";"CONSOLIDADA";"";"Presencial";
"1220702";"04";"5753651";"";"";"2051708";"GRADUAÇÃO";"Campus Central";"Auditório F";"2014";"1";"2014-01-27";"2014-06-14";"2N34 (27/01/2014 - 14/06/2014)";"121";"130";"REGULAR";"f";"2014-06-02 10:24:47.502";"f";"";"34";"CONSOLIDADA";"";"Presencial";
"1220703";"05";"5753066";"";"";"2051708";"GRADUAÇÃO";"Campus Central";"Auditório F";"2014";"1";"2014-01-27";"2014-06-14";"2M56 (27/01/2014 - 14/06/2014)";"150";"140";"REGULAR";"f";"2014-06-10 18:00:39.481";"f";"";"38";"CONSOLIDADA";"";"Presencial";
"1220704";"01";"22796";"";"";"48018";"GRADUAÇÃO";"Campus Caicó";"SALA A6";"2014";"1";"2014-01-27";"2014-06-14";"2M1234";"";"50";"REGULAR";"f";"2014-06-10 10:33:54.695";"f";"";"72";"CONSOLIDADA";"";"Presencial";
"1220706";"01A";"5753080";"";"";"2051712";"GRADUAÇÃO";"Campus Central";"Auditório E";"2014";"1";"2014-01-27";"2014-06-14";"3M12  24T34 (27/01/2014 - 14/06/2014)";"88";"30";"REGULAR";"f";"2014-05-28 17:50:42.855";"f";"1220705";"94";"CONSOLIDADA";"";"Presencial";
"1220708";"01A";"5753015";"";"";"2048486";"GRADUAÇÃO";"Campus Central";"2 -MULUNGÚ; 4 -JUAZEIRO; 6 - CARNAÚBA";"2014";"1";"2014-01-27";"2014-06-14";"26M34 4M12";"24";"18";"REGULAR";"f";"2014-06-17 08:17:51.314";"f";"1220707";"102";"CONSOLIDADA";"";"Presencial";
"1220709";"01B";"5756073";"";"";"2051712";"GRADUAÇÃO";"Campus Central";"Auditório E";"2014";"1";"2014-01-27";"2014-06-14";"3M34  24T34 (27/01/2014 - 14/06/2014)";"94";"30";"REGULAR";"f";"2014-05-28 17:50:43.879";"f";"1220705";"94";"CONSOLIDADA";"";"Presencial";
"1220709";"01B";"5753080";"";"";"2051712";"GRADUAÇÃO";"Campus Central";"Auditório E";"2014";"1";"2014-01-27";"2014-06-14";"3M34  24T34 (27/01/2014 - 14/06/2014)";"94";"30";"REGULAR";"f";"2014-05-28 17:50:43.879";"f";"1220705";"94";"CONSOLIDADA";"";"Presencial";
"1220710";"01C";"5756073";"";"";"2051712";"GRADUAÇÃO";"Campus Central";"Auditório E";"2014";"1";"2014-01-27";"2014-06-14";"3M56  24T34 (27/01/2014 - 14/06/2014)";"108";"31";"REGULAR";"f";"2014-05-28 17:50:44.751";"f";"1220705";"94";"CONSOLIDADA";"";"Presencial";
"1220710";"01C";"5753080";"";"";"2051712";"GRADUAÇÃO";"Campus Central";"Auditório E";"2014";"1";"2014-01-27";"2014-06-14";"3M56  24T34 (27/01/2014 - 14/06/2014)";"108";"31";"REGULAR";"f";"2014-05-28 17:50:44.751";"f";"1220705";"94";"CONSOLIDADA";"";"Presencial";
"1220712";"02A";"5753041";"";"";"2051712";"GRADUAÇÃO";"Campus Central";"Auditório F";"2014";"1";"2014-01-27";"2014-06-14";"5M12  24T34 (27/01/2014 - 14/06/2014)";"30";"30";"REGULAR";"f";"2014-06-15 09:49:45.69";"f";"1220711";"106";"CONSOLIDADA";"";"Presencial";
"1220713";"02B";"5753041";"";"";"2051712";"GRADUAÇÃO";"Campus Central";"Auditório F";"2014";"1";"2014-01-27";"2014-06-14";"5M34  24T34 (27/01/2014 - 14/06/2014)";"28";"30";"REGULAR";"f";"2014-06-15 09:49:44.751";"f";"1220711";"106";"CONSOLIDADA";"";"Presencial";
"1220713";"02B";"5756073";"";"";"2051712";"GRADUAÇÃO";"Campus Central";"Auditório F";"2014";"1";"2014-01-27";"2014-06-14";"5M34  24T34 (27/01/2014 - 14/06/2014)";"28";"30";"REGULAR";"f";"2014-06-15 09:49:44.751";"f";"1220711";"106";"CONSOLIDADA";"";"Presencial";
"1220714";"02C";"5753041";"";"";"2051712";"GRADUAÇÃO";"Campus Central";"Auditório F";"2014";"1";"2014-01-27";"2014-06-14";"5M56  24T34 (27/01/2014 - 14/06/2014)";"37";"30";"REGULAR";"f";"2014-06-15 09:49:41.827";"f";"1220711";"106";"CONSOLIDADA";"";"Presencial";
"1220714";"02C";"5756073";"";"";"2051712";"GRADUAÇÃO";"Campus Central";"Auditório F";"2014";"1";"2014-01-27";"2014-06-14";"5M56  24T34 (27/01/2014 - 14/06/2014)";"37";"30";"REGULAR";"f";"2014-06-15 09:49:41.827";"f";"1220711";"106";"CONSOLIDADA";"";"Presencial";
"1220716";"03A";"5753041";"";"";"2051712";"GRADUAÇÃO";"Campus Central";"Sala 03";"2014";"1";"2014-01-27";"2014-06-14";"7M12  24N12 (27/01/2014 - 14/06/2014)";"16";"30";"REGULAR";"f";"2014-06-15 09:15:38.752";"f";"1220715";"108";"CONSOLIDADA";"";"Presencial";
"1220717";"03B";"5756073";"";"";"2051712";"GRADUAÇÃO";"Campus Central";"Sala 03";"2014";"1";"2014-01-27";"2014-06-14";"7M34  24N12 (27/01/2014 - 14/06/2014)";"24";"30";"REGULAR";"f";"2014-06-15 09:15:34.264";"f";"1220715";"108";"CONSOLIDADA";"";"Presencial";
"1220717";"03B";"5753041";"";"";"2051712";"GRADUAÇÃO";"Campus Central";"Sala 03";"2014";"1";"2014-01-27";"2014-06-14";"7M34  24N12 (27/01/2014 - 14/06/2014)";"24";"30";"REGULAR";"f";"2014-06-15 09:15:34.264";"f";"1220715";"108";"CONSOLIDADA";"";"Presencial";
"1220718";"01B";"5753015";"";"";"2048486";"GRADUAÇÃO";"Campus Central";"2 -MULUNGÚ; 4 -JUAZEIRO; 6 - CARNAÚBA";"2014";"1";"2014-01-27";"2014-06-14";"24M34 6M12";"8";"18";"REGULAR";"f";"2014-06-17 08:17:50.08";"f";"1220707";"102";"CONSOLIDADA";"";"Presencial";
"1220719";"03C";"5756073";"";"";"2051712";"GRADUAÇÃO";"Campus Central";"Sala 03";"2014";"1";"2014-01-27";"2014-06-14";"7M56  24N12 (27/01/2014 - 14/06/2014)";"29";"30";"REGULAR";"f";"2014-06-15 09:15:37.81";"f";"1220715";"108";"CONSOLIDADA";"";"Presencial";
"1220719";"03C";"5753041";"";"";"2051712";"GRADUAÇÃO";"Campus Central";"Sala 03";"2014";"1";"2014-01-27";"2014-06-14";"7M56  24N12 (27/01/2014 - 14/06/2014)";"29";"30";"REGULAR";"f";"2014-06-15 09:15:37.81";"f";"1220715";"108";"CONSOLIDADA";"";"Presencial";
"1220721";"04A";"5756073";"";"";"2051712";"GRADUAÇÃO";"Campus Central";"Sala 05";"2014";"1";"2014-01-27";"2014-06-14";"2T56  24N12 (27/01/2014 - 14/06/2014)";"48";"31";"REGULAR";"f";"2014-06-11 17:09:24.548";"f";"1220720";"84";"CONSOLIDADA";"";"Presencial";
"1220722";"04B";"5756073";"";"";"2051712";"GRADUAÇÃO";"Campus Central";"Sala 05";"2014";"1";"2014-01-27";"2014-06-14";"3T56  24N12 (27/01/2014 - 14/06/2014)";"45";"30";"REGULAR";"f";"2014-06-11 17:09:25.318";"f";"1220720";"84";"CONSOLIDADA";"";"Presencial";
"1220723";"04C";"5756073";"";"";"2051712";"GRADUAÇÃO";"Campus Central";"Sala 05";"2014";"1";"2014-01-27";"2014-06-14";"4T56  24N12 (27/01/2014 - 14/06/2014)";"40";"30";"REGULAR";"f";"2014-06-11 17:09:23.67";"f";"1220720";"84";"CONSOLIDADA";"";"Presencial";
"1220725";"01A";"5753003";"";"";"41879";"GRADUAÇÃO";"Campus Central";"Sala 03";"2014";"1";"2014-01-27";"2014-06-14";"246T56 (27/01/2014 - 14/06/2014)";"79";"110";"REGULAR";"f";"2014-06-20 10:27:54.957";"f";"1220724";"98";"CONSOLIDADA";"";"Presencial";
"1220727";"02A";"5756362";"";"";"41879";"GRADUAÇÃO";"Campus Central";"Auditório F";"2014";"1";"2014-01-27";"2014-06-14";"246T56 (27/01/2014 - 14/06/2014)";"191";"110";"REGULAR";"f";"2014-06-18 09:51:27.257";"f";"1220726";"104";"CONSOLIDADA";"";"Presencial";
"1220729";"03A";"5756362";"";"";"41879";"GRADUAÇÃO";"Campus Central";"Sala 01";"2014";"1";"2014-01-27";"2014-06-14";"246N34 (27/01/2014 - 14/06/2014)";"112";"110";"REGULAR";"f";"2014-06-18 09:55:06.738";"f";"1220728";"104";"CONSOLIDADA";"";"Presencial";
"1220731";"01A";"5753335";"";"";"41880";"GRADUAÇÃO";"Campus Central";"Auditório E";"2014";"1";"2014-01-27";"2014-04-06";"356T34 (27/01/2014 - 06/04/2014)";"61";"100";"REGULAR";"f";"2014-04-17 10:23:35.959";"f";"1220730";"68";"CONSOLIDADA";"";"Presencial";
"1220733";"02A";"5753844";"";"";"41880";"GRADUAÇÃO";"Campus Central";"Auditório F";"2014";"1";"2014-01-27";"2014-04-06";"356T34 (27/01/2014 - 06/04/2014)";"172";"100";"REGULAR";"f";"2014-06-11 18:34:03.331";"f";"1220732";"70";"CONSOLIDADA";"";"Presencial";
"1220735";"03A";"5753335";"";"";"41880";"GRADUAÇÃO";"Campus Central";"Sala 03";"2014";"1";"2014-01-27";"2014-04-06";"356N12 (27/01/2014 - 06/04/2014)";"74";"90";"REGULAR";"f";"2014-04-17 10:33:47.532";"f";"1220734";"66";"CONSOLIDADA";"";"Presencial";
"1220737";"04A";"5753844";"";"";"41880";"GRADUAÇÃO";"Campus Central";"Sala 05";"2014";"1";"2014-01-27";"2014-04-06";"356N12 (27/01/2014 - 06/04/2014)";"150";"90";"REGULAR";"f";"2014-06-12 20:09:20.301";"f";"1220736";"70";"CONSOLIDADA";"";"Presencial";
"1220739";"01A";"5755576";"";"";"41881";"GRADUAÇÃO";"Campus Central";"Sala 03";"2014";"1";"2014-01-27";"2014-06-14";"2M34  35T56 (27/01/2014 - 14/06/2014)";"7";"22";"REGULAR";"f";"2014-06-06 16:28:15.571";"f";"1220738";"102";"CONSOLIDADA";"";"Presencial";
"1220739";"01A";"5753711";"";"";"41881";"GRADUAÇÃO";"Campus Central";"Sala 03";"2014";"1";"2014-01-27";"2014-06-14";"2M34  35T56 (27/01/2014 - 14/06/2014)";"7";"22";"REGULAR";"f";"2014-06-06 16:28:15.571";"f";"1220738";"102";"CONSOLIDADA";"";"Presencial";
"1220740";"01B";"5753711";"";"";"41881";"GRADUAÇÃO";"Campus Central";"Sala 03";"2014";"1";"2014-01-27";"2014-06-14";"2M56  35T56 (27/01/2014 - 14/06/2014)";"20";"22";"REGULAR";"f";"2014-06-06 16:28:16.603";"f";"1220738";"102";"CONSOLIDADA";"";"Presencial";
"1220740";"01B";"5755576";"";"";"41881";"GRADUAÇÃO";"Campus Central";"Sala 03";"2014";"1";"2014-01-27";"2014-06-14";"2M56  35T56 (27/01/2014 - 14/06/2014)";"20";"22";"REGULAR";"f";"2014-06-06 16:28:16.603";"f";"1220738";"102";"CONSOLIDADA";"";"Presencial";
"1220741";"01C";"5753711";"";"";"41881";"GRADUAÇÃO";"Campus Central";"Sala 03";"2014";"1";"2014-01-27";"2014-06-14";"4M34  35T56 (27/01/2014 - 14/06/2014)";"7";"22";"REGULAR";"f";"2014-06-06 16:28:17.442";"f";"1220738";"102";"CONSOLIDADA";"";"Presencial";
"1220741";"01C";"5755576";"";"";"41881";"GRADUAÇÃO";"Campus Central";"Sala 03";"2014";"1";"2014-01-27";"2014-06-14";"4M34  35T56 (27/01/2014 - 14/06/2014)";"7";"22";"REGULAR";"f";"2014-06-06 16:28:17.442";"f";"1220738";"102";"CONSOLIDADA";"";"Presencial";
"1220742";"01D";"5753711";"";"";"41881";"GRADUAÇÃO";"Campus Central";"Sala 03";"2014";"1";"2014-01-27";"2014-06-14";"4M56  35T56 (27/01/2014 - 14/06/2014)";"16";"22";"REGULAR";"f";"2014-06-06 16:28:14.62";"f";"1220738";"102";"CONSOLIDADA";"";"Presencial";
"1220742";"01D";"5755576";"";"";"41881";"GRADUAÇÃO";"Campus Central";"Sala 03";"2014";"1";"2014-01-27";"2014-06-14";"4M56  35T56 (27/01/2014 - 14/06/2014)";"16";"22";"REGULAR";"f";"2014-06-06 16:28:14.62";"f";"1220738";"102";"CONSOLIDADA";"";"Presencial";
"1220744";"02A";"5753896";"";"";"41881";"GRADUAÇÃO";"Campus Central";"Auditório F";"2014";"1";"2014-01-27";"2014-06-14";"3M34  35T56 (27/01/2014 - 14/06/2014)";"27";"22";"REGULAR";"f";"2014-06-11 23:43:50.752";"f";"1220743";"104";"CONSOLIDADA";"";"Presencial";
"1220745";"02B";"5753896";"";"";"41881";"GRADUAÇÃO";"Campus Central";"Auditório F";"2014";"1";"2014-01-27";"2014-06-14";"3M56  35T56 (27/01/2014 - 14/06/2014)";"35";"22";"REGULAR";"f";"2014-06-11 23:43:48.077";"f";"1220743";"104";"CONSOLIDADA";"";"Presencial";
"1220746";"02C";"5753896";"";"";"41881";"GRADUAÇÃO";"Campus Central";"Auditório F";"2014";"1";"2014-01-27";"2014-06-14";"5M34  35T56 (27/01/2014 - 14/06/2014)";"29";"23";"REGULAR";"f";"2014-06-11 23:43:49.853";"f";"1220743";"104";"CONSOLIDADA";"";"Presencial";
"1220747";"02D";"5753896";"";"";"41881";"GRADUAÇÃO";"Campus Central";"Auditório F";"2014";"1";"2014-01-27";"2014-06-14";"5M56  35T56 (27/01/2014 - 14/06/2014)";"39";"22";"REGULAR";"f";"2014-06-11 23:43:49.001";"f";"1220743";"104";"CONSOLIDADA";"";"Presencial";
"1220749";"03A";"5756704";"";"";"41881";"GRADUAÇÃO";"Campus Central";"Sala 05";"2014";"1";"2014-01-27";"2014-06-14";"3T56  35N34 (27/01/2014 - 14/06/2014)";"17";"25";"REGULAR";"f";"2014-06-21 01:17:03.563";"f";"1220748";"108";"CONSOLIDADA";"";"Presencial";
"1220749";"03A";"5756044";"";"";"41881";"GRADUAÇÃO";"Campus Central";"Sala 05";"2014";"1";"2014-01-27";"2014-06-14";"3T56  35N34 (27/01/2014 - 14/06/2014)";"17";"25";"REGULAR";"f";"2014-06-21 01:17:03.563";"f";"1220748";"108";"CONSOLIDADA";"";"Presencial";
"1220750";"03B";"5756704";"";"";"41881";"GRADUAÇÃO";"Campus Central";"Sala 05";"2014";"1";"2014-01-27";"2014-06-14";"5T56  35N34 (27/01/2014 - 14/06/2014)";"23";"25";"REGULAR";"f";"2014-06-21 01:17:04.728";"f";"1220748";"108";"CONSOLIDADA";"";"Presencial";
"1220750";"03B";"5756044";"";"";"41881";"GRADUAÇÃO";"Campus Central";"Sala 05";"2014";"1";"2014-01-27";"2014-06-14";"5T56  35N34 (27/01/2014 - 14/06/2014)";"23";"25";"REGULAR";"f";"2014-06-21 01:17:04.728";"f";"1220748";"108";"CONSOLIDADA";"";"Presencial";
"1220751";"03C";"5756704";"";"";"41881";"GRADUAÇÃO";"Campus Central";"Sala 05";"2014";"1";"2014-01-27";"2014-06-14";"7M34  35N34 (27/01/2014 - 14/06/2014)";"23";"25";"REGULAR";"f";"2014-06-21 01:17:00.215";"f";"1220748";"108";"CONSOLIDADA";"";"Presencial";
"1220751";"03C";"5756044";"";"";"41881";"GRADUAÇÃO";"Campus Central";"Sala 05";"2014";"1";"2014-01-27";"2014-06-14";"7M34  35N34 (27/01/2014 - 14/06/2014)";"23";"25";"REGULAR";"f";"2014-06-21 01:17:00.215";"f";"1220748";"108";"CONSOLIDADA";"";"Presencial";
"1220752";"03D";"5756044";"";"";"41881";"GRADUAÇÃO";"Campus Central";"Sala 05";"2014";"1";"2014-01-27";"2014-06-14";"7M56  35N34 (27/01/2014 - 14/06/2014)";"25";"25";"REGULAR";"f";"2014-06-21 01:17:01.275";"f";"1220748";"108";"CONSOLIDADA";"";"Presencial";
"1220752";"03D";"5756704";"";"";"41881";"GRADUAÇÃO";"Campus Central";"Sala 05";"2014";"1";"2014-01-27";"2014-06-14";"7M56  35N34 (27/01/2014 - 14/06/2014)";"25";"25";"REGULAR";"f";"2014-06-21 01:17:01.275";"f";"1220748";"108";"CONSOLIDADA";"";"Presencial";
"1220753";"03E";"5756704";"";"";"41881";"GRADUAÇÃO";"Campus Central";"Sala 05";"2014";"1";"2014-01-27";"2014-06-14";"7T12  35N34 (27/01/2014 - 14/06/2014)";"42";"25";"REGULAR";"f";"2014-06-21 01:17:02.547";"f";"1220748";"108";"CONSOLIDADA";"";"Presencial";
"1220753";"03E";"5756044";"";"";"41881";"GRADUAÇÃO";"Campus Central";"Sala 05";"2014";"1";"2014-01-27";"2014-06-14";"7T12  35N34 (27/01/2014 - 14/06/2014)";"42";"25";"REGULAR";"f";"2014-06-21 01:17:02.547";"f";"1220748";"108";"CONSOLIDADA";"";"Presencial";
"1220755";"01A";"5753586";"";"";"41882";"GRADUAÇÃO";"Campus Central";"Sala 02";"2014";"1";"2014-04-07";"2014-06-14";"3M12  356T34 (07/04/2014 - 14/06/2014)";"17";"17";"REGULAR";"f";"2014-06-14 20:45:40.641";"f";"1220754";"68";"CONSOLIDADA";"";"Presencial";
"1220756";"01B";"5753586";"";"";"41882";"GRADUAÇÃO";"Campus Central";"Sala 02";"2014";"1";"2014-04-07";"2014-06-14";"3M34  356T34 (07/04/2014 - 14/06/2014)";"19";"19";"REGULAR";"f";"2014-06-14 20:45:43.419";"f";"1220754";"68";"CONSOLIDADA";"";"Presencial";
"1220757";"01C";"5753586";"";"";"41882";"GRADUAÇÃO";"Campus Central";"Sala 02";"2014";"1";"2014-04-07";"2014-06-14";"3M56  356T34 (07/04/2014 - 14/06/2014)";"23";"23";"REGULAR";"f";"2014-06-14 20:45:44.509";"f";"1220754";"68";"CONSOLIDADA";"";"Presencial";
"1220758";"01D";"5753586";"";"";"41882";"GRADUAÇÃO";"Campus Central";"Sala 02";"2014";"1";"2014-04-07";"2014-06-14";"5M12  356T34 (07/04/2014 - 14/06/2014)";"18";"18";"REGULAR";"f";"2014-06-14 20:45:41.921";"f";"1220754";"68";"CONSOLIDADA";"";"Presencial";
"1220760";"02A";"5756199";"";"";"41882";"GRADUAÇÃO";"Campus Central";"Auditório F";"2014";"1";"2014-04-07";"2014-06-14";"5M34  356T34 (07/04/2014 - 14/06/2014)";"17";"17";"REGULAR";"f";"2014-06-11 21:05:57.16";"f";"1220759";"72";"CONSOLIDADA";"";"Presencial";
"1220761";"02B";"5756199";"";"";"41882";"GRADUAÇÃO";"Campus Central";"Auditório F";"2014";"1";"2014-04-07";"2014-06-14";"6M34  356T34 (07/04/2014 - 14/06/2014)";"17";"17";"REGULAR";"f";"2014-06-11 21:05:58.23";"f";"1220759";"72";"CONSOLIDADA";"";"Presencial";
"1220763";"01A";"5755907";"";"";"2049201";"GRADUAÇÃO";"Campus Central";"FAVELEIRA";"2014";"1";"2014-01-27";"2014-06-14";"24N34";"20";"30";"REGULAR";"f";"2014-06-13 10:28:10.169";"f";"1220762";"74";"CONSOLIDADA";"";"Presencial";
"1220764";"02C";"5756199";"";"";"41882";"GRADUAÇÃO";"Campus Central";"Auditório F";"2014";"1";"2014-04-07";"2014-06-14";"5M56  356T34 (07/04/2014 - 14/06/2014)";"19";"19";"REGULAR";"f";"2014-06-11 21:05:55.869";"f";"1220759";"72";"CONSOLIDADA";"";"Presencial";
"1220765";"01";"5755907";"";"";"40137";"GRADUAÇÃO";"Campus Central";"JUAZEIRO";"2014";"1";"2014-01-27";"2014-06-14";"5T123";"17";"40";"REGULAR";"f";"2014-06-13 10:25:25.424";"f";"";"54";"CONSOLIDADA";"";"Presencial";
"1220766";"02D";"5756199";"";"";"41882";"GRADUAÇÃO";"Campus Central";"Auditório F";"2014";"1";"2014-04-07";"2014-06-14";"6M56  356T34 (07/04/2014 - 14/06/2014)";"25";"20";"REGULAR";"f";"2014-06-11 21:05:56.45";"f";"1220759";"72";"CONSOLIDADA";"";"Presencial";
"1220768";"03A";"5753586";"";"";"41882";"GRADUAÇÃO";"Campus Central";"Sala 03";"2014";"1";"2014-04-07";"2014-06-14";"7M34  356N12 (07/04/2014 - 14/06/2014)";"28";"28";"REGULAR";"f";"2014-06-14 21:16:10.994";"f";"1220767";"66";"CONSOLIDADA";"";"Presencial";
"1220769";"03B";"5753586";"";"";"41882";"GRADUAÇÃO";"Campus Central";"Sala 03";"2014";"1";"2014-04-07";"2014-06-14";"7M56  356N12 (07/04/2014 - 14/06/2014)";"29";"25";"REGULAR";"f";"2014-06-14 21:16:08.892";"f";"1220767";"66";"CONSOLIDADA";"";"Presencial";
"1220770";"03C";"5753586";"";"";"41882";"GRADUAÇÃO";"Campus Central";"Sala 03";"2014";"1";"2014-04-07";"2014-06-14";"7T12  356N12 (07/04/2014 - 14/06/2014)";"26";"26";"REGULAR";"f";"2014-06-14 21:16:12.074";"f";"1220767";"66";"CONSOLIDADA";"";"Presencial";
"1220771";"03D";"5753586";"";"";"41882";"GRADUAÇÃO";"Campus Central";"Sala 03";"2014";"1";"2014-04-07";"2014-06-14";"7T34  356N12 (07/04/2014 - 14/06/2014)";"24";"25";"REGULAR";"f";"2014-06-14 21:16:09.827";"f";"1220767";"66";"CONSOLIDADA";"";"Presencial";
"1220773";"01A";"5754638";"";"";"41883";"GRADUAÇÃO";"Campus Central";"Sala 02";"2014";"1";"2014-01-27";"2014-06-14";"2T12 (27/01/2014 - 14/06/2014)";"60";"40";"REGULAR";"f";"2014-06-21 11:17:14.469";"f";"1220772";"72";"CONSOLIDADA";"";"Presencial";
"1220774";"01B";"5754638";"";"";"41883";"GRADUAÇÃO";"Campus Central";"Sala 02";"2014";"1";"2014-01-27";"2014-06-14";"2M34  2T12 (27/01/2014 - 14/06/2014)";"25";"40";"REGULAR";"f";"2014-06-21 11:17:15.328";"f";"1220772";"72";"CONSOLIDADA";"";"Presencial";
"1220775";"01";"19582";"";"";"2048480";"GRADUAÇÃO";"Campus Central";"4 -MANDACARÚ; 5 -JUAZEIRO";"2014";"1";"2014-01-27";"2014-06-14";"4N34 5N12";"22";"26";"REGULAR";"f";"2014-06-11 19:07:06.58";"f";"";"72";"CONSOLIDADA";"";"Presencial";
"1220775";"01";"5752697";"";"";"2048480";"GRADUAÇÃO";"Campus Central";"4 -MANDACARÚ; 5 -JUAZEIRO";"2014";"1";"2014-01-27";"2014-06-14";"4N34 5N12";"22";"26";"REGULAR";"f";"2014-06-11 19:07:06.58";"f";"";"72";"CONSOLIDADA";"";"Presencial";
"1220777";"02A";"5756096";"";"";"41883";"GRADUAÇÃO";"Campus Central";"Sala 02";"2014";"1";"2014-01-27";"2014-06-14";"6T12 (27/01/2014 - 14/06/2014)";"90";"40";"REGULAR";"f";"2014-06-19 22:08:02.813";"f";"1220776";"72";"CONSOLIDADA";"";"Presencial";
"1220778";"02B";"5756096";"";"";"41883";"GRADUAÇÃO";"Campus Central";"Sala 02";"2014";"1";"2014-01-27";"2014-06-14";"6M34  6T12 (27/01/2014 - 14/06/2014)";"51";"40";"REGULAR";"f";"2014-06-19 22:08:03.857";"f";"1220776";"72";"CONSOLIDADA";"";"Presencial";
"1220780";"03A";"5754638";"";"";"41883";"GRADUAÇÃO";"Campus Central";"Sala 02";"2014";"1";"2014-01-27";"2014-06-14";"2N34 (27/01/2014 - 14/06/2014)";"54";"40";"REGULAR";"f";"2014-06-21 11:35:01.124";"f";"1220779";"36";"CONSOLIDADA";"";"Presencial";
"1220782";"01A";"20854";"";"";"2048481";"GRADUAÇÃO";"Campus Central";"CÉLULAS";"2014";"1";"2014-01-27";"2014-06-14";"3N34 6N12";"19";"26";"REGULAR";"f";"2014-06-13 22:36:34.991";"f";"1220781";"68";"CONSOLIDADA";"";"Presencial";
"1220783";"03B";"5754638";"";"";"41883";"GRADUAÇÃO";"Campus Central";"Sala 02";"2014";"1";"2014-01-27";"2014-06-14";"7M34  2N34 (27/01/2014 - 14/06/2014)";"12";"40";"REGULAR";"f";"2014-06-21 11:35:00.193";"f";"1220779";"36";"CONSOLIDADA";"";"Presencial";
"1220785";"04A";"5756096";"";"";"41883";"GRADUAÇÃO";"Campus Central";"Sala 02";"2014";"1";"2014-01-27";"2014-06-14";"4N34 (27/01/2014 - 14/06/2014)";"36";"40";"REGULAR";"f";"2014-06-19 22:09:09.075";"f";"1220784";"36";"CONSOLIDADA";"";"Presencial";
"1220787";"01A";"5752642";"";"";"2048482";"GRADUAÇÃO";"Campus Central";"JUCÁ";"2014";"1";"2014-01-27";"2014-06-14";"246M56";"8";"18";"REGULAR";"f";"2014-06-13 14:34:35.646";"f";"1220786";"100";"CONSOLIDADA";"";"Presencial";
"1220787";"01A";"22773";"";"";"2048482";"GRADUAÇÃO";"Campus Central";"JUCÁ";"2014";"1";"2014-01-27";"2014-06-14";"246M56";"8";"18";"REGULAR";"f";"2014-06-13 14:34:35.646";"f";"1220786";"100";"CONSOLIDADA";"";"Presencial";
"1220787";"01A";"5756461";"";"";"2048482";"GRADUAÇÃO";"Campus Central";"JUCÁ";"2014";"1";"2014-01-27";"2014-06-14";"246M56";"8";"18";"REGULAR";"f";"2014-06-13 14:34:35.646";"f";"1220786";"100";"CONSOLIDADA";"";"Presencial";
"1220787";"01A";"24343";"";"";"2048482";"GRADUAÇÃO";"Campus Central";"JUCÁ";"2014";"1";"2014-01-27";"2014-06-14";"246M56";"8";"18";"REGULAR";"f";"2014-06-13 14:34:35.646";"f";"1220786";"100";"CONSOLIDADA";"";"Presencial";
"1220788";"04B";"5756096";"";"";"41883";"GRADUAÇÃO";"Campus Central";"Sala 02";"2014";"1";"2014-01-27";"2014-06-14";"7M56  4N34 (27/01/2014 - 14/06/2014)";"6";"2";"REGULAR";"f";"";"f";"1220784";"";"EXCLUÍDA";"";"Presencial";
"1220789";"X";"5041554";"";"";"48749";"TÉCNICO";"";"Sala Agropecuária 1";"2014";"1";"2014-01-27";"2014-06-13";"34M12";"";"45";"REGULAR";"f";"2014-06-11 11:54:13.669";"f";"";"68";"CONSOLIDADA";"";"Presencial";
"1220790";"01";"5753014";"";"";"42261";"GRADUAÇÃO";"Campus Central";"Sala 01";"2014";"1";"2014-01-27";"2014-06-14";"35M56 (27/01/2014 - 14/06/2014)";"101";"101";"REGULAR";"f";"2014-06-10 23:33:19.505";"f";"";"72";"CONSOLIDADA";"";"Presencial";
"1220791";"01";"5752961";"";"";"48569";"GRADUAÇÃO";"Campus Central";"Sala 07";"2014";"1";"2014-01-27";"2014-06-14";"35T56 (27/01/2014 - 14/06/2014)";"31";"50";"REGULAR";"f";"2014-06-12 08:35:23.325";"f";"";"76";"CONSOLIDADA";"";"Presencial";
"1220792";"01";"5753009";"";"";"53078";"GRADUAÇÃO";"Campus Central";"Sala 06";"2014";"1";"2014-01-27";"2014-06-14";"24M34 (27/01/2014 - 14/06/2014)";"7";"40";"REGULAR";"f";"2014-06-09 11:30:15.72";"f";"";"66";"CONSOLIDADA";"";"Presencial";
"1220793";"01";"5753039";"";"";"43517";"GRADUAÇÃO";"Campus Central";"Sala 09";"2014";"1";"2014-01-27";"2014-06-14";"35M56 (27/01/2014 - 14/06/2014)";"12";"50";"REGULAR";"f";"2014-06-13 21:13:16.011";"f";"";"74";"CONSOLIDADA";"";"Presencial";
"1220794";"01";"5752169";"";"";"53079";"GRADUAÇÃO";"Campus Central";"Sala 07";"2014";"1";"2014-01-27";"2014-06-14";"35N12 (27/01/2014 - 14/06/2014)";"37";"50";"REGULAR";"f";"2014-06-18 09:41:53.686";"f";"";"66";"CONSOLIDADA";"";"Presencial";
"1220795";"01";"5752305";"";"";"53080";"GRADUAÇÃO";"Campus Central";"Sala 06";"2014";"1";"2014-01-27";"2014-06-14";"24T34 (27/01/2014 - 14/06/2014)";"28";"50";"REGULAR";"f";"2014-06-15 10:30:07.979";"f";"";"74";"CONSOLIDADA";"";"Presencial";
"1220796";"01";"5752750";"";"";"48579";"GRADUAÇÃO";"Campus Central";"Lab Física ECT";"2014";"1";"2014-01-27";"2014-06-14";"2M345 (27/01/2014 - 14/06/2014)";"8";"20";"REGULAR";"f";"2014-06-18 15:37:55.44";"f";"";"54";"CONSOLIDADA";"";"Presencial";
"1220797";"X";"5751986";"";"";"48748";"TÉCNICO";"";"Sala Agropecuária 1";"2014";"1";"2014-01-27";"2014-06-13";"5T12";"";"45";"REGULAR";"f";"2014-06-16 12:50:48.678";"f";"";"2";"CONSOLIDADA";"";"Presencial";
"1220798";"01";"5752232";"";"";"2051709";"GRADUAÇÃO";"Campus Central";"Sala 08";"2014";"1";"2014-01-27";"2014-06-14";"46T56 (27/01/2014 - 14/06/2014)";"11";"50";"REGULAR";"f";"2014-06-08 10:23:25.885";"f";"";"68";"CONSOLIDADA";"";"Presencial";
"1220798";"01";"5752962";"";"";"2051709";"GRADUAÇÃO";"Campus Central";"Sala 08";"2014";"1";"2014-01-27";"2014-06-14";"46T56 (27/01/2014 - 14/06/2014)";"11";"50";"REGULAR";"f";"2014-06-08 10:23:25.885";"f";"";"68";"CONSOLIDADA";"";"Presencial";
"1220798";"01";"5752292";"";"";"2051709";"GRADUAÇÃO";"Campus Central";"Sala 08";"2014";"1";"2014-01-27";"2014-06-14";"46T56 (27/01/2014 - 14/06/2014)";"11";"50";"REGULAR";"f";"2014-06-08 10:23:25.885";"f";"";"68";"CONSOLIDADA";"";"Presencial";
"1220799";"01";"5753066";"";"";"2051711";"GRADUAÇÃO";"Campus Central";"Sala 08";"2014";"1";"2014-01-27";"2014-06-14";"3T56 (27/01/2014 - 14/06/2014)";"20";"50";"REGULAR";"f";"2014-06-10 16:52:11.18";"f";"";"44";"CONSOLIDADA";"";"Presencial";
"1220800";"02";"5753651";"";"";"2051711";"GRADUAÇÃO";"Campus Central";"Sala 08";"2014";"1";"2014-01-27";"2014-06-14";"4T34 (27/01/2014 - 14/06/2014)";"20";"50";"REGULAR";"f";"2014-06-02 10:33:24.285";"f";"";"34";"CONSOLIDADA";"";"Presencial";
"1220801";"01";"5753317";"";"";"2051750";"GRADUAÇÃO";"Campus Central";"LabInfo";"2014";"1";"2014-01-27";"2014-06-14";"356T34 (27/01/2014 - 14/06/2014)";"21";"30";"REGULAR";"f";"2014-06-15 09:29:31.995";"f";"";"112";"CONSOLIDADA";"";"Presencial";
"1220801";"01";"5756090";"";"";"2051750";"GRADUAÇÃO";"Campus Central";"LabInfo";"2014";"1";"2014-01-27";"2014-06-14";"356T34 (27/01/2014 - 14/06/2014)";"21";"30";"REGULAR";"f";"2014-06-15 09:29:31.995";"f";"";"112";"CONSOLIDADA";"";"Presencial";
"1220802";"01";"5754369";"";"";"2051753";"GRADUAÇÃO";"Campus Central";"LabInfo";"2014";"1";"2014-01-27";"2014-06-14";"35T34 (27/01/2014 - 14/06/2014)";"1";"20";"REGULAR";"f";"2014-06-22 01:27:26.169";"f";"";"70";"CONSOLIDADA";"";"Presencial";
"1220803";"01";"5752247";"";"";"2051757";"GRADUAÇÃO";"Campus Central";"LabInfo";"2014";"1";"2014-01-27";"2014-06-14";"35T56 (27/01/2014 - 14/06/2014)";"24";"20";"REGULAR";"f";"2014-06-21 15:38:25.343";"f";"";"72";"CONSOLIDADA";"";"Presencial";
"1220804";"01";"5755968";"";"";"43518";"GRADUAÇÃO";"Campus Central";"Sala 07";"2014";"1";"2014-01-27";"2014-06-14";"35M56 (27/01/2014 - 14/06/2014)";"5";"50";"REGULAR";"f";"2014-06-09 10:43:59.791";"f";"";"70";"CONSOLIDADA";"";"Presencial";
"1220805";"01";"5753011";"";"";"43515";"GRADUAÇÃO";"Campus Central";"Sala 06";"2014";"1";"2014-01-27";"2014-06-14";"4N1234 (27/01/2014 - 14/06/2014)";"61";"61";"REGULAR";"f";"2014-06-05 11:47:57.481";"f";"";"68";"CONSOLIDADA";"";"Presencial";
"1220806";"01";"5752961";"";"";"43511";"GRADUAÇÃO";"Campus Central";"Sala 07";"2014";"1";"2014-01-27";"2014-06-14";"46M34 (27/01/2014 - 14/06/2014)";"5";"50";"REGULAR";"f";"2014-06-11 13:45:17.027";"f";"";"72";"CONSOLIDADA";"";"Presencial";
"1220807";"01";"26599";"";"";"23186";"GRADUAÇÃO";"Campus Central";"2-D-4";"2014";"1";"2014-01-27";"2014-06-14";"35M34";"14";"50";"REGULAR";"f";"2014-06-20 12:31:03.41";"f";"";"72";"CONSOLIDADA";"";"Presencial";
"1220808";"01";"5752722";"";"";"2055432";"GRADUAÇÃO";"Campus Central";"2-D-4";"2014";"1";"2014-01-27";"2014-06-14";"35M56";"12";"50";"REGULAR";"f";"2014-06-21 19:16:47.05";"f";"";"74";"CONSOLIDADA";"";"Presencial";
"1220809";"01";"5755382";"";"";"43510";"GRADUAÇÃO";"Campus Central";"Sala 07";"2014";"1";"2014-01-27";"2014-06-14";"24T56 (27/01/2014 - 14/06/2014)";"25";"50";"REGULAR";"f";"2014-06-04 11:14:03.834";"f";"";"70";"CONSOLIDADA";"";"Presencial";
"1220810";"01";"5753875";"";"";"22449";"GRADUAÇÃO";"Campus Central";"a definir";"2014";"1";"2014-01-27";"2014-06-14";"3T1234";"";"20";"REGULAR";"f";"";"f";"";"";"EXCLUÍDA";"";"Presencial";
"1220811";"01";"25438";"";"";"23238";"GRADUAÇÃO";"Campus Central";"2-D-4";"2014";"1";"2014-01-27";"2014-06-14";"6M3456";"1";"50";"REGULAR";"f";"2014-06-10 18:22:23.589";"f";"";"72";"CONSOLIDADA";"";"Presencial";
"1220812";"01";"5752570";"";"";"2052051";"GRADUAÇÃO";"Campus Central";"2-D-4";"2014";"1";"2014-01-27";"2014-06-14";"4M3456";"8";"50";"REGULAR";"f";"2014-06-17 14:57:08.02";"f";"";"76";"CONSOLIDADA";"";"Presencial";
"1220813";"01";"5752720";"";"";"48572";"GRADUAÇÃO";"Campus Central";"Sala 08";"2014";"1";"2014-01-27";"2014-06-14";"35N12 (27/01/2014 - 14/06/2014)";"36";"50";"REGULAR";"f";"2014-06-20 10:43:30.63";"f";"";"72";"CONSOLIDADA";"";"Presencial";
"1220814";"01";"22829";"";"";"23179";"GRADUAÇÃO";"Campus Central";"2B2";"2014";"1";"2014-01-27";"2014-06-14";"4M3456";"24";"50";"REGULAR";"f";"2014-06-12 14:05:58.853";"f";"";"72";"CONSOLIDADA";"";"Presencial";
"1220815";"01";"5753014";"";"";"47075";"GRADUAÇÃO";"Campus Central";"Sala 06";"2014";"1";"2014-01-27";"2014-06-14";"35T56 (27/01/2014 - 14/06/2014)";"71";"50";"REGULAR";"f";"2014-06-11 00:13:24.426";"f";"";"72";"CONSOLIDADA";"";"Presencial";
"1220816";"01";"5752961";"";"";"47076";"GRADUAÇÃO";"Campus Central";"Sala 07";"2014";"1";"2014-01-27";"2014-06-14";"24T34 (27/01/2014 - 14/06/2014)";"13";"50";"REGULAR";"f";"2014-06-11 13:50:42.572";"f";"";"74";"CONSOLIDADA";"";"Presencial";
"1220817";"01B";"5756461";"";"";"2048482";"GRADUAÇÃO";"Campus Central";"Jucá";"2014";"1";"2014-01-27";"2014-06-14";"246M56";"34";"24";"REGULAR";"f";"2014-06-13 14:34:34.866";"f";"1220786";"100";"CONSOLIDADA";"";"Presencial";
"1220817";"01B";"22773";"";"";"2048482";"GRADUAÇÃO";"Campus Central";"Jucá";"2014";"1";"2014-01-27";"2014-06-14";"246M56";"34";"24";"REGULAR";"f";"2014-06-13 14:34:34.866";"f";"1220786";"100";"CONSOLIDADA";"";"Presencial";
"1220817";"01B";"5752642";"";"";"2048482";"GRADUAÇÃO";"Campus Central";"Jucá";"2014";"1";"2014-01-27";"2014-06-14";"246M56";"34";"24";"REGULAR";"f";"2014-06-13 14:34:34.866";"f";"1220786";"100";"CONSOLIDADA";"";"Presencial";
"1220817";"01B";"24343";"";"";"2048482";"GRADUAÇÃO";"Campus Central";"Jucá";"2014";"1";"2014-01-27";"2014-06-14";"246M56";"34";"24";"REGULAR";"f";"2014-06-13 14:34:34.866";"f";"1220786";"100";"CONSOLIDADA";"";"Presencial";
"1220818";"01";"5753039";"";"";"47077";"GRADUAÇÃO";"Campus Central";"Sala 06";"2014";"1";"2014-01-27";"2014-06-14";"35N12 (27/01/2014 - 14/06/2014)";"23";"50";"REGULAR";"f";"2014-06-22 06:20:38.373";"f";"";"74";"CONSOLIDADA";"";"Presencial";
"1220820";"01B";"5752642";"";"";"21029";"GRADUAÇÃO";"Campus Central";"JUCÁ";"2014";"1";"2014-01-27";"2014-06-14";"3M2345";"6";"20";"REGULAR";"f";"2014-06-18 21:22:12.573";"f";"1219948";"76";"CONSOLIDADA";"";"Presencial";
"1220820";"01B";"25454";"";"";"21029";"GRADUAÇÃO";"Campus Central";"JUCÁ";"2014";"1";"2014-01-27";"2014-06-14";"3M2345";"6";"20";"REGULAR";"f";"2014-06-18 21:22:12.573";"f";"1219948";"76";"CONSOLIDADA";"";"Presencial";
"1220822";"01A";"5755421";"";"";"47079";"GRADUAÇÃO";"Campus Central";"LabInfo";"2014";"1";"2014-01-27";"2014-06-14";"4M56 6M3456 (27/01/2014 - 14/06/2014)";"21";"30";"REGULAR";"f";"2014-06-14 11:27:04.887";"f";"1220821";"114";"CONSOLIDADA";"";"Presencial";
"1220822";"01A";"5752264";"";"";"47079";"GRADUAÇÃO";"Campus Central";"LabInfo";"2014";"1";"2014-01-27";"2014-06-14";"4M56 6M3456 (27/01/2014 - 14/06/2014)";"21";"30";"REGULAR";"f";"2014-06-14 11:27:04.887";"f";"1220821";"114";"CONSOLIDADA";"";"Presencial";
"1220823";"01";"";"103204854";"";"48566";"GRADUAÇÃO";"Campus Central";"LabInfo";"2014";"1";"2014-01-27";"2014-06-14";"24T56 (27/01/2014 - 14/06/2014)";"8";"20";"REGULAR";"f";"2014-06-12 14:29:10.467";"f";"";"68";"CONSOLIDADA";"";"Presencial";
"1220824";"03";"32879";"";"";"25658";"GRADUAÇÃO";"Campus Central";"2-D-1";"2014";"1";"2014-01-27";"2014-06-14";"5N1234";"31";"50";"REGULAR";"f";"2014-06-19 19:16:29.389";"f";"";"72";"CONSOLIDADA";"";"Presencial";
"1220825";"01";"5752245";"";"";"51680";"GRADUAÇÃO";"Campus Central";"Sala 06";"2014";"1";"2014-01-27";"2014-06-14";"35T34 (27/01/2014 - 14/06/2014)";"53";"50";"REGULAR";"f";"2014-06-12 13:12:44.022";"f";"";"72";"CONSOLIDADA";"";"Presencial";
"1220826";"01";"5754111";"";"";"51681";"GRADUAÇÃO";"Campus Central";"Sala 06";"2014";"1";"2014-01-27";"2014-06-14";"24T56 (27/01/2014 - 14/06/2014)";"15";"50";"REGULAR";"f";"2014-06-18 16:04:12.329";"f";"";"66";"CONSOLIDADA";"";"Presencial";
"1220827";"01";"5752248";"";"";"25653";"GRADUAÇÃO";"Campus Central";"2-D-1";"2014";"1";"2014-01-27";"2014-06-14";"36N12";"";"50";"REGULAR";"f";"";"f";"";"";"EXCLUÍDA";"";"Presencial";
"1220828";"01";"18871";"";"";"2055426";"GRADUAÇÃO";"Campus Central";"2-D-1";"2014";"1";"2014-01-27";"2014-06-14";"2N1234 4N12";"41";"50";"REGULAR";"f";"2014-06-12 11:55:45.43";"f";"";"104";"CONSOLIDADA";"";"Presencial";
"1220830";"05A";"5754638";"";"";"41883";"GRADUAÇÃO";"Campus Central";"Sala 02";"2014";"1";"2014-01-27";"2014-06-14";"3T12 (27/01/2014 - 14/06/2014)";"52";"40";"REGULAR";"f";"2014-06-21 11:40:15.828";"f";"1220829";"76";"CONSOLIDADA";"";"Presencial";
"1220831";"05B";"5754638";"";"";"41883";"GRADUAÇÃO";"Campus Central";"Sala 02";"2014";"1";"2014-01-27";"2014-06-14";"3M34  3T12 (27/01/2014 - 14/06/2014)";"18";"40";"REGULAR";"f";"2014-06-21 11:40:14.733";"f";"1220829";"76";"CONSOLIDADA";"";"Presencial";
"1220833";"04A";"5755934";"";"";"41879";"GRADUAÇÃO";"Campus Central";"Sala 03";"2014";"1";"2014-01-27";"2014-06-14";"246N34 (27/01/2014 - 14/06/2014)";"121";"110";"REGULAR";"f";"2014-06-14 15:56:23.425";"f";"1220832";"110";"CONSOLIDADA";"";"Presencial";
"1220833";"04A";"5756622";"";"";"41879";"GRADUAÇÃO";"Campus Central";"Sala 03";"2014";"1";"2014-01-27";"2014-06-14";"246N34 (27/01/2014 - 14/06/2014)";"121";"110";"REGULAR";"f";"2014-06-14 15:56:23.425";"f";"1220832";"110";"CONSOLIDADA";"";"Presencial";
"1220834";"01";"26546";"";"";"2043402";"GRADUAÇÃO";"Campus Central";"CARNAÚBA";"2014";"1";"2014-01-27";"2014-06-14";"36M56";"58";"57";"REGULAR";"f";"2014-06-13 00:59:16.736";"f";"";"74";"CONSOLIDADA";"";"Presencial";
"1220835";"01";"5754354";"";"";"23189";"GRADUAÇÃO";"Campus Central";"2-D-2";"2014";"1";"2014-01-27";"2014-06-14";"35N12";"39";"50";"REGULAR";"f";"2014-06-20 15:41:08.447";"f";"";"72";"CONSOLIDADA";"";"Presencial";
"1220838";"01A";"5756627";"";"";"2051704";"GRADUAÇÃO";"Campus Central";"Auditório D";"2014";"1";"2014-01-27";"2014-06-14";"24M34  3T12 (27/01/2014 - 14/06/2014)";"68";"35";"REGULAR";"f";"2014-06-21 11:55:26.446";"f";"1220837";"112";"CONSOLIDADA";"";"Presencial";
"1220838";"01A";"5756087";"";"";"2051704";"GRADUAÇÃO";"Campus Central";"Auditório D";"2014";"1";"2014-01-27";"2014-06-14";"24M34  3T12 (27/01/2014 - 14/06/2014)";"68";"35";"REGULAR";"f";"2014-06-21 11:55:26.446";"f";"1220837";"112";"CONSOLIDADA";"";"Presencial";
"1220838";"01A";"5752963";"";"";"2051704";"GRADUAÇÃO";"Campus Central";"Auditório D";"2014";"1";"2014-01-27";"2014-06-14";"24M34  3T12 (27/01/2014 - 14/06/2014)";"68";"35";"REGULAR";"f";"2014-06-21 11:55:26.446";"f";"1220837";"112";"CONSOLIDADA";"";"Presencial";
"1220840";"01A";"5755090";"";"";"2048651";"GRADUAÇÃO";"Campus Central";"3 -QUIXABEIRA; 6 -FAVELEIRA";"2014";"1";"2014-01-27";"2014-06-14";"3N12 6N34";"14";"14";"REGULAR";"f";"2014-06-05 16:45:09.711";"f";"1220839";"66";"CONSOLIDADA";"";"Presencial";
"1220841";"01B";"5752963";"";"";"2051704";"GRADUAÇÃO";"Campus Central";"Auditório D";"2014";"1";"2014-01-27";"2014-06-14";"24M34  3T34 (27/01/2014 - 14/06/2014)";"65";"36";"REGULAR";"f";"2014-06-21 11:55:30.826";"f";"1220837";"112";"CONSOLIDADA";"";"Presencial";
"1220841";"01B";"5756627";"";"";"2051704";"GRADUAÇÃO";"Campus Central";"Auditório D";"2014";"1";"2014-01-27";"2014-06-14";"24M34  3T34 (27/01/2014 - 14/06/2014)";"65";"36";"REGULAR";"f";"2014-06-21 11:55:30.826";"f";"1220837";"112";"CONSOLIDADA";"";"Presencial";
"1220841";"01B";"5756087";"";"";"2051704";"GRADUAÇÃO";"Campus Central";"Auditório D";"2014";"1";"2014-01-27";"2014-06-14";"24M34  3T34 (27/01/2014 - 14/06/2014)";"65";"36";"REGULAR";"f";"2014-06-21 11:55:30.826";"f";"1220837";"112";"CONSOLIDADA";"";"Presencial";
"1220842";"01";"5755520";"";"";"22469";"GRADUAÇÃO";"Campus Central";"4I4";"2014";"1";"2014-01-27";"2014-06-14";"35M34";"20";"45";"REGULAR";"f";"2014-06-15 09:43:36.251";"f";"";"72";"CONSOLIDADA";"";"Presencial";
"1220843";"01C";"5755958";"";"";"2051704";"GRADUAÇÃO";"Campus Central";"Auditório D";"2014";"1";"2014-01-27";"2014-06-14";"24M34  3T56 (27/01/2014 - 14/06/2014)";"46";"35";"REGULAR";"f";"2014-06-21 11:55:28.75";"f";"1220837";"112";"CONSOLIDADA";"";"Presencial";
"1220843";"01C";"5752963";"";"";"2051704";"GRADUAÇÃO";"Campus Central";"Auditório D";"2014";"1";"2014-01-27";"2014-06-14";"24M34  3T56 (27/01/2014 - 14/06/2014)";"46";"35";"REGULAR";"f";"2014-06-21 11:55:28.75";"f";"1220837";"112";"CONSOLIDADA";"";"Presencial";
"1220844";"01B";"5755090";"";"";"2048651";"GRADUAÇÃO";"Campus Central";"3 -QUIXABEIRA; 6 -FAVELEIRA";"2014";"1";"2014-01-27";"2014-06-14";"3N12 6N34";"7";"14";"REGULAR";"f";"2014-06-05 16:45:08.774";"f";"1220839";"66";"CONSOLIDADA";"";"Presencial";
"1220845";"01";"18185";"";"";"22441";"GRADUAÇÃO";"Campus Central";"4I3";"2014";"1";"2014-01-27";"2014-06-14";"35M34";"12";"45";"REGULAR";"f";"2014-06-15 14:08:47.987";"f";"";"72";"CONSOLIDADA";"";"Presencial";
"1220846";"02";"5756279";"";"";"39983";"GRADUAÇÃO";"Campus Central";"VG4";"2014";"1";"2014-01-27";"2014-06-14";"4N12 6N34";"49";"43";"REGULAR";"f";"2014-06-14 21:04:35.416";"f";"";"70";"CONSOLIDADA";"";"Presencial";
"1220847";"01D";"5755958";"";"";"2051704";"GRADUAÇÃO";"Campus Central";"Auditório D";"2014";"1";"2014-01-27";"2014-06-14";"24M34  3N12 (27/01/2014 - 14/06/2014)";"37";"35";"REGULAR";"f";"2014-06-21 11:55:29.798";"f";"1220837";"112";"CONSOLIDADA";"";"Presencial";
"1220847";"01D";"5752963";"";"";"2051704";"GRADUAÇÃO";"Campus Central";"Auditório D";"2014";"1";"2014-01-27";"2014-06-14";"24M34  3N12 (27/01/2014 - 14/06/2014)";"37";"35";"REGULAR";"f";"2014-06-21 11:55:29.798";"f";"1220837";"112";"CONSOLIDADA";"";"Presencial";
"1220849";"02A";"5752983";"";"";"2051704";"GRADUAÇÃO";"Campus Central";"Auditório E";"2014";"1";"2014-01-27";"2014-06-14";"24M34  4T12 (27/01/2014 - 14/06/2014)";"41";"35";"REGULAR";"f";"2014-06-23 11:19:25.057";"f";"1220848";"108";"CONSOLIDADA";"";"Presencial";
"1220850";"01";"5755795";"";"";"39997";"GRADUAÇÃO";"Campus Central";"VC2";"2014";"1";"2014-01-27";"2014-06-14";"46M56";"29";"45";"REGULAR";"f";"2014-06-11 15:34:35.427";"f";"";"72";"CONSOLIDADA";"";"Presencial";
"1220851";"02B";"5752983";"";"";"2051704";"GRADUAÇÃO";"Campus Central";"Auditório E";"2014";"1";"2014-01-27";"2014-06-14";"24M34  4T34 (27/01/2014 - 14/06/2014)";"41";"35";"REGULAR";"f";"2014-06-23 11:19:26.048";"f";"1220848";"108";"CONSOLIDADA";"";"Presencial";
"1220852";"02";"5755795";"";"";"39997";"GRADUAÇÃO";"Campus Central";"VC2";"2014";"1";"2014-01-27";"2014-06-14";"46N12";"25";"40";"REGULAR";"f";"2014-06-14 22:09:47.969";"f";"";"76";"CONSOLIDADA";"";"Presencial";
"1220853";"02C";"5756627";"";"";"2051704";"GRADUAÇÃO";"Campus Central";"Auditório E";"2014";"1";"2014-01-27";"2014-06-14";"24M34  5T12 (27/01/2014 - 14/06/2014)";"41";"35";"REGULAR";"f";"2014-06-23 11:19:23.978";"f";"1220848";"108";"CONSOLIDADA";"";"Presencial";
"1220853";"02C";"5752983";"";"";"2051704";"GRADUAÇÃO";"Campus Central";"Auditório E";"2014";"1";"2014-01-27";"2014-06-14";"24M34  5T12 (27/01/2014 - 14/06/2014)";"41";"35";"REGULAR";"f";"2014-06-23 11:19:23.978";"f";"1220848";"108";"CONSOLIDADA";"";"Presencial";
"1220853";"02C";"5756087";"";"";"2051704";"GRADUAÇÃO";"Campus Central";"Auditório E";"2014";"1";"2014-01-27";"2014-06-14";"24M34  5T12 (27/01/2014 - 14/06/2014)";"41";"35";"REGULAR";"f";"2014-06-23 11:19:23.978";"f";"1220848";"108";"CONSOLIDADA";"";"Presencial";
"1220854";"01";"5755537";"";"";"40001";"GRADUAÇÃO";"Campus Central";"VF3";"2014";"1";"2014-01-27";"2014-06-14";"35M34";"41";"45";"REGULAR";"f";"2014-06-20 10:02:09.899";"f";"";"68";"CONSOLIDADA";"";"Presencial";
"1220855";"02";"5755537";"";"";"40001";"GRADUAÇÃO";"Campus Central";"VF3";"2014";"1";"2014-01-27";"2014-06-14";"24N34";"64";"45";"REGULAR";"f";"2014-06-20 10:03:52.751";"f";"";"70";"CONSOLIDADA";"";"Presencial";
"1220856";"02D";"5752983";"";"";"2051704";"GRADUAÇÃO";"Campus Central";"Auditório E";"2014";"1";"2014-01-27";"2014-06-14";"24M34  4N12 (27/01/2014 - 14/06/2014)";"39";"35";"REGULAR";"f";"2014-06-23 11:19:23.198";"f";"1220848";"108";"CONSOLIDADA";"";"Presencial";
"1220857";"01";"5755074";"";"";"40002";"GRADUAÇÃO";"Campus Central";"VH5";"2014";"1";"2014-01-27";"2014-06-14";"46M12";"9";"45";"REGULAR";"f";"2014-06-13 10:00:25.328";"f";"";"72";"CONSOLIDADA";"";"Presencial";
"1220858";"01";"5756461";"";"";"26959";"GRADUAÇÃO";"Campus Central";"MANDACARÚ";"2014";"1";"2014-01-27";"2014-06-14";"35T12";"11";"40";"REGULAR";"f";"2014-06-19 11:11:36.33";"f";"";"66";"CONSOLIDADA";"";"Presencial";
"1220858";"01";"26546";"";"";"26959";"GRADUAÇÃO";"Campus Central";"MANDACARÚ";"2014";"1";"2014-01-27";"2014-06-14";"35T12";"11";"40";"REGULAR";"f";"2014-06-19 11:11:36.33";"f";"";"66";"CONSOLIDADA";"";"Presencial";
"1220858";"01";"5752697";"";"";"26959";"GRADUAÇÃO";"Campus Central";"MANDACARÚ";"2014";"1";"2014-01-27";"2014-06-14";"35T12";"11";"40";"REGULAR";"f";"2014-06-19 11:11:36.33";"f";"";"66";"CONSOLIDADA";"";"Presencial";
"1220858";"01";"5752022";"";"";"26959";"GRADUAÇÃO";"Campus Central";"MANDACARÚ";"2014";"1";"2014-01-27";"2014-06-14";"35T12";"11";"40";"REGULAR";"f";"2014-06-19 11:11:36.33";"f";"";"66";"CONSOLIDADA";"";"Presencial";
"1220859";"02";"5756330";"";"";"40002";"GRADUAÇÃO";"Campus Central";"VG1";"2014";"1";"2014-01-27";"2014-06-14";"46M56";"15";"51";"REGULAR";"f";"2014-06-15 21:14:42.403";"f";"";"74";"CONSOLIDADA";"";"Presencial";
"1220861";"03A";"5753852";"";"";"2051704";"GRADUAÇÃO";"Campus Central";"Auditório C";"2014";"1";"2014-01-27";"2014-06-14";"6T12  24N12 (27/01/2014 - 14/06/2014)";"31";"35";"REGULAR";"f";"2014-06-08 09:53:03.449";"f";"1220860";"106";"CONSOLIDADA";"";"Presencial";
"1220862";"03B";"5753852";"";"";"2051704";"GRADUAÇÃO";"Campus Central";"Auditório C";"2014";"1";"2014-01-27";"2014-06-14";"6T34  24N12 (27/01/2014 - 14/06/2014)";"30";"35";"REGULAR";"f";"2014-06-08 09:53:05.719";"f";"1220860";"106";"CONSOLIDADA";"";"Presencial";
"1220863";"01";"5755074";"";"";"40006";"GRADUAÇÃO";"Campus Central";"VC4";"2014";"1";"2014-01-27";"2014-06-14";"46M34";"26";"45";"REGULAR";"f";"2014-06-13 10:10:03.566";"f";"";"68";"CONSOLIDADA";"";"Presencial";
"1220864";"04C";"5756344";"";"";"2051704";"GRADUAÇÃO";"Campus Central";"Auditório D";"2014";"1";"2014-01-27";"2014-06-14";"6T56  24N12 (27/01/2014 - 14/06/2014)";"60";"35";"REGULAR";"f";"2014-06-06 20:01:09.212";"f";"1220866";"104";"CONSOLIDADA";"";"Presencial";
"1220865";"03D";"5756087";"";"";"2051704";"GRADUAÇÃO";"Campus Central";"Auditório C";"2014";"1";"2014-01-27";"2014-06-14";"7T12  24N12 (27/01/2014 - 14/06/2014)";"20";"35";"REGULAR";"f";"2014-06-08 09:53:08.054";"f";"1220860";"106";"CONSOLIDADA";"";"Presencial";
"1220865";"03D";"5756627";"";"";"2051704";"GRADUAÇÃO";"Campus Central";"Auditório C";"2014";"1";"2014-01-27";"2014-06-14";"7T12  24N12 (27/01/2014 - 14/06/2014)";"20";"35";"REGULAR";"f";"2014-06-08 09:53:08.054";"f";"1220860";"106";"CONSOLIDADA";"";"Presencial";
"1220865";"03D";"5753852";"";"";"2051704";"GRADUAÇÃO";"Campus Central";"Auditório C";"2014";"1";"2014-01-27";"2014-06-14";"7T12  24N12 (27/01/2014 - 14/06/2014)";"20";"35";"REGULAR";"f";"2014-06-08 09:53:08.054";"f";"1220860";"106";"CONSOLIDADA";"";"Presencial";
"1220867";"04A";"5756344";"";"";"2051704";"GRADUAÇÃO";"Campus Central";"Auditório D";"2014";"1";"2014-01-27";"2014-06-14";"7T12  24N12 (27/01/2014 - 14/06/2014)";"54";"35";"REGULAR";"f";"2014-06-06 20:01:10.608";"f";"1220866";"104";"CONSOLIDADA";"";"Presencial";
"1220868";"04B";"5756344";"";"";"2051704";"GRADUAÇÃO";"Campus Central";"Auditório D";"2014";"1";"2014-01-27";"2014-06-14";"7T34  24N12 (27/01/2014 - 14/06/2014)";"57";"35";"REGULAR";"f";"2014-06-06 20:01:11.445";"f";"1220866";"104";"CONSOLIDADA";"";"Presencial";
"1220869";"01";"5756604";"";"";"23219";"GRADUAÇÃO";"Campus Central";"2-D-2";"2014";"1";"2014-01-27";"2014-06-14";"6N1234";"39";"50";"REGULAR";"f";"2014-06-06 08:08:54.011";"f";"";"72";"CONSOLIDADA";"";"Presencial";
"1220870";"03C";"5753852";"";"";"2051704";"GRADUAÇÃO";"Campus Central";"Auditório C";"2014";"1";"2014-01-27";"2014-06-14";"7T34  24N12 (27/01/2014 - 14/06/2014)";"8";"35";"REGULAR";"f";"2014-06-08 09:53:06.961";"f";"1220860";"106";"CONSOLIDADA";"";"Presencial";
"1220870";"03C";"5756627";"";"";"2051704";"GRADUAÇÃO";"Campus Central";"Auditório C";"2014";"1";"2014-01-27";"2014-06-14";"7T34  24N12 (27/01/2014 - 14/06/2014)";"8";"35";"REGULAR";"f";"2014-06-08 09:53:06.961";"f";"1220860";"106";"CONSOLIDADA";"";"Presencial";
"1220870";"03C";"5756087";"";"";"2051704";"GRADUAÇÃO";"Campus Central";"Auditório C";"2014";"1";"2014-01-27";"2014-06-14";"7T34  24N12 (27/01/2014 - 14/06/2014)";"8";"35";"REGULAR";"f";"2014-06-08 09:53:06.961";"f";"1220860";"106";"CONSOLIDADA";"";"Presencial";
"1220871";"01";"5756405";"";"";"23227";"GRADUAÇÃO";"Campus Central";"2-D-2";"2014";"1";"2014-01-27";"2014-06-14";"24N34";"29";"50";"REGULAR";"f";"2014-06-11 11:29:01.846";"f";"";"70";"CONSOLIDADA";"";"Presencial";
"1220872";"04D";"5756344";"";"";"2051704";"GRADUAÇÃO";"Campus Central";"Auditório D";"2014";"1";"2014-01-27";"2014-06-14";"5T56  24N12 (27/01/2014 - 14/06/2014)";"76";"36";"REGULAR";"f";"2014-06-06 20:01:09.959";"f";"1220866";"104";"CONSOLIDADA";"";"Presencial";
"1220873";"01";"5753583";"";"";"25645";"GRADUAÇÃO";"Campus Central";"2-D-2";"2014";"1";"2014-01-27";"2014-06-14";"35N34";"57";"50";"REGULAR";"f";"2014-06-19 18:23:43.499";"f";"";"72";"CONSOLIDADA";"";"Presencial";
"1220874";"01";"5752824";"";"";"23384";"GRADUAÇÃO";"Campus Central";"2-D-3";"2014";"1";"2014-01-27";"2014-06-14";"24N34";"14";"50";"REGULAR";"f";"2014-06-19 16:19:24.048";"f";"";"70";"CONSOLIDADA";"";"Presencial";
"1220875";"01";"21409";"";"";"23308";"GRADUAÇÃO";"Campus Central";"2-D-3";"2014";"1";"2014-01-27";"2014-06-14";"6N1234";"40";"50";"REGULAR";"f";"2014-06-21 23:42:59.46";"f";"";"68";"CONSOLIDADA";"";"Presencial";
"1220877";"01";"5753583";"";"";"2055428";"GRADUAÇÃO";"Campus Central";"2-D-3";"2014";"1";"2014-01-27";"2014-06-14";"35N12";"45";"50";"REGULAR";"f";"2014-06-19 18:41:23.692";"f";"";"74";"CONSOLIDADA";"";"Presencial";
"1220878";"01";"5756604";"";"";"2055441";"GRADUAÇÃO";"Campus Central";"2-D-3";"2014";"1";"2014-01-27";"2014-06-14";"35N34";"36";"50";"REGULAR";"f";"2014-06-06 08:23:32.206";"f";"";"70";"CONSOLIDADA";"";"Presencial";
"1220879";"01";"24033";"";"";"41406";"GRADUAÇÃO";"Campus Central";"4F4";"2014";"1";"2014-01-27";"2014-06-14";"35T34";"34";"50";"REGULAR";"f";"2014-06-11 16:39:20.552";"f";"";"68";"CONSOLIDADA";"";"Presencial";
"1220880";"01";"24033";"";"";"46978";"GRADUAÇÃO";"Campus Central";"4A9";"2014";"1";"2014-01-27";"2014-06-14";"35M34";"31";"40";"REGULAR";"f";"2014-06-11 16:33:55.806";"f";"";"70";"CONSOLIDADA";"";"Presencial";
"1220881";"01";"5754655";"";"";"46657";"GRADUAÇÃO";"Campus Central";"4A3";"2014";"1";"2014-01-27";"2014-06-14";"35T56";"9";"20";"REGULAR";"f";"2014-06-18 00:30:47.64";"f";"";"74";"CONSOLIDADA";"";"Presencial";
"1220882";"02";"5754655";"";"";"46978";"GRADUAÇÃO";"Campus Central";"4A3";"2014";"1";"2014-01-27";"2014-06-14";"35N12";"22";"40";"REGULAR";"f";"2014-06-18 00:28:25.249";"f";"";"74";"CONSOLIDADA";"";"Presencial";
"1220883";"01";"5752296";"";"";"2055951";"STRICTO SENSU";"";"Setor II sala G2";"2014";"1";"2014-02-03";"2014-06-14";"2M3456";"14";"15";"REGULAR";"f";"2014-09-30 11:43:38.015";"f";"";"68";"CONSOLIDADA";"";"Presencial";
"1220884";"01";"22189";"";"";"2056010";"STRICTO SENSU";"";"Setor II sala G2";"2014";"1";"2014-02-03";"2014-06-14";"3M345";"5";"20";"REGULAR";"f";"2014-11-05 10:41:09.681";"f";"";"54";"CONSOLIDADA";"";"Presencial";
"1220885";"01";"5755067";"";"SOCIOLOGIA NA ANÁLISE DE
POLÍTICAS PÚBLICAS";"54155";"STRICTO SENSU";"";"Setor II sala G2";"2014";"1";"2014-02-03";"2014-06-14";"4M345";"6";"20";"REGULAR";"f";"2014-07-09 11:35:33.298";"f";"";"48";"CONSOLIDADA";"";"Presencial";
"1220886";"01";"5753108";"";"";"54156";"STRICTO SENSU";"";"Setor II";"2014";"1";"2014-02-03";"2014-06-14";"5M345";"";"20";"REGULAR";"f";"";"f";"";"";"EXCLUÍDA";"";"Presencial";
"1220887";"01";"92054";"";"";"2056002";"STRICTO SENSU";"";"Setor II sala G3";"2014";"1";"2014-02-03";"2014-06-14";"2T234";"7";"20";"REGULAR";"f";"2014-09-12 17:42:57.385";"f";"";"45";"CONSOLIDADA";"";"Presencial";
"1220888";"01";"5755922";"";"";"2056006";"STRICTO SENSU";"";"Setor II sala G3";"2014";"1";"2014-02-03";"2014-06-14";"3T234";"23";"20";"REGULAR";"f";"2015-07-30 10:57:32.302";"f";"";"54";"CONSOLIDADA";"";"Presencial";
"1220889";"01";"5753633";"";"";"2049516";"GRADUAÇÃO";"Campus Central";"FF - CCS";"2014";"1";"2014-01-27";"2014-06-14";"5T123";"90";"43";"REGULAR";"f";"2014-06-13 10:24:43.449";"f";"";"51";"CONSOLIDADA";"";"Presencial";
"1220889";"01";"5755926";"";"";"2049516";"GRADUAÇÃO";"Campus Central";"FF - CCS";"2014";"1";"2014-01-27";"2014-06-14";"5T123";"90";"43";"REGULAR";"f";"2014-06-13 10:24:43.449";"f";"";"51";"CONSOLIDADA";"";"Presencial";
"1220890";"02";"5753633";"";"";"2049516";"GRADUAÇÃO";"Campus Central";"FF - CCS";"2014";"1";"2014-01-27";"2014-06-14";"5N123";"25";"41";"REGULAR";"f";"2014-06-13 10:35:09.803";"f";"";"51";"CONSOLIDADA";"";"Presencial";
"1220890";"02";"5755926";"";"";"2049516";"GRADUAÇÃO";"Campus Central";"FF - CCS";"2014";"1";"2014-01-27";"2014-06-14";"5N123";"25";"41";"REGULAR";"f";"2014-06-13 10:35:09.803";"f";"";"51";"CONSOLIDADA";"";"Presencial";
"1220891";"01";"22873";"";"";"25802";"GRADUAÇÃO";"Campus Central";"FF";"2014";"1";"2014-01-27";"2014-06-14";"35N12";"52";"46";"REGULAR";"f";"2014-06-11 12:47:02.649";"f";"";"66";"CONSOLIDADA";"";"Presencial";
"1220892";"02";"22873";"";"";"25802";"GRADUAÇÃO";"Campus Central";"FF - CCS";"2014";"1";"2014-01-27";"2014-06-14";"3M23  5T56";"55";"48";"REGULAR";"f";"2014-06-11 12:10:45.365";"f";"";"66";"CONSOLIDADA";"";"Presencial";
"1220894";"01A";"18654";"";"";"2042750";"GRADUAÇÃO";"Campus Central";"FF - CCS";"2014";"1";"2014-01-27";"2014-06-14";"24T34 5T23";"26";"16";"REGULAR";"f";"2014-06-21 23:06:03.796";"f";"1220893";"106";"CONSOLIDADA";"";"Presencial";
"1220894";"01A";"5753064";"";"";"2042750";"GRADUAÇÃO";"Campus Central";"FF - CCS";"2014";"1";"2014-01-27";"2014-06-14";"24T34 5T23";"26";"16";"REGULAR";"f";"2014-06-21 23:06:03.796";"f";"1220893";"106";"CONSOLIDADA";"";"Presencial";
"1220894";"01A";"5754300";"";"";"2042750";"GRADUAÇÃO";"Campus Central";"FF - CCS";"2014";"1";"2014-01-27";"2014-06-14";"24T34 5T23";"26";"16";"REGULAR";"f";"2014-06-21 23:06:03.796";"f";"1220893";"106";"CONSOLIDADA";"";"Presencial";
"1220895";"01B";"5753064";"";"";"2042750";"GRADUAÇÃO";"Campus Central";"FF - CCS";"2014";"1";"2014-01-27";"2014-06-14";"2T34 4T56 5T23";"24";"14";"REGULAR";"f";"2014-06-21 23:06:06.037";"f";"1220893";"106";"CONSOLIDADA";"";"Presencial";
"1220896";"01C";"5753064";"";"";"2042750";"GRADUAÇÃO";"Campus Central";"FF - CCS";"2014";"1";"2014-01-27";"2014-06-14";"2T34 56T23";"9";"15";"REGULAR";"f";"2014-06-21 23:06:04.992";"f";"1220893";"106";"CONSOLIDADA";"";"Presencial";
"1220898";"02A";"5753064";"";"";"2042750";"GRADUAÇÃO";"Campus Central";"FF - CCS";"2014";"1";"2014-01-27";"2014-06-14";"45N34 6N12";"18";"19";"REGULAR";"f";"2014-06-20 16:47:03.427";"f";"1220897";"106";"CONSOLIDADA";"";"Presencial";
"1220898";"02A";"5754300";"";"";"2042750";"GRADUAÇÃO";"Campus Central";"FF - CCS";"2014";"1";"2014-01-27";"2014-06-14";"45N34 6N12";"18";"19";"REGULAR";"f";"2014-06-20 16:47:03.427";"f";"1220897";"106";"CONSOLIDADA";"";"Presencial";
"1220899";"02B";"5754300";"";"";"2042750";"GRADUAÇÃO";"Campus Central";"FF - CCS";"2014";"1";"2014-01-27";"2014-06-14";"4N34 56N12";"21";"17";"REGULAR";"f";"2014-06-20 16:47:04.584";"f";"1220897";"106";"CONSOLIDADA";"";"Presencial";
"1220900";"01";"5753633";"";"";"2056159";"GRADUAÇÃO";"Campus Central";"FF - CCS";"2014";"1";"2014-01-27";"2014-06-14";"3T564";"42";"23";"REGULAR";"f";"2014-06-13 10:46:54.564";"f";"";"51";"CONSOLIDADA";"";"Presencial";
"1220901";"01";"5753672";"";"";"27516";"GRADUAÇÃO";"Campus Central";"FF - CCS";"2014";"1";"2014-01-27";"2014-06-14";"5T12";"156";"43";"REGULAR";"f";"2014-06-13 08:39:22.525";"f";"";"36";"CONSOLIDADA";"";"Presencial";
"1220902";"02";"5753672";"";"";"27516";"GRADUAÇÃO";"Campus Central";"FF - CCS";"2014";"1";"2014-01-27";"2014-06-14";"6N12";"107";"41";"REGULAR";"f";"2014-06-13 08:41:23.847";"f";"";"38";"CONSOLIDADA";"";"Presencial";
"1220903";"01";"19013";"";"";"47169";"GRADUAÇÃO";"Campus Central";"unidade básica de saude";"2014";"1";"2014-01-27";"2014-06-14";"235M123456 4M23456 (27/01/2014 - 14/06/2014)";"17";"15";"REGULAR";"f";"2014-06-10 22:42:51.99";"f";"";"402";"CONSOLIDADA";"";"Presencial";
"1220903";"01";"17923";"";"";"47169";"GRADUAÇÃO";"Campus Central";"unidade básica de saude";"2014";"1";"2014-01-27";"2014-06-14";"235M123456 4M23456 (27/01/2014 - 14/06/2014)";"17";"15";"REGULAR";"f";"2014-06-10 22:42:51.99";"f";"";"402";"CONSOLIDADA";"";"Presencial";
"1220904";"02";"18748";"";"";"47169";"GRADUAÇÃO";"Campus Central";"unidade básica de saude";"2014";"1";"2014-01-27";"2014-06-14";"235M123456 4M23456 (27/01/2014 - 14/06/2014)";"14";"15";"REGULAR";"f";"2014-06-12 14:07:55.706";"f";"";"0";"CONSOLIDADA";"";"Presencial";
"1220904";"02";"18230";"";"";"47169";"GRADUAÇÃO";"Campus Central";"unidade básica de saude";"2014";"1";"2014-01-27";"2014-06-14";"235M123456 4M23456 (27/01/2014 - 14/06/2014)";"14";"15";"REGULAR";"f";"2014-06-12 14:07:55.706";"f";"";"0";"CONSOLIDADA";"";"Presencial";
"1220905";"03";"5755462";"";"";"47169";"GRADUAÇÃO";"Campus Central";"unidade básica de saude";"2014";"1";"2014-01-27";"2014-06-14";"2345T123456 (27/01/2014 - 14/06/2014)";"15";"15";"REGULAR";"f";"2014-06-09 15:20:27.233";"f";"";"0";"CONSOLIDADA";"";"Presencial";
"1220905";"03";"127985";"";"";"47169";"GRADUAÇÃO";"Campus Central";"unidade básica de saude";"2014";"1";"2014-01-27";"2014-06-14";"2345T123456 (27/01/2014 - 14/06/2014)";"15";"15";"REGULAR";"f";"2014-06-09 15:20:27.233";"f";"";"0";"CONSOLIDADA";"";"Presencial";
"1220905";"03";"21986";"";"";"47169";"GRADUAÇÃO";"Campus Central";"unidade básica de saude";"2014";"1";"2014-01-27";"2014-06-14";"2345T123456 (27/01/2014 - 14/06/2014)";"15";"15";"REGULAR";"f";"2014-06-09 15:20:27.233";"f";"";"0";"CONSOLIDADA";"";"Presencial";
"1220906";"04";"18062";"";"";"47169";"GRADUAÇÃO";"Campus Central";"unidade básica de saude";"2014";"1";"2014-01-27";"2014-06-14";"2345T123456 (27/01/2014 - 14/06/2014)";"8";"10";"REGULAR";"f";"2014-06-09 17:23:04.621";"f";"";"0";"CONSOLIDADA";"";"Presencial";
"1220906";"04";"4306320";"";"";"47169";"GRADUAÇÃO";"Campus Central";"unidade básica de saude";"2014";"1";"2014-01-27";"2014-06-14";"2345T123456 (27/01/2014 - 14/06/2014)";"8";"10";"REGULAR";"f";"2014-06-09 17:23:04.621";"f";"";"0";"CONSOLIDADA";"";"Presencial";
"1220906";"04";"21986";"";"";"47169";"GRADUAÇÃO";"Campus Central";"unidade básica de saude";"2014";"1";"2014-01-27";"2014-06-14";"2345T123456 (27/01/2014 - 14/06/2014)";"8";"10";"REGULAR";"f";"2014-06-09 17:23:04.621";"f";"";"0";"CONSOLIDADA";"";"Presencial";
"1220907";"01";"5752703";"";"";"47168";"GRADUAÇÃO";"Campus Central";"hospital";"2014";"1";"2014-01-27";"2014-06-14";"2345M123456 (27/01/2014 - 14/06/2014)";"8";"8";"REGULAR";"f";"2014-06-11 09:10:01.274";"f";"";"438";"CONSOLIDADA";"";"Presencial";
"1220908";"02";"18284";"";"";"47168";"GRADUAÇÃO";"Campus Central";"hospital";"2014";"1";"2014-01-27";"2014-06-14";"2345M123456 (27/01/2014 - 14/06/2014)";"12";"8";"REGULAR";"f";"2014-06-01 20:14:58.276";"f";"";"396";"CONSOLIDADA";"";"Presencial";
"1220908";"02";"17923";"";"";"47168";"GRADUAÇÃO";"Campus Central";"hospital";"2014";"1";"2014-01-27";"2014-06-14";"2345M123456 (27/01/2014 - 14/06/2014)";"12";"8";"REGULAR";"f";"2014-06-01 20:14:58.276";"f";"";"396";"CONSOLIDADA";"";"Presencial";
"1220908";"02";"18604";"";"";"47168";"GRADUAÇÃO";"Campus Central";"hospital";"2014";"1";"2014-01-27";"2014-06-14";"2345M123456 (27/01/2014 - 14/06/2014)";"12";"8";"REGULAR";"f";"2014-06-01 20:14:58.276";"f";"";"396";"CONSOLIDADA";"";"Presencial";
"1220909";"03";"23112";"";"";"47168";"GRADUAÇÃO";"Campus Central";"hospital";"2014";"1";"2014-01-27";"2014-06-14";"2345M123456 (27/01/2014 - 14/06/2014)";"9";"8";"REGULAR";"f";"2014-06-01 21:51:05.637";"f";"";"0";"CONSOLIDADA";"";"Presencial";
"1220910";"04";"19196";"";"";"47168";"GRADUAÇÃO";"Campus Central";"hospital";"2014";"1";"2014-01-27";"2014-06-14";"2345T561234 (27/01/2014 - 14/06/2014)";"3";"8";"REGULAR";"f";"2014-06-02 09:22:59.202";"f";"";"402";"CONSOLIDADA";"";"Presencial";
"1220911";"05";"24490";"";"";"47168";"GRADUAÇÃO";"Campus Central";"hospital";"2014";"1";"2014-01-27";"2014-06-14";"2345T561234 (27/01/2014 - 14/06/2014)";"4";"8";"REGULAR";"f";"2014-06-09 23:28:58.409";"f";"";"402";"CONSOLIDADA";"";"Presencial";
"1220912";"03";"5756038";"";"";"40002";"GRADUAÇÃO";"Campus Central";"VH3";"2014";"1";"2014-01-27";"2014-06-14";"46T56";"16";"40";"REGULAR";"f";"2014-06-11 15:00:13.828";"f";"";"74";"CONSOLIDADA";"";"Presencial";
"1220913";"04";"5756330";"";"";"40002";"GRADUAÇÃO";"Campus Central";"VA2";"2014";"1";"2014-01-27";"2014-06-14";"46N12";"22";"41";"REGULAR";"f";"2014-06-17 13:29:40.405";"f";"";"74";"CONSOLIDADA";"";"Presencial";
"1220914";"01";"26304";"";"";"40003";"GRADUAÇÃO";"Campus Central";"VC2";"2014";"1";"2014-01-27";"2014-06-14";"24M34";"31";"45";"REGULAR";"f";"2014-06-20 17:44:37.277";"f";"";"74";"CONSOLIDADA";"";"Presencial";
"1220915";"02";"5753540";"";"";"40003";"GRADUAÇÃO";"Campus Central";"VC2";"2014";"1";"2014-01-27";"2014-06-14";"2N12 6N34";"54";"46";"REGULAR";"f";"2014-06-09 21:13:47.122";"f";"";"66";"CONSOLIDADA";"";"Presencial";
"1220916";"02";"5755074";"";"";"40006";"GRADUAÇÃO";"Campus Central";"VC4";"2014";"1";"2014-01-27";"2014-06-14";"46N34";"42";"40";"REGULAR";"f";"2014-06-13 10:22:09.563";"f";"";"66";"CONSOLIDADA";"";"Presencial";
"1220917";"01";"5755577";"";"";"40007";"GRADUAÇÃO";"Campus Central";"VC4";"2014";"1";"2014-01-27";"2014-06-14";"24M12";"19";"45";"REGULAR";"f";"2014-06-19 16:37:01.155";"f";"";"66";"CONSOLIDADA";"";"Presencial";
"1220918";"02";"5755577";"";"";"40007";"GRADUAÇÃO";"Campus Central";"VC4";"2014";"1";"2014-01-27";"2014-06-14";"35N34";"37";"40";"REGULAR";"f";"2014-06-19 16:38:52.985";"f";"";"66";"CONSOLIDADA";"";"Presencial";
"1220919";"01";"22935";"";"";"40008";"GRADUAÇÃO";"Campus Central";"VF3";"2014";"1";"2014-01-27";"2014-06-14";"24M34";"18";"45";"REGULAR";"f";"2014-06-11 11:29:07.592";"f";"";"70";"CONSOLIDADA";"";"Presencial";
"1220920";"02";"22935";"";"";"40008";"GRADUAÇÃO";"Campus Central";"VF3";"2014";"1";"2014-01-27";"2014-06-14";"24N12";"25";"40";"REGULAR";"f";"2014-06-11 22:02:21.561";"f";"";"70";"CONSOLIDADA";"";"Presencial";
"1220921";"01";"5755988";"";"";"20509";"GRADUAÇÃO";"Campus Caicó";"B-08";"2014";"1";"2014-01-27";"2014-06-14";"56M45";"5";"10";"REGULAR";"f";"2014-06-18 09:59:29.725";"f";"";"74";"CONSOLIDADA";"";"Presencial";
"1220923";"01";"21360";"";"";"40010";"GRADUAÇÃO";"Campus Central";"VC3";"2014";"1";"2014-01-27";"2014-06-14";"35M34";"19";"45";"REGULAR";"f";"2014-06-10 09:40:09.355";"f";"";"74";"CONSOLIDADA";"";"Presencial";
"1220924";"02";"5755023";"";"";"40010";"GRADUAÇÃO";"Campus Central";"VC3";"2014";"1";"2014-01-27";"2014-06-14";"35N12";"79";"50";"REGULAR";"f";"2014-06-16 10:16:37.736";"f";"";"74";"CONSOLIDADA";"";"Presencial";
"1220925";"01";"23757";"";"";"46958";"GRADUAÇÃO";"Campus Central";"4A5";"2014";"1";"2014-01-27";"2014-06-14";"246M56";"42";"42";"REGULAR";"f";"2014-06-20 14:08:55.594";"f";"";"108";"CONSOLIDADA";"";"Presencial";
"1220926";"02";"24889";"";"";"46958";"GRADUAÇÃO";"Campus Central";"4A6";"2014";"1";"2014-01-27";"2014-06-14";"246M56";"37";"32";"REGULAR";"f";"2014-06-08 08:24:36.182";"f";"";"104";"CONSOLIDADA";"";"Presencial";
"1220927";"01";"18674";"";"";"46984";"GRADUAÇÃO";"Campus Central";"4A10";"2014";"1";"2014-01-27";"2014-06-14";"35M34";"27";"36";"REGULAR";"f";"2014-06-20 11:19:13.217";"f";"";"70";"CONSOLIDADA";"";"Presencial";
"1220928";"01";"19085";"";"";"46714";"GRADUAÇÃO";"Campus Central";"4A9";"2014";"1";"2014-01-27";"2014-06-14";"246M56";"42";"42";"REGULAR";"f";"2014-06-14 18:16:03.902";"f";"";"108";"CONSOLIDADA";"";"Presencial";
"1220929";"02";"19085";"";"";"46714";"GRADUAÇÃO";"Campus Central";"4F2";"2014";"1";"2014-01-27";"2014-06-14";"246T34";"15";"40";"REGULAR";"f";"2014-06-14 11:33:01.602";"f";"";"106";"CONSOLIDADA";"";"Presencial";
"1220930";"01";"5756300";"";"";"46666";"GRADUAÇÃO";"Campus Central";"4F1";"2014";"1";"2014-01-27";"2014-06-14";"46M12";"7";"40";"REGULAR";"f";"2014-06-20 13:20:48.51";"f";"";"76";"CONSOLIDADA";"";"Presencial";
"1220931";"01";"5753107";"";"";"46662";"GRADUAÇÃO";"Campus Central";"4A4";"2014";"1";"2014-01-27";"2014-06-14";"26M34";"12";"40";"REGULAR";"f";"2014-06-13 11:11:15.558";"f";"";"72";"CONSOLIDADA";"";"Presencial";
"1220932";"01";"5755584";"";"";"46664";"GRADUAÇÃO";"Campus Central";"4C5";"2014";"1";"2014-01-27";"2014-06-14";"35M34";"15";"40";"REGULAR";"f";"2014-06-11 23:01:06.762";"f";"";"70";"CONSOLIDADA";"";"Presencial";
"1220933";"01";"5755957";"";"";"46966";"GRADUAÇÃO";"Campus Central";"4A1";"2014";"1";"2014-01-27";"2014-06-14";"246M12";"20";"30";"REGULAR";"f";"2014-06-08 19:12:17.443";"f";"";"104";"CONSOLIDADA";"";"Presencial";
"1220934";"01";"17864";"";"";"46994";"GRADUAÇÃO";"Campus Central";"4A8";"2014";"1";"2014-01-27";"2014-06-14";"24M56";"56";"42";"REGULAR";"f";"2014-06-20 10:22:30.579";"f";"";"66";"CONSOLIDADA";"";"Presencial";
"1220934";"01";"5756300";"";"";"46994";"GRADUAÇÃO";"Campus Central";"4A8";"2014";"1";"2014-01-27";"2014-06-14";"24M56";"56";"42";"REGULAR";"f";"2014-06-20 10:22:30.579";"f";"";"66";"CONSOLIDADA";"";"Presencial";
"1220935";"02";"5756300";"";"";"46994";"GRADUAÇÃO";"Campus Central";"4A1";"2014";"1";"2014-01-27";"2014-06-14";"24T34";"39";"36";"REGULAR";"f";"2014-06-20 10:10:41.516";"f";"";"66";"CONSOLIDADA";"";"Presencial";
"1220935";"02";"17864";"";"";"46994";"GRADUAÇÃO";"Campus Central";"4A1";"2014";"1";"2014-01-27";"2014-06-14";"24T34";"39";"36";"REGULAR";"f";"2014-06-20 10:10:41.516";"f";"";"66";"CONSOLIDADA";"";"Presencial";
"1220936";"01";"5756300";"";"";"46992";"GRADUAÇÃO";"Campus Central";"4A7";"2014";"1";"2014-01-27";"2014-06-14";"24M34";"21";"30";"REGULAR";"f";"2014-06-20 15:45:46.582";"f";"";"68";"CONSOLIDADA";"";"Presencial";
"1220936";"01";"5755606";"";"";"46992";"GRADUAÇÃO";"Campus Central";"4A7";"2014";"1";"2014-01-27";"2014-06-14";"24M34";"21";"30";"REGULAR";"f";"2014-06-20 15:45:46.582";"f";"";"68";"CONSOLIDADA";"";"Presencial";
"1220937";"02";"5755606";"";"";"46992";"GRADUAÇÃO";"Campus Central";"4A4";"2014";"1";"2014-01-27";"2014-06-14";"24T12";"24";"30";"REGULAR";"f";"2014-06-20 11:51:54.508";"f";"";"68";"CONSOLIDADA";"";"Presencial";
"1220937";"02";"5756300";"";"";"46992";"GRADUAÇÃO";"Campus Central";"4A4";"2014";"1";"2014-01-27";"2014-06-14";"24T12";"24";"30";"REGULAR";"f";"2014-06-20 11:51:54.508";"f";"";"68";"CONSOLIDADA";"";"Presencial";
"1220938";"01";"5756314";"";"";"46721";"GRADUAÇÃO";"Campus Central";"4A2";"2014";"1";"2014-01-27";"2014-06-14";"24T56";"45";"50";"REGULAR";"f";"2014-06-12 18:46:53.253";"f";"";"66";"CONSOLIDADA";"";"Presencial";
"1220939";"02";"5756314";"";"";"46721";"GRADUAÇÃO";"Campus Central";"4A2";"2014";"1";"2014-01-27";"2014-06-14";"24N12";"19";"50";"REGULAR";"f";"2014-06-12 18:51:08.454";"f";"";"74";"CONSOLIDADA";"";"Presencial";
"1220940";"01";"5756335";"";"";"46967";"GRADUAÇÃO";"Campus Central";"4A3";"2014";"1";"2014-01-27";"2014-06-14";"35M56";"34";"34";"REGULAR";"f";"2014-06-18 17:09:34.188";"f";"";"80";"CONSOLIDADA";"";"Presencial";
"1220941";"02";"5756335";"";"";"46967";"GRADUAÇÃO";"Campus Central";"4C1";"2014";"1";"2014-01-27";"2014-06-14";"24T56";"36";"36";"REGULAR";"f";"2014-06-18 17:12:30.784";"f";"";"80";"CONSOLIDADA";"";"Presencial";
"1220942";"01";"5755478";"";"";"46982";"GRADUAÇÃO";"Campus Central";"4A6";"2014";"1";"2014-01-27";"2014-06-14";"24M34";"39";"40";"REGULAR";"f";"2014-06-18 20:37:04.514";"f";"";"81";"CONSOLIDADA";"";"Presencial";
"1220943";"02";"5755478";"";"";"46982";"GRADUAÇÃO";"Campus Central";"4C2";"2014";"1";"2014-01-27";"2014-06-14";"24T56";"56";"43";"REGULAR";"f";"2014-06-18 20:43:32.526";"f";"";"77";"CONSOLIDADA";"";"Presencial";
"1220944";"01";"18408";"";"";"46987";"GRADUAÇÃO";"Campus Central";"4A5";"2014";"1";"2014-01-27";"2014-06-14";"35M56";"37";"37";"REGULAR";"f";"2014-06-18 16:04:57.273";"f";"";"67";"CONSOLIDADA";"";"Presencial";
"1220945";"02";"18408";"";"";"46987";"GRADUAÇÃO";"Campus Central";"4A9";"2014";"1";"2014-01-27";"2014-06-14";"35T34";"48";"42";"REGULAR";"f";"2014-06-18 16:17:14.941";"f";"";"81";"CONSOLIDADA";"";"Presencial";
"1220946";"01";"22823";"";"";"47018";"GRADUAÇÃO";"Campus Central";"4B2";"2014";"1";"2014-01-27";"2014-06-14";"35M34";"29";"30";"REGULAR";"f";"2014-06-13 23:27:09.482";"f";"";"72";"CONSOLIDADA";"";"Presencial";
"1220947";"02";"22823";"";"";"47018";"GRADUAÇÃO";"Campus Central";"4B2";"2014";"1";"2014-01-27";"2014-06-14";"35T56";"36";"32";"REGULAR";"f";"2014-06-13 23:29:13.721";"f";"";"66";"CONSOLIDADA";"";"Presencial";
"1220948";"01";"18408";"";"";"20660";"GRADUAÇÃO";"Campus Central";"4A4";"2014";"1";"2014-01-27";"2014-06-14";"6T345";"12";"20";"REGULAR";"f";"2014-06-20 12:13:26.164";"f";"";"51";"CONSOLIDADA";"";"Presencial";
"1220949";"01";"5752375";"";"";"46989";"GRADUAÇÃO";"Campus Central";"4A5";"2014";"1";"2014-01-27";"2014-06-14";"24M12";"27";"40";"REGULAR";"f";"2014-06-18 20:12:31.281";"f";"";"73";"CONSOLIDADA";"";"Presencial";
"1220950";"02";"5752375";"";"";"46989";"GRADUAÇÃO";"Campus Central";"4A5";"2014";"1";"2014-01-27";"2014-06-14";"35T12";"50";"45";"REGULAR";"f";"2014-06-18 20:15:31.562";"f";"";"71";"CONSOLIDADA";"";"Presencial";
"1220951";"01";"5754538";"";"";"46964";"GRADUAÇÃO";"Campus Central";"4A8";"2014";"1";"2014-01-27";"2014-06-14";"46M34";"39";"40";"REGULAR";"f";"2014-06-18 06:52:03.268";"f";"";"66";"CONSOLIDADA";"";"Presencial";
"1220952";"02";"5755760";"";"";"46964";"GRADUAÇÃO";"Campus Central";"4A2";"2014";"1";"2014-01-27";"2014-06-14";"35T34";"25";"40";"REGULAR";"f";"2014-06-20 11:35:49.767";"f";"";"74";"CONSOLIDADA";"";"Presencial";
"1220953";"01";"17907";"";"";"46965";"GRADUAÇÃO";"Campus Central";"4A4";"2014";"1";"2014-01-27";"2014-06-14";"35T56";"38";"40";"REGULAR";"f";"2014-06-05 16:46:34.634";"f";"";"66";"CONSOLIDADA";"";"Presencial";
"1220954";"02";"25443";"";"";"46965";"GRADUAÇÃO";"Campus Central";"4A1";"2014";"1";"2014-01-27";"2014-06-14";"35M56";"20";"40";"REGULAR";"f";"2014-06-21 21:40:07.343";"f";"";"68";"CONSOLIDADA";"";"Presencial";
"1220955";"01";"5752304";"";"";"46979";"GRADUAÇÃO";"Campus Central";"4A4";"2014";"1";"2014-01-27";"2014-06-14";"24M12";"49";"41";"REGULAR";"f";"2014-06-20 21:10:22.868";"f";"";"62";"CONSOLIDADA";"";"Presencial";
"1220956";"02";"5755760";"";"";"46979";"GRADUAÇÃO";"Campus Central";"4C5";"2014";"1";"2014-01-27";"2014-06-14";"24T34";"32";"40";"REGULAR";"f";"2014-06-20 11:42:54.822";"f";"";"74";"CONSOLIDADA";"";"Presencial";
"1220957";"01";"22902";"";"";"46983";"GRADUAÇÃO";"Campus Central";"4A7";"2014";"1";"2014-01-27";"2014-06-14";"24M56";"27";"40";"REGULAR";"f";"2014-06-20 17:01:50.955";"f";"";"70";"CONSOLIDADA";"";"Presencial";
"1220958";"02";"23757";"";"";"46983";"GRADUAÇÃO";"Campus Central";"4A4";"2014";"1";"2014-01-27";"2014-06-14";"35T12";"45";"41";"REGULAR";"f";"2014-06-20 14:10:58.284";"f";"";"66";"CONSOLIDADA";"";"Presencial";
"1220959";"01";"23937";"";"";"46988";"GRADUAÇÃO";"Campus Central";"4A2";"2014";"1";"2014-01-27";"2014-06-14";"24M12";"42";"43";"REGULAR";"f";"2014-06-20 13:01:20.752";"f";"";"76";"CONSOLIDADA";"";"Presencial";
"1220960";"02";"5752304";"";"";"46988";"GRADUAÇÃO";"Campus Central";"4A3";"2014";"1";"2014-01-27";"2014-06-14";"24T12";"74";"54";"REGULAR";"f";"2014-06-20 21:07:50.777";"f";"";"68";"CONSOLIDADA";"";"Presencial";
"1220961";"01";"22902";"";"";"46990";"GRADUAÇÃO";"Campus Central";"4A6";"2014";"1";"2014-01-27";"2014-06-14";"35M56";"39";"50";"REGULAR";"f";"2014-06-20 17:04:17.631";"f";"";"72";"CONSOLIDADA";"";"Presencial";
"1220962";"01";"5753656";"";"";"47023";"GRADUAÇÃO";"Campus Central";"4F2";"2014";"1";"2014-01-27";"2014-06-14";"2T56";"89";"64";"REGULAR";"f";"2014-06-18 13:22:04.072";"f";"";"36";"CONSOLIDADA";"";"Presencial";
"1220963";"01";"23937";"";"";"47020";"GRADUAÇÃO";"Campus Central";"4A2";"2014";"1";"2014-01-27";"2014-06-14";"24M34";"41";"40";"REGULAR";"f";"2014-06-20 13:03:26.996";"f";"";"76";"CONSOLIDADA";"";"Presencial";
"1220964";"02";"5754538";"";"";"47020";"GRADUAÇÃO";"Campus Central";"4F4";"2014";"1";"2014-01-27";"2014-06-14";"24T34";"21";"40";"REGULAR";"f";"2014-06-18 06:46:24.655";"f";"";"66";"CONSOLIDADA";"";"Presencial";
"1220965";"01";"25443";"";"";"47022";"GRADUAÇÃO";"Campus Central";"4A1";"2014";"1";"2014-01-27";"2014-06-14";"35M34";"0";"40";"REGULAR";"f";"";"f";"";"";"EXCLUÍDA";"";"Presencial";
"1220966";"02";"5756684";"";"";"47022";"GRADUAÇÃO";"Campus Central";"4A2";"2014";"1";"2014-01-27";"2014-06-14";"35N12";"27";"40";"REGULAR";"f";"2014-06-13 21:05:08.455";"f";"";"74";"CONSOLIDADA";"";"Presencial";
"1220967";"01";"22902";"";"";"20655";"GRADUAÇÃO";"Campus Central";"4A3";"2014";"1";"2014-01-27";"2014-06-14";"4M234";"7";"20";"REGULAR";"f";"2014-06-20 17:05:31.699";"f";"";"54";"CONSOLIDADA";"";"Presencial";
"1220968";"01";"25443";"";"";"47052";"GRADUAÇÃO";"Campus Central";"412";"2014";"1";"2014-01-27";"2014-06-14";"35T56";"2";"20";"REGULAR";"f";"";"f";"";"";"INTERROMPIDA";"";"Presencial";
"1220969";"01";"17907";"";"";"47021";"GRADUAÇÃO";"Campus Central";"4A7";"2014";"1";"2014-01-27";"2014-06-14";"35M56";"20";"30";"REGULAR";"f";"2014-06-04 09:10:52.872";"f";"";"66";"CONSOLIDADA";"";"Presencial";
"1220970";"01";"5755530";"";"";"24771";"GRADUAÇÃO";"Campus Central";"4A1";"2014";"1";"2014-01-27";"2014-06-14";"35T56";"44";"45";"REGULAR";"f";"2014-06-13 14:07:43.141";"f";"";"66";"CONSOLIDADA";"";"Presencial";
"1220971";"02";"5755530";"";"";"24771";"GRADUAÇÃO";"Campus Central";"4G3";"2014";"1";"2014-01-27";"2014-06-14";"24T56";"24";"45";"REGULAR";"f";"2014-06-13 11:33:33.628";"f";"";"66";"CONSOLIDADA";"";"Presencial";
"1220972";"01";"5755906";"";"";"20652";"GRADUAÇÃO";"Campus Central";"4A4";"2014";"1";"2014-01-27";"2014-06-14";"4M345";"19";"20";"REGULAR";"f";"2014-06-10 15:16:44.92";"f";"";"54";"CONSOLIDADA";"";"Presencial";
"1220972";"01";"5753631";"";"";"20652";"GRADUAÇÃO";"Campus Central";"4A4";"2014";"1";"2014-01-27";"2014-06-14";"4M345";"19";"20";"REGULAR";"f";"2014-06-10 15:16:44.92";"f";"";"54";"CONSOLIDADA";"";"Presencial";
"1220973";"01";"37244";"";"";"47048";"GRADUAÇÃO";"Campus Central";"4A2";"2014";"1";"2014-01-27";"2014-06-14";"35M34";"17";"20";"REGULAR";"f";"2014-06-16 09:56:13.899";"f";"";"68";"CONSOLIDADA";"";"Presencial";
"1220974";"01";"16978";"";"";"47073";"GRADUAÇÃO";"Campus Central";"4B4";"2014";"1";"2014-01-27";"2014-06-14";"35N12";"16";"20";"REGULAR";"f";"2014-06-11 16:05:16.153";"f";"";"66";"CONSOLIDADA";"";"Presencial";
"1220975";"01";"5755731";"";"";"47019";"GRADUAÇÃO";"Campus Central";"4A8";"2014";"1";"2014-01-27";"2014-06-14";"35M12";"17";"40";"REGULAR";"f";"2014-06-20 19:04:41.09";"f";"";"74";"CONSOLIDADA";"";"Presencial";
"1220976";"02";"5755731";"";"";"47019";"GRADUAÇÃO";"Campus Central";"4C5";"2014";"1";"2014-01-27";"2014-06-14";"24T56";"33";"40";"REGULAR";"f";"2014-06-20 19:11:54.144";"f";"";"70";"CONSOLIDADA";"";"Presencial";
"1220977";"01";"5755731";"";"";"20646";"GRADUAÇÃO";"Campus Central";"SETOR DE AULAS IV";"2014";"1";"2014-01-27";"2014-06-14";"6M234";"";"45";"REGULAR";"f";"";"f";"";"";"EXCLUÍDA";"";"Presencial";
"1220978";"01";"5753056";"";"";"49469";"STRICTO SENSU";"";"SALA 01/Prédio das Graduações/UECIA";"2014";"1";"2014-02-10";"2014-06-20";"6T1234";"2";"15";"REGULAR";"f";"2014-06-15 12:57:54.96";"f";"";"68";"CONSOLIDADA";"";"Presencial";
"1220979";"01";"5752803";"";"";"49476";"STRICTO SENSU";"";"SALA 01/Prédio das Graduações/UECIA";"2014";"1";"2014-02-10";"2014-06-20";"4T123";"6";"15";"REGULAR";"f";"2014-06-23 22:02:57.976";"f";"";"54";"CONSOLIDADA";"";"Presencial";
"1220980";"01";"5752726";"";"";"49474";"STRICTO SENSU";"";"SALA 01/Prédio das Graduações/UECIA";"2014";"1";"2014-02-10";"2014-06-20";"2T1234";"6";"15";"REGULAR";"f";"2014-06-11 12:18:55.786";"f";"";"64";"CONSOLIDADA";"";"Presencial";
"1220981";"01";"5753897";"";"";"49483";"STRICTO SENSU";"";"SALA 01/Prédio das Graduações/UECIA";"2014";"1";"2014-02-10";"2014-06-20";"3T1234";"4";"15";"REGULAR";"f";"2014-06-16 09:00:08.378";"f";"";"56";"CONSOLIDADA";"";"Presencial";
"1220982";"01";"5754349";"";"";"49477";"STRICTO SENSU";"";"SALA 01/Prédio das Graduações/UECIA";"2014";"1";"2014-02-10";"2014-06-20";"4M456";"1";"15";"REGULAR";"f";"2014-06-14 18:08:25.041";"f";"";"51";"CONSOLIDADA";"";"Presencial";
"1220983";"01";"5754355";"";"";"49475";"STRICTO SENSU";"";"SALA 01/Prédio das Graduações/UECIA";"2014";"1";"2014-02-10";"2014-06-20";"3M234";"9";"15";"REGULAR";"f";"2014-06-23 21:55:47.221";"f";"";"51";"CONSOLIDADA";"";"Presencial";
"1220984";"01";"5752710";"";"";"49467";"STRICTO SENSU";"";"Laboratório de Informática/UECIA";"2014";"1";"2014-02-10";"2014-06-20";"2M45 6M23";"12";"13";"REGULAR";"f";"2014-06-20 16:20:50.138";"f";"";"56";"CONSOLIDADA";"";"Presencial";
"1220985";"01";"5752218";"";"";"49472";"STRICTO SENSU";"";"SALA 01/Prédio das Graduações/UECIA";"2014";"1";"2014-02-10";"2014-06-20";"5M23";"12";"13";"REGULAR";"f";"2014-06-23 21:58:29.203";"f";"";"32";"CONSOLIDADA";"";"Presencial";
"1220985";"01";"5752803";"";"";"49472";"STRICTO SENSU";"";"SALA 01/Prédio das Graduações/UECIA";"2014";"1";"2014-02-10";"2014-06-20";"5M23";"12";"13";"REGULAR";"f";"2014-06-23 21:58:29.203";"f";"";"32";"CONSOLIDADA";"";"Presencial";
"1220986";"01";"5754355";"";"";"49473";"STRICTO SENSU";"";"Prédio das Graduações/UECIA";"2014";"1";"2014-02-10";"2014-06-20";"5M23";"14";"15";"REGULAR";"f";"2014-06-23 21:54:02.142";"f";"";"34";"CONSOLIDADA";"";"Presencial";
"1220987";"01";"5752238";"";"";"53297";"STRICTO SENSU";"";"Prédio das Graduações/UECIA";"2014";"1";"2014-02-10";"2014-06-20";"3M1";"1";"1";"REGULAR";"f";"2014-08-02 18:44:21.112";"f";"";"18";"CONSOLIDADA";"";"Presencial";
"1220988";"02";"5752807";"";"";"53297";"STRICTO SENSU";"";"Prédio das Graduações/UECIA";"2014";"1";"2014-02-10";"2014-06-20";"4M1";"1";"1";"REGULAR";"f";"2014-06-20 08:48:13.879";"f";"";"18";"CONSOLIDADA";"";"Presencial";
"1220989";"01";"5752238";"";"";"49484";"STRICTO SENSU";"";"SALA 01/Prédio das Graduações/UECIA";"2014";"1";"2014-02-10";"2014-06-20";"24M23";"3";"15";"REGULAR";"f";"2014-08-02 18:43:06.364";"f";"";"70";"CONSOLIDADA";"";"Presencial";
"1220990";"01";"21360";"";"";"40011";"GRADUAÇÃO";"Campus Central";"VC4";"2014";"1";"2014-01-27";"2014-06-14";"35M12";"13";"45";"REGULAR";"f";"2014-06-10 09:37:06.429";"f";"";"74";"CONSOLIDADA";"";"Presencial";
"1220991";"02";"5754339";"";"";"40011";"GRADUAÇÃO";"Campus Central";"VC4";"2014";"1";"2014-01-27";"2014-06-14";"26N12";"87";"48";"REGULAR";"f";"2014-06-14 08:21:34.566";"f";"";"74";"CONSOLIDADA";"";"Presencial";
"1220992";"01";"5755023";"";"";"40012";"GRADUAÇÃO";"Campus Central";"VF3";"2014";"1";"2014-01-27";"2014-06-14";"35M12";"18";"45";"REGULAR";"f";"2014-06-17 15:22:34.998";"f";"";"74";"CONSOLIDADA";"";"Presencial";
"1220993";"02";"2301337";"";"";"40012";"GRADUAÇÃO";"Campus Central";"VF3";"2014";"1";"2014-01-27";"2014-06-14";"35N12";"39";"40";"REGULAR";"f";"2014-06-09 18:15:05.819";"f";"";"70";"CONSOLIDADA";"";"Presencial";
"1220994";"01";"5753579";"";"";"40013";"GRADUAÇÃO";"Campus Central";"VC3";"2014";"1";"2014-01-27";"2014-06-14";"35M12";"17";"45";"REGULAR";"f";"2014-06-09 20:43:33.805";"f";"";"66";"CONSOLIDADA";"";"Presencial";
"1220995";"02";"5756038";"";"";"40013";"GRADUAÇÃO";"Campus Central";"VC3";"2014";"1";"2014-01-27";"2014-06-14";"35N34";"41";"40";"REGULAR";"f";"2014-06-11 14:53:51.684";"f";"";"72";"CONSOLIDADA";"";"Presencial";
"1220996";"01";"5753579";"";"";"40014";"GRADUAÇÃO";"Campus Central";"VC4";"2014";"1";"2014-01-27";"2014-06-14";"35M34";"18";"45";"REGULAR";"f";"2014-06-09 20:00:21.62";"f";"";"66";"CONSOLIDADA";"";"Presencial";
"1220997";"02";"5751751";"";"";"40014";"GRADUAÇÃO";"Campus Central";"VC4";"2014";"1";"2014-01-27";"2014-06-14";"35N12";"44";"44";"REGULAR";"f";"2014-06-10 07:17:07.408";"f";"";"66";"CONSOLIDADA";"";"Presencial";
"1220998";"01";"23398";"";"";"26326";"GRADUAÇÃO";"Campus Central";"SETOR DE AULAS IV";"2014";"1";"2014-01-27";"2014-06-14";"6T5634";"34";"50";"REGULAR";"f";"2014-06-18 12:10:38.411";"f";"";"72";"CONSOLIDADA";"";"Presencial";
"1220999";"01";"22823";"";"";"46656";"GRADUAÇÃO";"Campus Central";"4B1";"2014";"1";"2014-01-27";"2014-06-14";"35T12";"11";"20";"REGULAR";"f";"2014-06-10 22:20:53.72";"f";"";"68";"CONSOLIDADA";"";"Presencial";
"1221000";"02";"5755584";"";"";"46966";"GRADUAÇÃO";"Campus Central";"4C2";"2014";"1";"2014-01-27";"2014-06-14";"246T34";"25";"30";"REGULAR";"f";"2014-06-11 23:26:28.073";"f";"";"98";"CONSOLIDADA";"";"Presencial";
"1221001";"01";"5756418";"";"";"40015";"GRADUAÇÃO";"Campus Central";"VF3";"2014";"1";"2014-01-27";"2014-06-14";"2M12";"23";"45";"REGULAR";"f";"2014-06-06 17:06:09.666";"f";"";"34";"CONSOLIDADA";"";"Presencial";
"1221002";"02";"5756038";"";"";"40015";"GRADUAÇÃO";"Campus Central";"VF3";"2014";"1";"2014-01-27";"2014-06-14";"6N12";"31";"40";"REGULAR";"f";"2014-06-11 15:15:25.639";"f";"";"36";"CONSOLIDADA";"";"Presencial";
"1221003";"01";"5756038";"";"";"40016";"GRADUAÇÃO";"Campus Central";"VF3";"2014";"1";"2014-01-27";"2014-06-14";"46M12";"19";"45";"REGULAR";"f";"2014-06-11 15:04:08.795";"f";"";"74";"CONSOLIDADA";"";"Presencial";
"1221004";"02";"5751751";"";"";"40016";"GRADUAÇÃO";"Campus Central";"VF3";"2014";"1";"2014-01-27";"2014-06-14";"35N34";"40";"40";"REGULAR";"f";"2014-06-10 07:12:29.269";"f";"";"72";"CONSOLIDADA";"";"Presencial";
"1221005";"01";"22927";"";"";"40017";"GRADUAÇÃO";"Campus Central";"VH3";"2014";"1";"2014-01-27";"2014-06-14";"24M56";"1";"30";"REGULAR";"f";"2014-06-17 16:33:42.82";"f";"";"74";"CONSOLIDADA";"";"Presencial";
"1221006";"02";"22927";"";"";"40017";"GRADUAÇÃO";"Campus Central";"VH3";"2014";"1";"2014-01-27";"2014-06-14";"46N34";"9";"30";"REGULAR";"f";"2014-06-17 15:58:05.359";"f";"";"76";"CONSOLIDADA";"";"Presencial";
"1221007";"01";"5756383";"";"";"40018";"GRADUAÇÃO";"Campus Central";"VH5";"2014";"1";"2014-01-27";"2014-06-14";"46M56";"4";"30";"REGULAR";"f";"2014-06-14 18:59:59.284";"f";"";"74";"CONSOLIDADA";"";"Presencial";
"1221008";"02";"5756383";"";"";"40018";"GRADUAÇÃO";"Campus Central";"VH4";"2014";"1";"2014-01-27";"2014-06-14";"35N34";"17";"30";"REGULAR";"f";"2014-06-14 19:08:26.997";"f";"";"74";"CONSOLIDADA";"";"Presencial";
"1221009";"01";"5752469";"";"";"54028";"GRADUAÇÃO";"Campus Central";"SALA 08 CCSA";"2014";"1";"2014-01-27";"2014-06-14";"24M56";"3";"30";"REGULAR";"f";"2014-06-21 10:47:10.634";"f";"";"74";"CONSOLIDADA";"";"Presencial";
"1221011";"01";"5752469";"";"";"54029";"GRADUAÇÃO";"Campus Central";"VH3";"2014";"1";"2014-01-27";"2014-06-14";"35M34";"0";"30";"REGULAR";"f";"";"f";"";"";"EXCLUÍDA";"";"Presencial";
"1221012";"01";"5755162";"";"";"40019";"GRADUAÇÃO";"Campus Central";"VH1";"2014";"1";"2014-01-27";"2014-06-14";"4M34";"42";"28";"REGULAR";"f";"2014-06-13 20:42:29.001";"f";"";"34";"CONSOLIDADA";"";"Presencial";
"1221013";"02";"114673";"";"";"40019";"GRADUAÇÃO";"Campus Central";"VH1";"2014";"1";"2014-01-27";"2014-06-14";"5M56";"27";"27";"REGULAR";"f";"2014-06-18 15:19:53.033";"f";"";"34";"CONSOLIDADA";"";"Presencial";
"1221014";"03";"26025";"";"";"40019";"GRADUAÇÃO";"Campus Central";"VH1";"2014";"1";"2014-01-27";"2014-06-14";"3N12";"10";"25";"REGULAR";"f";"2014-06-20 11:20:07.294";"f";"";"36";"CONSOLIDADA";"";"Presencial";
"1221015";"04";"5755234";"";"";"40019";"GRADUAÇÃO";"Campus Central";"VE3";"2014";"1";"2014-01-27";"2014-06-14";"3N12";"30";"30";"REGULAR";"f";"2014-06-10 17:22:04.686";"f";"";"38";"CONSOLIDADA";"";"Presencial";
"1221016";"01";"114673";"";"";"40020";"GRADUAÇÃO";"Campus Central";"VH1";"2014";"1";"2014-01-27";"2014-06-14";"3M56";"9";"25";"REGULAR";"f";"2014-06-18 15:43:12.483";"f";"";"36";"CONSOLIDADA";"";"Presencial";
"1221017";"02";"26025";"";"";"40020";"GRADUAÇÃO";"Campus Central";"VH1";"2014";"1";"2014-01-27";"2014-06-14";"2M12";"25";"25";"REGULAR";"f";"2014-06-21 11:17:01.367";"f";"";"36";"CONSOLIDADA";"";"Presencial";
"1221018";"03";"5755234";"";"";"40020";"GRADUAÇÃO";"Campus Central";"VE3";"2014";"1";"2014-01-27";"2014-06-14";"2N34";"37";"28";"REGULAR";"f";"2014-06-11 14:55:56.775";"f";"";"36";"CONSOLIDADA";"";"Presencial";
"1221019";"04";"5755234";"";"";"40020";"GRADUAÇÃO";"Campus Central";"VE3";"2014";"1";"2014-01-27";"2014-06-14";"2T56";"10";"25";"REGULAR";"f";"2014-06-09 21:30:48.669";"f";"";"36";"CONSOLIDADA";"";"Presencial";
"1221020";"01";"114673";"";"";"40021";"GRADUAÇÃO";"Campus Central";"VH1";"2014";"1";"2014-01-27";"2014-06-14";"35M34";"10";"25";"REGULAR";"f";"2014-06-18 23:02:33.389";"f";"";"66";"CONSOLIDADA";"";"Presencial";
"1221021";"02";"5755962";"";"";"40021";"GRADUAÇÃO";"Campus Central";"VH1";"2014";"1";"2014-01-27";"2014-06-14";"35M34";"20";"25";"REGULAR";"f";"2014-06-14 23:14:12.952";"f";"";"70";"CONSOLIDADA";"";"Presencial";
"1221022";"03";"5755234";"";"";"40021";"GRADUAÇÃO";"Campus Central";"VH1";"2014";"1";"2014-01-27";"2014-06-14";"35N34";"32";"25";"REGULAR";"f";"2014-06-18 11:42:10.397";"f";"";"72";"CONSOLIDADA";"";"Presencial";
"1221023";"04";"5755962";"";"";"40021";"GRADUAÇÃO";"Campus Central";"VH1";"2014";"1";"2014-01-27";"2014-06-14";"35N34";"23";"25";"REGULAR";"f";"2014-06-14 23:18:20.027";"f";"";"70";"CONSOLIDADA";"";"Presencial";
"1221024";"01";"5753540";"";"";"40022";"GRADUAÇÃO";"Campus Central";"VC4";"2014";"1";"2014-01-27";"2014-06-14";"6M12";"32";"45";"REGULAR";"f";"2014-06-09 23:13:53.642";"f";"";"36";"CONSOLIDADA";"";"Presencial";
"1221025";"02";"5753540";"";"";"40022";"GRADUAÇÃO";"Campus Central";"VC4";"2014";"1";"2014-01-27";"2014-06-14";"2N34";"39";"40";"REGULAR";"f";"2014-06-09 22:59:00.483";"f";"";"34";"CONSOLIDADA";"";"Presencial";
"1221027";"01";"5756330";"";"";"40023";"GRADUAÇÃO";"Campus Central";"VE3";"2014";"1";"2014-01-27";"2014-06-14";"5M56";"6";"25";"REGULAR";"f";"2014-06-15 21:06:15.224";"f";"";"34";"CONSOLIDADA";"";"Presencial";
"1221028";"02";"5756330";"";"";"40023";"GRADUAÇÃO";"Campus Central";"VE3";"2014";"1";"2014-01-27";"2014-06-14";"6M34";"15";"25";"REGULAR";"f";"2014-06-15 21:09:23.393";"f";"";"36";"CONSOLIDADA";"";"Presencial";
"1221029";"03";"5756330";"";"";"40023";"GRADUAÇÃO";"Campus Central";"VH1";"2014";"1";"2014-01-27";"2014-06-14";"6N34";"28";"27";"REGULAR";"f";"2014-06-19 22:53:41.394";"f";"";"36";"CONSOLIDADA";"";"Presencial";
"1221030";"04";"5756330";"";"";"40023";"GRADUAÇÃO";"Campus Central";"VE3/VH5";"2014";"1";"2014-01-27";"2014-06-14";"4T56";"7";"25";"REGULAR";"f";"2014-06-15 21:03:19.35";"f";"";"38";"CONSOLIDADA";"";"Presencial";
"1221031";"02";"5752484";"";"";"54029";"GRADUAÇÃO";"Campus Central";"VH3";"2014";"1";"2014-01-27";"2014-06-14";"24N12";"12";"30";"REGULAR";"f";"2014-06-15 08:35:28.919";"f";"";"74";"CONSOLIDADA";"";"Presencial";
"1221032";"01";"5755537";"";"";"39987";"GRADUAÇÃO";"Campus Central";"VH3";"2014";"1";"2014-01-27";"2014-06-14";"35M56";"9";"30";"REGULAR";"f";"2014-06-14 17:40:23.164";"f";"";"72";"CONSOLIDADA";"";"Presencial";
"1221033";"02";"5755537";"";"";"39987";"GRADUAÇÃO";"Campus Central";"VH5";"2014";"1";"2014-01-27";"2014-06-14";"24N12";"9";"30";"REGULAR";"f";"2014-06-14 17:46:38.852";"f";"";"72";"CONSOLIDADA";"";"Presencial";
"1221034";"01";"5755162";"";"";"39990";"GRADUAÇÃO";"Campus Central";"VH4";"2014";"1";"2014-01-27";"2014-06-14";"24M12";"4";"30";"REGULAR";"f";"2014-06-13 20:34:08.345";"f";"";"70";"CONSOLIDADA";"";"Presencial";
"1221035";"02";"5756292";"";"";"39990";"GRADUAÇÃO";"Campus Central";"VH4";"2014";"1";"2014-01-27";"2014-06-14";"46N12";"9";"30";"REGULAR";"f";"2014-06-13 16:11:56.473";"f";"";"76";"CONSOLIDADA";"";"Presencial";
"1221036";"01";"5755962";"";"";"39992";"GRADUAÇÃO";"Campus Central";"VH4";"2014";"1";"2014-01-27";"2014-06-14";"35M56";"10";"30";"REGULAR";"f";"2014-06-13 19:06:56.277";"f";"";"70";"CONSOLIDADA";"";"Presencial";
"1221037";"02";"5755962";"";"";"39992";"GRADUAÇÃO";"Campus Central";"VH3";"2014";"1";"2014-01-27";"2014-06-14";"35N12";"27";"30";"REGULAR";"f";"2014-06-14 23:01:41.899";"f";"";"70";"CONSOLIDADA";"";"Presencial";
"1221038";"01";"5756292";"";"";"39994";"GRADUAÇÃO";"Campus Central";"VH3";"2014";"1";"2014-01-27";"2014-06-14";"35M12";"6";"30";"REGULAR";"f";"2014-06-13 16:06:33.593";"f";"";"70";"CONSOLIDADA";"";"Presencial";
"1221039";"02";"5756292";"";"";"39994";"GRADUAÇÃO";"Campus Central";"VH3";"2014";"1";"2014-01-27";"2014-06-14";"35N34";"20";"30";"REGULAR";"f";"2014-06-13 16:10:28.706";"f";"";"68";"CONSOLIDADA";"";"Presencial";
"1221040";"01";"5756418";"";"";"53672";"GRADUAÇÃO";"Campus Central";"VH5";"2014";"1";"2014-01-27";"2014-06-14";"35M56";"11";"30";"REGULAR";"f";"2014-06-06 17:07:06.154";"f";"";"68";"CONSOLIDADA";"";"Presencial";
"1221041";"02";"5756418";"";"";"53672";"GRADUAÇÃO";"Campus Central";"VH4";"2014";"1";"2014-01-27";"2014-06-14";"35N12";"5";"30";"REGULAR";"f";"2014-06-06 17:00:41.982";"f";"";"68";"CONSOLIDADA";"";"Presencial";
"1221042";"01";"5756301";"";"";"2036560";"GRADUAÇÃO";"Campus Central";"4I3";"2014";"1";"2014-01-27";"2014-06-14";"2N12";"49";"45";"REGULAR";"f";"2014-06-10 22:20:46.983";"f";"";"36";"CONSOLIDADA";"";"Presencial";
"1221043";"01";"5756301";"";"";"2036572";"GRADUAÇÃO";"Campus Central";"4I6";"2014";"1";"2014-01-27";"2014-06-14";"35T12";"52";"45";"REGULAR";"f";"2014-06-10 22:24:17.799";"f";"";"70";"CONSOLIDADA";"";"Presencial";
"1221044";"01";"26652";"";"";"18814";"TÉCNICO";"";"Sala 23";"2014";"1";"2014-01-27";"2014-06-14";"2T1234";"2";"60";"REGULAR";"f";"2014-06-09 11:26:01.017";"f";"";"64";"CONSOLIDADA";"";"Presencial";
"1221045";"02";"26652";"";"";"18814";"TÉCNICO";"";"Sala 23";"2014";"1";"2014-01-27";"2014-06-14";"4T1234";"2";"60";"REGULAR";"f";"2014-06-09 11:30:55.76";"f";"";"68";"CONSOLIDADA";"";"Presencial";
"1221046";"01";"5755921";"";"";"2036563";"GRADUAÇÃO";"Campus Central";"AUDITÓRIO";"2014";"1";"2014-01-27";"2014-06-14";"3T34 4T56";"41";"45";"REGULAR";"f";"2014-06-12 18:21:23.008";"f";"";"76";"CONSOLIDADA";"";"Presencial";
"1221047";"01";"5756297";"";"";"2036566";"GRADUAÇÃO";"Campus Central";"4C5";"2014";"1";"2014-01-27";"2014-06-14";"35N34";"47";"45";"REGULAR";"f";"2014-06-05 18:34:06.488";"f";"";"66";"CONSOLIDADA";"";"Presencial";
"1221048";"01";"24702";"";"";"2036573";"GRADUAÇÃO";"Campus Central";"4A2";"2014";"1";"2014-01-27";"2014-06-14";"24T34";"47";"45";"REGULAR";"f";"2014-06-14 01:36:04.658";"f";"";"70";"CONSOLIDADA";"";"Presencial";
"1221049";"01";"5755921";"";"";"2036650";"GRADUAÇÃO";"Campus Central";"4A9";"2014";"1";"2014-01-27";"2014-06-14";"24N34";"27";"45";"REGULAR";"f";"2014-06-12 18:24:51.29";"f";"";"74";"CONSOLIDADA";"";"Presencial";
"1221050";"01";"24702";"";"";"2036654";"GRADUAÇÃO";"Campus Central";"4A2";"2014";"1";"2014-01-27";"2014-06-14";"24T12";"31";"45";"REGULAR";"f";"2014-06-14 01:56:46.393";"f";"";"68";"CONSOLIDADA";"";"Presencial";
"1221051";"01";"16790";"";"";"2036661";"GRADUAÇÃO";"Campus Central";"4B3";"2014";"1";"2014-01-27";"2014-06-14";"4N34 6N12";"16";"45";"REGULAR";"f";"2014-06-14 09:11:59.37";"f";"";"68";"CONSOLIDADA";"";"Presencial";
"1221052";"01";"5756115";"";"";"2036574";"GRADUAÇÃO";"Campus Central";"4I2";"2014";"1";"2014-01-27";"2014-06-14";"24T12";"44";"50";"REGULAR";"f";"2014-06-11 13:44:20.168";"f";"";"70";"CONSOLIDADA";"";"Presencial";
"1221053";"02";"23834";"";"";"2036574";"GRADUAÇÃO";"Campus Central";"4C5";"2014";"1";"2014-01-27";"2014-06-14";"24N34";"28";"45";"REGULAR";"f";"2014-06-21 20:26:46.093";"f";"";"70";"CONSOLIDADA";"";"Presencial";
"1221054";"01";"26652";"";"";"25757";"GRADUAÇÃO";"Campus Central";"Sala 23";"2014";"1";"2014-01-27";"2014-06-14";"25M12";"21";"50";"REGULAR";"f";"2014-06-09 11:14:36.852";"f";"";"66";"CONSOLIDADA";"";"Presencial";
"1221055";"01";"5756617";"";"";"2036651";"GRADUAÇÃO";"Campus Central";"4B5";"2014";"1";"2014-01-27";"2014-06-14";"34N12";"16";"45";"REGULAR";"f";"2014-06-11 22:05:22.746";"f";"";"76";"CONSOLIDADA";"";"Presencial";
"1221056";"01";"5756617";"";"";"2036655";"GRADUAÇÃO";"Campus Central";"4I10";"2014";"1";"2014-01-27";"2014-06-14";"35T56";"41";"45";"REGULAR";"f";"2014-06-11 22:04:07.162";"f";"";"72";"CONSOLIDADA";"";"Presencial";
"1221057";"01";"26652";"";"";"23951";"GRADUAÇÃO";"Campus Central";"Sala 23";"2014";"1";"2014-01-27";"2014-06-14";"25M34";"18";"50";"REGULAR";"f";"2014-06-09 11:19:24.039";"f";"";"66";"CONSOLIDADA";"";"Presencial";
"1221058";"01";"23834";"";"";"2036662";"GRADUAÇÃO";"Campus Central";"4F3";"2014";"1";"2014-01-27";"2014-06-14";"35N34";"34";"45";"REGULAR";"f";"2014-06-14 17:05:56.154";"f";"";"70";"CONSOLIDADA";"";"Presencial";
"1221059";"01";"15499";"";"";"2036666";"GRADUAÇÃO";"Campus Central";"4C5";"2014";"1";"2014-01-27";"2014-06-14";"24T12";"41";"45";"REGULAR";"f";"2014-06-11 14:09:12.292";"f";"";"74";"CONSOLIDADA";"";"Presencial";
"1221060";"01";"22820";"";"";"2036564";"GRADUAÇÃO";"Campus Central";"4I2";"2014";"1";"2014-01-27";"2014-06-14";"26T56";"45";"50";"REGULAR";"f";"2014-06-21 14:46:32.897";"f";"";"66";"CONSOLIDADA";"";"Presencial";
"1221061";"01";"5752813";"";"";"2036656";"GRADUAÇÃO";"Campus Central";"4I10";"2014";"1";"2014-01-27";"2014-06-14";"35T34";"39";"45";"REGULAR";"f";"2014-06-16 21:59:52.27";"f";"";"68";"CONSOLIDADA";"";"Presencial";
"1221062";"01";"22820";"";"";"2036663";"GRADUAÇÃO";"Campus Central";"4B2";"2014";"1";"2014-01-27";"2014-06-14";"26N34";"21";"45";"REGULAR";"f";"2014-06-16 12:15:45.754";"f";"";"72";"CONSOLIDADA";"";"Presencial";
"1221063";"01";"23177";"";"";"2036569";"GRADUAÇÃO";"Campus Central";"AUDITÓRIO";"2014";"1";"2014-01-27";"2014-06-14";"35N12";"25";"45";"REGULAR";"f";"2014-06-10 09:22:03.385";"f";"";"72";"CONSOLIDADA";"";"Presencial";
"1221064";"01";"5752845";"";"";"2036657";"GRADUAÇÃO";"Campus Central";"4I6";"2014";"1";"2014-01-27";"2014-06-14";"246T56";"43";"45";"REGULAR";"f";"2014-06-17 21:25:17.75";"f";"";"98";"CONSOLIDADA";"";"Presencial";
"1221065";"01";"23177";"";"";"2036658";"GRADUAÇÃO";"Campus Central";"4I8";"2014";"1";"2014-01-27";"2014-06-14";"24T34";"55";"46";"REGULAR";"f";"2014-06-10 09:16:08.191";"f";"";"72";"CONSOLIDADA";"";"Presencial";
"1221066";"01";"5756725";"";"";"2036708";"GRADUAÇÃO";"Campus Central";"3G4";"2014";"1";"2014-01-27";"2014-06-14";"2T3456";"19";"30";"REGULAR";"f";"2014-06-11 20:31:23.684";"f";"";"68";"CONSOLIDADA";"";"Presencial";
"1221067";"01";"25852";"";"";"2036575";"GRADUAÇÃO";"Campus Central";"4C5";"2014";"1";"2014-01-27";"2014-06-14";"35T56";"32";"45";"REGULAR";"f";"2014-06-06 07:05:53.629";"f";"";"66";"CONSOLIDADA";"";"Presencial";
"1221068";"02";"5756297";"";"";"2036575";"GRADUAÇÃO";"Campus Central";"4G4";"2014";"1";"2014-01-27";"2014-06-14";"46N12";"20";"45";"REGULAR";"f";"2014-06-05 18:12:22.598";"f";"";"68";"CONSOLIDADA";"";"Presencial";
"1221069";"01";"5755045";"";"";"2036659";"GRADUAÇÃO";"Campus Central";"4I4";"2014";"1";"2014-01-27";"2014-06-14";"35T12";"33";"45";"REGULAR";"f";"2014-06-20 16:18:36.988";"f";"";"68";"CONSOLIDADA";"";"Presencial";
"1221070";"01";"25852";"";"";"2036664";"GRADUAÇÃO";"Campus Central";"4C5";"2014";"1";"2014-01-27";"2014-06-14";"35N12";"23";"40";"REGULAR";"f";"2014-06-06 07:07:50.826";"f";"";"66";"CONSOLIDADA";"";"Presencial";
"1221071";"01";"20251";"";"";"2036576";"GRADUAÇÃO";"Campus Central";"4B1";"2014";"1";"2014-01-27";"2014-06-14";"24T56";"49";"50";"REGULAR";"f";"2014-06-20 01:01:59.516";"f";"";"72";"CONSOLIDADA";"";"Presencial";
"1221072";"01";"20251";"";"";"2036665";"GRADUAÇÃO";"Campus Central";"4F1";"2014";"1";"2014-01-27";"2014-06-14";"24N12";"37";"45";"REGULAR";"f";"2014-06-20 01:48:37.625";"f";"";"72";"CONSOLIDADA";"";"Presencial";
"1221073";"01";"15499";"";"";"2036667";"GRADUAÇÃO";"Campus Central";"4A4";"2014";"1";"2014-01-27";"2014-06-14";"2N12";"42";"45";"REGULAR";"f";"2014-06-10 14:31:01.531";"f";"";"34";"CONSOLIDADA";"";"Presencial";
"1221074";"01";"5755954";"";"";"2036652";"GRADUAÇÃO";"Campus Central";"4H4";"2014";"1";"2014-01-27";"2014-06-14";"2N12 3N34";"18";"45";"REGULAR";"f";"2014-06-10 12:24:50.676";"f";"";"70";"CONSOLIDADA";"";"Presencial";
"1221075";"01";"5756725";"";"";"2036570";"GRADUAÇÃO";"Campus Central";"4I8";"2014";"1";"2014-01-27";"2014-06-14";"2N12 6N34";"22";"45";"REGULAR";"f";"2014-06-12 13:45:08.897";"f";"";"70";"CONSOLIDADA";"";"Presencial";
"1221076";"02";"5755759";"";"";"20955";"GRADUAÇÃO";"Campus Central";"3 - IMBURANA; 4 - QUIXABEIRA (2º andar 2ª/3ª sala)";"2014";"1";"2014-01-27";"2014-06-14";"3M56 4M456";"18";"45";"REGULAR";"f";"2014-06-03 19:47:35.662";"f";"";"84";"CONSOLIDADA";"";"Presencial";
"1221076";"02";"15568";"";"";"20955";"GRADUAÇÃO";"Campus Central";"3 - IMBURANA; 4 - QUIXABEIRA (2º andar 2ª/3ª sala)";"2014";"1";"2014-01-27";"2014-06-14";"3M56 4M456";"18";"45";"REGULAR";"f";"2014-06-03 19:47:35.662";"f";"";"84";"CONSOLIDADA";"";"Presencial";
"1221077";"01";"15499";"";"";"20634";"GRADUAÇÃO";"Campus Central";"4A2";"2014";"1";"2014-01-27";"2014-06-14";"6T123";"13";"40";"REGULAR";"f";"2014-06-18 19:33:58.597";"f";"";"57";"CONSOLIDADA";"";"Presencial";
"1221078";"01";"18097";"";"";"26186";"GRADUAÇÃO";"Campus Central";"ANF. DOS ANFÍBIOS ("C")";"2014";"1";"2014-01-27";"2014-06-14";"2M3456";"103";"63";"REGULAR";"f";"2014-06-21 22:07:33.844";"f";"";"68";"CONSOLIDADA";"";"Presencial";
"1221079";"01";"18097";"";"";"24726";"GRADUAÇÃO";"Campus Central";"QUIXABEIRA (2º andar; 3ª sala)";"2014";"1";"2014-01-27";"2014-06-14";"4M12 6M456";"6";"50";"REGULAR";"f";"2014-06-21 22:14:08.333";"f";"";"95";"CONSOLIDADA";"";"Presencial";
"1221080";"01";"5756725";"";"";"24073";"GRADUAÇÃO";"Campus Central";"4I9";"2014";"1";"2014-01-27";"2014-06-14";"3T456";"7";"40";"REGULAR";"f";"2014-06-12 14:13:35.722";"f";"";"60";"CONSOLIDADA";"";"Presencial";
"1221081";"01";"5754325";"";"";"2036700";"GRADUAÇÃO";"Campus Central";"4A1";"2014";"1";"2014-01-27";"2014-06-14";"35T56";"11";"20";"REGULAR";"f";"2014-06-04 17:36:16.99";"f";"";"68";"CONSOLIDADA";"";"Presencial";
"1221082";"01";"5756617";"";"";"48618";"GRADUAÇÃO";"Campus Central";"4I7";"2014";"1";"2014-01-27";"2014-06-14";"4T3456";"25";"25";"REGULAR";"f";"2014-07-25 09:10:29.98";"f";"";"68";"CONSOLIDADA";"";"Presencial";
"1221082";"01";"23834";"";"";"48618";"GRADUAÇÃO";"Campus Central";"4I7";"2014";"1";"2014-01-27";"2014-06-14";"4T3456";"25";"25";"REGULAR";"f";"2014-07-25 09:10:29.98";"f";"";"68";"CONSOLIDADA";"";"Presencial";
"1221083";"01";"5753676";"";"";"52359";"GRADUAÇÃO";"Campus Central";"4G2";"2014";"1";"2014-01-27";"2014-06-14";"23T56";"11";"40";"REGULAR";"f";"2014-06-14 21:38:27.871";"f";"";"72";"CONSOLIDADA";"";"Presencial";
"1221084";"01";"23943";"";"";"26727";"GRADUAÇÃO";"Campus Central";"4A1";"2014";"1";"2014-01-27";"2014-06-14";"6T34";"13";"20";"REGULAR";"f";"2014-06-07 19:02:41.807";"f";"";"46";"CONSOLIDADA";"";"Presencial";
"1221085";"01";"5753030";"";"";"23594";"GRADUAÇÃO";"Campus Central";"AUDITÓRIO";"2014";"1";"2014-01-27";"2014-06-14";"35T56";"21";"80";"REGULAR";"f";"2014-06-19 08:59:12.517";"f";"";"72";"CONSOLIDADA";"";"Presencial";
"1221086";"02";"5756313";"";"";"23594";"GRADUAÇÃO";"Campus Central";"4I8";"2014";"1";"2014-01-27";"2014-06-14";"3N34 5N12";"128";"52";"REGULAR";"f";"2014-06-09 21:05:26.927";"f";"";"68";"CONSOLIDADA";"";"Presencial";
"1221087";"01";"5756313";"";"";"25715";"GRADUAÇÃO";"Campus Central";"Setor IV";"2014";"1";"2014-01-27";"2014-06-14";"6T12";"30";"25";"REGULAR";"f";"2014-06-09 20:21:06.852";"f";"";"34";"CONSOLIDADA";"";"Presencial";
"1221088";"01";"5753030";"";"";"41441";"GRADUAÇÃO";"Campus Central";"4A9";"2014";"1";"2014-01-27";"2014-06-14";"5N34 6N12 (27/01/2014 - 14/06/2014)";"9";"25";"REGULAR";"f";"2014-06-19 08:51:31.127";"f";"";"74";"CONSOLIDADA";"";"Presencial";
"1221089";"01";"5754607";"";"";"49491";"GRADUAÇÃO";"Campus Central";"4I7";"2014";"1";"2014-01-27";"2014-06-14";"35T56 (27/01/2014 - 14/06/2014)";"74";"40";"REGULAR";"f";"2014-06-20 15:43:35.359";"f";"";"72";"CONSOLIDADA";"";"Presencial";
"1221090";"02";"5754607";"";"";"49491";"GRADUAÇÃO";"Campus Central";"4C2";"2014";"1";"2014-01-27";"2014-06-14";"25N34 (27/01/2014 - 14/06/2014)";"33";"35";"REGULAR";"f";"2014-06-20 15:45:27.155";"f";"";"72";"CONSOLIDADA";"";"Presencial";
"1221091";"01";"23943";"";"";"49499";"GRADUAÇÃO";"Campus Central";"4A10";"2014";"1";"2014-01-27";"2014-06-14";"6N12 (27/01/2014 - 14/06/2014)";"10";"20";"REGULAR";"f";"2014-06-09 20:19:07.774";"f";"";"54";"CONSOLIDADA";"";"Presencial";
"1221092";"02";"23943";"";"";"49499";"GRADUAÇÃO";"Campus Central";"4C4";"2014";"1";"2014-01-27";"2014-06-14";"2T56 (27/01/2014 - 14/06/2014)";"15";"20";"REGULAR";"f";"2014-06-09 20:14:06.388";"f";"";"52";"CONSOLIDADA";"";"Presencial";
"1221093";"01";"23943";"";"";"25716";"GRADUAÇÃO";"Campus Central";"SETOR IV";"2014";"1";"2014-01-27";"2014-06-14";"4T12";"9";"9";"REGULAR";"f";"2014-06-09 20:21:40.178";"f";"";"54";"CONSOLIDADA";"";"Presencial";
"1221094";"01";"19191";"";"";"49497";"GRADUAÇÃO";"Campus Central";"4I6";"2014";"1";"2014-01-27";"2014-06-14";"56M34 (27/01/2014 - 14/06/2014)";"16";"40";"REGULAR";"f";"2014-06-06 09:57:32.637";"f";"";"66";"CONSOLIDADA";"";"Presencial";
"1221095";"01";"19191";"";"";"21336";"GRADUAÇÃO";"Campus Central";"4I5";"2014";"1";"2014-01-27";"2014-06-14";"5T34 6T12";"12";"26";"REGULAR";"f";"2014-06-12 23:53:01.237";"f";"";"66";"CONSOLIDADA";"";"Presencial";
"1221096";"01";"5755744";"";"";"52448";"GRADUAÇÃO";"Campus Central";"4C1";"2014";"1";"2014-01-27";"2014-06-14";"25N34 (27/01/2014 - 14/06/2014)";"57";"50";"REGULAR";"f";"2014-06-18 11:29:12.721";"f";"";"68";"CONSOLIDADA";"";"Presencial";
"1221097";"02";"5755744";"";"";"49497";"GRADUAÇÃO";"Campus Central";"4C3";"2014";"1";"2014-01-27";"2014-06-14";"2N12 4N34 (27/01/2014 - 14/06/2014)";"18";"30";"REGULAR";"f";"2014-06-18 11:26:48.01";"f";"";"72";"CONSOLIDADA";"";"Presencial";
"1221098";"01";"19233";"";"";"48332";"GRADUAÇÃO";"Campus Central";"4A2";"2014";"1";"2014-01-27";"2014-06-14";"24N34 (27/01/2014 - 14/06/2014)";"69";"50";"REGULAR";"f";"2014-06-13 00:47:35.555";"f";"";"72";"CONSOLIDADA";"";"Presencial";
"1221099";"02";"5754367";"";"";"52448";"GRADUAÇÃO";"Campus Central";"4I8";"2014";"1";"2014-01-27";"2014-06-14";"56M56 (27/01/2014 - 14/06/2014)";"80";"40";"REGULAR";"f";"2014-06-20 10:58:44.559";"f";"";"74";"CONSOLIDADA";"";"Presencial";
"1221100";"02";"5754367";"";"";"41441";"GRADUAÇÃO";"Campus Central";"4F2";"2014";"1";"2014-01-27";"2014-06-14";"56M12 (27/01/2014 - 14/06/2014)";"40";"40";"REGULAR";"f";"2014-06-20 21:05:23.467";"f";"";"76";"CONSOLIDADA";"";"Presencial";
"1221101";"02";"20212";"";"";"48330";"GRADUAÇÃO";"Campus Central";"4F3";"2014";"1";"2014-01-27";"2014-06-14";"35M56 (27/01/2014 - 14/06/2014)";"49";"45";"REGULAR";"f";"2014-06-20 21:11:19.796";"f";"";"72";"CONSOLIDADA";"";"Presencial";
"1221102";"01";"19233";"";"";"49509";"GRADUAÇÃO";"Campus Central";"4I8";"2014";"1";"2014-01-27";"2014-06-14";"24T56 (27/01/2014 - 14/06/2014)";"34";"40";"REGULAR";"f";"2014-06-13 00:57:25.509";"f";"";"72";"CONSOLIDADA";"";"Presencial";
"1221103";"01";"5756698";"";"";"21335";"GRADUAÇÃO";"Campus Central";"4A9";"2014";"1";"2014-01-27";"2014-06-14";"24T34";"15";"11";"REGULAR";"f";"2014-06-20 23:07:19.686";"f";"";"66";"CONSOLIDADA";"";"Presencial";
"1221103";"01";"5756389";"";"";"21335";"GRADUAÇÃO";"Campus Central";"4A9";"2014";"1";"2014-01-27";"2014-06-14";"24T34";"15";"11";"REGULAR";"f";"2014-06-20 23:07:19.686";"f";"";"66";"CONSOLIDADA";"";"Presencial";
"1221104";"02";"5756389";"";"";"25715";"GRADUAÇÃO";"Campus Central";"SETOR IV";"2014";"1";"2014-01-27";"2014-06-14";"5T12";"6";"30";"REGULAR";"f";"2014-08-27 10:29:30.706";"f";"";"18";"CONSOLIDADA";"";"Presencial";
"1221105";"01";"5754367";"";"";"23593";"GRADUAÇÃO";"Campus Central";"4A9";"2014";"1";"2014-01-27";"2014-06-14";"24T56";"60";"33";"REGULAR";"f";"2014-06-20 10:49:38.167";"f";"";"68";"CONSOLIDADA";"";"Presencial";
"1221105";"01";"5756389";"";"";"23593";"GRADUAÇÃO";"Campus Central";"4A9";"2014";"1";"2014-01-27";"2014-06-14";"24T56";"60";"33";"REGULAR";"f";"2014-06-20 10:49:38.167";"f";"";"68";"CONSOLIDADA";"";"Presencial";
"1221106";"01";"5752237";"";"";"25561";"GRADUAÇÃO";"Campus Central";"3G2";"2014";"1";"2014-01-27";"2014-06-14";"246M34";"42";"60";"REGULAR";"f";"2014-06-21 19:47:55.089";"f";"";"108";"CONSOLIDADA";"";"Presencial";
"1221107";"03";"5756313";"";"";"25715";"GRADUAÇÃO";"Campus Central";"SETOR IV";"2014";"1";"2014-01-27";"2014-06-14";"6T34";"27";"25";"REGULAR";"f";"2014-06-09 20:44:27.698";"f";"";"40";"CONSOLIDADA";"";"Presencial";
"1221108";"10";"17606";"";"";"22918";"GRADUAÇÃO";"Campus Central";"Lab. Física Experimental II";"2014";"1";"2014-01-27";"2014-06-14";"2M456";"11";"10";"REGULAR";"f";"2014-06-09 12:12:31.424";"f";"";"51";"CONSOLIDADA";"";"Presencial";
"1221109";"11";"5755427";"";"";"22918";"GRADUAÇÃO";"Campus Central";"Lab. Física Experimental II";"2014";"1";"2014-01-27";"2014-06-14";"2T123";"16";"20";"REGULAR";"f";"2014-06-05 11:38:13.732";"f";"";"51";"CONSOLIDADA";"";"Presencial";
"1221110";"04";"5756313";"";"";"25715";"GRADUAÇÃO";"Campus Central";"SETOR IV";"2014";"1";"2014-01-27";"2014-06-14";"3N12";"53";"25";"REGULAR";"f";"2014-06-09 20:54:18.771";"f";"";"42";"CONSOLIDADA";"";"Presencial";
"1221111";"05";"5756313";"";"";"25715";"GRADUAÇÃO";"Campus Central";"SETOR IV";"2014";"1";"2014-01-27";"2014-06-14";"3T56";"7";"6";"REGULAR";"f";"2014-06-09 20:37:48.354";"f";"";"46";"CONSOLIDADA";"";"Presencial";
"1221112";"01";"5756313";"";"";"21354";"GRADUAÇÃO";"Campus Central";"4C2";"2014";"1";"2014-01-27";"2014-06-14";"5T234";"4";"6";"REGULAR";"f";"2014-06-09 20:17:59.626";"f";"";"58";"CONSOLIDADA";"";"Presencial";
"1221113";"01";"3029901";"";"";"25577";"GRADUAÇÃO";"Campus Central";"3C1";"2014";"1";"2014-01-27";"2014-06-14";"246M34";"31";"60";"REGULAR";"f";"2014-06-18 19:32:20.541";"f";"";"112";"CONSOLIDADA";"";"Presencial";
"1221114";"02";"16850";"";"";"25561";"GRADUAÇÃO";"Campus Central";"3C2";"2014";"1";"2014-01-27";"2014-06-14";"246M34";"18";"60";"REGULAR";"f";"2014-06-15 10:29:35.407";"f";"";"108";"CONSOLIDADA";"";"Presencial";
"1221115";"03";"17917";"";"";"25561";"GRADUAÇÃO";"Campus Central";"3B5";"2014";"1";"2014-01-27";"2014-06-14";"246M34";"58";"55";"REGULAR";"f";"2014-06-10 20:35:29.492";"f";"";"106";"CONSOLIDADA";"";"Presencial";
"1221116";"02";"5755345";"";"";"25577";"GRADUAÇÃO";"Campus Central";"3C3";"2014";"1";"2014-01-27";"2014-06-14";"246T12";"29";"60";"REGULAR";"f";"2014-06-18 18:20:43.368";"f";"";"108";"CONSOLIDADA";"";"Presencial";
"1221117";"03";"5753001";"";"";"25577";"GRADUAÇÃO";"Campus Central";"3B6";"2014";"1";"2014-01-27";"2014-06-14";"246T12";"62";"55";"REGULAR";"f";"2014-06-16 20:14:47.078";"f";"";"112";"CONSOLIDADA";"";"Presencial";
"1221118";"04";"17917";"";"";"25561";"GRADUAÇÃO";"Campus Central";"3C1";"2014";"1";"2014-01-27";"2014-06-14";"246T12";"37";"66";"REGULAR";"f";"2014-06-11 10:22:21.081";"f";"";"106";"CONSOLIDADA";"";"Presencial";
"1221119";"05";"5752380";"";"";"25561";"GRADUAÇÃO";"Campus Central";"3E4";"2014";"1";"2014-01-27";"2014-06-14";"246T12";"8";"60";"REGULAR";"f";"2014-06-23 19:09:41.523";"f";"";"112";"CONSOLIDADA";"";"Presencial";
"1221120";"06";"18766";"";"";"25561";"GRADUAÇÃO";"Campus Central";"3B5";"2014";"1";"2014-01-27";"2014-06-14";"246T12";"71";"60";"REGULAR";"f";"2014-06-09 11:04:05.915";"f";"";"108";"CONSOLIDADA";"";"Presencial";
"1221121";"01";"5755801";"";"";"22808";"GRADUAÇÃO";"Campus Central";"FF - CCS";"2014";"1";"2014-01-27";"2014-06-14";"5N12 6N1";"71";"47";"REGULAR";"f";"2014-06-21 16:38:30.793";"f";"";"51";"CONSOLIDADA";"";"Presencial";
"1221121";"01";"5756303";"";"";"22808";"GRADUAÇÃO";"Campus Central";"FF - CCS";"2014";"1";"2014-01-27";"2014-06-14";"5N12 6N1";"71";"47";"REGULAR";"f";"2014-06-21 16:38:30.793";"f";"";"51";"CONSOLIDADA";"";"Presencial";
"1221122";"02";"5755801";"";"";"22808";"GRADUAÇÃO";"Campus Central";"FF - CCS";"2014";"1";"2014-01-27";"2014-06-14";"3M45  2T1";"64";"49";"REGULAR";"f";"2014-06-21 17:13:52.127";"f";"";"53";"CONSOLIDADA";"";"Presencial";
"1221122";"02";"5756303";"";"";"22808";"GRADUAÇÃO";"Campus Central";"FF - CCS";"2014";"1";"2014-01-27";"2014-06-14";"3M45  2T1";"64";"49";"REGULAR";"f";"2014-06-21 17:13:52.127";"f";"";"53";"CONSOLIDADA";"";"Presencial";
"1221124";"01A";"5752255";"";"";"25865";"GRADUAÇÃO";"Campus Central";"HUOL";"2014";"1";"2014-01-27";"2014-06-14";"2345M12";"32";"25";"REGULAR";"f";"2014-06-25 18:02:31.375";"f";"1221123";"134";"CONSOLIDADA";"";"Presencial";
"1221124";"01A";"5753633";"";"";"25865";"GRADUAÇÃO";"Campus Central";"HUOL";"2014";"1";"2014-01-27";"2014-06-14";"2345M12";"32";"25";"REGULAR";"f";"2014-06-25 18:02:31.375";"f";"1221123";"134";"CONSOLIDADA";"";"Presencial";
"1221124";"01A";"5756373";"";"";"25865";"GRADUAÇÃO";"Campus Central";"HUOL";"2014";"1";"2014-01-27";"2014-06-14";"2345M12";"32";"25";"REGULAR";"f";"2014-06-25 18:02:31.375";"f";"1221123";"134";"CONSOLIDADA";"";"Presencial";
"1221124";"01A";"18908";"";"";"25865";"GRADUAÇÃO";"Campus Central";"HUOL";"2014";"1";"2014-01-27";"2014-06-14";"2345M12";"32";"25";"REGULAR";"f";"2014-06-25 18:02:31.375";"f";"1221123";"134";"CONSOLIDADA";"";"Presencial";
"1221125";"01B";"5753633";"";"";"25865";"GRADUAÇÃO";"Campus Central";"HUOL";"2014";"1";"2014-01-27";"2014-06-14";"2345M12";"28";"24";"REGULAR";"f";"2014-06-25 18:02:30.512";"f";"1221123";"134";"CONSOLIDADA";"";"Presencial";
"1221125";"01B";"5752255";"";"";"25865";"GRADUAÇÃO";"Campus Central";"HUOL";"2014";"1";"2014-01-27";"2014-06-14";"2345M12";"28";"24";"REGULAR";"f";"2014-06-25 18:02:30.512";"f";"1221123";"134";"CONSOLIDADA";"";"Presencial";
"1221125";"01B";"5756373";"";"";"25865";"GRADUAÇÃO";"Campus Central";"HUOL";"2014";"1";"2014-01-27";"2014-06-14";"2345M12";"28";"24";"REGULAR";"f";"2014-06-25 18:02:30.512";"f";"1221123";"134";"CONSOLIDADA";"";"Presencial";
"1221125";"01B";"18908";"";"";"25865";"GRADUAÇÃO";"Campus Central";"HUOL";"2014";"1";"2014-01-27";"2014-06-14";"2345M12";"28";"24";"REGULAR";"f";"2014-06-25 18:02:30.512";"f";"1221123";"134";"CONSOLIDADA";"";"Presencial";
"1221128";"02A";"5756373";"";"";"25865";"GRADUAÇÃO";"Campus Central";"HUOL";"2014";"1";"2014-01-27";"2014-06-14";"26N34 35N12";"21";"18";"REGULAR";"f";"2014-06-13 12:26:06.757";"f";"1221127";"130";"CONSOLIDADA";"";"Presencial";
"1221128";"02A";"18908";"";"";"25865";"GRADUAÇÃO";"Campus Central";"HUOL";"2014";"1";"2014-01-27";"2014-06-14";"26N34 35N12";"21";"18";"REGULAR";"f";"2014-06-13 12:26:06.757";"f";"1221127";"130";"CONSOLIDADA";"";"Presencial";
"1221128";"02A";"5753633";"";"";"25865";"GRADUAÇÃO";"Campus Central";"HUOL";"2014";"1";"2014-01-27";"2014-06-14";"26N34 35N12";"21";"18";"REGULAR";"f";"2014-06-13 12:26:06.757";"f";"1221127";"130";"CONSOLIDADA";"";"Presencial";
"1221128";"02A";"5752255";"";"";"25865";"GRADUAÇÃO";"Campus Central";"HUOL";"2014";"1";"2014-01-27";"2014-06-14";"26N34 35N12";"21";"18";"REGULAR";"f";"2014-06-13 12:26:06.757";"f";"1221127";"130";"CONSOLIDADA";"";"Presencial";
"1221129";"02B";"5756373";"";"";"25865";"GRADUAÇÃO";"Campus Central";"HUOL";"2014";"1";"2014-01-27";"2014-06-14";"256N34 3N12";"26";"18";"REGULAR";"f";"2014-06-13 12:26:05.476";"f";"1221127";"130";"CONSOLIDADA";"";"Presencial";
"1221129";"02B";"18908";"";"";"25865";"GRADUAÇÃO";"Campus Central";"HUOL";"2014";"1";"2014-01-27";"2014-06-14";"256N34 3N12";"26";"18";"REGULAR";"f";"2014-06-13 12:26:05.476";"f";"1221127";"130";"CONSOLIDADA";"";"Presencial";
"1221129";"02B";"5753633";"";"";"25865";"GRADUAÇÃO";"Campus Central";"HUOL";"2014";"1";"2014-01-27";"2014-06-14";"256N34 3N12";"26";"18";"REGULAR";"f";"2014-06-13 12:26:05.476";"f";"1221127";"130";"CONSOLIDADA";"";"Presencial";
"1221129";"02B";"5752255";"";"";"25865";"GRADUAÇÃO";"Campus Central";"HUOL";"2014";"1";"2014-01-27";"2014-06-14";"256N34 3N12";"26";"18";"REGULAR";"f";"2014-06-13 12:26:05.476";"f";"1221127";"130";"CONSOLIDADA";"";"Presencial";
"1221131";"02A";"5756454";"";"";"21039";"GRADUAÇÃO";"Campus Central";"FF - CCS";"2014";"1";"2014-01-27";"2014-06-14";"46N12";"21";"18";"REGULAR";"f";"2014-06-18 20:21:45.795";"f";"1221130";"68";"CONSOLIDADA";"";"Presencial";
"1221131";"02A";"5753000";"";"";"21039";"GRADUAÇÃO";"Campus Central";"FF - CCS";"2014";"1";"2014-01-27";"2014-06-14";"46N12";"21";"18";"REGULAR";"f";"2014-06-18 20:21:45.795";"f";"1221130";"68";"CONSOLIDADA";"";"Presencial";
"1221131";"02A";"2306614";"";"";"21039";"GRADUAÇÃO";"Campus Central";"FF - CCS";"2014";"1";"2014-01-27";"2014-06-14";"46N12";"21";"18";"REGULAR";"f";"2014-06-18 20:21:45.795";"f";"1221130";"68";"CONSOLIDADA";"";"Presencial";
"1221132";"02B";"5753000";"";"";"21039";"GRADUAÇÃO";"Campus Central";"FF - CCS";"2014";"1";"2014-01-27";"2014-06-14";"4N34 6N12";"16";"18";"REGULAR";"f";"2014-06-18 20:21:44.844";"f";"1221130";"68";"CONSOLIDADA";"";"Presencial";
"1221132";"02B";"2306614";"";"";"21039";"GRADUAÇÃO";"Campus Central";"FF - CCS";"2014";"1";"2014-01-27";"2014-06-14";"4N34 6N12";"16";"18";"REGULAR";"f";"2014-06-18 20:21:44.844";"f";"1221130";"68";"CONSOLIDADA";"";"Presencial";
"1221132";"02B";"5756454";"";"";"21039";"GRADUAÇÃO";"Campus Central";"FF - CCS";"2014";"1";"2014-01-27";"2014-06-14";"4N34 6N12";"16";"18";"REGULAR";"f";"2014-06-18 20:21:44.844";"f";"1221130";"68";"CONSOLIDADA";"";"Presencial";
"1221133";"01";"5753672";"";"";"2049850";"GRADUAÇÃO";"Campus Central";"FF - CCS";"2014";"1";"2014-01-27";"2014-06-14";"4N123";"16";"14";"REGULAR";"f";"2014-06-11 18:17:36.417";"f";"";"54";"CONSOLIDADA";"";"Presencial";
"1221134";"07";"";"103255555";"";"25561";"GRADUAÇÃO";"Campus Central";"3C3";"2014";"1";"2014-01-27";"2014-06-14";"246N34";"51";"60";"REGULAR";"f";"2014-06-14 20:33:12.419";"f";"";"104";"CONSOLIDADA";"";"Presencial";
"1221134";"07";"";"97037750";"";"25561";"GRADUAÇÃO";"Campus Central";"3C3";"2014";"1";"2014-01-27";"2014-06-14";"246N34";"51";"60";"REGULAR";"f";"2014-06-14 20:33:12.419";"f";"";"104";"CONSOLIDADA";"";"Presencial";
"1221135";"04";"16850";"";"";"25577";"GRADUAÇÃO";"Campus Central";"3B5";"2014";"1";"2014-01-27";"2014-06-14";"246N12";"42";"55";"REGULAR";"f";"2014-06-15 10:21:14.141";"f";"";"108";"CONSOLIDADA";"";"Presencial";
"1221136";"02";"26212";"";"";"2049850";"GRADUAÇÃO";"Campus Central";"Brasília Teimosa";"2014";"1";"2014-01-27";"2014-06-14";"6M345";"22";"17";"REGULAR";"f";"2014-06-13 19:55:58.05";"f";"";"54";"CONSOLIDADA";"";"Presencial";
"1221137";"01";"5752380";"";"";"25575";"GRADUAÇÃO";"Campus Central";"3B6";"2014";"1";"2014-01-27";"2014-06-14";"246M12";"10";"55";"REGULAR";"f";"2014-06-23 15:52:52.635";"f";"";"112";"CONSOLIDADA";"";"Presencial";
"1221138";"03";"5752255";"";"";"2049850";"GRADUAÇÃO";"Campus Central";"Parnamirim";"2014";"1";"2014-01-27";"2014-06-14";"6M345";"21";"14";"REGULAR";"f";"2014-06-13 17:33:54.285";"f";"";"51";"CONSOLIDADA";"";"Presencial";
"1221139";"04";"5752195";"";"";"2049850";"GRADUAÇÃO";"Campus Central";"USF Aparecida";"2014";"1";"2014-01-27";"2014-06-14";"6M345";"14";"12";"REGULAR";"f";"2014-06-25 10:09:32.825";"f";"";"51";"CONSOLIDADA";"";"Presencial";
"1221140";"05";"5753633";"";"";"2049850";"GRADUAÇÃO";"Campus Central";"Parnamirim";"2014";"1";"2014-01-27";"2014-06-14";"6M345";"26";"13";"REGULAR";"f";"2014-06-12 08:26:04.055";"f";"";"51";"CONSOLIDADA";"";"Presencial";
"1221141";"01";"5754619";"";"";"22912";"GRADUAÇÃO";"Campus Central";"3C1";"2014";"1";"2014-01-27";"2014-06-14";"35M12";"83";"60";"REGULAR";"f";"2014-06-18 21:46:42.51";"f";"";"74";"CONSOLIDADA";"";"Presencial";
"1221141";"01";"5756679";"";"";"22912";"GRADUAÇÃO";"Campus Central";"3C1";"2014";"1";"2014-01-27";"2014-06-14";"35M12";"83";"60";"REGULAR";"f";"2014-06-18 21:46:42.51";"f";"";"74";"CONSOLIDADA";"";"Presencial";
"1221142";"06";"5753672";"";"";"2049850";"GRADUAÇÃO";"Campus Central";"Guarapes";"2014";"1";"2014-01-27";"2014-06-14";"6M345";"14";"15";"REGULAR";"f";"2014-06-13 08:34:59.501";"f";"";"57";"CONSOLIDADA";"";"Presencial";
"1221143";"01";"17726";"";"";"22937";"GRADUAÇÃO";"Campus Central";"3G1";"2014";"1";"2014-01-27";"2014-06-14";"35M12";"11";"60";"REGULAR";"f";"2014-06-14 22:16:51.526";"f";"";"66";"CONSOLIDADA";"";"Presencial";
"1221144";"01";"5752003";"";"";"2049517";"GRADUAÇÃO";"Campus Central";"FF - CCS";"2014";"1";"2014-01-27";"2014-06-14";"6M234";"15";"7";"REGULAR";"f";"2014-06-18 20:08:14.89";"f";"";"51";"CONSOLIDADA";"";"Presencial";
"1221145";"02";"26416";"";"";"2049517";"GRADUAÇÃO";"Campus Central";"FF - CCS";"2014";"1";"2014-01-27";"2014-06-14";"6M234";"11";"7";"REGULAR";"f";"2014-06-09 18:28:53.935";"f";"";"51";"CONSOLIDADA";"";"Presencial";
"1221146";"03";"18654";"";"";"2049517";"GRADUAÇÃO";"Campus Central";"FF - CCS";"2014";"1";"2014-01-27";"2014-06-14";"6M234";"8";"7";"REGULAR";"f";"2014-06-15 10:58:52.66";"f";"";"54";"CONSOLIDADA";"";"Presencial";
"1221146";"03";"5755998";"";"";"2049517";"GRADUAÇÃO";"Campus Central";"FF - CCS";"2014";"1";"2014-01-27";"2014-06-14";"6M234";"8";"7";"REGULAR";"f";"2014-06-15 10:58:52.66";"f";"";"54";"CONSOLIDADA";"";"Presencial";
"1221147";"04";"5755437";"";"";"2049517";"GRADUAÇÃO";"Campus Central";"FF - CCS";"2014";"1";"2014-01-27";"2014-06-14";"6M234";"9";"7";"REGULAR";"f";"2014-06-13 21:13:11.343";"f";"";"57";"CONSOLIDADA";"";"Presencial";
"1221148";"02";"20140";"";"";"22912";"GRADUAÇÃO";"Campus Central";"3B4";"2014";"1";"2014-01-27";"2014-06-14";"35M12";"38";"35";"REGULAR";"f";"2014-06-16 10:56:51.386";"f";"";"68";"CONSOLIDADA";"";"Presencial";
"1221148";"02";"5755427";"";"";"22912";"GRADUAÇÃO";"Campus Central";"3B4";"2014";"1";"2014-01-27";"2014-06-14";"35M12";"38";"35";"REGULAR";"f";"2014-06-16 10:56:51.386";"f";"";"68";"CONSOLIDADA";"";"Presencial";
"1221149";"05";"5755801";"";"";"2049517";"GRADUAÇÃO";"Campus Central";"FF - CCS";"2014";"1";"2014-01-27";"2014-06-14";"6M234";"7";"7";"REGULAR";"f";"2014-06-13 18:27:37.473";"f";"";"57";"CONSOLIDADA";"";"Presencial";
"1221150";"06";"20795";"";"";"2049517";"GRADUAÇÃO";"Campus Central";"FF - CCS";"2014";"1";"2014-01-27";"2014-06-14";"6M234";"2";"7";"REGULAR";"f";"2014-06-16 10:18:22.616";"f";"";"57";"CONSOLIDADA";"";"Presencial";
"1221151";"07";"5756454";"";"";"2049517";"GRADUAÇÃO";"Campus Central";"FF - CCS";"2014";"1";"2014-01-27";"2014-06-14";"6M234";"1";"7";"REGULAR";"f";"2014-06-11 17:41:35.297";"f";"";"51";"CONSOLIDADA";"";"Presencial";
"1221152";"08";"5755437";"";"";"2049517";"GRADUAÇÃO";"Campus Central";"FF - CCS";"2014";"1";"2014-01-27";"2014-06-14";"6N234";"16";"8";"REGULAR";"f";"2014-06-13 21:28:38.599";"f";"";"57";"CONSOLIDADA";"";"Presencial";
"1221153";"09";"18654";"";"";"2049517";"GRADUAÇÃO";"Campus Central";"FF - CCS";"2014";"1";"2014-01-27";"2014-06-14";"6N234";"7";"8";"REGULAR";"f";"2014-06-09 11:57:21.21";"f";"";"54";"CONSOLIDADA";"";"Presencial";
"1221153";"09";"5755998";"";"";"2049517";"GRADUAÇÃO";"Campus Central";"FF - CCS";"2014";"1";"2014-01-27";"2014-06-14";"6N234";"7";"8";"REGULAR";"f";"2014-06-09 11:57:21.21";"f";"";"54";"CONSOLIDADA";"";"Presencial";
"1221154";"10";"5756454";"";"";"2049517";"GRADUAÇÃO";"Campus Central";"FF - CCS";"2014";"1";"2014-01-27";"2014-06-14";"6N234";"5";"7";"REGULAR";"f";"2014-06-11 12:37:03.577";"f";"";"51";"CONSOLIDADA";"";"Presencial";
"1221154";"10";"5755801";"";"";"2049517";"GRADUAÇÃO";"Campus Central";"FF - CCS";"2014";"1";"2014-01-27";"2014-06-14";"6N234";"5";"7";"REGULAR";"f";"2014-06-11 12:37:03.577";"f";"";"51";"CONSOLIDADA";"";"Presencial";
"1221155";"01";"5756443";"";"";"55002";"GRADUAÇÃO";"Campus Santa Cruz";"Pousada O Ideal";"2014";"1";"2014-03-19";"2014-04-02";"4T123456 (19/03/2014 - 02/04/2014)";"11";"14";"REGULAR";"f";"2014-06-11 11:42:43.509";"f";"";"18";"CONSOLIDADA";"";"Presencial";
"1221156";"11";"5756373";"";"";"2049517";"GRADUAÇÃO";"Campus Central";"FF - CCS";"2014";"1";"2014-01-27";"2014-06-14";"6N234";"2";"7";"REGULAR";"f";"2014-06-11 08:58:03.985";"f";"";"54";"CONSOLIDADA";"";"Presencial";
"1221158";"02";"5756443";"";"";"55002";"GRADUAÇÃO";"Campus Santa Cruz";"Pousada O Ideal";"2014";"1";"2014-04-09";"2014-04-23";"4T123456 (09/04/2014 - 23/04/2014)";"11";"13";"REGULAR";"f";"2014-06-11 11:55:24.857";"f";"";"18";"CONSOLIDADA";"";"Presencial";
"1221159";"04";"5755035";"";"";"24357";"GRADUAÇÃO";"Campus Central";"LAB III";"2014";"1";"2014-01-27";"2014-06-14";"5T3456";"9";"15";"REGULAR";"f";"2014-06-12 06:31:42.95";"f";"";"68";"CONSOLIDADA";"";"Presencial";
"1221160";"03";"5756443";"";"";"55002";"GRADUAÇÃO";"Campus Santa Cruz";"Pousada O Ideal";"2014";"1";"2014-04-30";"2014-05-14";"4T123456 (30/04/2014 - 14/05/2014)";"11";"13";"REGULAR";"f";"2014-06-11 12:00:06.998";"f";"";"18";"CONSOLIDADA";"";"Presencial";
"1221161";"01";"5753861";"";"";"54019";"GRADUAÇÃO";"Campus Santa Cruz";"Santa Cruz/RN";"2014";"1";"2014-01-30";"2014-04-03";"5M12 (30/01/2014 - 03/04/2014)";"4";"4";"REGULAR";"f";"2014-06-14 09:10:29.939";"f";"";"20";"CONSOLIDADA";"";"Presencial";
"1221162";"02";"5754337";"";"";"54019";"GRADUAÇÃO";"Campus Santa Cruz";"Natal/RN";"2014";"1";"2014-01-30";"2014-04-03";"5M12 (30/01/2014 - 03/04/2014)";"1";"1";"REGULAR";"f";"2014-04-17 11:28:38.513";"f";"";"20";"CONSOLIDADA";"";"Presencial";
"1221163";"03";"";"104281683";"";"22912";"GRADUAÇÃO";"Campus Central";"3C1";"2014";"1";"2014-01-27";"2014-06-14";"35T12";"82";"60";"REGULAR";"f";"2014-06-26 13:20:19.236";"f";"";"70";"CONSOLIDADA";"";"Presencial";
"1221163";"03";"20140";"";"";"22912";"GRADUAÇÃO";"Campus Central";"3C1";"2014";"1";"2014-01-27";"2014-06-14";"35T12";"82";"60";"REGULAR";"f";"2014-06-26 13:20:19.236";"f";"";"70";"CONSOLIDADA";"";"Presencial";
"1221164";"03";"5756472";"";"";"54019";"GRADUAÇÃO";"Campus Santa Cruz";"Currais Novos";"2014";"1";"2014-01-30";"2014-04-03";"5M12 (30/01/2014 - 03/04/2014)";"1";"1";"REGULAR";"f";"2014-06-14 11:42:54.951";"f";"";"20";"CONSOLIDADA";"";"Presencial";
"1221165";"04";"5753861";"";"";"54019";"GRADUAÇÃO";"Campus Santa Cruz";"Santa Cruz/RN";"2014";"1";"2014-04-10";"2014-06-12";"5M12 (10/04/2014 - 12/06/2014)";"4";"3";"REGULAR";"f";"2014-06-14 09:30:29.39";"f";"";"18";"CONSOLIDADA";"";"Presencial";
"1221166";"01";"5752277";"";"";"22927";"GRADUAÇÃO";"Campus Central";"3B5";"2014";"1";"2014-01-27";"2014-06-14";"35M12";"58";"55";"REGULAR";"f";"2014-06-17 12:10:57.546";"f";"";"66";"CONSOLIDADA";"";"Presencial";
"1221167";"02";"5756222";"";"";"22927";"GRADUAÇÃO";"Campus Central";"3B6";"2014";"1";"2014-01-27";"2014-06-14";"35M12";"53";"55";"REGULAR";"f";"2014-06-13 22:46:44.098";"f";"";"72";"CONSOLIDADA";"";"Presencial";
"1221168";"05";"5754337";"";"";"54019";"GRADUAÇÃO";"Campus Santa Cruz";"Natal/RN";"2014";"1";"2014-04-10";"2014-06-12";"5M12 (10/04/2014 - 12/06/2014)";"2";"2";"REGULAR";"f";"2014-06-13 21:34:09.42";"f";"";"20";"CONSOLIDADA";"";"Presencial";
"1221169";"06";"5756472";"";"";"54019";"GRADUAÇÃO";"Campus Santa Cruz";"Currais Novos";"2014";"1";"2014-04-10";"2014-06-12";"5M12 (10/04/2014 - 12/06/2014)";"1";"1";"REGULAR";"f";"2014-06-14 11:51:35.421";"f";"";"17";"CONSOLIDADA";"";"Presencial";
"1221170";"03";"5752171";"";"";"22927";"GRADUAÇÃO";"Campus Central";"3C2";"2014";"1";"2014-01-27";"2014-06-14";"35T12";"68";"60";"REGULAR";"f";"2014-06-12 07:37:58.366";"f";"";"70";"CONSOLIDADA";"";"Presencial";
"1221171";"02";"17726";"";"";"22937";"GRADUAÇÃO";"Campus Central";"3B6";"2014";"1";"2014-01-27";"2014-06-14";"46N34";"26";"55";"REGULAR";"f";"2014-06-14 22:35:42.765";"f";"";"74";"CONSOLIDADA";"";"Presencial";
"1221172";"01";"5755767";"";"";"55001";"GRADUAÇÃO";"Campus Santa Cruz";"Bloco I - Sala 9";"2014";"1";"2014-01-27";"2014-03-13";"2M3456  4T23456 (27/01/2014 - 13/03/2014)";"33";"40";"REGULAR";"f";"2014-06-13 16:57:28.029";"f";"";"54";"CONSOLIDADA";"";"Presencial";
"1221173";"01";"18748";"";"";"55075";"GRADUAÇÃO";"Campus Central";"DEPARTAMENTO DE ENFERMAGEM";"2014";"1";"2014-01-27";"2014-06-14";"6M2345";"10";"20";"REGULAR";"f";"2014-06-13 14:08:25.099";"f";"";"68";"CONSOLIDADA";"";"Presencial";
"1221173";"01";"19013";"";"";"55075";"GRADUAÇÃO";"Campus Central";"DEPARTAMENTO DE ENFERMAGEM";"2014";"1";"2014-01-27";"2014-06-14";"6M2345";"10";"20";"REGULAR";"f";"2014-06-13 14:08:25.099";"f";"";"68";"CONSOLIDADA";"";"Presencial";
"1221173";"01";"5752295";"";"";"55075";"GRADUAÇÃO";"Campus Central";"DEPARTAMENTO DE ENFERMAGEM";"2014";"1";"2014-01-27";"2014-06-14";"6M2345";"10";"20";"REGULAR";"f";"2014-06-13 14:08:25.099";"f";"";"68";"CONSOLIDADA";"";"Presencial";
"1221173";"01";"4306320";"";"";"55075";"GRADUAÇÃO";"Campus Central";"DEPARTAMENTO DE ENFERMAGEM";"2014";"1";"2014-01-27";"2014-06-14";"6M2345";"10";"20";"REGULAR";"f";"2014-06-13 14:08:25.099";"f";"";"68";"CONSOLIDADA";"";"Presencial";
"1221174";"04";"5752272";"";"";"22912";"GRADUAÇÃO";"Campus Central";"3B1";"2014";"1";"2014-01-27";"2014-06-14";"35T12";"70";"35";"REGULAR";"f";"2014-06-18 16:48:21.565";"f";"";"70";"CONSOLIDADA";"";"Presencial";
"1221177";"01";"24796";"";"";"20033";"GRADUAÇÃO";"Campus Central";"3B4";"2014";"1";"2014-01-27";"2014-06-14";"35T12";"33";"35";"REGULAR";"f";"2014-06-06 15:05:33.104";"f";"";"70";"CONSOLIDADA";"";"Presencial";
"1221178";"01";"5756679";"";"";"23545";"GRADUAÇÃO";"Campus Central";"3B6";"2014";"1";"2014-01-27";"2014-06-14";"35T12";"60";"55";"REGULAR";"f";"2014-06-18 13:19:34.847";"f";"";"74";"CONSOLIDADA";"";"Presencial";
"1221180";"04";"5753425";"";"";"22927";"GRADUAÇÃO";"Campus Central";"3C3";"2014";"1";"2014-01-27";"2014-06-14";"35T12";"54";"60";"REGULAR";"f";"2014-06-18 10:53:42.033";"f";"";"76";"CONSOLIDADA";"";"Presencial";
"1221181";"01";"";"103895427";"";"21177";"GRADUAÇÃO";"Campus Central";"IIE3";"2014";"1";"2014-01-27";"2014-06-14";"2M3456";"44";"50";"REGULAR";"f";"2014-06-25 10:26:34.495";"f";"";"72";"CONSOLIDADA";"";"Presencial";
"1221182";"01";"3029901";"";"";"25579";"GRADUAÇÃO";"Campus Central";"3B5";"2014";"1";"2014-01-27";"2014-06-14";"24N34";"59";"45";"REGULAR";"f";"2014-06-18 19:27:42.014";"f";"";"76";"CONSOLIDADA";"";"Presencial";
"1221183";"01";"5756191";"";"";"41672";"GRADUAÇÃO";"Campus Central";"IC1";"2014";"1";"2014-01-27";"2014-06-14";"35N12";"66";"75";"REGULAR";"f";"2014-06-12 22:20:22.238";"f";"";"74";"CONSOLIDADA";"";"Presencial";
"1221184";"02";"24796";"";"";"20033";"GRADUAÇÃO";"Campus Central";"3C3";"2014";"1";"2014-01-27";"2014-06-14";"35T56";"20";"60";"REGULAR";"f";"2014-06-06 15:21:51.435";"f";"";"70";"CONSOLIDADA";"";"Presencial";
"1221185";"01";"5756396";"";"";"41671";"GRADUAÇÃO";"Campus Central";"IC1";"2014";"1";"2014-01-27";"2014-06-14";"46N34";"13";"70";"REGULAR";"f";"2014-06-11 10:44:43.191";"f";"";"68";"CONSOLIDADA";"";"Presencial";
"1221186";"01";"5753051";"";"";"2055153";"GRADUAÇÃO";"Campus Central";"IC1";"2014";"1";"2014-01-27";"2014-06-14";"2N34 4N12";"27";"70";"REGULAR";"f";"2014-06-14 11:41:39.618";"f";"";"72";"CONSOLIDADA";"";"Presencial";
"1221188";"01";"21975";"";"";"41690";"GRADUAÇÃO";"Campus Central";"IC1";"2014";"1";"2014-01-27";"2014-06-14";"35M34";"19";"40";"REGULAR";"f";"2014-06-14 09:52:57.562";"f";"";"72";"CONSOLIDADA";"";"Presencial";
"1221189";"02";"3560906";"";"";"26716";"GRADUAÇÃO";"Campus Central";"2G3";"2014";"1";"2014-01-27";"2014-06-14";"2N34 6N12";"39";"35";"REGULAR";"f";"2014-06-21 10:31:42.922";"f";"";"68";"CONSOLIDADA";"";"Presencial";
"1221190";"03";"5755917";"";"";"25099";"GRADUAÇÃO";"Campus Central";"2C4";"2014";"1";"2014-01-27";"2014-06-14";"35N34";"61";"61";"REGULAR";"f";"2014-06-04 16:00:42.819";"f";"";"74";"CONSOLIDADA";"";"Presencial";
"1221191";"01";"22915";"";"";"41683";"GRADUAÇÃO";"Campus Central";"IC2";"2014";"1";"2014-01-27";"2014-06-14";"35M34";"31";"45";"REGULAR";"f";"2014-06-10 17:10:43.726";"f";"";"68";"CONSOLIDADA";"";"Presencial";
"1221192";"01";"17994";"";"";"2055067";"GRADUAÇÃO";"Campus Central";"IC1";"2014";"1";"2014-01-27";"2014-06-14";"6N12";"34";"69";"REGULAR";"f";"2014-06-20 13:00:41.167";"f";"";"36";"CONSOLIDADA";"";"Presencial";
"1221193";"01";"5753716";"";"";"54105";"GRADUAÇÃO";"Campus Central";"3G2";"2014";"1";"2014-01-27";"2014-06-14";"35M123";"";"80";"REGULAR";"f";"2014-06-20 19:43:54.939";"f";"";"111";"CONSOLIDADA";"";"Presencial";
"1221194";"03";"5752300";"";"";"25067";"GRADUAÇÃO";"Campus Central";"2H3";"2014";"1";"2014-01-27";"2014-06-14";"35M56";"27";"40";"REGULAR";"f";"2014-06-11 08:11:55.641";"f";"";"66";"CONSOLIDADA";"";"Presencial";
"1221195";"01";"17413";"";"";"47034";"GRADUAÇÃO";"Campus Central";"4B1";"2014";"1";"2014-01-27";"2014-06-14";"6M3456";"2";"20";"REGULAR";"f";"2014-06-21 21:42:17.168";"f";"";"72";"CONSOLIDADA";"";"Presencial";
"1221197";"06";"5753865";"";"";"24535";"GRADUAÇÃO";"Campus Central";"3E2";"2014";"1";"2014-01-27";"2014-06-14";"246M12";"20";"75";"REGULAR";"f";"2014-06-26 11:36:00.792";"f";"";"106";"CONSOLIDADA";"";"Presencial";
"1221198";"01";"22908";"";"";"41681";"GRADUAÇÃO";"Campus Central";"IC2";"2014";"1";"2014-01-27";"2014-06-14";"2M34 4M12";"20";"55";"REGULAR";"f";"2014-06-18 12:10:35.9";"f";"";"74";"CONSOLIDADA";"";"Presencial";
"1221199";"05";"25966";"";"";"23587";"GRADUAÇÃO";"Campus Central";"3H1";"2014";"1";"2014-01-27";"2014-06-14";"246M34";"29";"45";"REGULAR";"f";"2014-06-20 18:53:51.951";"f";"";"112";"CONSOLIDADA";"";"Presencial";
"1221200";"01";"22908";"";"";"41686";"GRADUAÇÃO";"Campus Central";"IC3";"2014";"1";"2014-01-27";"2014-06-14";"35N34";"37";"50";"REGULAR";"f";"2014-06-18 12:13:16.692";"f";"";"72";"CONSOLIDADA";"";"Presencial";
"1221201";"01";"5756285";"";"";"52615";"GRADUAÇÃO";"Campus Santa Cruz";"Bloco I - Sala 7";"2014";"1";"2014-01-27";"2014-04-09";"2345M12345  5T23456 (27/01/2014 - 09/04/2014)";"56";"50";"REGULAR";"f";"2014-06-25 09:35:43.688";"f";"";"255";"CONSOLIDADA";"";"Presencial";
"1221201";"01";"5752315";"";"";"52615";"GRADUAÇÃO";"Campus Santa Cruz";"Bloco I - Sala 7";"2014";"1";"2014-01-27";"2014-04-09";"2345M12345  5T23456 (27/01/2014 - 09/04/2014)";"56";"50";"REGULAR";"f";"2014-06-25 09:35:43.688";"f";"";"255";"CONSOLIDADA";"";"Presencial";
"1221201";"01";"5755458";"";"";"52615";"GRADUAÇÃO";"Campus Santa Cruz";"Bloco I - Sala 7";"2014";"1";"2014-01-27";"2014-04-09";"2345M12345  5T23456 (27/01/2014 - 09/04/2014)";"56";"50";"REGULAR";"f";"2014-06-25 09:35:43.688";"f";"";"255";"CONSOLIDADA";"";"Presencial";
"1221201";"01";"5755314";"";"";"52615";"GRADUAÇÃO";"Campus Santa Cruz";"Bloco I - Sala 7";"2014";"1";"2014-01-27";"2014-04-09";"2345M12345  5T23456 (27/01/2014 - 09/04/2014)";"56";"50";"REGULAR";"f";"2014-06-25 09:35:43.688";"f";"";"255";"CONSOLIDADA";"";"Presencial";
"1221201";"01";"5752295";"";"";"52615";"GRADUAÇÃO";"Campus Santa Cruz";"Bloco I - Sala 7";"2014";"1";"2014-01-27";"2014-04-09";"2345M12345  5T23456 (27/01/2014 - 09/04/2014)";"56";"50";"REGULAR";"f";"2014-06-25 09:35:43.688";"f";"";"255";"CONSOLIDADA";"";"Presencial";
"1221201";"01";"5755535";"";"";"52615";"GRADUAÇÃO";"Campus Santa Cruz";"Bloco I - Sala 7";"2014";"1";"2014-01-27";"2014-04-09";"2345M12345  5T23456 (27/01/2014 - 09/04/2014)";"56";"50";"REGULAR";"f";"2014-06-25 09:35:43.688";"f";"";"255";"CONSOLIDADA";"";"Presencial";
"1221201";"01";"5754336";"";"";"52615";"GRADUAÇÃO";"Campus Santa Cruz";"Bloco I - Sala 7";"2014";"1";"2014-01-27";"2014-04-09";"2345M12345  5T23456 (27/01/2014 - 09/04/2014)";"56";"50";"REGULAR";"f";"2014-06-25 09:35:43.688";"f";"";"255";"CONSOLIDADA";"";"Presencial";
"1221201";"01";"5753247";"";"";"52615";"GRADUAÇÃO";"Campus Santa Cruz";"Bloco I - Sala 7";"2014";"1";"2014-01-27";"2014-04-09";"2345M12345  5T23456 (27/01/2014 - 09/04/2014)";"56";"50";"REGULAR";"f";"2014-06-25 09:35:43.688";"f";"";"255";"CONSOLIDADA";"";"Presencial";
"1221202";"02";"5756204";"";"";"23545";"GRADUAÇÃO";"Campus Central";"3E3";"2014";"1";"2014-01-27";"2014-06-14";"46N34";"41";"60";"REGULAR";"f";"2014-06-16 13:16:13.216";"f";"";"76";"CONSOLIDADA";"";"Presencial";
"1221203";"01";"5752998";"";"";"41700";"GRADUAÇÃO";"Campus Central";"IC1";"2014";"1";"2014-01-27";"2014-06-14";"24M12";"38";"65";"REGULAR";"f";"2014-06-05 12:48:04.536";"f";"";"66";"CONSOLIDADA";"";"Presencial";
"1221204";"03";"22936";"";"";"23545";"GRADUAÇÃO";"Campus Central";"3B1";"2014";"1";"2014-01-27";"2014-06-14";"35M34";"24";"35";"REGULAR";"f";"2014-06-02 08:18:20.876";"f";"";"66";"CONSOLIDADA";"";"Presencial";
"1221207";"01";"21976";"";"";"41680";"GRADUAÇÃO";"Campus Central";"IC1";"2014";"1";"2014-01-27";"2014-06-14";"46M34";"30";"57";"REGULAR";"f";"2014-06-12 20:28:48.86";"f";"";"74";"CONSOLIDADA";"";"Presencial";
"1221208";"01";"5754336";"";"";"52617";"GRADUAÇÃO";"Campus Santa Cruz";"Clínica de Enfermagem - João de Dula";"2014";"1";"2014-04-30";"2014-05-07";"345M12345 (30/04/2014 - 07/05/2014)";"7";"6";"REGULAR";"f";"2014-06-12 22:09:44.952";"f";"";"15";"CONSOLIDADA";"";"Presencial";
"1221212";"02";"5754336";"";"";"52617";"GRADUAÇÃO";"Campus Santa Cruz";"Clínica de Enfermagem - João de Dula";"2014";"1";"2014-05-08";"2014-05-14";"345M12345 (08/05/2014 - 14/05/2014)";"7";"6";"REGULAR";"f";"2014-06-12 22:12:49.747";"f";"";"15";"CONSOLIDADA";"";"Presencial";
"1221213";"03";"5754336";"";"";"52617";"GRADUAÇÃO";"Campus Santa Cruz";"Clínica de Enfermagem - João de Dula";"2014";"1";"2014-05-15";"2014-05-21";"345M12345 (15/05/2014 - 21/05/2014)";"8";"6";"REGULAR";"f";"2014-06-12 22:14:08.006";"f";"";"15";"CONSOLIDADA";"";"Presencial";
"1221219";"04";"5754336";"";"";"52617";"GRADUAÇÃO";"Campus Santa Cruz";"Clínica de Enfermagem - João de Dula";"2014";"1";"2014-05-27";"2014-05-29";"345M12345 (27/05/2014 - 29/05/2014)";"9";"6";"REGULAR";"f";"2014-06-12 22:15:22.363";"f";"";"15";"CONSOLIDADA";"";"Presencial";
"1221220";"01";"22917";"";"";"41679";"GRADUAÇÃO";"Campus Central";"IC2";"2014";"1";"2014-01-27";"2014-06-14";"35N12";"44";"60";"REGULAR";"f";"2014-06-18 11:59:14.339";"f";"";"66";"CONSOLIDADA";"";"Presencial";
"1221225";"05";"5754336";"";"";"52617";"GRADUAÇÃO";"Campus Santa Cruz";"Clínica de Enfermagem - João de Dula";"2014";"1";"2014-06-03";"2014-06-05";"345M12345 (03/06/2014 - 05/06/2014)";"9";"6";"REGULAR";"f";"2014-06-12 22:16:48.742";"f";"";"15";"CONSOLIDADA";"";"Presencial";
"1221226";"06";"5754336";"";"";"52617";"GRADUAÇÃO";"Campus Santa Cruz";"Clínica de Enfermagem - João de Dula";"2014";"1";"2014-04-15";"2014-04-22";"345M12345 (15/04/2014 - 22/04/2014)";"9";"6";"REGULAR";"f";"2014-06-12 22:20:00.682";"f";"";"15";"CONSOLIDADA";"";"Presencial";
"1221236";"01";"5756370";"";"";"41678";"GRADUAÇÃO";"Campus Central";"IC2";"2014";"1";"2014-01-27";"2014-06-14";"26N34";"40";"60";"REGULAR";"f";"2014-06-18 21:20:25.379";"f";"";"68";"CONSOLIDADA";"";"Presencial";
"1221237";"07";"5754336";"";"";"52617";"GRADUAÇÃO";"Campus Santa Cruz";"Clínica de Enfermagem - João de Dula";"2014";"1";"2014-04-23";"2014-04-29";"345M12345 (23/04/2014 - 29/04/2014)";"7";"6";"REGULAR";"f";"2014-06-12 22:17:44.135";"f";"";"15";"CONSOLIDADA";"";"Presencial";
"1221246";"01";"5753247";"";"";"52618";"GRADUAÇÃO";"Campus Santa Cruz";"Clínica da Facisa";"2014";"1";"2014-06-03";"2014-06-05";"345M12345 (03/06/2014 - 05/06/2014)";"7";"6";"REGULAR";"f";"2014-06-14 12:52:57.546";"f";"";"15";"CONSOLIDADA";"";"Presencial";
"1221247";"01";"26268";"";"";"41677";"GRADUAÇÃO";"Campus Central";"IC2";"2014";"1";"2014-01-27";"2014-06-14";"35M12";"30";"50";"REGULAR";"f";"2014-06-20 11:58:33.094";"f";"";"70";"CONSOLIDADA";"";"Presencial";
"1221248";"02";"5753247";"";"";"52618";"GRADUAÇÃO";"Campus Santa Cruz";"Clínica da Facisa";"2014";"1";"2014-04-15";"2014-04-22";"345M12345 (15/04/2014 - 22/04/2014)";"8";"6";"REGULAR";"f";"2014-06-14 14:24:09.596";"f";"";"15";"CONSOLIDADA";"";"Presencial";
"1221261";"03";"5753247";"";"";"52618";"GRADUAÇÃO";"Campus Santa Cruz";"Clínica da Facisa";"2014";"1";"2014-04-23";"2014-04-29";"345M12345 (23/04/2014 - 29/04/2014)";"8";"6";"REGULAR";"f";"2014-06-07 12:06:37.619";"f";"";"20";"CONSOLIDADA";"";"Presencial";
"1221262";"04";"5753247";"";"";"52618";"GRADUAÇÃO";"Campus Santa Cruz";"Clínica da Facisa";"2014";"1";"2014-04-30";"2014-05-07";"345M12345 (30/04/2014 - 07/05/2014)";"9";"6";"REGULAR";"f";"2014-06-14 12:59:15.464";"f";"";"15";"CONSOLIDADA";"";"Presencial";
"1221275";"05";"5753247";"";"";"52618";"GRADUAÇÃO";"Campus Santa Cruz";"Clínica da Facisa";"2014";"1";"2014-05-08";"2014-05-14";"345M12345 (08/05/2014 - 14/05/2014)";"9";"6";"REGULAR";"f";"2014-06-07 12:14:04.312";"f";"";"15";"CONSOLIDADA";"";"Presencial";
"1221276";"01";"23730";"";"";"41699";"GRADUAÇÃO";"Campus Central";"IC1";"2014";"1";"2014-01-27";"2014-06-14";"35M34";"25";"65";"REGULAR";"f";"2014-06-20 17:13:41.106";"f";"";"74";"CONSOLIDADA";"";"Presencial";
"1221289";"06";"5753247";"";"";"52618";"GRADUAÇÃO";"Campus Santa Cruz";"Clínica da Facisa";"2014";"1";"2014-05-15";"2014-05-21";"345M12345 (15/05/2014 - 21/05/2014)";"9";"6";"REGULAR";"f";"2014-06-07 12:20:34.893";"f";"";"15";"CONSOLIDADA";"";"Presencial";
"1221302";"07";"5753247";"";"";"52618";"GRADUAÇÃO";"Campus Santa Cruz";"Clínica da Facisa";"2014";"1";"2014-05-27";"2014-05-29";"345M12345 (27/05/2014 - 29/05/2014)";"7";"6";"REGULAR";"f";"2014-06-14 21:16:13.025";"f";"";"15";"CONSOLIDADA";"";"Presencial";
"1221303";"01";"22917";"";"";"41682";"GRADUAÇÃO";"Campus Central";"IC2";"2014";"1";"2014-01-27";"2014-06-14";"2M12 6M34";"30";"55";"REGULAR";"f";"2014-06-18 10:33:30.576";"f";"";"68";"CONSOLIDADA";"";"Presencial";
"1221305";"01A";"5753758";"";"";"2049518";"GRADUAÇÃO";"Campus Central";"FF - CCS";"2014";"1";"2014-01-27";"2014-06-14";"2M12345 45M45";"13";"16";"REGULAR";"f";"2014-06-20 23:16:02.242";"f";"1221304";"164";"CONSOLIDADA";"";"Presencial";
"1221305";"01A";"26330";"";"";"2049518";"GRADUAÇÃO";"Campus Central";"FF - CCS";"2014";"1";"2014-01-27";"2014-06-14";"2M12345 45M45";"13";"16";"REGULAR";"f";"2014-06-20 23:16:02.242";"f";"1221304";"164";"CONSOLIDADA";"";"Presencial";
"1221305";"01A";"5751830";"";"";"2049518";"GRADUAÇÃO";"Campus Central";"FF - CCS";"2014";"1";"2014-01-27";"2014-06-14";"2M12345 45M45";"13";"16";"REGULAR";"f";"2014-06-20 23:16:02.242";"f";"1221304";"164";"CONSOLIDADA";"";"Presencial";
"1221305";"01A";"5753043";"";"";"2049518";"GRADUAÇÃO";"Campus Central";"FF - CCS";"2014";"1";"2014-01-27";"2014-06-14";"2M12345 45M45";"13";"16";"REGULAR";"f";"2014-06-20 23:16:02.242";"f";"1221304";"164";"CONSOLIDADA";"";"Presencial";
"1221305";"01A";"5755801";"";"";"2049518";"GRADUAÇÃO";"Campus Central";"FF - CCS";"2014";"1";"2014-01-27";"2014-06-14";"2M12345 45M45";"13";"16";"REGULAR";"f";"2014-06-20 23:16:02.242";"f";"1221304";"164";"CONSOLIDADA";"";"Presencial";
"1221305";"01A";"5755437";"";"";"2049518";"GRADUAÇÃO";"Campus Central";"FF - CCS";"2014";"1";"2014-01-27";"2014-06-14";"2M12345 45M45";"13";"16";"REGULAR";"f";"2014-06-20 23:16:02.242";"f";"1221304";"164";"CONSOLIDADA";"";"Presencial";
"1221317";"01";"5752998";"";"";"41689";"GRADUAÇÃO";"Campus Central";"IC3";"2014";"1";"2014-01-27";"2014-06-14";"46M34";"17";"48";"REGULAR";"f";"2014-06-05 12:35:30.048";"f";"";"68";"CONSOLIDADA";"";"Presencial";
"1221318";"01B";"22873";"";"";"2049518";"GRADUAÇÃO";"Campus Central";"FF - CCS";"2014";"1";"2014-01-27";"2014-06-14";"3M12345 45M45";"17";"17";"REGULAR";"f";"2014-06-20 23:16:02.935";"f";"1221304";"164";"CONSOLIDADA";"";"Presencial";
"1221318";"01B";"5753043";"";"";"2049518";"GRADUAÇÃO";"Campus Central";"FF - CCS";"2014";"1";"2014-01-27";"2014-06-14";"3M12345 45M45";"17";"17";"REGULAR";"f";"2014-06-20 23:16:02.935";"f";"1221304";"164";"CONSOLIDADA";"";"Presencial";
"1221318";"01B";"5755801";"";"";"2049518";"GRADUAÇÃO";"Campus Central";"FF - CCS";"2014";"1";"2014-01-27";"2014-06-14";"3M12345 45M45";"17";"17";"REGULAR";"f";"2014-06-20 23:16:02.935";"f";"1221304";"164";"CONSOLIDADA";"";"Presencial";
"1221319";"01";"5752295";"";"";"52619";"GRADUAÇÃO";"Campus Santa Cruz";"Hospital Regional Aluízio Bezerra";"2014";"1";"2014-04-23";"2014-04-29";"345M12345 (23/04/2014 - 29/04/2014)";"7";"6";"REGULAR";"f";"2014-06-13 17:28:19.438";"f";"";"15";"CONSOLIDADA";"";"Presencial";
"1221331";"02";"5752295";"";"";"52619";"GRADUAÇÃO";"Campus Santa Cruz";"Hospital Regional Aluízio Bezerra";"2014";"1";"2014-04-30";"2014-05-07";"345M12345 (30/04/2014 - 07/05/2014)";"8";"6";"REGULAR";"f";"2014-06-13 17:41:14.019";"f";"";"15";"CONSOLIDADA";"";"Presencial";
"1221332";"01C";"5755437";"";"";"2049518";"GRADUAÇÃO";"Campus Central";"FF - CCS";"2014";"1";"2014-01-27";"2014-06-14";"4M2345 5M12345";"26";"17";"REGULAR";"f";"2014-06-20 23:16:01.319";"f";"1221304";"164";"CONSOLIDADA";"";"Presencial";
"1221332";"01C";"5755801";"";"";"2049518";"GRADUAÇÃO";"Campus Central";"FF - CCS";"2014";"1";"2014-01-27";"2014-06-14";"4M2345 5M12345";"26";"17";"REGULAR";"f";"2014-06-20 23:16:01.319";"f";"1221304";"164";"CONSOLIDADA";"";"Presencial";
"1221332";"01C";"5753043";"";"";"2049518";"GRADUAÇÃO";"Campus Central";"FF - CCS";"2014";"1";"2014-01-27";"2014-06-14";"4M2345 5M12345";"26";"17";"REGULAR";"f";"2014-06-20 23:16:01.319";"f";"1221304";"164";"CONSOLIDADA";"";"Presencial";
"1221344";"03";"5752295";"";"";"52619";"GRADUAÇÃO";"Campus Santa Cruz";"Hospital Regional Aluízio Bezerra";"2014";"1";"2014-05-08";"2014-05-14";"345M12345 (08/05/2014 - 14/05/2014)";"8";"6";"REGULAR";"f";"2014-06-13 17:56:47.693";"f";"";"15";"CONSOLIDADA";"";"Presencial";
"1221346";"02A";"26330";"";"";"2049518";"GRADUAÇÃO";"Campus Central";"FF - CCS";"2014";"1";"2014-01-27";"2014-06-14";"26N12 4N234 5N23";"12";"10";"REGULAR";"f";"2014-06-20 23:21:46.243";"f";"1221345";"159";"CONSOLIDADA";"";"Presencial";
"1221346";"02A";"5752195";"";"";"2049518";"GRADUAÇÃO";"Campus Central";"FF - CCS";"2014";"1";"2014-01-27";"2014-06-14";"26N12 4N234 5N23";"12";"10";"REGULAR";"f";"2014-06-20 23:21:46.243";"f";"1221345";"159";"CONSOLIDADA";"";"Presencial";
"1221346";"02A";"5753043";"";"";"2049518";"GRADUAÇÃO";"Campus Central";"FF - CCS";"2014";"1";"2014-01-27";"2014-06-14";"26N12 4N234 5N23";"12";"10";"REGULAR";"f";"2014-06-20 23:21:46.243";"f";"1221345";"159";"CONSOLIDADA";"";"Presencial";
"1221346";"02A";"5755801";"";"";"2049518";"GRADUAÇÃO";"Campus Central";"FF - CCS";"2014";"1";"2014-01-27";"2014-06-14";"26N12 4N234 5N23";"12";"10";"REGULAR";"f";"2014-06-20 23:21:46.243";"f";"1221345";"159";"CONSOLIDADA";"";"Presencial";
"1221346";"02A";"5755437";"";"";"2049518";"GRADUAÇÃO";"Campus Central";"FF - CCS";"2014";"1";"2014-01-27";"2014-06-14";"26N12 4N234 5N23";"12";"10";"REGULAR";"f";"2014-06-20 23:21:46.243";"f";"1221345";"159";"CONSOLIDADA";"";"Presencial";
"1221346";"02A";"5753758";"";"";"2049518";"GRADUAÇÃO";"Campus Central";"FF - CCS";"2014";"1";"2014-01-27";"2014-06-14";"26N12 4N234 5N23";"12";"10";"REGULAR";"f";"2014-06-20 23:21:46.243";"f";"1221345";"159";"CONSOLIDADA";"";"Presencial";
"1221347";"01";"25962";"";"";"41693";"GRADUAÇÃO";"Campus Central";"IC4";"2014";"1";"2014-01-27";"2014-06-14";"2N34 4N12";"22";"41";"REGULAR";"f";"2014-06-18 06:58:18.369";"f";"";"70";"CONSOLIDADA";"";"Presencial";
"1221348";"01";"22773";"";"";"21042";"GRADUAÇÃO";"Campus Central";"CATOLÉ";"2014";"1";"2014-01-27";"2014-06-14";"24N12";"17";"40";"REGULAR";"f";"2014-06-13 14:03:40.219";"f";"";"70";"CONSOLIDADA";"";"Presencial";
"1221348";"01";"5752697";"";"";"21042";"GRADUAÇÃO";"Campus Central";"CATOLÉ";"2014";"1";"2014-01-27";"2014-06-14";"24N12";"17";"40";"REGULAR";"f";"2014-06-13 14:03:40.219";"f";"";"70";"CONSOLIDADA";"";"Presencial";
"1221348";"01";"5752642";"";"";"21042";"GRADUAÇÃO";"Campus Central";"CATOLÉ";"2014";"1";"2014-01-27";"2014-06-14";"24N12";"17";"40";"REGULAR";"f";"2014-06-13 14:03:40.219";"f";"";"70";"CONSOLIDADA";"";"Presencial";
"1221349";"02B";"5755437";"";"";"2049518";"GRADUAÇÃO";"Campus Central";"FF - CCS";"2014";"1";"2014-01-27";"2014-06-14";"26N12 3N23 5N234";"6";"10";"REGULAR";"f";"2014-06-20 23:21:46.785";"f";"1221345";"159";"CONSOLIDADA";"";"Presencial";
"1221349";"02B";"5752195";"";"";"2049518";"GRADUAÇÃO";"Campus Central";"FF - CCS";"2014";"1";"2014-01-27";"2014-06-14";"26N12 3N23 5N234";"6";"10";"REGULAR";"f";"2014-06-20 23:21:46.785";"f";"1221345";"159";"CONSOLIDADA";"";"Presencial";
"1221349";"02B";"5755801";"";"";"2049518";"GRADUAÇÃO";"Campus Central";"FF - CCS";"2014";"1";"2014-01-27";"2014-06-14";"26N12 3N23 5N234";"6";"10";"REGULAR";"f";"2014-06-20 23:21:46.785";"f";"1221345";"159";"CONSOLIDADA";"";"Presencial";
"1221349";"02B";"5753043";"";"";"2049518";"GRADUAÇÃO";"Campus Central";"FF - CCS";"2014";"1";"2014-01-27";"2014-06-14";"26N12 3N23 5N234";"6";"10";"REGULAR";"f";"2014-06-20 23:21:46.785";"f";"1221345";"159";"CONSOLIDADA";"";"Presencial";
"1221350";"02";"20789";"";"";"25079";"GRADUAÇÃO";"Campus Central";"2F1";"2014";"1";"2014-01-27";"2014-06-14";"24M12";"52";"52";"REGULAR";"f";"2014-06-18 17:34:31.624";"f";"";"70";"CONSOLIDADA";"";"Presencial";
"1221351";"02C";"5752195";"";"";"2049518";"GRADUAÇÃO";"Campus Central";"FF - CCS";"2014";"1";"2014-01-27";"2014-06-14";"26N12 3N234 4N23";"4";"10";"REGULAR";"f";"2014-06-20 23:21:45.673";"f";"1221345";"159";"CONSOLIDADA";"";"Presencial";
"1221351";"02C";"5755437";"";"";"2049518";"GRADUAÇÃO";"Campus Central";"FF - CCS";"2014";"1";"2014-01-27";"2014-06-14";"26N12 3N234 4N23";"4";"10";"REGULAR";"f";"2014-06-20 23:21:45.673";"f";"1221345";"159";"CONSOLIDADA";"";"Presencial";
"1221351";"02C";"5755801";"";"";"2049518";"GRADUAÇÃO";"Campus Central";"FF - CCS";"2014";"1";"2014-01-27";"2014-06-14";"26N12 3N234 4N23";"4";"10";"REGULAR";"f";"2014-06-20 23:21:45.673";"f";"1221345";"159";"CONSOLIDADA";"";"Presencial";
"1221351";"02C";"5753043";"";"";"2049518";"GRADUAÇÃO";"Campus Central";"FF - CCS";"2014";"1";"2014-01-27";"2014-06-14";"26N12 3N234 4N23";"4";"10";"REGULAR";"f";"2014-06-20 23:21:45.673";"f";"1221345";"159";"CONSOLIDADA";"";"Presencial";
"1221352";"01";"5756370";"";"";"41692";"GRADUAÇÃO";"Campus Central";"IC3";"2014";"1";"2014-01-27";"2014-06-14";"24M12";"18";"45";"REGULAR";"f";"2014-06-18 19:52:19.635";"f";"";"66";"CONSOLIDADA";"";"Presencial";
"1221353";"01";"18654";"";"";"27526";"GRADUAÇÃO";"Campus Central";"FF - CCS";"2014";"1";"2014-01-27";"2014-06-14";"3T54";"74";"47";"REGULAR";"f";"2014-06-14 16:32:16.092";"f";"";"38";"CONSOLIDADA";"";"Presencial";
"1221354";"01";"20795";"";"";"2042752";"GRADUAÇÃO";"Campus Central";"Biociências - Sala Juazeiro";"2014";"1";"2014-01-27";"2014-06-14";"3N12";"20";"51";"REGULAR";"f";"2014-06-18 21:39:25.454";"f";"";"38";"CONSOLIDADA";"";"Presencial";
"1221355";"04";"5752295";"";"";"52619";"GRADUAÇÃO";"Campus Santa Cruz";"Hospital Regional Aluízio Bezerra";"2014";"1";"2014-05-15";"2014-05-21";"345M12345 (15/05/2014 - 21/05/2014)";"9";"6";"REGULAR";"f";"2014-06-13 18:04:41.638";"f";"";"15";"CONSOLIDADA";"";"Presencial";
"1221356";"01";"5753672";"";"";"27518";"GRADUAÇÃO";"Campus Central";"FF - CCS";"2014";"1";"2014-01-27";"2014-06-14";"35N1 6N34";"24";"40";"REGULAR";"f";"2014-06-13 17:09:02.427";"f";"";"68";"CONSOLIDADA";"";"Presencial";
"1221356";"01";"5756733";"";"";"27518";"GRADUAÇÃO";"Campus Central";"FF - CCS";"2014";"1";"2014-01-27";"2014-06-14";"35N1 6N34";"24";"40";"REGULAR";"f";"2014-06-13 17:09:02.427";"f";"";"68";"CONSOLIDADA";"";"Presencial";
"1221356";"01";"20295";"";"";"27518";"GRADUAÇÃO";"Campus Central";"FF - CCS";"2014";"1";"2014-01-27";"2014-06-14";"35N1 6N34";"24";"40";"REGULAR";"f";"2014-06-13 17:09:02.427";"f";"";"68";"CONSOLIDADA";"";"Presencial";
"1221357";"03";"5755738";"";"";"25089";"GRADUAÇÃO";"Campus Central";"1H5";"2014";"1";"2014-01-27";"2014-06-14";"6T1234";"49";"50";"REGULAR";"f";"2014-06-20 15:05:48.906";"f";"";"72";"CONSOLIDADA";"";"Presencial";
"1221358";"05";"5752295";"";"";"52619";"GRADUAÇÃO";"Campus Santa Cruz";"Hospital Regional Aluízio Bezerra";"2014";"1";"2014-05-27";"2014-05-29";"345M12345 (27/05/2014 - 29/05/2014)";"9";"6";"REGULAR";"f";"2014-06-13 18:12:31.137";"f";"";"15";"CONSOLIDADA";"";"Presencial";
"1221359";"02";"5753672";"";"";"27518";"GRADUAÇÃO";"Campus Central";"FF - CCS";"2014";"1";"2014-01-27";"2014-06-14";"35T45";"92";"44";"REGULAR";"f";"2014-06-13 17:11:48.039";"f";"";"74";"CONSOLIDADA";"";"Presencial";
"1221359";"02";"5756733";"";"";"27518";"GRADUAÇÃO";"Campus Central";"FF - CCS";"2014";"1";"2014-01-27";"2014-06-14";"35T45";"92";"44";"REGULAR";"f";"2014-06-13 17:11:48.039";"f";"";"74";"CONSOLIDADA";"";"Presencial";
"1221359";"02";"20295";"";"";"27518";"GRADUAÇÃO";"Campus Central";"FF - CCS";"2014";"1";"2014-01-27";"2014-06-14";"35T45";"92";"44";"REGULAR";"f";"2014-06-13 17:11:48.039";"f";"";"74";"CONSOLIDADA";"";"Presencial";
"1221360";"06";"5752295";"";"";"52619";"GRADUAÇÃO";"Campus Santa Cruz";"Hospital Regional Aluízio Bezerra";"2014";"1";"2014-06-03";"2014-06-05";"345M12345 (03/06/2014 - 05/06/2014)";"9";"6";"REGULAR";"f";"2014-06-13 18:21:47.707";"f";"";"15";"CONSOLIDADA";"";"Presencial";
"1221361";"07";"5752295";"";"";"52619";"GRADUAÇÃO";"Campus Santa Cruz";"Hospital Regional Aluízio Bezerra";"2014";"1";"2014-04-15";"2014-04-22";"345M12345 (15/04/2014 - 22/04/2014)";"7";"6";"REGULAR";"f";"2014-06-13 18:32:05.456";"f";"";"15";"CONSOLIDADA";"";"Presencial";
"1221362";"01";"5753672";"";"";"2056158";"GRADUAÇÃO";"Campus Central";"FF - CCS";"2014";"1";"2014-01-27";"2014-06-14";"6T456";"83";"51";"REGULAR";"f";"2014-06-13 08:37:10.218";"f";"";"54";"CONSOLIDADA";"";"Presencial";
"1221363";"01";"5755801";"";"";"21809";"GRADUAÇÃO";"Campus Central";"FF - CCS";"2014";"1";"2014-01-27";"2014-06-14";"2M456";"45";"11";"REGULAR";"f";"2014-06-15 11:15:46.737";"f";"";"51";"CONSOLIDADA";"";"Presencial";
"1221363";"01";"5755998";"";"";"21809";"GRADUAÇÃO";"Campus Central";"FF - CCS";"2014";"1";"2014-01-27";"2014-06-14";"2M456";"45";"11";"REGULAR";"f";"2014-06-15 11:15:46.737";"f";"";"51";"CONSOLIDADA";"";"Presencial";
"1221364";"01";"5756693";"";"";"52620";"GRADUAÇÃO";"Campus Santa Cruz";"UBS Centro";"2014";"1";"2014-05-27";"2014-05-29";"345M12345 (27/05/2014 - 29/05/2014)";"7";"6";"REGULAR";"f";"2014-06-16 18:30:16.824";"f";"";"15";"CONSOLIDADA";"";"Presencial";
"1221365";"02";"5756693";"";"";"52620";"GRADUAÇÃO";"Campus Santa Cruz";"UBS Centro";"2014";"1";"2014-06-03";"2014-06-05";"345M12345 (03/06/2014 - 05/06/2014)";"8";"6";"REGULAR";"f";"2014-06-16 18:35:38.552";"f";"";"15";"CONSOLIDADA";"";"Presencial";
"1221366";"03";"5756693";"";"";"52620";"GRADUAÇÃO";"Campus Santa Cruz";"UBS Centro";"2014";"1";"2014-04-15";"2014-04-22";"345M12345 (15/04/2014 - 22/04/2014)";"8";"6";"REGULAR";"f";"2014-06-16 18:40:04.179";"f";"";"15";"CONSOLIDADA";"";"Presencial";
"1221368";"01A";"5754558";"";"";"2049512";"GRADUAÇÃO";"Campus Central";"FF - CCS";"2014";"1";"2014-01-27";"2014-06-14";"2T56 4T34";"38";"20";"REGULAR";"f";"2014-06-13 17:24:01.656";"f";"1221367";"66";"CONSOLIDADA";"";"Presencial";
"1221368";"01A";"5754312";"";"";"2049512";"GRADUAÇÃO";"Campus Central";"FF - CCS";"2014";"1";"2014-01-27";"2014-06-14";"2T56 4T34";"38";"20";"REGULAR";"f";"2014-06-13 17:24:01.656";"f";"1221367";"66";"CONSOLIDADA";"";"Presencial";
"1221369";"04";"5756693";"";"";"52620";"GRADUAÇÃO";"Campus Santa Cruz";"UBS Centro";"2014";"1";"2014-04-23";"2014-04-29";"345M12345 (23/04/2014 - 29/04/2014)";"9";"6";"REGULAR";"f";"2014-06-16 18:44:19.292";"f";"";"15";"CONSOLIDADA";"";"Presencial";
"1221370";"05";"5756693";"";"";"52620";"GRADUAÇÃO";"Campus Santa Cruz";"UBS Centro";"2014";"1";"2014-04-30";"2014-05-07";"345M12345 (30/04/2014 - 07/05/2014)";"9";"6";"REGULAR";"f";"2014-06-16 18:48:58.357";"f";"";"15";"CONSOLIDADA";"";"Presencial";
"1221371";"01B";"5754558";"";"";"2049512";"GRADUAÇÃO";"Campus Central";"FF - CCS";"2014";"1";"2014-01-27";"2014-06-14";"24T56";"40";"16";"REGULAR";"f";"2014-06-13 17:24:00.737";"f";"1221367";"66";"CONSOLIDADA";"";"Presencial";
"1221371";"01B";"5754312";"";"";"2049512";"GRADUAÇÃO";"Campus Central";"FF - CCS";"2014";"1";"2014-01-27";"2014-06-14";"24T56";"40";"16";"REGULAR";"f";"2014-06-13 17:24:00.737";"f";"1221367";"66";"CONSOLIDADA";"";"Presencial";
"1221372";"06";"5756693";"";"";"52620";"GRADUAÇÃO";"Campus Santa Cruz";"Externo";"2014";"1";"2014-05-08";"2014-05-14";"345M12345 (08/05/2014 - 14/05/2014)";"9";"6";"REGULAR";"f";"2014-06-16 18:53:08.466";"f";"";"15";"CONSOLIDADA";"";"Presencial";
"1221373";"07";"5756693";"";"";"52620";"GRADUAÇÃO";"Campus Santa Cruz";"UBS Centro";"2014";"1";"2014-05-15";"2014-05-21";"345M12345 (15/05/2014 - 21/05/2014)";"7";"6";"REGULAR";"f";"2014-06-16 18:58:00.226";"f";"";"15";"CONSOLIDADA";"";"Presencial";
"1221374";"01C";"5754558";"";"";"2049512";"GRADUAÇÃO";"Campus Central";"FF - CCS";"2014";"1";"2014-01-27";"2014-06-14";"2T56 6T23";"21";"19";"REGULAR";"f";"2014-06-13 17:24:02.555";"f";"1221367";"66";"CONSOLIDADA";"";"Presencial";
"1221374";"01C";"5754312";"";"";"2049512";"GRADUAÇÃO";"Campus Central";"FF - CCS";"2014";"1";"2014-01-27";"2014-06-14";"2T56 6T23";"21";"19";"REGULAR";"f";"2014-06-13 17:24:02.555";"f";"1221367";"66";"CONSOLIDADA";"";"Presencial";
"1221375";"02";"18654";"";"";"2042752";"GRADUAÇÃO";"Campus Central";"FF - CCS";"2014";"1";"2014-01-27";"2014-06-14";"4T23";"15";"54";"REGULAR";"f";"2014-06-17 09:44:01.371";"f";"";"38";"CONSOLIDADA";"";"Presencial";
"1221376";"01";"5752226";"";"";"2048479";"GRADUAÇÃO";"Campus Central";"FF- Farmácia Hospitalar";"2014";"1";"2014-01-27";"2014-06-14";"5T564";"65";"27";"REGULAR";"f";"2014-06-21 01:05:47.151";"f";"";"51";"CONSOLIDADA";"";"Presencial";
"1221378";"02A";"5754312";"";"";"2049512";"GRADUAÇÃO";"Campus Central";"FF - CCS";"2014";"1";"2014-01-27";"2014-06-14";"3N12 4N34";"18";"23";"REGULAR";"f";"2014-06-13 17:11:03.815";"f";"1221377";"72";"CONSOLIDADA";"";"Presencial";
"1221378";"02A";"5754558";"";"";"2049512";"GRADUAÇÃO";"Campus Central";"FF - CCS";"2014";"1";"2014-01-27";"2014-06-14";"3N12 4N34";"18";"23";"REGULAR";"f";"2014-06-13 17:11:03.815";"f";"1221377";"72";"CONSOLIDADA";"";"Presencial";
"1221379";"02B";"5754312";"";"";"2049512";"GRADUAÇÃO";"Campus Central";"FF - CCS";"2014";"1";"2014-01-27";"2014-06-14";"3N12 4N34";"22";"23";"REGULAR";"f";"2014-06-13 17:11:05.179";"f";"1221377";"72";"CONSOLIDADA";"";"Presencial";
"1221379";"02B";"5754558";"";"";"2049512";"GRADUAÇÃO";"Campus Central";"FF - CCS";"2014";"1";"2014-01-27";"2014-06-14";"3N12 4N34";"22";"23";"REGULAR";"f";"2014-06-13 17:11:05.179";"f";"1221377";"72";"CONSOLIDADA";"";"Presencial";
"1221380";"01";"5755535";"";"";"52621";"GRADUAÇÃO";"Campus Santa Cruz";"Clínica de Enfermagem - João de Dula";"2014";"1";"2014-05-08";"2014-05-14";"345M12345 (08/05/2014 - 14/05/2014)";"7";"6";"REGULAR";"f";"2014-06-19 10:30:57.889";"f";"";"15";"CONSOLIDADA";"";"Presencial";
"1221381";"01";"20795";"";"";"2049514";"GRADUAÇÃO";"Campus Central";"FF - CCS";"2014";"1";"2014-01-27";"2014-06-14";"2N34";"19";"31";"REGULAR";"f";"2014-06-14 19:08:40.319";"f";"";"36";"CONSOLIDADA";"";"Presencial";
"1221382";"01";"21976";"";"";"41698";"GRADUAÇÃO";"Campus Central";"IC4";"2014";"1";"2014-01-27";"2014-06-14";"46M12";"13";"40";"REGULAR";"f";"2014-06-20 00:17:12.735";"f";"";"72";"CONSOLIDADA";"";"Presencial";
"1221383";"02";"20795";"";"";"2049514";"GRADUAÇÃO";"Campus Central";"FF - CCS";"2014";"1";"2014-01-27";"2014-06-14";"4T23";"46";"42";"REGULAR";"f";"2014-06-14 18:14:49.861";"f";"";"38";"CONSOLIDADA";"";"Presencial";
"1221384";"01";"5755976";"";"";"46897";"GRADUAÇÃO";"Campus Central";"SETOR V - BLOCO G - SALA 01";"2014";"1";"2014-01-27";"2014-06-14";"35T12";"11";"60";"REGULAR";"f";"2014-06-19 21:32:44.215";"f";"";"66";"CONSOLIDADA";"";"Presencial";
"1221384";"01";"19164";"";"";"46897";"GRADUAÇÃO";"Campus Central";"SETOR V - BLOCO G - SALA 01";"2014";"1";"2014-01-27";"2014-06-14";"35T12";"11";"60";"REGULAR";"f";"2014-06-19 21:32:44.215";"f";"";"66";"CONSOLIDADA";"";"Presencial";
"1221385";"01";"21470";"";"";"25272";"GRADUAÇÃO";"Campus Central";"PAU D'ARCO";"2014";"1";"2014-01-27";"2014-06-14";"3M234";"65";"63";"REGULAR";"f";"2014-06-18 11:33:47.894";"f";"";"54";"CONSOLIDADA";"";"Presencial";
"1221386";"01";"5756285";"";"";"52622";"GRADUAÇÃO";"Campus Santa Cruz";"UBS Do Cônego Monte";"2014";"1";"2014-05-15";"2014-05-21";"345M12345 (15/05/2014 - 21/05/2014)";"7";"6";"REGULAR";"f";"2014-06-13 16:42:55.997";"f";"";"15";"CONSOLIDADA";"";"Presencial";
"1221387";"02";"5756285";"";"";"52622";"GRADUAÇÃO";"Campus Santa Cruz";"UBS Do Cônego Monte";"2014";"1";"2014-05-27";"2014-05-29";"345M12345 (27/05/2014 - 29/05/2014)";"8";"6";"REGULAR";"f";"2014-06-13 16:31:57.915";"f";"";"15";"CONSOLIDADA";"";"Presencial";
"1221388";"03";"5756285";"";"";"52622";"GRADUAÇÃO";"Campus Santa Cruz";"UBS Do Cônego Monte";"2014";"1";"2014-06-03";"2014-06-05";"345M12345 (03/06/2014 - 05/06/2014)";"8";"6";"REGULAR";"f";"2014-06-13 16:19:25.592";"f";"";"15";"CONSOLIDADA";"";"Presencial";
"1221389";"01";"24815";"";"";"25275";"GRADUAÇÃO";"Campus Central";"IMBURANA";"2014";"1";"2014-01-27";"2014-06-14";"35M34";"56";"43";"REGULAR";"f";"2014-06-22 21:55:24.487";"f";"";"70";"CONSOLIDADA";"";"Presencial";
"1221389";"01";"5755500";"";"";"25275";"GRADUAÇÃO";"Campus Central";"IMBURANA";"2014";"1";"2014-01-27";"2014-06-14";"35M34";"56";"43";"REGULAR";"f";"2014-06-22 21:55:24.487";"f";"";"70";"CONSOLIDADA";"";"Presencial";
"1221390";"04";"5756285";"";"";"52622";"GRADUAÇÃO";"Campus Santa Cruz";"UBS Do Cônego Monte";"2014";"1";"2014-04-15";"2014-04-22";"345M12345 (15/04/2014 - 22/04/2014)";"9";"6";"REGULAR";"f";"2014-06-13 16:21:37.345";"f";"";"15";"CONSOLIDADA";"";"Presencial";
"1221391";"05";"5756285";"";"";"52622";"GRADUAÇÃO";"Campus Santa Cruz";"UBS Do Cônego Monte";"2014";"1";"2014-04-23";"2014-04-29";"345M12345 (23/04/2014 - 29/04/2014)";"9";"6";"REGULAR";"f";"2014-06-13 16:11:30.172";"f";"";"15";"CONSOLIDADA";"";"Presencial";
"1221393";"01A";"25847";"";"";"24210";"GRADUAÇÃO";"Campus Central";"FF - CCS";"2014";"1";"2014-01-27";"2014-06-14";"2M56  3T4";"43";"22";"REGULAR";"f";"2014-06-13 19:49:17.584";"f";"1221392";"54";"CONSOLIDADA";"";"Presencial";
"1221393";"01A";"5755998";"";"";"24210";"GRADUAÇÃO";"Campus Central";"FF - CCS";"2014";"1";"2014-01-27";"2014-06-14";"2M56  3T4";"43";"22";"REGULAR";"f";"2014-06-13 19:49:17.584";"f";"1221392";"54";"CONSOLIDADA";"";"Presencial";
"1221393";"01A";"5752189";"";"";"24210";"GRADUAÇÃO";"Campus Central";"FF - CCS";"2014";"1";"2014-01-27";"2014-06-14";"2M56  3T4";"43";"22";"REGULAR";"f";"2014-06-13 19:49:17.584";"f";"1221392";"54";"CONSOLIDADA";"";"Presencial";
"1221394";"06";"5756285";"";"";"52622";"GRADUAÇÃO";"Campus Santa Cruz";"UBS Do Cônego Monte";"2014";"1";"2014-04-30";"2014-05-07";"345M12345 (30/04/2014 - 07/05/2014)";"9";"6";"REGULAR";"f";"2014-06-13 16:09:35.501";"f";"";"15";"CONSOLIDADA";"";"Presencial";
"1221395";"07";"5756285";"";"";"52622";"GRADUAÇÃO";"Campus Santa Cruz";"UBS Do Cônego Monte";"2014";"1";"2014-05-08";"2014-05-14";"345M12345 (08/05/2014 - 14/05/2014)";"7";"6";"REGULAR";"f";"2014-06-13 16:03:25.766";"f";"";"15";"CONSOLIDADA";"";"Presencial";
"1221396";"01";"26144";"";"";"21045";"GRADUAÇÃO";"Campus Central";"Sala Umbuzeiro, térreo, 4ª sala, anexo novo CB";"2014";"1";"2014-01-27";"2014-06-14";"246N12";"33";"35";"REGULAR";"f";"2014-06-14 15:40:06.784";"f";"";"104";"CONSOLIDADA";"";"Presencial";
"1221396";"01";"5751853";"";"";"21045";"GRADUAÇÃO";"Campus Central";"Sala Umbuzeiro, térreo, 4ª sala, anexo novo CB";"2014";"1";"2014-01-27";"2014-06-14";"246N12";"33";"35";"REGULAR";"f";"2014-06-14 15:40:06.784";"f";"";"104";"CONSOLIDADA";"";"Presencial";
"1221397";"01B";"25847";"";"";"24210";"GRADUAÇÃO";"Campus Central";"FF - CCS";"2014";"1";"2014-01-27";"2014-06-14";"3T456";"32";"23";"REGULAR";"f";"2014-06-13 19:49:16.776";"f";"1221392";"54";"CONSOLIDADA";"";"Presencial";
"1221397";"01B";"5755998";"";"";"24210";"GRADUAÇÃO";"Campus Central";"FF - CCS";"2014";"1";"2014-01-27";"2014-06-14";"3T456";"32";"23";"REGULAR";"f";"2014-06-13 19:49:16.776";"f";"1221392";"54";"CONSOLIDADA";"";"Presencial";
"1221397";"01B";"5752189";"";"";"24210";"GRADUAÇÃO";"Campus Central";"FF - CCS";"2014";"1";"2014-01-27";"2014-06-14";"3T456";"32";"23";"REGULAR";"f";"2014-06-13 19:49:16.776";"f";"1221392";"54";"CONSOLIDADA";"";"Presencial";
"1221398";"01";"21470";"";"";"2045615";"GRADUAÇÃO";"Campus Central";"QUIXABEIRA";"2014";"1";"2014-01-27";"2014-06-14";"5M34";"41";"45";"REGULAR";"f";"2014-06-18 11:28:38.464";"f";"";"34";"CONSOLIDADA";"";"Presencial";
"1221400";"02A";"5752189";"";"";"24210";"GRADUAÇÃO";"Campus Central";"FF - CCS";"2014";"1";"2014-01-27";"2014-06-14";"2N234";"26";"17";"REGULAR";"f";"2014-06-13 19:54:19.17";"f";"1221399";"53";"CONSOLIDADA";"";"Presencial";
"1221400";"02A";"25847";"";"";"24210";"GRADUAÇÃO";"Campus Central";"FF - CCS";"2014";"1";"2014-01-27";"2014-06-14";"2N234";"26";"17";"REGULAR";"f";"2014-06-13 19:54:19.17";"f";"1221399";"53";"CONSOLIDADA";"";"Presencial";
"1221400";"02A";"5755998";"";"";"24210";"GRADUAÇÃO";"Campus Central";"FF - CCS";"2014";"1";"2014-01-27";"2014-06-14";"2N234";"26";"17";"REGULAR";"f";"2014-06-13 19:54:19.17";"f";"1221399";"53";"CONSOLIDADA";"";"Presencial";
"1221401";"02";"5755587";"";"";"21045";"GRADUAÇÃO";"Campus Central";"Sala Umbuzeiro, térreo, 4ª sala, anexo novo CB";"2014";"1";"2014-01-27";"2014-06-14";"246M34";"29";"35";"REGULAR";"f";"2014-06-14 16:05:50.164";"f";"";"104";"CONSOLIDADA";"";"Presencial";
"1221401";"02";"22728";"";"";"21045";"GRADUAÇÃO";"Campus Central";"Sala Umbuzeiro, térreo, 4ª sala, anexo novo CB";"2014";"1";"2014-01-27";"2014-06-14";"246M34";"29";"35";"REGULAR";"f";"2014-06-14 16:05:50.164";"f";"";"104";"CONSOLIDADA";"";"Presencial";
"1221401";"02";"26020";"";"";"21045";"GRADUAÇÃO";"Campus Central";"Sala Umbuzeiro, térreo, 4ª sala, anexo novo CB";"2014";"1";"2014-01-27";"2014-06-14";"246M34";"29";"35";"REGULAR";"f";"2014-06-14 16:05:50.164";"f";"";"104";"CONSOLIDADA";"";"Presencial";
"1221402";"01";"5752699";"";"";"2048483";"GRADUAÇÃO";"Campus Central";"MANDACARÚ";"2014";"1";"2014-01-27";"2014-06-14";"24M56";"41";"40";"REGULAR";"f";"2014-06-12 17:38:04.169";"f";"";"66";"CONSOLIDADA";"";"Presencial";
"1221404";"01A";"5755090";"";"";"2050400";"GRADUAÇÃO";"Campus Central";"QUIXABEIRA";"2014";"1";"2014-01-27";"2014-06-14";"24N12";"24";"28";"REGULAR";"f";"2014-06-06 18:31:07.013";"f";"1221403";"68";"CONSOLIDADA";"";"Presencial";
"1221405";"02B";"5752189";"";"";"24210";"GRADUAÇÃO";"Campus Central";"FF - CCS";"2014";"1";"2014-01-27";"2014-06-14";"2N2 3N34";"19";"19";"REGULAR";"f";"2014-06-13 19:54:18.283";"f";"1221399";"53";"CONSOLIDADA";"";"Presencial";
"1221405";"02B";"25847";"";"";"24210";"GRADUAÇÃO";"Campus Central";"FF - CCS";"2014";"1";"2014-01-27";"2014-06-14";"2N2 3N34";"19";"19";"REGULAR";"f";"2014-06-13 19:54:18.283";"f";"1221399";"53";"CONSOLIDADA";"";"Presencial";
"1221405";"02B";"5755998";"";"";"24210";"GRADUAÇÃO";"Campus Central";"FF - CCS";"2014";"1";"2014-01-27";"2014-06-14";"2N2 3N34";"19";"19";"REGULAR";"f";"2014-06-13 19:54:18.283";"f";"1221399";"53";"CONSOLIDADA";"";"Presencial";
"1221407";"01A";"5753758";"";"";"27520";"GRADUAÇÃO";"Campus Central";"FF - CCS";"2014";"1";"2014-01-27";"2014-06-14";"2T5234";"37";"15";"REGULAR";"f";"2014-06-21 14:28:40.573";"f";"1221406";"68";"CONSOLIDADA";"";"Presencial";
"1221408";"01";"";"102410657";"";"46898";"GRADUAÇÃO";"Campus Central";"SETOR V - BLOCO G - SALA 01";"2014";"1";"2014-01-27";"2014-06-14";"35T56";"14";"60";"REGULAR";"f";"2014-06-13 12:02:35.449";"f";"";"74";"CONSOLIDADA";"";"Presencial";
"1221409";"01B";"5753758";"";"";"27520";"GRADUAÇÃO";"Campus Central";"FF - CCS";"2014";"1";"2014-01-27";"2014-06-14";"24T23";"33";"15";"REGULAR";"f";"2014-06-21 14:28:41.191";"f";"1221406";"68";"CONSOLIDADA";"";"Presencial";
"1221410";"01C";"5753758";"";"";"27520";"GRADUAÇÃO";"Campus Central";"FF - CCS";"2014";"1";"2014-01-27";"2014-06-14";"26T23";"24";"14";"REGULAR";"f";"2014-06-21 14:28:39.992";"f";"1221406";"68";"CONSOLIDADA";"";"Presencial";
"1221412";"02A";"5753758";"";"";"27520";"GRADUAÇÃO";"Campus Central";"FF - CCS";"2014";"1";"2014-01-27";"2014-06-14";"3N12 6N34";"8";"15";"REGULAR";"f";"2014-06-20 16:03:08.297";"f";"1221411";"72";"CONSOLIDADA";"";"Presencial";
"1221413";"02B";"5753758";"";"";"27520";"GRADUAÇÃO";"Campus Central";"FF - CCS";"2014";"1";"2014-01-27";"2014-06-14";"3N1234";"24";"15";"REGULAR";"f";"2014-06-20 16:03:07.163";"f";"1221411";"72";"CONSOLIDADA";"";"Presencial";
"1221414";"01";"5755548";"";"";"46900";"GRADUAÇÃO";"Campus Central";"SETOR V - BLOCO G - SALA 02";"2014";"1";"2014-01-27";"2014-06-14";"24T56";"23";"50";"REGULAR";"f";"2014-06-14 18:14:29.889";"f";"";"66";"CONSOLIDADA";"";"Presencial";
"1221416";"01A";"23131";"";"";"2049513";"GRADUAÇÃO";"Campus Central";"FF";"2014";"1";"2014-01-27";"2014-06-14";"2M34 3M56";"37";"23";"REGULAR";"f";"2014-06-13 17:15:08.72";"f";"1221415";"66";"CONSOLIDADA";"";"Presencial";
"1221416";"01A";"5754312";"";"";"2049513";"GRADUAÇÃO";"Campus Central";"FF";"2014";"1";"2014-01-27";"2014-06-14";"2M34 3M56";"37";"23";"REGULAR";"f";"2014-06-13 17:15:08.72";"f";"1221415";"66";"CONSOLIDADA";"";"Presencial";
"1221416";"01A";"5754558";"";"";"2049513";"GRADUAÇÃO";"Campus Central";"FF";"2014";"1";"2014-01-27";"2014-06-14";"2M34 3M56";"37";"23";"REGULAR";"f";"2014-06-13 17:15:08.72";"f";"1221415";"66";"CONSOLIDADA";"";"Presencial";
"1221417";"01B";"5754558";"";"";"2049513";"GRADUAÇÃO";"Campus Central";"FF - CCS";"2014";"1";"2014-01-27";"2014-06-14";"2M34  3T23";"10";"20";"REGULAR";"f";"2014-06-13 17:15:07.769";"f";"1221415";"66";"CONSOLIDADA";"";"Presencial";
"1221417";"01B";"23131";"";"";"2049513";"GRADUAÇÃO";"Campus Central";"FF - CCS";"2014";"1";"2014-01-27";"2014-06-14";"2M34  3T23";"10";"20";"REGULAR";"f";"2014-06-13 17:15:07.769";"f";"1221415";"66";"CONSOLIDADA";"";"Presencial";
"1221417";"01B";"5754312";"";"";"2049513";"GRADUAÇÃO";"Campus Central";"FF - CCS";"2014";"1";"2014-01-27";"2014-06-14";"2M34  3T23";"10";"20";"REGULAR";"f";"2014-06-13 17:15:07.769";"f";"1221415";"66";"CONSOLIDADA";"";"Presencial";
"1221418";"01";"";"102410657";"";"46895";"GRADUAÇÃO";"Campus Central";"SETOR V - BLOCO G - SALA 03";"2014";"1";"2014-01-27";"2014-06-14";"35T12";"45";"50";"REGULAR";"f";"2014-06-13 19:22:32.594";"f";"";"74";"CONSOLIDADA";"";"Presencial";
"1221420";"02A";"23131";"";"";"2049513";"GRADUAÇÃO";"Campus Central";"FF - CCS";"2014";"1";"2014-01-27";"2014-06-14";"3N34 4N12";"25";"19";"REGULAR";"f";"2014-06-13 17:17:41.242";"f";"1221419";"68";"CONSOLIDADA";"";"Presencial";
"1221420";"02A";"5754312";"";"";"2049513";"GRADUAÇÃO";"Campus Central";"FF - CCS";"2014";"1";"2014-01-27";"2014-06-14";"3N34 4N12";"25";"19";"REGULAR";"f";"2014-06-13 17:17:41.242";"f";"1221419";"68";"CONSOLIDADA";"";"Presencial";
"1221420";"02A";"5754558";"";"";"2049513";"GRADUAÇÃO";"Campus Central";"FF - CCS";"2014";"1";"2014-01-27";"2014-06-14";"3N34 4N12";"25";"19";"REGULAR";"f";"2014-06-13 17:17:41.242";"f";"1221419";"68";"CONSOLIDADA";"";"Presencial";
"1221422";"01A";"5756374";"";"";"46896";"GRADUAÇÃO";"Campus Central";"SETOR V - BLOCO G - SALA 04";"2014";"1";"2014-01-27";"2014-06-14";"24T12";"27";"50";"REGULAR";"f";"2014-06-13 14:33:27.629";"f";"1221421";"80";"CONSOLIDADA";"";"Presencial";
"1221423";"02B";"5754558";"";"";"2049513";"GRADUAÇÃO";"Campus Central";"FF - CCS";"2014";"1";"2014-01-27";"2014-06-14";"2N34 4N12";"20";"19";"REGULAR";"f";"2014-06-13 17:17:40.183";"f";"1221419";"68";"CONSOLIDADA";"";"Presencial";
"1221423";"02B";"23131";"";"";"2049513";"GRADUAÇÃO";"Campus Central";"FF - CCS";"2014";"1";"2014-01-27";"2014-06-14";"2N34 4N12";"20";"19";"REGULAR";"f";"2014-06-13 17:17:40.183";"f";"1221419";"68";"CONSOLIDADA";"";"Presencial";
"1221423";"02B";"5754312";"";"";"2049513";"GRADUAÇÃO";"Campus Central";"FF - CCS";"2014";"1";"2014-01-27";"2014-06-14";"2N34 4N12";"20";"19";"REGULAR";"f";"2014-06-13 17:17:40.183";"f";"1221419";"68";"CONSOLIDADA";"";"Presencial";
"1221424";"01";"26330";"";"";"27519";"GRADUAÇÃO";"Campus Central";"FF - CCS";"2014";"1";"2014-01-27";"2014-06-14";"2M456  3T456";"25";"18";"REGULAR";"f";"2014-06-24 16:36:18.936";"f";"";"111";"CONSOLIDADA";"";"Presencial";
"1221424";"01";"5751830";"";"";"27519";"GRADUAÇÃO";"Campus Central";"FF - CCS";"2014";"1";"2014-01-27";"2014-06-14";"2M456  3T456";"25";"18";"REGULAR";"f";"2014-06-24 16:36:18.936";"f";"";"111";"CONSOLIDADA";"";"Presencial";
"1221424";"01";"23487";"";"";"27519";"GRADUAÇÃO";"Campus Central";"FF - CCS";"2014";"1";"2014-01-27";"2014-06-14";"2M456  3T456";"25";"18";"REGULAR";"f";"2014-06-24 16:36:18.936";"f";"";"111";"CONSOLIDADA";"";"Presencial";
"1221425";"02";"5751830";"";"";"27519";"GRADUAÇÃO";"Campus Central";"FF - CCS";"2014";"1";"2014-01-27";"2014-06-14";"2M123  3T456";"22";"20";"REGULAR";"f";"2014-06-24 16:43:29.014";"f";"";"108";"CONSOLIDADA";"";"Presencial";
"1221425";"02";"26330";"";"";"27519";"GRADUAÇÃO";"Campus Central";"FF - CCS";"2014";"1";"2014-01-27";"2014-06-14";"2M123  3T456";"22";"20";"REGULAR";"f";"2014-06-24 16:43:29.014";"f";"";"108";"CONSOLIDADA";"";"Presencial";
"1221425";"02";"23487";"";"";"27519";"GRADUAÇÃO";"Campus Central";"FF - CCS";"2014";"1";"2014-01-27";"2014-06-14";"2M123  3T456";"22";"20";"REGULAR";"f";"2014-06-24 16:43:29.014";"f";"";"108";"CONSOLIDADA";"";"Presencial";
"1221426";"03";"23487";"";"";"27519";"GRADUAÇÃO";"Campus Central";"FF - CCS";"2014";"1";"2014-01-27";"2014-06-14";"24N123";"25";"20";"REGULAR";"f";"2014-06-21 17:31:29.424";"f";"";"99";"CONSOLIDADA";"";"Presencial";
"1221426";"03";"5756303";"";"";"27519";"GRADUAÇÃO";"Campus Central";"FF - CCS";"2014";"1";"2014-01-27";"2014-06-14";"24N123";"25";"20";"REGULAR";"f";"2014-06-21 17:31:29.424";"f";"";"99";"CONSOLIDADA";"";"Presencial";
"1221426";"03";"26330";"";"";"27519";"GRADUAÇÃO";"Campus Central";"FF - CCS";"2014";"1";"2014-01-27";"2014-06-14";"24N123";"25";"20";"REGULAR";"f";"2014-06-21 17:31:29.424";"f";"";"99";"CONSOLIDADA";"";"Presencial";
"1221427";"04";"23487";"";"";"27519";"GRADUAÇÃO";"Campus Central";"FF - CCS";"2014";"1";"2014-01-27";"2014-06-14";"25N123";"16";"18";"REGULAR";"f";"2014-06-21 17:33:59.98";"f";"";"102";"CONSOLIDADA";"";"Presencial";
"1221427";"04";"5756303";"";"";"27519";"GRADUAÇÃO";"Campus Central";"FF - CCS";"2014";"1";"2014-01-27";"2014-06-14";"25N123";"16";"18";"REGULAR";"f";"2014-06-21 17:33:59.98";"f";"";"102";"CONSOLIDADA";"";"Presencial";
"1221427";"04";"26330";"";"";"27519";"GRADUAÇÃO";"Campus Central";"FF - CCS";"2014";"1";"2014-01-27";"2014-06-14";"25N123";"16";"18";"REGULAR";"f";"2014-06-21 17:33:59.98";"f";"";"102";"CONSOLIDADA";"";"Presencial";
"1221429";"01A";"5755998";"";"";"24209";"GRADUAÇÃO";"Campus Central";"FF - CCS";"2014";"1";"2014-01-27";"2014-06-14";"5T456 6T123";"14";"15";"REGULAR";"f";"2014-06-13 19:37:57.059";"f";"1221428";"102";"CONSOLIDADA";"";"Presencial";
"1221429";"01A";"5755801";"";"";"24209";"GRADUAÇÃO";"Campus Central";"FF - CCS";"2014";"1";"2014-01-27";"2014-06-14";"5T456 6T123";"14";"15";"REGULAR";"f";"2014-06-13 19:37:57.059";"f";"1221428";"102";"CONSOLIDADA";"";"Presencial";
"1221429";"01A";"25847";"";"";"24209";"GRADUAÇÃO";"Campus Central";"FF - CCS";"2014";"1";"2014-01-27";"2014-06-14";"5T456 6T123";"14";"15";"REGULAR";"f";"2014-06-13 19:37:57.059";"f";"1221428";"102";"CONSOLIDADA";"";"Presencial";
"1221430";"01B";"5755801";"";"";"24209";"GRADUAÇÃO";"Campus Central";"FF - CCS";"2014";"1";"2014-01-27";"2014-06-14";"4T456 6T123";"16";"14";"REGULAR";"f";"2014-06-13 19:37:57.82";"f";"1221428";"102";"CONSOLIDADA";"";"Presencial";
"1221430";"01B";"5755998";"";"";"24209";"GRADUAÇÃO";"Campus Central";"FF - CCS";"2014";"1";"2014-01-27";"2014-06-14";"4T456 6T123";"16";"14";"REGULAR";"f";"2014-06-13 19:37:57.82";"f";"1221428";"102";"CONSOLIDADA";"";"Presencial";
"1221430";"01B";"25847";"";"";"24209";"GRADUAÇÃO";"Campus Central";"FF - CCS";"2014";"1";"2014-01-27";"2014-06-14";"4T456 6T123";"16";"14";"REGULAR";"f";"2014-06-13 19:37:57.82";"f";"1221428";"102";"CONSOLIDADA";"";"Presencial";
"1221431";"01C";"25847";"";"";"24209";"GRADUAÇÃO";"Campus Central";"FF - CCS";"2014";"1";"2014-01-27";"2014-06-14";"6T123456";"22";"14";"REGULAR";"f";"2014-06-13 19:37:56.277";"f";"1221428";"102";"CONSOLIDADA";"";"Presencial";
"1221431";"01C";"5755801";"";"";"24209";"GRADUAÇÃO";"Campus Central";"FF - CCS";"2014";"1";"2014-01-27";"2014-06-14";"6T123456";"22";"14";"REGULAR";"f";"2014-06-13 19:37:56.277";"f";"1221428";"102";"CONSOLIDADA";"";"Presencial";
"1221431";"01C";"5755998";"";"";"24209";"GRADUAÇÃO";"Campus Central";"FF - CCS";"2014";"1";"2014-01-27";"2014-06-14";"6T123456";"22";"14";"REGULAR";"f";"2014-06-13 19:37:56.277";"f";"1221428";"102";"CONSOLIDADA";"";"Presencial";
"1221433";"02A";"5755998";"";"";"24209";"GRADUAÇÃO";"Campus Central";"FF - CCS";"2014";"1";"2014-01-27";"2014-06-14";"34N123";"15";"15";"REGULAR";"f";"2014-06-15 11:11:56.302";"f";"1221432";"105";"CONSOLIDADA";"";"Presencial";
"1221433";"02A";"5752189";"";"";"24209";"GRADUAÇÃO";"Campus Central";"FF - CCS";"2014";"1";"2014-01-27";"2014-06-14";"34N123";"15";"15";"REGULAR";"f";"2014-06-15 11:11:56.302";"f";"1221432";"105";"CONSOLIDADA";"";"Presencial";
"1221434";"02B";"5755998";"";"";"24209";"GRADUAÇÃO";"Campus Central";"FF - CCS";"2014";"1";"2014-01-27";"2014-06-14";"35N123";"21";"14";"REGULAR";"f";"2014-06-15 11:11:57.307";"f";"1221432";"105";"CONSOLIDADA";"";"Presencial";
"1221434";"02B";"5752189";"";"";"24209";"GRADUAÇÃO";"Campus Central";"FF - CCS";"2014";"1";"2014-01-27";"2014-06-14";"35N123";"21";"14";"REGULAR";"f";"2014-06-15 11:11:57.307";"f";"1221432";"105";"CONSOLIDADA";"";"Presencial";
"1221435";"02C";"5755998";"";"";"24209";"GRADUAÇÃO";"Campus Central";"FF - CCS";"2014";"1";"2014-01-27";"2014-06-14";"36N123";"4";"14";"REGULAR";"f";"2014-06-15 11:11:58.313";"f";"1221432";"105";"CONSOLIDADA";"";"Presencial";
"1221435";"02C";"5752189";"";"";"24209";"GRADUAÇÃO";"Campus Central";"FF - CCS";"2014";"1";"2014-01-27";"2014-06-14";"36N123";"4";"14";"REGULAR";"f";"2014-06-15 11:11:58.313";"f";"1221432";"105";"CONSOLIDADA";"";"Presencial";
"1221436";"01";"26036";"";"";"41327";"GRADUAÇÃO";"Campus Santa Cruz";"HUAB";"2014";"1";"2014-01-27";"2014-02-16";"23456M2345  23456T2345  23456N1234 (27/01/2014 - 16/02/2014)";"9";"9";"REGULAR";"f";"2014-06-10 14:19:47.674";"f";"";"0";"CONSOLIDADA";"";"Presencial";
"1221436";"01";"5753765";"";"";"41327";"GRADUAÇÃO";"Campus Santa Cruz";"HUAB";"2014";"1";"2014-01-27";"2014-02-16";"23456M2345  23456T2345  23456N1234 (27/01/2014 - 16/02/2014)";"9";"9";"REGULAR";"f";"2014-06-10 14:19:47.674";"f";"";"0";"CONSOLIDADA";"";"Presencial";
"1221436";"01";"5754353";"";"";"41327";"GRADUAÇÃO";"Campus Santa Cruz";"HUAB";"2014";"1";"2014-01-27";"2014-02-16";"23456M2345  23456T2345  23456N1234 (27/01/2014 - 16/02/2014)";"9";"9";"REGULAR";"f";"2014-06-10 14:19:47.674";"f";"";"0";"CONSOLIDADA";"";"Presencial";
"1221436";"01";"5754357";"";"";"41327";"GRADUAÇÃO";"Campus Santa Cruz";"HUAB";"2014";"1";"2014-01-27";"2014-02-16";"23456M2345  23456T2345  23456N1234 (27/01/2014 - 16/02/2014)";"9";"9";"REGULAR";"f";"2014-06-10 14:19:47.674";"f";"";"0";"CONSOLIDADA";"";"Presencial";
"1221437";"02";"26036";"";"";"41327";"GRADUAÇÃO";"Campus Santa Cruz";"HUAB";"2014";"1";"2014-02-21";"2014-03-13";"23456M2345  23456T2345 (21/02/2014 - 13/03/2014)";"7";"9";"REGULAR";"f";"2014-06-14 21:25:11.717";"f";"";"0";"CONSOLIDADA";"";"Presencial";
"1221437";"02";"5754353";"";"";"41327";"GRADUAÇÃO";"Campus Santa Cruz";"HUAB";"2014";"1";"2014-02-21";"2014-03-13";"23456M2345  23456T2345 (21/02/2014 - 13/03/2014)";"7";"9";"REGULAR";"f";"2014-06-14 21:25:11.717";"f";"";"0";"CONSOLIDADA";"";"Presencial";
"1221437";"02";"5754357";"";"";"41327";"GRADUAÇÃO";"Campus Santa Cruz";"HUAB";"2014";"1";"2014-02-21";"2014-03-13";"23456M2345  23456T2345 (21/02/2014 - 13/03/2014)";"7";"9";"REGULAR";"f";"2014-06-14 21:25:11.717";"f";"";"0";"CONSOLIDADA";"";"Presencial";
"1221437";"02";"5753765";"";"";"41327";"GRADUAÇÃO";"Campus Santa Cruz";"HUAB";"2014";"1";"2014-02-21";"2014-03-13";"23456M2345  23456T2345 (21/02/2014 - 13/03/2014)";"7";"9";"REGULAR";"f";"2014-06-14 21:25:11.717";"f";"";"0";"CONSOLIDADA";"";"Presencial";
"1221438";"03";"5753765";"";"";"41327";"GRADUAÇÃO";"Campus Santa Cruz";"HUAB";"2014";"1";"2014-03-14";"2014-04-03";"23456M2345  23456T2345 (14/03/2014 - 03/04/2014)";"7";"9";"REGULAR";"f";"2014-06-14 20:07:23.347";"f";"";"0";"CONSOLIDADA";"";"Presencial";
"1221438";"03";"26036";"";"";"41327";"GRADUAÇÃO";"Campus Santa Cruz";"HUAB";"2014";"1";"2014-03-14";"2014-04-03";"23456M2345  23456T2345 (14/03/2014 - 03/04/2014)";"7";"9";"REGULAR";"f";"2014-06-14 20:07:23.347";"f";"";"0";"CONSOLIDADA";"";"Presencial";
"1221438";"03";"5754353";"";"";"41327";"GRADUAÇÃO";"Campus Santa Cruz";"HUAB";"2014";"1";"2014-03-14";"2014-04-03";"23456M2345  23456T2345 (14/03/2014 - 03/04/2014)";"7";"9";"REGULAR";"f";"2014-06-14 20:07:23.347";"f";"";"0";"CONSOLIDADA";"";"Presencial";
"1221438";"03";"5754357";"";"";"41327";"GRADUAÇÃO";"Campus Santa Cruz";"HUAB";"2014";"1";"2014-03-14";"2014-04-03";"23456M2345  23456T2345 (14/03/2014 - 03/04/2014)";"7";"9";"REGULAR";"f";"2014-06-14 20:07:23.347";"f";"";"0";"CONSOLIDADA";"";"Presencial";
"1221439";"04";"5754353";"";"";"41327";"GRADUAÇÃO";"Campus Santa Cruz";"HUAB";"2014";"1";"2014-04-08";"2014-04-28";"23456M2345  23456T2345 (08/04/2014 - 28/04/2014)";"7";"9";"REGULAR";"f";"2014-06-14 21:30:30.787";"f";"";"0";"CONSOLIDADA";"";"Presencial";
"1221439";"04";"5754357";"";"";"41327";"GRADUAÇÃO";"Campus Santa Cruz";"HUAB";"2014";"1";"2014-04-08";"2014-04-28";"23456M2345  23456T2345 (08/04/2014 - 28/04/2014)";"7";"9";"REGULAR";"f";"2014-06-14 21:30:30.787";"f";"";"0";"CONSOLIDADA";"";"Presencial";
"1221439";"04";"5753765";"";"";"41327";"GRADUAÇÃO";"Campus Santa Cruz";"HUAB";"2014";"1";"2014-04-08";"2014-04-28";"23456M2345  23456T2345 (08/04/2014 - 28/04/2014)";"7";"9";"REGULAR";"f";"2014-06-14 21:30:30.787";"f";"";"0";"CONSOLIDADA";"";"Presencial";
"1221439";"04";"26036";"";"";"41327";"GRADUAÇÃO";"Campus Santa Cruz";"HUAB";"2014";"1";"2014-04-08";"2014-04-28";"23456M2345  23456T2345 (08/04/2014 - 28/04/2014)";"7";"9";"REGULAR";"f";"2014-06-14 21:30:30.787";"f";"";"0";"CONSOLIDADA";"";"Presencial";
"1221440";"05";"26036";"";"";"41327";"GRADUAÇÃO";"Campus Santa Cruz";"HUAB";"2014";"1";"2014-04-29";"2014-05-19";"23456M2345  23456T2345 (29/04/2014 - 19/05/2014)";"7";"9";"REGULAR";"f";"2014-06-14 21:37:40.154";"f";"";"0";"CONSOLIDADA";"";"Presencial";
"1221440";"05";"5753765";"";"";"41327";"GRADUAÇÃO";"Campus Santa Cruz";"HUAB";"2014";"1";"2014-04-29";"2014-05-19";"23456M2345  23456T2345 (29/04/2014 - 19/05/2014)";"7";"9";"REGULAR";"f";"2014-06-14 21:37:40.154";"f";"";"0";"CONSOLIDADA";"";"Presencial";
"1221440";"05";"5754357";"";"";"41327";"GRADUAÇÃO";"Campus Santa Cruz";"HUAB";"2014";"1";"2014-04-29";"2014-05-19";"23456M2345  23456T2345 (29/04/2014 - 19/05/2014)";"7";"9";"REGULAR";"f";"2014-06-14 21:37:40.154";"f";"";"0";"CONSOLIDADA";"";"Presencial";
"1221440";"05";"5754353";"";"";"41327";"GRADUAÇÃO";"Campus Santa Cruz";"HUAB";"2014";"1";"2014-04-29";"2014-05-19";"23456M2345  23456T2345 (29/04/2014 - 19/05/2014)";"7";"9";"REGULAR";"f";"2014-06-14 21:37:40.154";"f";"";"0";"CONSOLIDADA";"";"Presencial";
"1221441";"06";"26036";"";"";"41327";"GRADUAÇÃO";"Campus Santa Cruz";"HUAB";"2014";"1";"2014-05-24";"2014-06-13";"23456M2345  23456T2345 (24/05/2014 - 13/06/2014)";"8";"9";"REGULAR";"f";"2014-06-14 21:43:29.385";"f";"";"0";"CONSOLIDADA";"";"Presencial";
"1221441";"06";"5754353";"";"";"41327";"GRADUAÇÃO";"Campus Santa Cruz";"HUAB";"2014";"1";"2014-05-24";"2014-06-13";"23456M2345  23456T2345 (24/05/2014 - 13/06/2014)";"8";"9";"REGULAR";"f";"2014-06-14 21:43:29.385";"f";"";"0";"CONSOLIDADA";"";"Presencial";
"1221441";"06";"5753765";"";"";"41327";"GRADUAÇÃO";"Campus Santa Cruz";"HUAB";"2014";"1";"2014-05-24";"2014-06-13";"23456M2345  23456T2345 (24/05/2014 - 13/06/2014)";"8";"9";"REGULAR";"f";"2014-06-14 21:43:29.385";"f";"";"0";"CONSOLIDADA";"";"Presencial";
"1221441";"06";"5754357";"";"";"41327";"GRADUAÇÃO";"Campus Santa Cruz";"HUAB";"2014";"1";"2014-05-24";"2014-06-13";"23456M2345  23456T2345 (24/05/2014 - 13/06/2014)";"8";"9";"REGULAR";"f";"2014-06-14 21:43:29.385";"f";"";"0";"CONSOLIDADA";"";"Presencial";
"1221442";"01";"";"98098909";"";"2022500";"GRADUAÇÃO";"Campus Central";"IH6";"2014";"1";"2014-01-27";"2014-06-14";"6T1234";"36";"40";"REGULAR";"f";"2014-06-23 11:59:25.276";"f";"";"68";"CONSOLIDADA";"";"Presencial";
"1221443";"01";"19158";"";"";"25321";"GRADUAÇÃO";"Campus Central";"IH3";"2014";"1";"2014-01-27";"2014-06-14";"24M34";"47";"58";"REGULAR";"f";"2014-06-18 14:09:58.172";"f";"";"70";"CONSOLIDADA";"";"Presencial";
"1221444";"01";"19158";"";"";"25331";"GRADUAÇÃO";"Campus Central";"VG1";"2014";"1";"2014-01-27";"2014-06-14";"24T12";"16";"60";"REGULAR";"f";"2014-06-18 15:02:21.213";"f";"";"70";"CONSOLIDADA";"";"Presencial";
"1221445";"01";"18099";"";"";"41722";"GRADUAÇÃO";"Campus Central";"IC4";"2014";"1";"2014-01-27";"2014-06-14";"46N34";"26";"40";"REGULAR";"f";"2014-06-10 16:00:10.439";"f";"";"66";"CONSOLIDADA";"";"Presencial";
"1221446";"01";"18099";"";"";"41696";"GRADUAÇÃO";"Campus Central";"IC4";"2014";"1";"2014-01-27";"2014-06-14";"2M12 6M34";"5";"40";"REGULAR";"f";"2014-06-10 16:10:33.923";"f";"";"68";"CONSOLIDADA";"";"Presencial";
"1221447";"01";"5754313";"";"Disciplina Optativa.";"53105";"STRICTO SENSU";"";"A definir";"2014";"1";"2014-01-27";"2014-06-06";"4N1234 (27/01/2014 - 06/06/2014)";"6";"20";"REGULAR";"f";"2014-06-17 00:17:46.957";"f";"";"60";"CONSOLIDADA";"";"Presencial";
"1221448";"01";"22988";"";"";"41694";"GRADUAÇÃO";"Campus Central";"IC4";"2014";"1";"2014-01-27";"2014-06-14";"35N34";"30";"40";"REGULAR";"f";"2014-06-11 11:46:21.077";"f";"";"70";"CONSOLIDADA";"";"Presencial";
"1221449";"01";"22988";"";"";"41719";"GRADUAÇÃO";"Campus Central";"IC4";"2014";"1";"2014-01-27";"2014-06-14";"35M34";"6";"48";"REGULAR";"f";"2014-06-05 09:55:32.916";"f";"";"70";"CONSOLIDADA";"";"Presencial";
"1221450";"14D";"5753849";"";"";"46634";"GRADUAÇÃO";"";"CAICÓ/RN";"2014";"1";"2014-01-27";"2014-06-14";"";"";"";"REGULAR";"t";"";"f";"";"";"EXCLUÍDA";"";"A Distância";
"1221451";"23B";"5753849";"";"";"46634";"GRADUAÇÃO";"";"CARAÚBAS/RN";"2014";"1";"2014-01-27";"2014-06-14";"";"1";"";"REGULAR";"t";"2014-06-21 10:21:55.871";"f";"";"0";"CONSOLIDADA";"";"A Distância";
"1221452";"02D";"5753849";"";"";"46634";"GRADUAÇÃO";"";"CURRAIS NOVOS/RN";"2014";"1";"2014-01-27";"2014-06-14";"";"2";"";"REGULAR";"t";"2014-06-21 10:23:42.802";"f";"";"0";"CONSOLIDADA";"";"A Distância";
"1221453";"20B";"5753849";"";"";"46634";"GRADUAÇÃO";"";"GROSSOS/RN";"2014";"1";"2014-01-27";"2014-06-14";"";"1";"";"REGULAR";"t";"2014-06-21 10:22:37.801";"f";"";"0";"CONSOLIDADA";"";"A Distância";
"1221454";"12C";"5753849";"";"";"46634";"GRADUAÇÃO";"";"LUÍS GOMES/RN";"2014";"1";"2014-01-27";"2014-06-14";"";"2";"";"REGULAR";"t";"";"f";"";"";"EXCLUÍDA";"";"A Distância";
"1221455";"01D";"5753849";"";"";"46634";"GRADUAÇÃO";"";"MACAU/RN";"2014";"1";"2014-01-27";"2014-06-14";"";"";"";"REGULAR";"t";"";"f";"";"";"EXCLUÍDA";"";"A Distância";
"1221456";"16C";"5753849";"";"";"46634";"GRADUAÇÃO";"";"MARCELINO VIEIRA/RN";"2014";"1";"2014-01-27";"2014-06-14";"";"1";"";"REGULAR";"t";"2014-06-21 10:18:38.755";"f";"";"0";"CONSOLIDADA";"";"A Distância";
"1221457";"13C";"5753849";"";"";"46634";"GRADUAÇÃO";"";"MARTINS/RN";"2014";"1";"2014-01-27";"2014-06-14";"";"";"";"REGULAR";"t";"";"f";"";"";"EXCLUÍDA";"";"A Distância";
"1221458";"18B";"5753849";"";"";"46634";"GRADUAÇÃO";"";"NATAL/RN";"2014";"1";"2014-01-27";"2014-06-14";"";"3";"";"REGULAR";"t";"2014-06-21 17:40:07.859";"f";"";"0";"CONSOLIDADA";"";"A Distância";
"1221459";"03D";"5753849";"";"";"46634";"GRADUAÇÃO";"";"NOVA CRUZ/RN";"2014";"1";"2014-01-27";"2014-06-14";"";"1";"";"REGULAR";"t";"2014-06-21 10:21:09.503";"f";"";"0";"CONSOLIDADA";"";"A Distância";
"1221460";"21";"5753849";"";"";"46634";"GRADUAÇÃO";"";"PARNAMIRIM/RN";"2014";"1";"2014-01-27";"2014-06-14";"";"5";"";"REGULAR";"t";"2014-06-21 14:35:50.497";"f";"";"0";"CONSOLIDADA";"";"A Distância";
"1221461";"14D";"5754935";"";"";"46630";"GRADUAÇÃO";"";"CAICÓ/RN";"2014";"1";"2014-01-27";"2014-06-14";"";"1";"";"REGULAR";"t";"2014-06-09 13:37:07.482";"f";"";"0";"CONSOLIDADA";"";"A Distância";
"1221462";"23B";"5754935";"";"";"46630";"GRADUAÇÃO";"";"CARAÚBAS/RN";"2014";"1";"2014-01-27";"2014-06-14";"";"";"";"REGULAR";"t";"2014-06-09 14:03:24.125";"f";"";"0";"CONSOLIDADA";"";"A Distância";
"1221463";"02D";"5754935";"";"";"46630";"GRADUAÇÃO";"";"CURRIAS NOVOS/RN";"2014";"1";"2014-01-27";"2014-06-14";"";"2";"";"REGULAR";"t";"2014-06-10 17:25:24.366";"f";"";"0";"CONSOLIDADA";"";"A Distância";
"1221464";"20B";"5754935";"";"";"46630";"GRADUAÇÃO";"";"GROSSOS/RN";"2014";"1";"2014-01-27";"2014-06-14";"";"1";"";"REGULAR";"t";"2015-01-07 10:51:30.012";"f";"";"0";"CONSOLIDADA";"";"A Distância";
"1221465";"12C";"5754935";"";"";"46630";"GRADUAÇÃO";"";"LUÍS GOMES/RN";"2014";"1";"2014-01-27";"2014-06-14";"";"1";"";"REGULAR";"t";"2014-06-09 13:31:32.777";"f";"";"0";"CONSOLIDADA";"";"A Distância";
"1221466";"01D";"5754935";"";"";"46630";"GRADUAÇÃO";"";"MACAU/RN";"2014";"1";"2014-01-27";"2014-06-14";"";"";"";"REGULAR";"t";"2014-06-10 17:21:55.024";"f";"";"0";"CONSOLIDADA";"";"A Distância";
"1221467";"16B";"5754935";"";"";"46630";"GRADUAÇÃO";"";"MARCELINO VIEIRA/RN";"2014";"1";"2014-01-27";"2014-06-14";"";"";"";"REGULAR";"t";"";"f";"";"";"EXCLUÍDA";"";"A Distância";
"1221468";"13C";"5754935";"";"";"46630";"GRADUAÇÃO";"";"MARTINS/RN";"2014";"1";"2014-01-27";"2014-06-14";"";"";"";"REGULAR";"t";"";"f";"";"";"EXCLUÍDA";"";"A Distância";
"1221469";"18";"5754935";"";"";"46630";"GRADUAÇÃO";"";"NATAL/RN";"2014";"1";"2014-01-27";"2014-06-14";"";"2";"";"REGULAR";"t";"2014-06-09 13:32:51.319";"f";"";"0";"CONSOLIDADA";"";"A Distância";
"1221470";"03C";"5754935";"";"";"46630";"GRADUAÇÃO";"";"NOVA CRUZ/RN";"2014";"1";"2014-01-27";"2014-06-14";"";"1";"";"REGULAR";"t";"2014-06-09 13:27:00.574";"f";"";"0";"CONSOLIDADA";"";"A Distância";
"1221471";"21B";"5754935";"";"";"46630";"GRADUAÇÃO";"";"PARNAMIRIM/RN";"2014";"1";"2014-01-27";"2014-06-14";"";"7";"";"REGULAR";"t";"2014-06-10 17:27:48.707";"f";"";"0";"CONSOLIDADA";"";"A Distância";
"1221472";"1,2,3A";"5754935";"";"";"46630";"GRADUAÇÃO";"";"SÃO GONÇALO  DO AMARANTE/RN";"2014";"1";"2014-01-27";"2014-06-14";"";"7";"";"REGULAR";"t";"2014-06-10 17:23:42.002";"f";"";"0";"CONSOLIDADA";"";"A Distância";
"1221473";"14B";"23144";"";"";"46529";"GRADUAÇÃO";"";"CAICÓ/RN";"2014";"1";"2014-01-27";"2014-06-14";"";"32";"";"REGULAR";"t";"2014-06-19 20:12:30.287";"f";"";"0";"CONSOLIDADA";"";"A Distância";
"1221474";"23B";"5756431";"";"";"46529";"GRADUAÇÃO";"";"CARAÚBAS/RN";"2014";"1";"2014-01-27";"2014-06-14";"";"35";"";"REGULAR";"t";"2014-06-19 22:55:41.758";"f";"";"0";"CONSOLIDADA";"";"A Distância";
"1221475";"02B";"23144";"";"";"46529";"GRADUAÇÃO";"";"CURRIAS NOVOS/RN";"2014";"1";"2014-01-27";"2014-06-14";"";"36";"";"REGULAR";"t";"2014-06-19 20:06:43.605";"f";"";"0";"CONSOLIDADA";"";"A Distância";
"1221476";"20B";"5756431";"";"";"46529";"GRADUAÇÃO";"";"GROSSOS/RN";"2014";"1";"2014-01-27";"2014-06-14";"";"37";"";"REGULAR";"t";"2014-06-19 22:51:10.578";"f";"";"0";"CONSOLIDADA";"";"A Distância";
"1221477";"12B";"5756431";"";"";"46529";"GRADUAÇÃO";"";"LUÍS GOMES/RN";"2014";"1";"2014-01-27";"2014-06-14";"";"33";"";"REGULAR";"t";"2014-06-19 22:36:25.637";"f";"";"0";"CONSOLIDADA";"";"A Distância";
"1221478";"01B";"23144";"";"";"46529";"GRADUAÇÃO";"";"MACAU/RN";"2014";"1";"2014-01-27";"2014-06-14";"";"38";"";"REGULAR";"t";"2014-06-19 20:00:01.035";"f";"";"0";"CONSOLIDADA";"";"A Distância";
"1221479";"16B";"5756431";"";"";"46529";"GRADUAÇÃO";"";"MARCELINO VIEIRA/RN";"2014";"1";"2014-01-27";"2014-06-14";"";"39";"";"REGULAR";"t";"2014-06-19 22:44:08.804";"f";"";"0";"CONSOLIDADA";"";"A Distância";
"1221480";"13B";"5756431";"";"";"46529";"GRADUAÇÃO";"";"MARTINS/RN";"2014";"1";"2014-01-27";"2014-06-14";"";"30";"";"REGULAR";"t";"2014-06-19 22:41:47.973";"f";"";"0";"CONSOLIDADA";"";"A Distância";
"1221481";"18";"23144";"";"";"46529";"GRADUAÇÃO";"";"NATAL/RN";"2014";"1";"2014-01-27";"2014-06-14";"";"33";"";"REGULAR";"t";"2014-06-19 20:13:58.616";"f";"";"0";"CONSOLIDADA";"";"A Distância";
"1221482";"03B";"23144";"";"";"46529";"GRADUAÇÃO";"";"NOVA CRUZ/RN";"2014";"1";"2014-01-27";"2014-06-14";"";"47";"";"REGULAR";"t";"2014-06-19 20:09:44.032";"f";"";"0";"CONSOLIDADA";"";"A Distância";
"1221483";"21";"5756431";"";"";"46529";"GRADUAÇÃO";"";"PARNAMIRIM/RN";"2014";"1";"2014-01-27";"2014-06-14";"";"34";"";"REGULAR";"t";"2014-06-19 22:53:41.192";"f";"";"0";"CONSOLIDADA";"";"A Distância";
"1221484";"14B";"5755991";"";"";"46631";"GRADUAÇÃO";"";"CAICÓ/RN";"2014";"1";"2014-01-27";"2014-06-14";"";"6";"";"REGULAR";"t";"2014-06-20 15:54:16.016";"f";"";"0";"CONSOLIDADA";"";"A Distância";
"1221485";"23B";"5755991";"";"";"46631";"GRADUAÇÃO";"";"CARAÚBAS/RN";"2014";"1";"2014-01-27";"2014-06-14";"";"2";"";"REGULAR";"t";"2014-06-05 11:37:23.732";"f";"";"0";"CONSOLIDADA";"";"A Distância";
"1221486";"02D";"5755991";"";"";"46631";"GRADUAÇÃO";"";"CURRIAS NOVOS/RN";"2014";"1";"2014-01-27";"2014-06-14";"";"2";"";"REGULAR";"t";"2014-06-20 15:17:37.111";"f";"";"0";"CONSOLIDADA";"";"A Distância";
"1221487";"20";"5755991";"";"";"46631";"GRADUAÇÃO";"";"GROSSOS/RN";"2014";"1";"2014-01-27";"2014-06-14";"";"";"";"REGULAR";"t";"";"f";"";"";"EXCLUÍDA";"";"A Distância";
"1221488";"12C";"5755991";"";"";"46631";"GRADUAÇÃO";"";"LUÍS GOMES/RN";"2014";"1";"2014-01-27";"2014-06-14";"";"";"";"REGULAR";"t";"";"f";"";"";"EXCLUÍDA";"";"A Distância";
"1221489";"01C";"5755991";"";"";"46631";"GRADUAÇÃO";"";"MACAU/RN";"2014";"1";"2014-01-27";"2014-06-14";"";"2";"";"REGULAR";"t";"2014-06-20 15:12:02.201";"f";"";"0";"CONSOLIDADA";"";"A Distância";
"1221490";"16";"5755991";"";"";"46631";"GRADUAÇÃO";"";"MARCELINO VIEIRA/RN";"2014";"1";"2014-01-27";"2014-06-14";"";"";"";"REGULAR";"t";"";"f";"";"";"EXCLUÍDA";"";"A Distância";
"1221491";"13A";"5755991";"";"";"46631";"GRADUAÇÃO";"";"MARTINS/RN";"2014";"1";"2014-01-27";"2014-06-14";"";"1";"";"REGULAR";"t";"2014-06-10 23:27:12.466";"f";"";"0";"CONSOLIDADA";"";"A Distância";
"1221492";"18";"5755991";"";"";"46631";"GRADUAÇÃO";"";"NATAL/RN";"2014";"1";"2014-01-27";"2014-06-14";"";"4";"";"REGULAR";"t";"2014-06-05 11:33:20.492";"f";"";"0";"CONSOLIDADA";"";"A Distância";
"1221493";"03C";"5755991";"";"";"46631";"GRADUAÇÃO";"";"NOVA CRUZ/RN";"2014";"1";"2014-01-27";"2014-06-14";"";"1";"";"REGULAR";"t";"2014-06-05 11:27:02.639";"f";"";"0";"CONSOLIDADA";"";"A Distância";
"1221494";"21B";"5755991";"";"";"46631";"GRADUAÇÃO";"";"PARNAMIRIM/RN";"2014";"1";"2014-01-27";"2014-06-14";"";"4";"";"REGULAR";"t";"2014-06-20 15:57:41.318";"f";"";"0";"CONSOLIDADA";"";"A Distância";
"1221495";"14";"5752799";"";"";"46530";"GRADUAÇÃO";"";"CAICÓ/RN";"2014";"1";"2014-01-27";"2014-06-14";"";"29";"";"REGULAR";"t";"2014-06-12 06:14:22.27";"f";"";"0";"CONSOLIDADA";"";"A Distância";
"1221496";"23";"5752723";"";"";"46530";"GRADUAÇÃO";"";"CARAÚBAS/RN";"2014";"1";"2014-01-27";"2014-06-14";"";"35";"";"REGULAR";"t";"2014-06-15 15:43:19.818";"f";"";"0";"CONSOLIDADA";"";"A Distância";
"1221497";"02";"5752799";"";"";"46530";"GRADUAÇÃO";"";"CURRIAS NOVOS/RN";"2014";"1";"2014-01-27";"2014-06-14";"";"35";"";"REGULAR";"t";"2014-06-14 09:40:46.9";"f";"";"0";"CONSOLIDADA";"";"A Distância";
"1221498";"20";"5752723";"";"";"46530";"GRADUAÇÃO";"";"GROSSOS/RN";"2014";"1";"2014-01-27";"2014-06-14";"";"37";"";"REGULAR";"t";"2014-06-15 15:39:11.693";"f";"";"0";"CONSOLIDADA";"";"A Distância";
"1221499";"12";"5752723";"";"";"46530";"GRADUAÇÃO";"";"LUÍS GOMES/RN";"2014";"1";"2014-01-27";"2014-06-14";"";"33";"";"REGULAR";"t";"2014-06-15 15:21:12.729";"f";"";"0";"CONSOLIDADA";"";"A Distância";
"1221500";"01";"5752799";"";"";"46530";"GRADUAÇÃO";"";"MACAU/RN";"2014";"1";"2014-01-27";"2014-06-14";"";"39";"";"REGULAR";"t";"2014-06-14 09:40:13.761";"f";"";"0";"CONSOLIDADA";"";"A Distância";
"1221501";"16";"5752723";"";"";"46530";"GRADUAÇÃO";"";"MARCELINO VIEIRA/RN";"2014";"1";"2014-01-27";"2014-06-14";"";"39";"";"REGULAR";"t";"2014-06-15 15:33:10.024";"f";"";"0";"CONSOLIDADA";"";"A Distância";
"1221502";"13";"5752723";"";"";"46530";"GRADUAÇÃO";"";"MARTINS/RN";"2014";"1";"2014-01-27";"2014-06-14";"";"30";"";"REGULAR";"t";"2014-06-15 15:30:45.397";"f";"";"0";"CONSOLIDADA";"";"A Distância";
"1221503";"18";"5752799";"";"";"46530";"GRADUAÇÃO";"";"NATAL/RN";"2014";"1";"2014-01-27";"2014-06-14";"";"33";"";"REGULAR";"t";"2014-06-14 09:41:55.592";"f";"";"0";"CONSOLIDADA";"";"A Distância";
"1221504";"03";"5752799";"";"";"46530";"GRADUAÇÃO";"";"NOVA CRUZ/RN";"2014";"1";"2014-01-27";"2014-06-14";"";"48";"";"REGULAR";"t";"2014-06-14 09:41:23.434";"f";"";"0";"CONSOLIDADA";"";"A Distância";
"1221505";"21";"5752723";"";"";"46530";"GRADUAÇÃO";"";"PARNAMIRIM/RN";"2014";"1";"2014-01-27";"2014-06-14";"";"33";"";"REGULAR";"t";"2014-06-15 15:42:00.877";"f";"";"0";"CONSOLIDADA";"";"A Distância";
"1221506";"14C";"3029647";"";"";"46522";"GRADUAÇÃO";"";"CAICÓ/RN";"2014";"1";"2014-01-27";"2014-06-14";"";"5";"";"REGULAR";"t";"2014-06-23 11:46:11.02";"f";"";"0";"CONSOLIDADA";"";"A Distância";
"1221507";"23B";"3029647";"";"";"46522";"GRADUAÇÃO";"";"CARAÚBAS/RN";"2014";"1";"2014-01-27";"2014-06-14";"";"";"";"REGULAR";"t";"2014-06-23 11:48:50.971";"f";"";"0";"CONSOLIDADA";"";"A Distância";
"1221508";"02D";"3029647";"";"";"46522";"GRADUAÇÃO";"";"CURRAIS NOVOS/RN";"2014";"1";"2014-01-27";"2014-06-14";"";"6";"";"REGULAR";"t";"2014-06-23 11:43:22.943";"f";"";"0";"CONSOLIDADA";"";"A Distância";
"1221509";"20";"3029647";"";"";"46522";"GRADUAÇÃO";"";"GROSSOS/RN";"2014";"1";"2014-01-27";"2014-06-14";"";"";"";"REGULAR";"t";"";"f";"";"";"EXCLUÍDA";"";"A Distância";
"1221510";"12B";"3029647";"";"";"46522";"GRADUAÇÃO";"";"LUÍS GOMES/RN";"2014";"1";"2014-01-27";"2014-06-14";"";"2";"";"REGULAR";"t";"2014-06-05 11:27:04.617";"f";"";"0";"CONSOLIDADA";"";"A Distância";
"1221511";"01D";"3029647";"";"";"46522";"GRADUAÇÃO";"";"MACAU/RN";"2014";"1";"2014-01-27";"2014-06-14";"";"4";"";"REGULAR";"t";"2014-06-23 11:41:35.627";"f";"";"0";"CONSOLIDADA";"";"A Distância";
"1221512";"16B";"3029647";"";"";"46522";"GRADUAÇÃO";"";"MARCELINO VIEIRA/RN";"2014";"1";"2014-01-27";"2014-06-14";"";"";"";"REGULAR";"t";"";"f";"";"";"EXCLUÍDA";"";"A Distância";
"1221513";"13B";"3029647";"";"";"46522";"GRADUAÇÃO";"";"MARTINS/RN";"2014";"1";"2014-01-27";"2014-06-14";"";"";"";"REGULAR";"t";"";"f";"";"";"EXCLUÍDA";"";"A Distância";
"1221514";"18";"3029647";"";"";"46522";"GRADUAÇÃO";"";"NATAL/RN";"2014";"1";"2014-01-27";"2014-06-14";"";"2";"";"REGULAR";"t";"2014-06-05 11:27:49.665";"f";"";"0";"CONSOLIDADA";"";"A Distância";
"1221515";"03B";"3029647";"";"";"46522";"GRADUAÇÃO";"";"NOVA CRUZ/RN";"2014";"1";"2014-01-27";"2014-06-14";"";"3";"";"REGULAR";"t";"2014-06-05 11:21:16.647";"f";"";"0";"CONSOLIDADA";"";"A Distância";
"1221516";"21C";"3029647";"";"";"46522";"GRADUAÇÃO";"";"PARNAMIRIM/RN";"2014";"1";"2014-01-27";"2014-06-14";"";"7";"";"REGULAR";"t";"2014-06-26 11:06:06.66";"f";"";"0";"CONSOLIDADA";"";"A Distância";
"1221517";"1,2,3B";"3029647";"";"";"46522";"GRADUAÇÃO";"";"SÃO GONÇALO  DO AMARANTE/RN";"2014";"1";"2014-01-27";"2014-06-14";"";"8";"";"REGULAR";"t";"2014-06-23 11:44:41.625";"f";"";"0";"CONSOLIDADA";"";"A Distância";
"1221518";"14C";"5754891";"";"";"45766";"GRADUAÇÃO";"";"CAICÓ/RN";"2014";"1";"2014-01-27";"2014-06-14";"";"9";"";"REGULAR";"t";"2014-06-21 19:43:18.107";"f";"";"0";"CONSOLIDADA";"";"A Distância";
"1221519";"23C";"5754891";"";"";"45766";"GRADUAÇÃO";"";"CARAÚBAS/RN";"2014";"1";"2014-01-27";"2014-06-14";"";"";"";"REGULAR";"t";"2014-06-21 19:46:47.916";"f";"";"0";"CONSOLIDADA";"";"A Distância";
"1221520";"02D";"5754891";"";"";"45766";"GRADUAÇÃO";"";"CURRIAS NOVOS/RN";"2014";"1";"2014-01-27";"2014-06-14";"";"7";"";"REGULAR";"t";"2014-06-21 19:36:57.111";"f";"";"0";"CONSOLIDADA";"";"A Distância";
"1221521";"20B";"5754891";"";"";"45766";"GRADUAÇÃO";"";"GROSSOS/RN";"2014";"1";"2014-01-27";"2014-06-14";"";"";"";"REGULAR";"t";"";"f";"";"";"EXCLUÍDA";"";"A Distância";
"1221522";"12C";"5754891";"";"";"45766";"GRADUAÇÃO";"";"LUÍS GOMES/RN";"2014";"1";"2014-01-27";"2014-06-14";"";"1";"";"REGULAR";"t";"2014-06-05 17:50:48.777";"f";"";"0";"CONSOLIDADA";"";"A Distância";
"1221523";"01D";"5754891";"";"";"45766";"GRADUAÇÃO";"";"MACAU/RN";"2014";"1";"2014-01-27";"2014-06-14";"";"4";"";"REGULAR";"t";"2014-06-21 19:34:45.604";"f";"";"0";"CONSOLIDADA";"";"A Distância";
"1221524";"16C";"5754891";"";"";"45766";"GRADUAÇÃO";"";"MARCELINO VIEIRA/RN";"2014";"1";"2014-01-27";"2014-06-14";"";"";"";"REGULAR";"t";"";"f";"";"";"EXCLUÍDA";"";"A Distância";
"1221525";"13C";"5754891";"";"";"45766";"GRADUAÇÃO";"";"MARTINS/RN";"2014";"1";"2014-01-27";"2014-06-14";"";"2";"";"REGULAR";"t";"2014-06-21 19:41:43.255";"f";"";"0";"CONSOLIDADA";"";"A Distância";
"1221526";"18";"5754891";"";"";"45766";"GRADUAÇÃO";"";"NATAL/RN";"2014";"1";"2014-01-27";"2014-06-14";"";"5";"";"REGULAR";"t";"2014-06-21 19:44:13.079";"f";"";"0";"CONSOLIDADA";"";"A Distância";
"1221527";"03C";"5754891";"";"";"45766";"GRADUAÇÃO";"";"NOVA CRUZ/RN";"2014";"1";"2014-01-27";"2014-06-14";"";"9";"";"REGULAR";"t";"2014-06-21 19:38:21.448";"f";"";"0";"CONSOLIDADA";"";"A Distância";
"1221528";"21B";"5754891";"";"";"45766";"GRADUAÇÃO";"";"PARNAMIRIM/RN";"2014";"1";"2014-01-27";"2014-06-14";"";"7";"";"REGULAR";"t";"2014-06-21 19:45:31.213";"f";"";"0";"CONSOLIDADA";"";"A Distância";
"1221529";"1,2,3B";"5754891";"";"";"45766";"GRADUAÇÃO";"";"SÃO GONÇALO  DO AMARANTE/RN";"2014";"1";"2014-01-27";"2014-06-14";"";"8";"";"REGULAR";"t";"2014-06-21 19:40:09.522";"f";"";"0";"CONSOLIDADA";"";"A Distância";
"1221530";"14A";"5755904";"";"";"46534";"GRADUAÇÃO";"";"CAICÓ/RN";"2014";"1";"2014-01-27";"2014-06-14";"";"34";"";"REGULAR";"t";"2014-06-21 14:44:31.793";"f";"";"0";"CONSOLIDADA";"";"A Distância";
"1221531";"23";"5755924";"";"";"46534";"GRADUAÇÃO";"";"CARAÚBAS/RN";"2014";"1";"2014-01-27";"2014-06-14";"";"32";"";"REGULAR";"t";"2014-06-20 14:24:36.735";"f";"";"0";"CONSOLIDADA";"";"A Distância";
"1221531";"23";"";"99786429";"";"46534";"GRADUAÇÃO";"";"CARAÚBAS/RN";"2014";"1";"2014-01-27";"2014-06-14";"";"32";"";"REGULAR";"t";"2014-06-20 14:24:36.735";"f";"";"0";"CONSOLIDADA";"";"A Distância";
"1221532";"02B";"5755904";"";"";"46534";"GRADUAÇÃO";"";"CURRIAS NOVOS/RN";"2014";"1";"2014-01-27";"2014-06-14";"";"23";"";"REGULAR";"t";"2014-06-21 14:42:57.384";"f";"";"0";"CONSOLIDADA";"";"A Distância";
"1221533";"20";"5755924";"";"";"46534";"GRADUAÇÃO";"";"GROSSOS/RN";"2014";"1";"2014-01-27";"2014-06-14";"";"36";"";"REGULAR";"t";"2014-06-20 15:07:19.889";"f";"";"0";"CONSOLIDADA";"";"A Distância";
"1221533";"20";"";"99786429";"";"46534";"GRADUAÇÃO";"";"GROSSOS/RN";"2014";"1";"2014-01-27";"2014-06-14";"";"36";"";"REGULAR";"t";"2014-06-20 15:07:19.889";"f";"";"0";"CONSOLIDADA";"";"A Distância";
"1221534";"12B";"5755924";"";"";"46534";"GRADUAÇÃO";"";"LUÍS GOMES/RN";"2014";"1";"2014-01-27";"2014-06-14";"";"32";"";"REGULAR";"t";"2014-06-20 14:20:42.269";"f";"";"0";"CONSOLIDADA";"";"A Distância";
"1221534";"12B";"";"99786429";"";"46534";"GRADUAÇÃO";"";"LUÍS GOMES/RN";"2014";"1";"2014-01-27";"2014-06-14";"";"32";"";"REGULAR";"t";"2014-06-20 14:20:42.269";"f";"";"0";"CONSOLIDADA";"";"A Distância";
"1221535";"01B";"5755904";"";"";"46534";"GRADUAÇÃO";"";"MACAU/RN";"2014";"1";"2014-01-27";"2014-06-14";"";"28";"";"REGULAR";"t";"2014-06-21 14:38:49.064";"f";"";"0";"CONSOLIDADA";"";"A Distância";
"1221536";"16A";"5755924";"";"";"46534";"GRADUAÇÃO";"";"MARCELINO VIEIRA/RN";"2014";"1";"2014-01-27";"2014-06-14";"";"39";"";"REGULAR";"t";"2014-06-20 14:22:42.44";"f";"";"0";"CONSOLIDADA";"";"A Distância";
"1221536";"16A";"";"99786429";"";"46534";"GRADUAÇÃO";"";"MARCELINO VIEIRA/RN";"2014";"1";"2014-01-27";"2014-06-14";"";"39";"";"REGULAR";"t";"2014-06-20 14:22:42.44";"f";"";"0";"CONSOLIDADA";"";"A Distância";
"1221537";"13";"5755924";"";"";"46534";"GRADUAÇÃO";"";"MARTINS/RN";"2014";"1";"2014-01-27";"2014-06-14";"";"31";"";"REGULAR";"t";"2014-06-20 14:26:15.777";"f";"";"0";"CONSOLIDADA";"";"A Distância";
"1221537";"13";"";"99786429";"";"46534";"GRADUAÇÃO";"";"MARTINS/RN";"2014";"1";"2014-01-27";"2014-06-14";"";"31";"";"REGULAR";"t";"2014-06-20 14:26:15.777";"f";"";"0";"CONSOLIDADA";"";"A Distância";
"1221538";"24";"5755904";"";"";"46534";"GRADUAÇÃO";"";"NATAL/RN";"2014";"1";"2014-01-27";"2014-06-14";"";"29";"";"REGULAR";"t";"2014-06-21 14:45:56.152";"f";"";"0";"CONSOLIDADA";"";"A Distância";
"1221539";"03B";"5755904";"";"";"46534";"GRADUAÇÃO";"";"NOVA CRUZ/RN";"2014";"1";"2014-01-27";"2014-06-14";"";"39";"";"REGULAR";"t";"2014-06-19 17:38:38.837";"f";"";"0";"CONSOLIDADA";"";"A Distância";
"1221540";"21";"5755924";"";"";"46534";"GRADUAÇÃO";"";"PARNAMIRIM/RN";"2014";"1";"2014-01-27";"2014-06-14";"";"27";"";"REGULAR";"t";"2014-06-20 14:10:39.499";"f";"";"0";"CONSOLIDADA";"";"A Distância";
"1221540";"21";"";"99786429";"";"46534";"GRADUAÇÃO";"";"PARNAMIRIM/RN";"2014";"1";"2014-01-27";"2014-06-14";"";"27";"";"REGULAR";"t";"2014-06-20 14:10:39.499";"f";"";"0";"CONSOLIDADA";"";"A Distância";
"1221541";"14";"5755433";"";"";"46535";"GRADUAÇÃO";"";"CAICÓ/RN";"2014";"1";"2014-01-27";"2014-06-14";"";"37";"";"REGULAR";"t";"2014-06-13 22:08:07.587";"f";"";"0";"CONSOLIDADA";"";"A Distância";
"1221542";"23";"5756009";"";"";"46535";"GRADUAÇÃO";"";"CARAÚBAS/RN";"2014";"1";"2014-01-27";"2014-06-14";"";"35";"";"REGULAR";"t";"2014-06-18 11:43:18.331";"f";"";"0";"CONSOLIDADA";"";"A Distância";
"1221543";"02";"5755433";"";"";"46535";"GRADUAÇÃO";"";"CURRIAS NOVOS/RN";"2014";"1";"2014-01-27";"2014-06-14";"";"32";"";"REGULAR";"t";"2014-06-15 18:18:49.926";"f";"";"0";"CONSOLIDADA";"";"A Distância";
"1221544";"20";"5756009";"";"";"46535";"GRADUAÇÃO";"";"GROSSOS/RN";"2014";"1";"2014-01-27";"2014-06-14";"";"37";"";"REGULAR";"t";"2014-06-06 08:11:49.605";"f";"";"0";"CONSOLIDADA";"";"A Distância";
"1221545";"12";"5756009";"";"";"46535";"GRADUAÇÃO";"";"LUÍS GOMES/RN";"2014";"1";"2014-01-27";"2014-06-14";"";"33";"";"REGULAR";"t";"2014-06-15 11:49:28.489";"f";"";"0";"CONSOLIDADA";"";"A Distância";
"1221546";"01";"5755433";"";"";"46535";"GRADUAÇÃO";"";"MACAU/RN";"2014";"1";"2014-01-27";"2014-06-14";"";"39";"";"REGULAR";"t";"2014-06-15 17:54:39.102";"f";"";"0";"CONSOLIDADA";"";"A Distância";
"1221547";"16";"5756009";"";"";"46535";"GRADUAÇÃO";"";"MARCELINO VIEIRA/RN";"2014";"1";"2014-01-27";"2014-06-14";"";"39";"";"REGULAR";"t";"2014-06-15 11:51:33.082";"f";"";"0";"CONSOLIDADA";"";"A Distância";
"1221548";"13";"5756009";"";"";"46535";"GRADUAÇÃO";"";"MARTINS/RN";"2014";"1";"2014-01-27";"2014-06-14";"";"31";"";"REGULAR";"t";"2014-06-15 11:50:20.537";"f";"";"0";"CONSOLIDADA";"";"A Distância";
"1221549";"18";"5755433";"";"";"46535";"GRADUAÇÃO";"";"NATAL/RN";"2014";"1";"2014-01-27";"2014-06-14";"";"31";"";"REGULAR";"t";"2014-06-13 22:03:44.447";"f";"";"0";"CONSOLIDADA";"";"A Distância";
"1221550";"03";"5755433";"";"";"46535";"GRADUAÇÃO";"";"NOVA CRUZ/RN";"2014";"1";"2014-01-27";"2014-06-14";"";"48";"";"REGULAR";"t";"2014-06-13 22:01:58.1";"f";"";"0";"CONSOLIDADA";"";"A Distância";
"1221551";"21";"5756009";"";"";"46535";"GRADUAÇÃO";"";"PARNAMIRIM/RN";"2014";"1";"2014-01-27";"2014-06-14";"";"34";"";"REGULAR";"t";"2014-06-06 14:21:04.613";"f";"";"0";"CONSOLIDADA";"";"A Distância";
"1221552";"14";"21947";"";"";"46506";"GRADUAÇÃO";"";"CAICÓ/RN";"2014";"1";"2014-01-27";"2014-06-14";"";"36";"";"REGULAR";"t";"2014-06-17 09:35:29.572";"f";"";"0";"CONSOLIDADA";"";"A Distância";
"1221552";"14";"";"104242450";"";"46506";"GRADUAÇÃO";"";"CAICÓ/RN";"2014";"1";"2014-01-27";"2014-06-14";"";"36";"";"REGULAR";"t";"2014-06-17 09:35:29.572";"f";"";"0";"CONSOLIDADA";"";"A Distância";
"1221553";"23";"";"104242450";"";"46506";"GRADUAÇÃO";"";"CARAÚBAS/RN";"2014";"1";"2014-01-27";"2014-06-14";"";"35";"";"REGULAR";"t";"2014-06-17 09:46:54.344";"f";"";"0";"CONSOLIDADA";"";"A Distância";
"1221553";"23";"21947";"";"";"46506";"GRADUAÇÃO";"";"CARAÚBAS/RN";"2014";"1";"2014-01-27";"2014-06-14";"";"35";"";"REGULAR";"t";"2014-06-17 09:46:54.344";"f";"";"0";"CONSOLIDADA";"";"A Distância";
"1221554";"02";"21947";"";"";"46506";"GRADUAÇÃO";"";"CURRAIS NOVOS/RN";"2014";"1";"2014-01-27";"2014-06-14";"";"34";"";"REGULAR";"t";"2014-06-17 09:28:46.238";"f";"";"0";"CONSOLIDADA";"";"A Distância";
"1221554";"02";"";"104242450";"";"46506";"GRADUAÇÃO";"";"CURRAIS NOVOS/RN";"2014";"1";"2014-01-27";"2014-06-14";"";"34";"";"REGULAR";"t";"2014-06-17 09:28:46.238";"f";"";"0";"CONSOLIDADA";"";"A Distância";
"1221555";"20";"21947";"";"";"46506";"GRADUAÇÃO";"";"GROSSOS/RN";"2014";"1";"2014-01-27";"2014-06-14";"";"37";"";"REGULAR";"t";"2014-06-17 09:42:28.63";"f";"";"0";"CONSOLIDADA";"";"A Distância";
"1221555";"20";"";"104242450";"";"46506";"GRADUAÇÃO";"";"GROSSOS/RN";"2014";"1";"2014-01-27";"2014-06-14";"";"37";"";"REGULAR";"t";"2014-06-17 09:42:28.63";"f";"";"0";"CONSOLIDADA";"";"A Distância";
"1221556";"12";"21947";"";"";"46506";"GRADUAÇÃO";"";"LUÍS GOMES/RN";"2014";"1";"2014-01-27";"2014-06-14";"";"33";"";"REGULAR";"t";"2014-06-17 09:33:21.668";"f";"";"0";"CONSOLIDADA";"";"A Distância";
"1221556";"12";"";"104242450";"";"46506";"GRADUAÇÃO";"";"LUÍS GOMES/RN";"2014";"1";"2014-01-27";"2014-06-14";"";"33";"";"REGULAR";"t";"2014-06-17 09:33:21.668";"f";"";"0";"CONSOLIDADA";"";"A Distância";
"1221557";"01";"";"104242450";"";"46506";"GRADUAÇÃO";"";"MACAU/RN";"2014";"1";"2014-01-27";"2014-06-14";"";"39";"";"REGULAR";"t";"2014-06-17 09:26:12.105";"f";"";"0";"CONSOLIDADA";"";"A Distância";
"1221557";"01";"21947";"";"";"46506";"GRADUAÇÃO";"";"MACAU/RN";"2014";"1";"2014-01-27";"2014-06-14";"";"39";"";"REGULAR";"t";"2014-06-17 09:26:12.105";"f";"";"0";"CONSOLIDADA";"";"A Distância";
"1221558";"16";"";"104242450";"";"46506";"GRADUAÇÃO";"";"MARCELINO VIEIRA/RN";"2014";"1";"2014-01-27";"2014-06-14";"";"39";"";"REGULAR";"t";"2014-06-17 09:37:54.328";"f";"";"0";"CONSOLIDADA";"";"A Distância";
"1221558";"16";"21947";"";"";"46506";"GRADUAÇÃO";"";"MARCELINO VIEIRA/RN";"2014";"1";"2014-01-27";"2014-06-14";"";"39";"";"REGULAR";"t";"2014-06-17 09:37:54.328";"f";"";"0";"CONSOLIDADA";"";"A Distância";
"1221559";"13";"21947";"";"";"46506";"GRADUAÇÃO";"";"MARTINS/RN";"2014";"1";"2014-01-27";"2014-06-14";"";"31";"";"REGULAR";"t";"2014-06-20 17:39:00.327";"f";"";"0";"CONSOLIDADA";"";"A Distância";
"1221559";"13";"";"104242450";"";"46506";"GRADUAÇÃO";"";"MARTINS/RN";"2014";"1";"2014-01-27";"2014-06-14";"";"31";"";"REGULAR";"t";"2014-06-20 17:39:00.327";"f";"";"0";"CONSOLIDADA";"";"A Distância";
"1221560";"18";"";"104242450";"";"46506";"GRADUAÇÃO";"";"NATAL/RN";"2014";"1";"2014-01-27";"2014-06-14";"";"32";"";"REGULAR";"t";"2014-06-17 09:39:59.673";"f";"";"0";"CONSOLIDADA";"";"A Distância";
"1221560";"18";"21947";"";"";"46506";"GRADUAÇÃO";"";"NATAL/RN";"2014";"1";"2014-01-27";"2014-06-14";"";"32";"";"REGULAR";"t";"2014-06-17 09:39:59.673";"f";"";"0";"CONSOLIDADA";"";"A Distância";
"1221561";"03";"";"104242450";"";"46506";"GRADUAÇÃO";"";"NOVA CRUZ/RN";"2014";"1";"2014-01-27";"2014-06-14";"";"48";"";"REGULAR";"t";"2014-06-17 09:30:46.951";"f";"";"0";"CONSOLIDADA";"";"A Distância";
"1221561";"03";"21947";"";"";"46506";"GRADUAÇÃO";"";"NOVA CRUZ/RN";"2014";"1";"2014-01-27";"2014-06-14";"";"48";"";"REGULAR";"t";"2014-06-17 09:30:46.951";"f";"";"0";"CONSOLIDADA";"";"A Distância";
"1221562";"21";"21947";"";"";"46506";"GRADUAÇÃO";"";"PARNAMIRIM/RN";"2014";"1";"2014-01-27";"2014-06-14";"";"33";"";"REGULAR";"t";"2014-06-17 09:44:45.716";"f";"";"0";"CONSOLIDADA";"";"A Distância";
"1221562";"21";"";"104242450";"";"46506";"GRADUAÇÃO";"";"PARNAMIRIM/RN";"2014";"1";"2014-01-27";"2014-06-14";"";"33";"";"REGULAR";"t";"2014-06-17 09:44:45.716";"f";"";"0";"CONSOLIDADA";"";"A Distância";
"1221563";"14";"18485";"";"";"27153";"GRADUAÇÃO";"";"CAICÓ/RN";"2014";"1";"2014-01-27";"2014-06-14";"";"1";"";"REGULAR";"t";"2014-06-16 16:43:36.448";"f";"";"0";"CONSOLIDADA";"";"A Distância";
"1221564";"02B";"18485";"";"";"27153";"GRADUAÇÃO";"";"CURRAIS NOVOS/RN";"2014";"1";"2014-01-27";"2014-06-14";"";"1";"";"REGULAR";"t";"2014-06-16 16:34:50.706";"f";"";"0";"CONSOLIDADA";"";"A Distância";
"1221565";"11B";"18485";"";"";"27153";"GRADUAÇÃO";"";"EXTREMOZ/RN";"2014";"1";"2014-01-27";"2014-06-14";"";"1";"";"REGULAR";"t";"2014-06-16 16:42:48.847";"f";"";"0";"CONSOLIDADA";"";"A Distância";
"1221566";"01B";"18485";"";"";"27153";"GRADUAÇÃO";"";"MACAU/RN";"2014";"1";"2014-01-27";"2014-06-14";"";"";"";"REGULAR";"t";"";"f";"";"";"EXCLUÍDA";"";"A Distância";
"1221567";"03B";"18485";"";"";"27153";"GRADUAÇÃO";"";"NOVA CRUZ/RN";"2014";"1";"2014-01-27";"2014-06-14";"";"";"";"REGULAR";"t";"";"f";"";"";"EXCLUÍDA";"";"A Distância";
"1221568";"14B";"19122";"";"";"27121";"GRADUAÇÃO";"";"CAICÓ/RN";"2014";"1";"2014-01-27";"2014-06-14";"";"1";"";"REGULAR";"t";"2014-06-25 10:16:09.481";"f";"";"0";"CONSOLIDADA";"";"A Distância";
"1221568";"14B";"";"4942767";"";"27121";"GRADUAÇÃO";"";"CAICÓ/RN";"2014";"1";"2014-01-27";"2014-06-14";"";"1";"";"REGULAR";"t";"2014-06-25 10:16:09.481";"f";"";"0";"CONSOLIDADA";"";"A Distância";
"1221569";"02B";"";"4942767";"";"27121";"GRADUAÇÃO";"";"CURRAIS NOVOS/RN";"2014";"1";"2014-01-27";"2014-06-14";"";"4";"";"REGULAR";"t";"2014-06-25 10:13:49.214";"f";"";"0";"CONSOLIDADA";"";"A Distância";
"1221569";"02B";"19122";"";"";"27121";"GRADUAÇÃO";"";"CURRAIS NOVOS/RN";"2014";"1";"2014-01-27";"2014-06-14";"";"4";"";"REGULAR";"t";"2014-06-25 10:13:49.214";"f";"";"0";"CONSOLIDADA";"";"A Distância";
"1221570";"11B";"";"4942767";"";"27121";"GRADUAÇÃO";"";"EXTREMOZ/RN";"2014";"1";"2014-01-27";"2014-06-14";"";"5";"";"REGULAR";"t";"2014-06-25 10:06:12.095";"f";"";"0";"CONSOLIDADA";"";"A Distância";
"1221570";"11B";"19122";"";"";"27121";"GRADUAÇÃO";"";"EXTREMOZ/RN";"2014";"1";"2014-01-27";"2014-06-14";"";"5";"";"REGULAR";"t";"2014-06-25 10:06:12.095";"f";"";"0";"CONSOLIDADA";"";"A Distância";
"1221571";"01C";"19122";"";"";"27121";"GRADUAÇÃO";"";"MACAU/RN";"2014";"1";"2014-01-27";"2014-06-14";"";"";"";"REGULAR";"t";"2014-06-25 09:58:17.868";"f";"";"0";"CONSOLIDADA";"";"A Distância";
"1221571";"01C";"";"4942767";"";"27121";"GRADUAÇÃO";"";"MACAU/RN";"2014";"1";"2014-01-27";"2014-06-14";"";"";"";"REGULAR";"t";"2014-06-25 09:58:17.868";"f";"";"0";"CONSOLIDADA";"";"A Distância";
"1221572";"03B";"19122";"";"";"27121";"GRADUAÇÃO";"";"NOVA CRUZ/RN";"2014";"1";"2014-01-27";"2014-06-14";"";"3";"";"REGULAR";"t";"2014-06-25 10:14:59.513";"f";"";"0";"CONSOLIDADA";"";"A Distância";
"1221572";"03B";"";"4942767";"";"27121";"GRADUAÇÃO";"";"NOVA CRUZ/RN";"2014";"1";"2014-01-27";"2014-06-14";"";"3";"";"REGULAR";"t";"2014-06-25 10:14:59.513";"f";"";"0";"CONSOLIDADA";"";"A Distância";
"1221573";"14";"5751854";"";"";"27182";"GRADUAÇÃO";"";"CAICÓ/RN";"2014";"1";"2014-01-27";"2014-06-14";"";"";"";"REGULAR";"t";"";"f";"";"";"EXCLUÍDA";"";"A Distância";
"1221574";"04";"5751854";"";"";"27182";"GRADUAÇÃO";"";"CAMPINA GRANDE/PB";"2014";"1";"2014-01-27";"2014-06-14";"";"4";"";"REGULAR";"t";"2014-06-20 18:46:58.607";"f";"";"0";"CONSOLIDADA";"";"A Distância";
"1221575";"02";"5751854";"";"";"27182";"GRADUAÇÃO";"";"CURRIAS NOVOS/RN";"2014";"1";"2014-01-27";"2014-06-14";"";"5";"";"REGULAR";"t";"2014-06-20 09:40:59.886";"f";"";"0";"CONSOLIDADA";"";"A Distância";
"1221576";"11";"5751854";"";"";"27182";"GRADUAÇÃO";"";"EXTREMOZ/RN";"2014";"1";"2014-01-27";"2014-06-14";"";"5";"";"REGULAR";"t";"2014-06-20 09:39:12.325";"f";"";"0";"CONSOLIDADA";"";"A Distância";
"1221577";"03";"5751854";"";"";"27182";"GRADUAÇÃO";"";"NOVA CRUZ/RN";"2014";"1";"2014-01-27";"2014-06-14";"";"1";"";"REGULAR";"t";"2014-06-20 09:38:26.191";"f";"";"0";"CONSOLIDADA";"";"A Distância";
"1221579";"01";"5753035";"";"";"54146";"GRADUAÇÃO";"Campus Central";"3B6";"2014";"1";"2014-01-27";"2014-06-14";"24T34";"55";"65";"REGULAR";"f";"2014-06-18 08:59:51.062";"f";"";"66";"CONSOLIDADA";"";"Presencial";
"1221579";"01";"";"97037750";"";"54146";"GRADUAÇÃO";"Campus Central";"3B6";"2014";"1";"2014-01-27";"2014-06-14";"24T34";"55";"65";"REGULAR";"f";"2014-06-18 08:59:51.062";"f";"";"66";"CONSOLIDADA";"";"Presencial";
"1221580";"05";"18766";"";"";"25577";"GRADUAÇÃO";"Campus Central";"3C3";"2014";"1";"2014-01-27";"2014-06-14";"246M34";"29";"60";"REGULAR";"f";"2014-06-09 10:55:24.331";"f";"";"108";"CONSOLIDADA";"";"Presencial";
"1221581";"14E";"5753849";"";"";"46634";"GRADUAÇÃO";"";"CAICÓ/RN";"2014";"1";"2014-01-27";"2014-06-14";"";"3";"";"REGULAR";"t";"2014-06-21 10:26:05.799";"f";"";"0";"CONSOLIDADA";"";"A Distância";
"1221582";"02E";"5753849";"";"";"46634";"GRADUAÇÃO";"";"CURRAIS NOVOS/RN";"2014";"1";"2014-01-27";"2014-06-14";"";"2";"";"REGULAR";"t";"2014-06-21 10:24:45.011";"f";"";"0";"CONSOLIDADA";"";"A Distância";
"1221583";"11B";"5753849";"";"";"46634";"GRADUAÇÃO";"";"EXTREMOZ/RN";"2014";"1";"2014-01-27";"2014-06-14";"";"8";"";"REGULAR";"t";"2014-06-21 17:39:30.565";"f";"";"0";"CONSOLIDADA";"";"A Distância";
"1221584";"01E";"5753849";"";"";"46634";"GRADUAÇÃO";"";"MACAU/RN";"2014";"1";"2014-01-27";"2014-06-14";"";"1";"";"REGULAR";"t";"2014-06-21 14:15:01.098";"f";"";"0";"CONSOLIDADA";"";"A Distância";
"1221585";"03E";"5753849";"";"";"46634";"GRADUAÇÃO";"";"NOVA CRUZ/RN";"2014";"1";"2014-01-27";"2014-06-14";"";"16";"";"REGULAR";"t";"2014-06-21 17:38:51.406";"f";"";"0";"CONSOLIDADA";"";"A Distância";
"1221586";"05";"5753425";"";"";"22912";"GRADUAÇÃO";"Campus Central";"3E2";"2014";"1";"2014-01-27";"2014-06-14";"35M12";"34";"50";"REGULAR";"f";"2014-06-18 10:50:01.121";"f";"";"78";"CONSOLIDADA";"";"Presencial";
"1221587";"03";"16988";"";"";"20033";"GRADUAÇÃO";"Campus Central";"3C3";"2014";"1";"2014-01-27";"2014-06-14";"35M12";"28";"60";"REGULAR";"f";"2014-06-10 08:38:36.558";"f";"";"66";"CONSOLIDADA";"";"Presencial";
"1221588";"04";"22936";"";"";"20033";"GRADUAÇÃO";"Campus Central";"3B5";"2014";"1";"2014-01-27";"2014-06-14";"35T56";"44";"55";"REGULAR";"f";"2014-06-02 08:16:01.024";"f";"";"66";"CONSOLIDADA";"";"Presencial";
"1221589";"05";"5756348";"";"";"20033";"GRADUAÇÃO";"Campus Central";"3B6";"2014";"1";"2014-01-27";"2014-06-14";"35T56";"7";"55";"REGULAR";"f";"2014-06-06 15:49:45.83";"f";"";"68";"CONSOLIDADA";"";"Presencial";
"1221590";"06";"17726";"";"";"20033";"GRADUAÇÃO";"Campus Central";"3B6";"2014";"1";"2014-01-27";"2014-06-14";"35N34";"37";"40";"REGULAR";"f";"2014-06-14 22:08:36.214";"f";"";"70";"CONSOLIDADA";"";"Presencial";
"1221591";"11";"5751879";"";"";"25562";"GRADUAÇÃO";"Campus Central";"Lab. Experimental I";"2014";"1";"2014-01-27";"2014-06-14";"3T456";"15";"15";"REGULAR";"f";"2014-06-13 14:54:58.494";"f";"";"54";"CONSOLIDADA";"";"Presencial";
"1221592";"03";"5752171";"";"";"22937";"GRADUAÇÃO";"Campus Central";"3G1";"2014";"1";"2014-01-27";"2014-06-14";"35M34";"17";"40";"REGULAR";"f";"2014-06-12 13:56:09.169";"f";"";"70";"CONSOLIDADA";"";"Presencial";
"1221593";"01";"17913";"";"";"25574";"GRADUAÇÃO";"Campus Central";"3C2";"2014";"1";"2014-01-27";"2014-06-14";"2M56";"26";"61";"REGULAR";"f";"2014-07-03 10:13:57.621";"f";"";"34";"CONSOLIDADA";"";"Presencial";
"1221594";"01";"26026";"";"";"22984";"GRADUAÇÃO";"Campus Central";"Lab. de Física Moderna";"2014";"1";"2014-01-27";"2014-06-14";"35M56";"1";"15";"REGULAR";"f";"2014-06-15 10:39:17.082";"f";"";"72";"CONSOLIDADA";"";"Presencial";
"1221595";"01";"5753762";"";"";"21754";"GRADUAÇÃO";"Campus Central";"Lab. de Física Computacional";"2014";"1";"2014-01-27";"2014-06-14";"35M34";"11";"20";"REGULAR";"f";"2014-06-11 17:25:51.171";"f";"";"72";"CONSOLIDADA";"";"Presencial";
"1221596";"01";"5752237";"";"";"22928";"GRADUAÇÃO";"Campus Central";"3F3";"2014";"1";"2014-01-27";"2014-06-14";"46M12";"24";"30";"REGULAR";"f";"2014-06-21 19:53:47.364";"f";"";"76";"CONSOLIDADA";"";"Presencial";
"1221598";"01";"5756222";"";"";"22943";"GRADUAÇÃO";"Campus Central";"3F3";"2014";"1";"2014-01-27";"2014-06-14";"246M34";"7";"30";"REGULAR";"f";"2014-06-13 22:19:22.536";"f";"";"106";"CONSOLIDADA";"";"Presencial";
"1221599";"01";"26026";"";"";"22932";"GRADUAÇÃO";"Campus Central";"3E4";"2014";"1";"2014-01-27";"2014-06-14";"35M12";"12";"30";"REGULAR";"f";"2014-06-15 10:23:12.68";"f";"";"74";"CONSOLIDADA";"";"Presencial";
"1221600";"01";"5753762";"";"";"22968";"GRADUAÇÃO";"Campus Central";"3F3";"2014";"1";"2014-01-27";"2014-06-14";"246M56";"7";"20";"REGULAR";"f";"2014-06-11 18:08:29.064";"f";"";"108";"CONSOLIDADA";"";"Presencial";
"1221601";"01";"17279";"";"";"22959";"GRADUAÇÃO";"Campus Central";"Sala de Seminários II";"2014";"1";"2014-01-27";"2014-06-14";"35M34";"11";"20";"REGULAR";"f";"2014-06-10 10:23:03.726";"f";"";"70";"CONSOLIDADA";"";"Presencial";
"1221602";"01";"5751879";"";"";"22967";"GRADUAÇÃO";"Campus Central";"3B3";"2014";"1";"2014-01-27";"2014-06-14";"24M34";"3";"30";"REGULAR";"f";"2014-06-13 14:18:24.801";"f";"";"74";"CONSOLIDADA";"";"Presencial";
"1221603";"01";"5753880";"";"";"22979";"GRADUAÇÃO";"Campus Central";"3F4";"2014";"1";"2014-01-27";"2014-06-14";"35M34";"16";"30";"REGULAR";"f";"2014-06-22 08:42:21.937";"f";"";"68";"CONSOLIDADA";"";"Presencial";
"1221603";"01";"23404";"";"";"22979";"GRADUAÇÃO";"Campus Central";"3F4";"2014";"1";"2014-01-27";"2014-06-14";"35M34";"16";"30";"REGULAR";"f";"2014-06-22 08:42:21.937";"f";"";"68";"CONSOLIDADA";"";"Presencial";
"1221604";"01";"17279";"";"";"22929";"GRADUAÇÃO";"Campus Central";"Sala Seminários II";"2014";"1";"2014-01-27";"2014-06-14";"35T34";"21";"21";"REGULAR";"f";"2014-06-10 10:28:13.839";"f";"";"70";"CONSOLIDADA";"";"Presencial";
"1221605";"02";"16903";"";"";"22929";"GRADUAÇÃO";"Campus Central";"PROIN";"2014";"1";"2014-01-27";"2014-06-14";"35T34";"7";"50";"REGULAR";"f";"2014-06-18 17:03:38.684";"f";"";"70";"CONSOLIDADA";"";"Presencial";
"1221606";"01";"5755427";"";"";"22926";"GRADUAÇÃO";"Campus Central";"Lab. de Mecânica - Dpto. de Física";"2014";"1";"2014-01-27";"2014-06-14";"3T56";"4";"20";"REGULAR";"f";"2014-06-05 11:33:26.953";"f";"";"34";"CONSOLIDADA";"";"Presencial";
"1221607";"01";"21925";"";"";"22983";"GRADUAÇÃO";"Campus Central";"Lab. de Fluidos e Termodinâmica";"2014";"1";"2014-01-27";"2014-06-14";"3M56";"11";"20";"REGULAR";"f";"2014-06-18 16:13:00.36";"f";"";"36";"CONSOLIDADA";"";"Presencial";
"1221608";"01";"5755427";"";"";"25576";"GRADUAÇÃO";"Campus Central";"Lab. de Eletromagnetismo - Dpto de Física";"2014";"1";"2014-01-27";"2014-06-14";"5M56";"4";"20";"REGULAR";"f";"2014-06-16 11:05:03.097";"f";"";"34";"CONSOLIDADA";"";"Presencial";
"1221609";"01";"5754619";"";"";"22939";"GRADUAÇÃO";"Campus Central";"Laboratório de Ondas e Óptica";"2014";"1";"2014-01-27";"2014-06-14";"3M56";"11";"20";"REGULAR";"f";"2014-06-09 13:15:01.99";"f";"";"36";"CONSOLIDADA";"";"Presencial";
"1221610";"02";"16943";"";"";"25575";"GRADUAÇÃO";"Campus Central";"3C3";"2014";"1";"2014-01-27";"2014-06-14";"246N12";"61";"71";"REGULAR";"f";"2014-07-03 08:31:11.826";"f";"";"106";"CONSOLIDADA";"";"Presencial";
"1221611";"03";"";"11121760";"";"25575";"GRADUAÇÃO";"Campus Central";"3F6";"2014";"1";"2014-01-27";"2014-06-14";"246N34";"37";"50";"REGULAR";"f";"2014-06-16 21:07:14.088";"f";"";"110";"CONSOLIDADA";"";"Presencial";
"1221612";"01";"5756348";"";"";"22930";"GRADUAÇÃO";"Campus Central";"3B6";"2014";"1";"2014-01-27";"2014-06-14";"246N12";"40";"45";"REGULAR";"f";"2014-06-10 14:22:19.787";"f";"";"98";"CONSOLIDADA";"";"Presencial";
"1221613";"01";"5756223";"";"";"22989";"GRADUAÇÃO";"Campus Central";"3B2";"2014";"1";"2014-01-27";"2014-06-14";"246N12";"8";"25";"REGULAR";"f";"2014-06-09 17:02:19.296";"f";"";"102";"CONSOLIDADA";"";"Presencial";
"1221614";"01";"5756204";"";"";"22997";"GRADUAÇÃO";"Campus Central";"Lab. de Física Moderna";"2014";"1";"2014-01-27";"2014-06-14";"24N12";"22";"16";"REGULAR";"f";"2014-06-16 13:19:00.652";"f";"";"74";"CONSOLIDADA";"";"Presencial";
"1221615";"02";"21925";"";"";"23578";"GRADUAÇÃO";"Campus Central";"3B6";"2014";"1";"2014-01-27";"2014-06-14";"35N12";"28";"40";"REGULAR";"f";"2014-06-18 16:54:07.756";"f";"";"70";"CONSOLIDADA";"";"Presencial";
"1221616";"01";"16903";"";"";"23003";"GRADUAÇÃO";"Campus Central";"PROIN";"2014";"1";"2014-01-27";"2014-06-14";"24N34";"18";"30";"REGULAR";"f";"2014-06-18 17:25:49.605";"f";"";"68";"CONSOLIDADA";"";"Presencial";
"1221617";"01";"5754619";"";"";"25896";"GRADUAÇÃO";"Campus Central";"PROIN";"2014";"1";"2014-01-27";"2014-06-14";"5N12";"16";"30";"REGULAR";"f";"2014-06-06 08:06:02.033";"f";"";"34";"CONSOLIDADA";"";"Presencial";
"1221618";"01";"5756679";"";"";"22985";"GRADUAÇÃO";"Campus Central";"3F4";"2014";"1";"2014-01-27";"2014-06-14";"24N12";"25";"30";"REGULAR";"f";"2014-06-18 13:25:37.263";"f";"";"74";"CONSOLIDADA";"";"Presencial";
"1221618";"01";"5753880";"";"";"22985";"GRADUAÇÃO";"Campus Central";"3F4";"2014";"1";"2014-01-27";"2014-06-14";"24N12";"25";"30";"REGULAR";"f";"2014-06-18 13:25:37.263";"f";"";"74";"CONSOLIDADA";"";"Presencial";
"1221619";"01";"22740";"";"";"21743";"GRADUAÇÃO";"Campus Central";"Lab. Básico de Mecânica - Dpto. de Física";"2014";"1";"2014-01-27";"2014-06-14";"2N34";"10";"20";"REGULAR";"f";"2014-06-17 12:28:31.285";"f";"";"36";"CONSOLIDADA";"";"Presencial";
"1221620";"01";"21925";"";"";"23572";"GRADUAÇÃO";"Campus Central";"Lab. Básico de Fluidos e Termodinâmica";"2014";"1";"2014-01-27";"2014-06-14";"6N12";"17";"20";"REGULAR";"f";"2014-06-18 16:11:23.504";"f";"";"36";"CONSOLIDADA";"";"Presencial";
"1221621";"01";"22740";"";"";"22999";"GRADUAÇÃO";"Campus Central";"Lab Básico de Eletromagnetismo - Dpto. de Física";"2014";"1";"2014-01-27";"2014-06-14";"3N12";"5";"20";"REGULAR";"f";"2014-06-17 12:32:26.994";"f";"";"38";"CONSOLIDADA";"";"Presencial";
"1221622";"01";"5754619";"";"";"23000";"GRADUAÇÃO";"Campus Central";"Lab . Básico de Ondas e Óptica";"2014";"1";"2014-01-27";"2014-06-14";"2N34";"5";"20";"REGULAR";"f";"2014-06-09 13:13:30.018";"f";"";"36";"CONSOLIDADA";"";"Presencial";
"1221625";"01";"22740";"";"";"22994";"GRADUAÇÃO";"Campus Central";"3B1";"2014";"1";"2014-01-27";"2014-06-14";"46N34";"28";"30";"REGULAR";"f";"2014-06-17 12:35:17.49";"f";"";"72";"CONSOLIDADA";"";"Presencial";
"1221626";"01";"22702";"";"";"41739";"GRADUAÇÃO";"Campus Central";"IC4";"2014";"1";"2014-01-27";"2014-06-14";"35M12";"29";"40";"REGULAR";"f";"2014-06-11 16:50:18.71";"f";"";"66";"CONSOLIDADA";"";"Presencial";
"1221627";"01";"19250";"";"";"25320";"GRADUAÇÃO";"Campus Central";"IB5";"2014";"1";"2014-01-27";"2014-06-14";"35T12";"44";"50";"REGULAR";"f";"2014-06-10 09:08:08.801";"f";"";"68";"CONSOLIDADA";"";"Presencial";
"1221628";"14E";"5755444";"";"";"46630";"GRADUAÇÃO";"";"CAICÓ/RN";"2014";"1";"2014-01-27";"2014-06-14";"";"2";"";"REGULAR";"t";"2014-06-25 20:10:36.03";"f";"";"0";"CONSOLIDADA";"";"A Distância";
"1221629";"02E";"5755444";"";"";"46630";"GRADUAÇÃO";"";"CURRAIS NOVOS/RN";"2014";"1";"2014-01-27";"2014-06-14";"";"3";"";"REGULAR";"t";"2014-06-25 20:00:26.262";"f";"";"0";"CONSOLIDADA";"";"A Distância";
"1221630";"11B";"5755444";"";"";"46630";"GRADUAÇÃO";"";"EXTREMOZ/RN";"2014";"1";"2014-01-27";"2014-06-14";"";"6";"";"REGULAR";"t";"2014-06-26 23:18:22.781";"f";"";"0";"CONSOLIDADA";"";"A Distância";
"1221631";"01E";"5755444";"";"";"46630";"GRADUAÇÃO";"";"MACAU/RN";"2014";"1";"2014-01-27";"2014-06-14";"";"";"";"REGULAR";"t";"2014-06-25 19:17:01.485";"f";"";"0";"CONSOLIDADA";"";"A Distância";
"1221632";"03D";"5755444";"";"";"46630";"GRADUAÇÃO";"";"NOVA CRUZ/RN";"2014";"1";"2014-01-27";"2014-06-14";"";"4";"";"REGULAR";"t";"2014-06-26 23:26:43.147";"f";"";"0";"CONSOLIDADA";"";"A Distância";
"1221633";"01";"19250";"";"";"25319";"GRADUAÇÃO";"Campus Central";"IV-I5";"2014";"1";"2014-01-27";"2014-06-14";"24M56";"18";"40";"REGULAR";"f";"2014-06-13 22:40:48.782";"f";"";"72";"CONSOLIDADA";"";"Presencial";
"1221634";"05";"75860";"";"";"22927";"GRADUAÇÃO";"Campus Central";"3C2";"2014";"1";"2014-01-27";"2014-06-14";"35M12";"11";"60";"REGULAR";"f";"2014-06-22 19:16:45.754";"f";"";"66";"CONSOLIDADA";"";"Presencial";
"1221635";"01";"5756317";"";"";"41691";"GRADUAÇÃO";"Campus Central";"IC3";"2014";"1";"2014-01-27";"2014-06-14";"2M34 6M12";"15";"40";"REGULAR";"f";"2014-06-12 16:04:42.806";"f";"";"70";"CONSOLIDADA";"";"Presencial";
"1221636";"01";"5756370";"";"";"41685";"GRADUAÇÃO";"Campus Central";"IC3";"2014";"1";"2014-01-27";"2014-06-14";"26N12";"33";"45";"REGULAR";"f";"2014-06-18 18:45:50.07";"f";"";"68";"CONSOLIDADA";"";"Presencial";
"1221637";"14";"19180";"";"";"27123";"GRADUAÇÃO";"";"CAICÓ/RN";"2014";"1";"2014-01-27";"2014-06-14";"";"9";"";"REGULAR";"t";"2014-06-18 09:24:59.336";"f";"";"0";"CONSOLIDADA";"";"A Distância";
"1221638";"02B";"19180";"";"";"27123";"GRADUAÇÃO";"";"CURRIAS NOVOS/RN";"2014";"1";"2014-01-27";"2014-06-14";"";"5";"";"REGULAR";"t";"2014-06-18 09:23:26.448";"f";"";"0";"CONSOLIDADA";"";"A Distância";
"1221639";"11";"19180";"";"";"27123";"GRADUAÇÃO";"";"EXTREMOZ/RN";"2014";"1";"2014-01-27";"2014-06-14";"";"12";"";"REGULAR";"t";"2014-06-13 12:29:15.221";"f";"";"0";"CONSOLIDADA";"";"A Distância";
"1221640";"15";"19180";"";"";"27123";"GRADUAÇÃO";"";"LAJES/RN";"2014";"1";"2014-01-27";"2014-06-14";"";"1";"";"REGULAR";"t";"2014-06-06 07:40:57.092";"f";"";"0";"CONSOLIDADA";"";"A Distância";
"1221641";"01B";"19180";"";"";"27123";"GRADUAÇÃO";"";"MACAU/RN";"2014";"1";"2014-01-27";"2014-06-14";"";"";"";"REGULAR";"t";"";"f";"";"";"EXCLUÍDA";"";"A Distância";
"1221642";"03";"19180";"";"";"27123";"GRADUAÇÃO";"";"NOVA CRUZ/RN";"2014";"1";"2014-01-27";"2014-06-14";"";"22";"";"REGULAR";"t";"2014-06-13 12:33:18.88";"f";"";"0";"CONSOLIDADA";"";"A Distância";
"1221643";"14";"5753597";"";"";"42411";"GRADUAÇÃO";"";"CAICÓ/RN";"2014";"1";"2014-01-27";"2014-06-14";"";"";"";"REGULAR";"t";"";"f";"";"";"EXCLUÍDA";"";"A Distância";
"1221644";"02";"5753597";"";"";"42411";"GRADUAÇÃO";"";"CURRIAS NOVOS/RN";"2014";"1";"2014-01-27";"2014-06-14";"";"3";"";"REGULAR";"t";"2014-06-22 15:49:39.506";"f";"";"0";"CONSOLIDADA";"";"A Distância";
"1221645";"11";"5753597";"";"";"42411";"GRADUAÇÃO";"";"EXTREMOZ/RN";"2014";"1";"2014-01-27";"2014-06-14";"";"3";"";"REGULAR";"t";"2014-06-20 19:45:16.857";"f";"";"0";"CONSOLIDADA";"";"A Distância";
"1221646";"01";"5753597";"";"";"42411";"GRADUAÇÃO";"";"MACAU/RN";"2014";"1";"2014-01-27";"2014-06-14";"";"3";"";"REGULAR";"t";"2014-06-21 11:49:52.813";"f";"";"0";"CONSOLIDADA";"";"A Distância";
"1221647";"03";"5753597";"";"";"42411";"GRADUAÇÃO";"";"NOVA CRUZ/RN";"2014";"1";"2014-01-27";"2014-06-14";"";"1";"";"REGULAR";"t";"2014-06-21 11:39:42.449";"f";"";"0";"CONSOLIDADA";"";"A Distância";
"1221648";"04";"5752764";"";"";"27179";"GRADUAÇÃO";"";"CAMPINA GRANDE/PB";"2014";"1";"2014-01-27";"2014-06-14";"";"1";"";"REGULAR";"t";"2014-06-10 14:33:32.789";"f";"";"0";"CONSOLIDADA";"";"A Distância";
"1221649";"02";"5752764";"";"";"27179";"GRADUAÇÃO";"";"CURRIAS NOVOS/RN";"2014";"1";"2014-01-27";"2014-06-14";"";"";"";"REGULAR";"t";"";"f";"";"";"EXCLUÍDA";"";"A Distância";
"1221650";"01";"5752764";"";"";"27179";"GRADUAÇÃO";"";"MACAU/RN";"2014";"1";"2014-01-27";"2014-06-14";"";"4";"";"REGULAR";"t";"2014-06-10 14:31:06.488";"f";"";"0";"CONSOLIDADA";"";"A Distância";
"1221651";"03";"5752764";"";"";"27179";"GRADUAÇÃO";"";"NOVA CRUZ/RN";"2014";"1";"2014-01-27";"2014-06-14";"";"3";"";"REGULAR";"t";"2014-06-10 14:32:22.583";"f";"";"0";"CONSOLIDADA";"";"A Distância";
"1221652";"01";"5755911";"";"";"46256";"GRADUAÇÃO";"Campus Central";"Sala 21 - DEART";"2014";"1";"2014-01-27";"2014-06-14";"24M12";"89";"37";"REGULAR";"f";"2014-06-21 11:13:08.486";"f";"";"72";"CONSOLIDADA";"";"Presencial";
"1221653";"02";"5755904";"";"";"46256";"GRADUAÇÃO";"Campus Central";"SALA 8 - Educação Física";"2014";"1";"2014-01-27";"2014-06-14";"35M56";"84";"36";"REGULAR";"f";"2014-06-11 17:21:55.921";"f";"";"66";"CONSOLIDADA";"";"Presencial";
"1221654";"14";"5752299";"";"";"27149";"GRADUAÇÃO";"";"CAICÓ/RN";"2014";"1";"2014-01-27";"2014-06-14";"";"5";"";"REGULAR";"t";"2014-06-18 11:41:31.677";"f";"";"0";"CONSOLIDADA";"";"A Distância";
"1221654";"14";"21391";"";"";"27149";"GRADUAÇÃO";"";"CAICÓ/RN";"2014";"1";"2014-01-27";"2014-06-14";"";"5";"";"REGULAR";"t";"2014-06-18 11:41:31.677";"f";"";"0";"CONSOLIDADA";"";"A Distância";
"1221655";"02A";"5752299";"";"";"27149";"GRADUAÇÃO";"";"CURRIAS NOVOS/RN";"2014";"1";"2014-01-27";"2014-06-14";"";"4";"";"REGULAR";"t";"2014-06-09 11:22:01.13";"f";"";"0";"CONSOLIDADA";"";"A Distância";
"1221655";"02A";"21391";"";"";"27149";"GRADUAÇÃO";"";"CURRIAS NOVOS/RN";"2014";"1";"2014-01-27";"2014-06-14";"";"4";"";"REGULAR";"t";"2014-06-09 11:22:01.13";"f";"";"0";"CONSOLIDADA";"";"A Distância";
"1221656";"11";"5752299";"";"";"27149";"GRADUAÇÃO";"";"EXTREMOZ/RN";"2014";"1";"2014-01-27";"2014-06-14";"";"9";"";"REGULAR";"t";"2014-06-09 11:31:18.447";"f";"";"0";"CONSOLIDADA";"";"A Distância";
"1221656";"11";"21391";"";"";"27149";"GRADUAÇÃO";"";"EXTREMOZ/RN";"2014";"1";"2014-01-27";"2014-06-14";"";"9";"";"REGULAR";"t";"2014-06-09 11:31:18.447";"f";"";"0";"CONSOLIDADA";"";"A Distância";
"1221657";"01B";"5752299";"";"";"27149";"GRADUAÇÃO";"";"MACAU/RN";"2014";"1";"2014-01-27";"2014-06-14";"";"";"";"REGULAR";"t";"2014-06-18 11:28:52.001";"f";"";"0";"CONSOLIDADA";"";"A Distância";
"1221657";"01B";"21391";"";"";"27149";"GRADUAÇÃO";"";"MACAU/RN";"2014";"1";"2014-01-27";"2014-06-14";"";"";"";"REGULAR";"t";"2014-06-18 11:28:52.001";"f";"";"0";"CONSOLIDADA";"";"A Distância";
"1221658";"03B";"5752299";"";"";"27149";"GRADUAÇÃO";"";"NOVA CRUZ/RN";"2014";"1";"2014-01-27";"2014-06-14";"";"7";"";"REGULAR";"t";"2014-06-18 11:36:45.264";"f";"";"0";"CONSOLIDADA";"";"A Distância";
"1221658";"03B";"21391";"";"";"27149";"GRADUAÇÃO";"";"NOVA CRUZ/RN";"2014";"1";"2014-01-27";"2014-06-14";"";"7";"";"REGULAR";"t";"2014-06-18 11:36:45.264";"f";"";"0";"CONSOLIDADA";"";"A Distância";
"1221659";"03";"5755911";"";"";"46256";"GRADUAÇÃO";"Campus Central";"3C2";"2014";"1";"2014-01-27";"2014-06-14";"35M34";"60";"35";"REGULAR";"f";"2014-06-21 11:20:03.468";"f";"";"72";"CONSOLIDADA";"";"Presencial";
"1221660";"14B";"5756452";"";"";"46909";"GRADUAÇÃO";"";"CAICÓ/RN";"2014";"1";"2014-01-27";"2014-06-14";"";"";"";"REGULAR";"t";"2014-06-12 19:04:01.676";"f";"";"0";"CONSOLIDADA";"";"A Distância";
"1221661";"02C";"5756452";"";"";"46909";"GRADUAÇÃO";"";"CURRAIS NOVOS/RN";"2014";"1";"2014-01-27";"2014-06-14";"";"2";"";"REGULAR";"t";"2014-06-12 18:55:20.129";"f";"";"0";"CONSOLIDADA";"";"A Distância";
"1221662";"11C";"5756452";"";"";"46909";"GRADUAÇÃO";"";"EXTREMOZ/RN";"2014";"1";"2014-01-27";"2014-06-14";"";"1";"";"REGULAR";"t";"";"f";"";"";"EXCLUÍDA";"";"A Distância";
"1221663";"01C";"5756452";"";"";"46909";"GRADUAÇÃO";"";"MACAU/RN";"2014";"1";"2014-01-27";"2014-06-14";"";"";"";"REGULAR";"t";"2014-06-12 19:01:27.851";"f";"";"0";"CONSOLIDADA";"";"A Distância";
"1221664";"03B";"5756452";"";"";"46909";"GRADUAÇÃO";"";"NOVA CRUZ/RN";"2014";"1";"2014-01-27";"2014-06-14";"";"2";"";"REGULAR";"t";"2014-06-12 19:03:03.969";"f";"";"0";"CONSOLIDADA";"";"A Distância";
"1221665";"14A";"5753629";"";"";"27177";"GRADUAÇÃO";"";"CAICÓ/RN";"2014";"1";"2014-01-27";"2014-06-14";"";"6";"";"REGULAR";"t";"2014-06-17 07:45:55.103";"f";"";"0";"CONSOLIDADA";"";"A Distância";
"1221666";"02A";"5753629";"";"";"27177";"GRADUAÇÃO";"";"CURRIAS NOVOS/RN";"2014";"1";"2014-01-27";"2014-06-14";"";"2";"";"REGULAR";"t";"2014-06-17 07:35:57.011";"f";"";"0";"CONSOLIDADA";"";"A Distância";
"1221667";"11A";"5753629";"";"";"27177";"GRADUAÇÃO";"";"EXTREMOZ/RN";"2014";"1";"2014-01-27";"2014-06-14";"";"5";"";"REGULAR";"t";"2014-06-17 07:43:42.045";"f";"";"0";"CONSOLIDADA";"";"A Distância";
"1221668";"01A";"5753629";"";"";"27177";"GRADUAÇÃO";"";"MACAU/RN";"2014";"1";"2014-01-27";"2014-06-14";"";"";"";"REGULAR";"t";"";"f";"";"";"EXCLUÍDA";"";"A Distância";
"1221669";"03A";"5753629";"";"";"27177";"GRADUAÇÃO";"";"NOVA CRUZ/RN";"2014";"1";"2014-01-27";"2014-06-14";"";"";"";"REGULAR";"t";"";"f";"";"";"EXCLUÍDA";"";"A Distância";
"1221670";"04";"5753638";"";"";"46256";"GRADUAÇÃO";"Campus Central";"3C2";"2014";"1";"2014-01-27";"2014-06-14";"35T56";"129";"35";"REGULAR";"f";"2014-06-13 12:22:00.852";"f";"";"72";"CONSOLIDADA";"";"Presencial";
"1221671";"05";"5755911";"";"";"46256";"GRADUAÇÃO";"Campus Central";"CB - CATOLÉ";"2014";"1";"2014-01-27";"2014-06-14";"35M56";"65";"35";"REGULAR";"f";"2014-06-21 11:16:00.434";"f";"";"72";"CONSOLIDADA";"";"Presencial";
"1221672";"06";"5755924";"";"";"46256";"GRADUAÇÃO";"Campus Central";"CB - CARNAÚBA";"2014";"1";"2014-01-27";"2014-06-14";"35N34";"86";"39";"REGULAR";"f";"2014-06-17 15:07:00.63";"f";"";"74";"CONSOLIDADA";"";"Presencial";
"1221673";"07";"5755929";"";"";"46256";"GRADUAÇÃO";"Campus Central";"T7 - 3H9";"2014";"1";"2014-01-27";"2014-06-14";"35N12";"74";"35";"REGULAR";"f";"2014-06-17 23:44:39.341";"f";"";"68";"CONSOLIDADA";"";"Presencial";
"1221674";"08";"5755924";"";"";"46256";"GRADUAÇÃO";"Campus Central";"3F4";"2014";"1";"2014-01-27";"2014-06-14";"24N34";"99";"35";"REGULAR";"f";"2014-06-17 15:12:01";"f";"";"74";"CONSOLIDADA";"";"Presencial";
"1221675";"09";"5755924";"";"";"46256";"GRADUAÇÃO";"Campus Central";"2I13";"2014";"1";"2014-01-27";"2014-06-14";"24N12";"113";"35";"REGULAR";"f";"2014-06-17 15:15:19.124";"f";"";"74";"CONSOLIDADA";"";"Presencial";
"1221676";"10";"5755929";"";"";"46256";"GRADUAÇÃO";"Campus Central";"2I11";"2014";"1";"2014-01-27";"2014-06-14";"35M56";"72";"40";"REGULAR";"f";"2014-06-18 00:02:32.92";"f";"";"68";"CONSOLIDADA";"";"Presencial";
"1221677";"11";"5755911";"";"";"46256";"GRADUAÇÃO";"Campus Central";"2D3";"2014";"1";"2014-01-27";"2014-06-14";"35M12";"84";"35";"REGULAR";"f";"2014-06-21 11:10:38.135";"f";"";"72";"CONSOLIDADA";"";"Presencial";
"1221678";"12";"5755904";"";"";"46256";"GRADUAÇÃO";"Campus Central";"Sala 03 - HUOL";"2014";"1";"2014-01-27";"2014-06-14";"6M2345";"122";"37";"REGULAR";"f";"2014-06-11 17:44:26.805";"f";"";"68";"CONSOLIDADA";"";"Presencial";
"1221679";"02";"5755460";"";"";"43428";"GRADUAÇÃO";"Campus Santa Cruz";"Bloco I - Sala 13";"2014";"1";"2014-01-27";"2014-06-14";"4T123";"31";"40";"REGULAR";"f";"2014-06-14 21:17:15.946";"f";"";"57";"CONSOLIDADA";"";"Presencial";
"1221679";"02";"5752021";"";"";"43428";"GRADUAÇÃO";"Campus Santa Cruz";"Bloco I - Sala 13";"2014";"1";"2014-01-27";"2014-06-14";"4T123";"31";"40";"REGULAR";"f";"2014-06-14 21:17:15.946";"f";"";"57";"CONSOLIDADA";"";"Presencial";
"1221682";"01";"5755413";"";"";"2040154";"GRADUAÇÃO";"Campus Central";"4 A3";"2014";"1";"2014-01-27";"2014-06-14";"5M34";"12";"22";"REGULAR";"f";"2014-06-20 13:23:39.346";"f";"";"36";"CONSOLIDADA";"";"Presencial";
"1221683";"02";"5755413";"";"";"2040154";"GRADUAÇÃO";"Campus Central";"4 A2";"2014";"1";"2014-01-27";"2014-06-14";"6M34";"10";"20";"REGULAR";"f";"2014-06-17 13:27:37.556";"f";"";"36";"CONSOLIDADA";"";"Presencial";
"1221684";"01";"5752796";"";"";"41922";"GRADUAÇÃO";"Campus Central";"2-I-10";"2014";"1";"2014-01-27";"2014-06-14";"35T56";"13";"25";"REGULAR";"f";"2014-06-13 00:11:47.082";"f";"";"74";"CONSOLIDADA";"";"Presencial";
"1221685";"01";"5756317";"";"";"41688";"GRADUAÇÃO";"Campus Central";"IC3";"2014";"1";"2014-01-27";"2014-06-14";"2N34 4N12";"26";"50";"REGULAR";"f";"2014-06-12 16:03:07.928";"f";"";"66";"CONSOLIDADA";"";"Presencial";
"1221686";"01";"5752665";"";"";"41674";"GRADUAÇÃO";"Campus Central";"IC2";"2014";"1";"2014-01-27";"2014-06-14";"35N34";"47";"60";"REGULAR";"f";"2014-06-12 00:01:03.995";"f";"";"72";"CONSOLIDADA";"";"Presencial";
"1221687";"01";"5756191";"";"";"41676";"GRADUAÇÃO";"Campus Central";"IC2";"2014";"1";"2014-01-27";"2014-06-14";"4N34 6N12";"32";"60";"REGULAR";"f";"2014-06-12 23:48:18.534";"f";"";"66";"CONSOLIDADA";"";"Presencial";
"1221688";"01";"5756191";"";"";"41684";"GRADUAÇÃO";"Campus Central";"IC2";"2014";"1";"2014-01-27";"2014-06-14";"4M34 6M12";"27";"45";"REGULAR";"f";"2014-06-13 14:41:55.316";"f";"";"68";"CONSOLIDADA";"";"Presencial";
"1221689";"01";"17994";"";"";"25330";"GRADUAÇÃO";"Campus Central";"VG1";"2014";"1";"2014-01-27";"2014-06-14";"46M34";"21";"53";"REGULAR";"f";"2014-06-20 12:51:25.578";"f";"";"76";"CONSOLIDADA";"";"Presencial";
"1221690";"02";"18093";"";"";"25330";"GRADUAÇÃO";"Campus Central";"VG1";"2014";"1";"2014-01-27";"2014-06-14";"46N34";"17";"46";"REGULAR";"f";"2014-06-17 02:07:31.038";"f";"";"76";"CONSOLIDADA";"";"Presencial";
"1221691";"03";"22993";"";"";"25330";"GRADUAÇÃO";"Campus Central";"III F6";"2014";"1";"2014-01-27";"2014-06-14";"35N12";"46";"42";"REGULAR";"f";"2014-06-16 09:23:56.763";"f";"";"66";"CONSOLIDADA";"";"Presencial";
"1221692";"01";"17458";"";"";"2045629";"GRADUAÇÃO";"Campus Central";"DENUT SALA 3";"2014";"1";"2014-01-27";"2014-06-14";"4T456";"18";"35";"REGULAR";"f";"2014-06-19 11:08:04.926";"f";"";"54";"CONSOLIDADA";"";"Presencial";
"1221693";"01";"5755314";"";"";"52616";"GRADUAÇÃO";"Campus Santa Cruz";"Hospital Regional Aluízio Bezerra";"2014";"1";"2014-04-15";"2014-04-22";"345M12345 (15/04/2014 - 22/04/2014)";"7";"3";"REGULAR";"f";"2014-06-12 14:22:51.609";"f";"";"15";"CONSOLIDADA";"";"Presencial";
"1221694";"02";"5755314";"";"";"52616";"GRADUAÇÃO";"Campus Santa Cruz";"Hospital Regional Aluízio Bezerra";"2014";"1";"2014-04-23";"2014-04-29";"345M12345 (23/04/2014 - 29/04/2014)";"5";"3";"REGULAR";"f";"2014-06-12 14:23:33.99";"f";"";"15";"CONSOLIDADA";"";"Presencial";
"1221695";"03";"5755314";"";"";"52616";"GRADUAÇÃO";"Campus Santa Cruz";"Hospital Regional Aluízio Bezerra";"2014";"1";"2014-04-30";"2014-05-07";"345M12345 (30/04/2014 - 07/05/2014)";"5";"3";"REGULAR";"f";"2014-06-12 14:24:15.145";"f";"";"15";"CONSOLIDADA";"";"Presencial";
"1221696";"04";"5755314";"";"";"52616";"GRADUAÇÃO";"Campus Santa Cruz";"Hospital Regional Aluízio Bezerra";"2014";"1";"2014-05-08";"2014-05-14";"345M12345 (08/05/2014 - 14/05/2014)";"6";"3";"REGULAR";"f";"2014-06-12 14:24:45.13";"f";"";"15";"CONSOLIDADA";"";"Presencial";
"1221697";"05";"5755314";"";"";"52616";"GRADUAÇÃO";"Campus Santa Cruz";"Hospital Regional Aluízio Bezerra";"2014";"1";"2014-05-15";"2014-05-21";"345M12345 (15/05/2014 - 21/05/2014)";"6";"3";"REGULAR";"f";"2014-06-12 14:25:13.565";"f";"";"15";"CONSOLIDADA";"";"Presencial";
"1221698";"06";"5755314";"";"";"52616";"GRADUAÇÃO";"Campus Santa Cruz";"Hospital Regional Aluízio Bezerra";"2014";"1";"2014-05-27";"2014-05-29";"345M12345 (27/05/2014 - 29/05/2014)";"6";"3";"REGULAR";"f";"2014-06-12 14:26:07.089";"f";"";"15";"CONSOLIDADA";"";"Presencial";
"1221699";"07";"5755314";"";"";"52616";"GRADUAÇÃO";"Campus Santa Cruz";"Hospital Regional Aluízio Bezerra";"2014";"1";"2014-06-03";"2014-06-05";"345M12345 (03/06/2014 - 05/06/2014)";"5";"3";"REGULAR";"f";"2014-06-12 14:29:19.823";"f";"";"15";"CONSOLIDADA";"";"Presencial";
"1221700";"02";"5755535";"";"";"52621";"GRADUAÇÃO";"Campus Santa Cruz";"Clínica de Enfermagem - João de Dula";"2014";"1";"2014-05-15";"2014-05-21";"345M12345 (15/05/2014 - 21/05/2014)";"8";"6";"REGULAR";"f";"2014-06-19 10:34:38.36";"f";"";"15";"CONSOLIDADA";"";"Presencial";
"1221701";"03";"5755535";"";"";"52621";"GRADUAÇÃO";"Campus Santa Cruz";"Clínica de Enfermagem - João de Dula";"2014";"1";"2014-05-27";"2014-05-29";"345M12345 (27/05/2014 - 29/05/2014)";"8";"6";"REGULAR";"f";"2014-06-19 10:36:41.796";"f";"";"15";"CONSOLIDADA";"";"Presencial";
"1221702";"04";"5755535";"";"";"52621";"GRADUAÇÃO";"Campus Santa Cruz";"Clínica de Enfermagem - João de Dula";"2014";"1";"2014-06-03";"2014-06-05";"345M12345 (03/06/2014 - 05/06/2014)";"9";"6";"REGULAR";"f";"2014-06-19 10:40:29.271";"f";"";"15";"CONSOLIDADA";"";"Presencial";
"1221703";"05";"5755535";"";"";"52621";"GRADUAÇÃO";"Campus Santa Cruz";"Clínica de Enfermagem - João de Dula";"2014";"1";"2014-04-15";"2014-04-22";"345M12345 (15/04/2014 - 22/04/2014)";"9";"6";"REGULAR";"f";"2014-06-19 10:42:30.207";"f";"";"15";"CONSOLIDADA";"";"Presencial";
"1221704";"06";"5755535";"";"";"52621";"GRADUAÇÃO";"Campus Santa Cruz";"Clínica de Enfermagem - João de Dula";"2014";"1";"2014-04-23";"2014-04-29";"345M12345 (23/04/2014 - 29/04/2014)";"9";"6";"REGULAR";"f";"2014-06-19 10:44:45.063";"f";"";"15";"CONSOLIDADA";"";"Presencial";
"1221705";"07";"5755535";"";"";"52621";"GRADUAÇÃO";"Campus Santa Cruz";"Clínica de Enfermagem - João de Dula";"2014";"1";"2014-04-30";"2014-05-07";"345M12345 (30/04/2014 - 07/05/2014)";"7";"6";"REGULAR";"f";"2014-06-19 10:47:25.936";"f";"";"15";"CONSOLIDADA";"";"Presencial";
"1221706";"14B";"5752289";"";"";"27124";"GRADUAÇÃO";"";"CAICÓ/RN";"2014";"1";"2014-01-27";"2014-06-14";"";"3";"";"REGULAR";"t";"2014-06-05 22:40:49.017";"f";"";"0";"CONSOLIDADA";"";"A Distância";
"1221707";"02C";"5752289";"";"";"27124";"GRADUAÇÃO";"";"CURRIAS NOVOS/RN";"2014";"1";"2014-01-27";"2014-06-14";"";"2";"";"REGULAR";"t";"2014-06-21 00:37:15.418";"f";"";"0";"CONSOLIDADA";"";"A Distância";
"1221708";"11C";"5752289";"";"";"27124";"GRADUAÇÃO";"";"EXTREMOZ/RN";"2014";"1";"2014-01-27";"2014-06-14";"";"5";"";"REGULAR";"t";"2014-06-17 22:21:53.418";"f";"";"0";"CONSOLIDADA";"";"A Distância";
"1221709";"01B";"5752289";"";"";"27124";"GRADUAÇÃO";"";"MACAU/RN";"2014";"1";"2014-01-27";"2014-06-14";"";"";"";"REGULAR";"t";"";"f";"";"";"EXCLUÍDA";"";"A Distância";
"1221710";"03C";"5752289";"";"";"27124";"GRADUAÇÃO";"";"NOVA CRUZ/RN";"2014";"1";"2014-01-27";"2014-06-14";"";"4";"";"REGULAR";"t";"2014-06-17 22:07:00.792";"f";"";"0";"CONSOLIDADA";"";"A Distância";
"1221711";"14";"";"994598";"";"27187";"GRADUAÇÃO";"";"CAICÓ/RN";"2014";"1";"2014-01-27";"2014-06-14";"";"";"";"REGULAR";"t";"2014-06-15 10:57:57.535";"f";"";"0";"CONSOLIDADA";"";"A Distância";
"1221712";"04";"";"994598";"";"27187";"GRADUAÇÃO";"";"CAMPINA GRANDE/PB";"2014";"1";"2014-01-27";"2014-06-14";"";"1";"";"REGULAR";"t";"2014-06-20 19:31:07.226";"f";"";"0";"CONSOLIDADA";"";"A Distância";
"1221713";"02";"";"994598";"";"27187";"GRADUAÇÃO";"";"CURRIAS NOVOS/RN";"2014";"1";"2014-01-27";"2014-06-14";"";"1";"";"REGULAR";"t";"2014-06-15 11:04:38.809";"f";"";"0";"CONSOLIDADA";"";"A Distância";
"1221714";"11";"";"994598";"";"27187";"GRADUAÇÃO";"";"EXTREMOZ/RN";"2014";"1";"2014-01-27";"2014-06-14";"";"2";"";"REGULAR";"t";"2014-06-15 11:02:58.283";"f";"";"0";"CONSOLIDADA";"";"A Distância";
"1221715";"05";"";"994598";"";"27187";"GRADUAÇÃO";"";"GARANHUNS/PE";"2014";"1";"2014-01-27";"2014-06-14";"";"";"";"REGULAR";"t";"";"f";"";"";"EXCLUÍDA";"";"A Distância";
"1221716";"15";"";"994598";"";"27187";"GRADUAÇÃO";"";"LAJES/RN";"2014";"1";"2014-01-27";"2014-06-14";"";"";"";"REGULAR";"t";"";"f";"";"";"EXCLUÍDA";"";"A Distância";
"1221717";"01";"";"994598";"";"27187";"GRADUAÇÃO";"";"MACAU/RN";"2014";"1";"2014-01-27";"2014-06-14";"";"1";"";"REGULAR";"t";"2014-06-15 11:05:38.95";"f";"";"0";"CONSOLIDADA";"";"A Distância";
"1221718";"10";"";"994598";"";"27187";"GRADUAÇÃO";"";"MACEIÓ/AL";"2014";"1";"2014-01-27";"2014-06-14";"";"1";"";"REGULAR";"t";"2014-06-20 19:29:31.079";"f";"";"0";"CONSOLIDADA";"";"A Distância";
"1221719";"03";"";"994598";"";"27187";"GRADUAÇÃO";"";"NOVA CRUZ/RN";"2014";"1";"2014-01-27";"2014-06-14";"";"3";"";"REGULAR";"t";"2014-06-15 11:09:35.07";"f";"";"0";"CONSOLIDADA";"";"A Distância";
"1221720";"14B";"5753629";"";"";"27177";"GRADUAÇÃO";"";"CAICÓ/RN";"2014";"1";"2014-01-27";"2014-06-14";"";"";"";"REGULAR";"t";"";"f";"";"";"EXCLUÍDA";"";"A Distância";
"1221721";"02B";"5753629";"";"";"27177";"GRADUAÇÃO";"";"CURRIAS NOVOS/RN";"2014";"1";"2014-01-27";"2014-06-14";"";"";"";"REGULAR";"t";"";"f";"";"";"EXCLUÍDA";"";"A Distância";
"1221722";"11B";"5753629";"";"";"27177";"GRADUAÇÃO";"";"EXTREMOZ/RN";"2014";"1";"2014-01-27";"2014-06-14";"";"";"";"REGULAR";"t";"";"f";"";"";"EXCLUÍDA";"";"A Distância";
"1221723";"15";"5753629";"";"";"27177";"GRADUAÇÃO";"";"LAJES/RN";"2014";"1";"2014-01-27";"2014-06-14";"";"1";"";"REGULAR";"t";"2014-06-05 11:58:48.478";"f";"";"0";"CONSOLIDADA";"";"A Distância";
"1221724";"01B";"5753629";"";"";"27177";"GRADUAÇÃO";"";"MACAU/RN";"2014";"1";"2014-01-27";"2014-06-14";"";"";"";"REGULAR";"t";"";"f";"";"";"EXCLUÍDA";"";"A Distância";
"1221725";"03B";"5753629";"";"";"27177";"GRADUAÇÃO";"";"NOVA CRUZ/RN";"2014";"1";"2014-01-27";"2014-06-14";"";"10";"";"REGULAR";"t";"2014-06-17 07:36:57.372";"f";"";"0";"CONSOLIDADA";"";"A Distância";
"1221726";"02";"5753629";"";"";"27185";"GRADUAÇÃO";"";"CURRIAS NOVOS/RN";"2014";"1";"2014-01-27";"2014-06-14";"";"2";"";"REGULAR";"t";"2014-06-05 12:00:26.734";"f";"";"0";"CONSOLIDADA";"";"A Distância";
"1221727";"11";"5753629";"";"";"27185";"GRADUAÇÃO";"";"EXTREMOZ/RN";"2014";"1";"2014-01-27";"2014-06-14";"";"2";"";"REGULAR";"t";"2014-06-17 07:46:56.644";"f";"";"0";"CONSOLIDADA";"";"A Distância";
"1221728";"05A";"5753629";"";"";"27185";"GRADUAÇÃO";"";"GARANHUNS/PE";"2014";"1";"2014-01-27";"2014-06-14";"";"0";"";"REGULAR";"t";"";"f";"";"";"EXCLUÍDA";"";"A Distância";
"1221729";"01";"5753629";"";"";"27185";"GRADUAÇÃO";"";"MACAU/RN";"2014";"1";"2014-01-27";"2014-06-14";"";"3";"";"REGULAR";"t";"2014-06-18 17:27:27.38";"f";"";"0";"CONSOLIDADA";"";"A Distância";
"1221730";"14";"36449";"";"";"27173";"GRADUAÇÃO";"";"CAICÓ/RN";"2014";"1";"2014-01-27";"2014-06-14";"";"3";"";"REGULAR";"t";"2014-06-18 15:15:18.395";"f";"";"0";"CONSOLIDADA";"";"A Distância";
"1221731";"02";"36449";"";"";"27173";"GRADUAÇÃO";"";"CURRIAS NOVOS/RN";"2014";"1";"2014-01-27";"2014-06-14";"";"11";"";"REGULAR";"t";"2014-06-18 15:16:38.685";"f";"";"0";"CONSOLIDADA";"";"A Distância";
"1221732";"11";"36449";"";"";"27173";"GRADUAÇÃO";"";"EXTREMOZ/RN";"2014";"1";"2014-01-27";"2014-06-14";"";"7";"";"REGULAR";"t";"2014-06-06 10:07:03.543";"f";"";"0";"CONSOLIDADA";"";"A Distância";
"1221733";"15";"36449";"";"";"27173";"GRADUAÇÃO";"";"LAJES/RN";"2014";"1";"2014-01-27";"2014-06-14";"";"2";"";"REGULAR";"t";"2014-06-18 15:14:31.406";"f";"";"0";"CONSOLIDADA";"";"A Distância";
"1221734";"04";"37595";"";"";"27176";"GRADUAÇÃO";"";"CAMPINA GRANDE/PB";"2014";"1";"2014-01-27";"2014-06-14";"";"1";"";"REGULAR";"t";"2014-06-05 11:06:44.646";"f";"";"0";"CONSOLIDADA";"";"A Distância";
"1221735";"11";"37595";"";"";"27176";"GRADUAÇÃO";"";"EXTREMOZ/RN";"2014";"1";"2014-01-27";"2014-06-14";"";"3";"";"REGULAR";"t";"2014-06-25 09:59:04.678";"f";"";"0";"CONSOLIDADA";"";"A Distância";
"1221736";"14";"5752279";"";"";"27176";"GRADUAÇÃO";"";"CAICÓ/RN";"2014";"1";"2014-01-27";"2014-06-14";"";"2";"";"REGULAR";"t";"2014-06-25 09:54:48.924";"f";"";"0";"CONSOLIDADA";"";"A Distância";
"1221737";"02";"5752279";"";"";"27176";"GRADUAÇÃO";"";"CURRIAS NOVOS/RN";"2014";"1";"2014-01-27";"2014-06-14";"";"2";"";"REGULAR";"t";"2014-06-25 09:51:39.934";"f";"";"0";"CONSOLIDADA";"";"A Distância";
"1221738";"03";"5752279";"";"";"27176";"GRADUAÇÃO";"";"NOVA CRUZ/RN";"2014";"1";"2014-01-27";"2014-06-14";"";"9";"";"REGULAR";"t";"2014-06-25 09:53:03.942";"f";"";"0";"CONSOLIDADA";"";"A Distância";
"1221745";"14";"18727";"";"";"27178";"GRADUAÇÃO";"";"CAICÓ/RN";"2014";"1";"2014-01-27";"2014-06-14";"";"7";"";"REGULAR";"t";"2014-06-20 00:52:54.517";"f";"";"0";"CONSOLIDADA";"";"A Distância";
"1221746";"02";"18727";"";"";"27178";"GRADUAÇÃO";"";"CURRIAS NOVOS/RN";"2014";"1";"2014-01-27";"2014-06-14";"";"11";"";"REGULAR";"t";"2014-06-20 00:19:10.049";"f";"";"0";"CONSOLIDADA";"";"A Distância";
"1221747";"11";"18727";"";"";"27178";"GRADUAÇÃO";"";"EXTREMOZ/RN";"2014";"1";"2014-01-27";"2014-06-14";"";"9";"";"REGULAR";"t";"2014-06-20 00:42:57.013";"f";"";"0";"CONSOLIDADA";"";"A Distância";
"1221748";"01";"18727";"";"";"27178";"GRADUAÇÃO";"";"MACAU/RN";"2014";"1";"2014-01-27";"2014-06-14";"";"1";"";"REGULAR";"t";"2014-06-06 15:40:56.939";"f";"";"0";"CONSOLIDADA";"";"A Distância";
"1221749";"03";"18727";"";"";"27178";"GRADUAÇÃO";"";"NOVA CRUZ/RN";"2014";"1";"2014-01-27";"2014-06-14";"";"20";"";"REGULAR";"t";"2014-06-20 00:27:31.434";"f";"";"0";"CONSOLIDADA";"";"A Distância";
"1221750";"14A";"21789";"";"";"27148";"GRADUAÇÃO";"";"CAICÓ/RN";"2014";"1";"2014-01-27";"2014-06-14";"";"3";"";"REGULAR";"t";"2014-06-20 14:22:33.883";"f";"";"0";"CONSOLIDADA";"";"A Distância";
"1221750";"14A";"20811";"";"";"27148";"GRADUAÇÃO";"";"CAICÓ/RN";"2014";"1";"2014-01-27";"2014-06-14";"";"3";"";"REGULAR";"t";"2014-06-20 14:22:33.883";"f";"";"0";"CONSOLIDADA";"";"A Distância";
"1221751";"02A";"20811";"";"";"27148";"GRADUAÇÃO";"";"CURRAIS NOVOS/RN";"2014";"1";"2014-01-27";"2014-06-14";"";"3";"";"REGULAR";"t";"2014-06-20 14:05:15.244";"f";"";"0";"CONSOLIDADA";"";"A Distância";
"1221751";"02A";"21789";"";"";"27148";"GRADUAÇÃO";"";"CURRAIS NOVOS/RN";"2014";"1";"2014-01-27";"2014-06-14";"";"3";"";"REGULAR";"t";"2014-06-20 14:05:15.244";"f";"";"0";"CONSOLIDADA";"";"A Distância";
"1221752";"11B";"20811";"";"";"27148";"GRADUAÇÃO";"";"EXTREMOZ/RN";"2014";"1";"2014-01-27";"2014-06-14";"";"6";"";"REGULAR";"t";"2014-06-20 14:57:03.426";"f";"";"0";"CONSOLIDADA";"";"A Distância";
"1221752";"11B";"21789";"";"";"27148";"GRADUAÇÃO";"";"EXTREMOZ/RN";"2014";"1";"2014-01-27";"2014-06-14";"";"6";"";"REGULAR";"t";"2014-06-20 14:57:03.426";"f";"";"0";"CONSOLIDADA";"";"A Distância";
"1221753";"01C";"21789";"";"";"27148";"GRADUAÇÃO";"";"MACAU/RN";"2014";"1";"2014-01-27";"2014-06-14";"";"1";"";"REGULAR";"t";"2014-06-20 14:37:57.478";"f";"";"0";"CONSOLIDADA";"";"A Distância";
"1221753";"01C";"20811";"";"";"27148";"GRADUAÇÃO";"";"MACAU/RN";"2014";"1";"2014-01-27";"2014-06-14";"";"1";"";"REGULAR";"t";"2014-06-20 14:37:57.478";"f";"";"0";"CONSOLIDADA";"";"A Distância";
"1221754";"03B";"20811";"";"";"27148";"GRADUAÇÃO";"";"NOVA CRUZ/RN";"2014";"1";"2014-01-27";"2014-06-14";"";"5";"";"REGULAR";"t";"2014-06-20 14:53:47.327";"f";"";"0";"CONSOLIDADA";"";"A Distância";
"1221754";"03B";"21789";"";"";"27148";"GRADUAÇÃO";"";"NOVA CRUZ/RN";"2014";"1";"2014-01-27";"2014-06-14";"";"5";"";"REGULAR";"t";"2014-06-20 14:53:47.327";"f";"";"0";"CONSOLIDADA";"";"A Distância";
"1221755";"14B";"";"102136299";"";"46534";"GRADUAÇÃO";"";"CAICÓ/RN";"2014";"1";"2014-01-27";"2014-06-14";"";"2";"";"REGULAR";"t";"2014-06-06 12:07:19.232";"f";"";"0";"CONSOLIDADA";"";"A Distância";
"1221755";"14B";"5755929";"";"";"46534";"GRADUAÇÃO";"";"CAICÓ/RN";"2014";"1";"2014-01-27";"2014-06-14";"";"2";"";"REGULAR";"t";"2014-06-06 12:07:19.232";"f";"";"0";"CONSOLIDADA";"";"A Distância";
"1221756";"02C";"";"102136299";"";"46534";"GRADUAÇÃO";"";"CURRAIS NOVOS/RN";"2014";"1";"2014-01-27";"2014-06-14";"";"3";"";"REGULAR";"t";"2014-06-18 15:17:24.623";"f";"";"0";"CONSOLIDADA";"";"A Distância";
"1221756";"02C";"5755929";"";"";"46534";"GRADUAÇÃO";"";"CURRAIS NOVOS/RN";"2014";"1";"2014-01-27";"2014-06-14";"";"3";"";"REGULAR";"t";"2014-06-18 15:17:24.623";"f";"";"0";"CONSOLIDADA";"";"A Distância";
"1221757";"11B";"5755929";"";"";"46534";"GRADUAÇÃO";"";"EXTREMOZ/RN";"2014";"1";"2014-01-27";"2014-06-14";"";"4";"";"REGULAR";"t";"2014-06-06 12:06:23.871";"f";"";"0";"CONSOLIDADA";"";"A Distância";
"1221757";"11B";"";"102136299";"";"46534";"GRADUAÇÃO";"";"EXTREMOZ/RN";"2014";"1";"2014-01-27";"2014-06-14";"";"4";"";"REGULAR";"t";"2014-06-06 12:06:23.871";"f";"";"0";"CONSOLIDADA";"";"A Distância";
"1221758";"01C";"5755929";"";"";"46534";"GRADUAÇÃO";"";"MACAU/RN";"2014";"1";"2014-01-27";"2014-06-14";"";"2";"";"REGULAR";"t";"2014-06-06 12:01:50.537";"f";"";"0";"CONSOLIDADA";"";"A Distância";
"1221758";"01C";"";"102136299";"";"46534";"GRADUAÇÃO";"";"MACAU/RN";"2014";"1";"2014-01-27";"2014-06-14";"";"2";"";"REGULAR";"t";"2014-06-06 12:01:50.537";"f";"";"0";"CONSOLIDADA";"";"A Distância";
"1221759";"03C";"";"102136299";"";"46534";"GRADUAÇÃO";"";"NOVA CRUZ/RN";"2014";"1";"2014-01-27";"2014-06-14";"";"9";"";"REGULAR";"t";"2014-06-18 15:18:15.073";"f";"";"0";"CONSOLIDADA";"";"A Distância";
"1221759";"03C";"5755929";"";"";"46534";"GRADUAÇÃO";"";"NOVA CRUZ/RN";"2014";"1";"2014-01-27";"2014-06-14";"";"9";"";"REGULAR";"t";"2014-06-18 15:18:15.073";"f";"";"0";"CONSOLIDADA";"";"A Distância";
"1221760";"14";"5756079";"";"";"46632";"GRADUAÇÃO";"";"CAICÓ/RN";"2014";"1";"2014-01-27";"2014-06-14";"";"4";"";"REGULAR";"t";"2014-06-18 20:42:38.678";"f";"";"0";"CONSOLIDADA";"";"A Distância";
"1221761";"02B";"5756079";"";"";"46632";"GRADUAÇÃO";"";"CURRIAS NOVOS/RN";"2014";"1";"2014-01-27";"2014-06-14";"";"4";"";"REGULAR";"t";"2014-06-18 19:59:21.926";"f";"";"0";"CONSOLIDADA";"";"A Distância";
"1221762";"11B";"5756079";"";"";"46632";"GRADUAÇÃO";"";"EXTREMOZ/RN";"2014";"1";"2014-01-27";"2014-06-14";"";"10";"";"REGULAR";"t";"2014-06-18 20:34:30.953";"f";"";"0";"CONSOLIDADA";"";"A Distância";
"1221763";"01B";"5756079";"";"";"46632";"GRADUAÇÃO";"";"MACAU/RN";"2014";"1";"2014-01-27";"2014-06-14";"";"2";"";"REGULAR";"t";"2014-06-18 19:57:47.065";"f";"";"0";"CONSOLIDADA";"";"A Distância";
"1221764";"03A";"5756079";"";"";"46632";"GRADUAÇÃO";"";"NOVA CRUZ/RN";"2014";"1";"2014-01-27";"2014-06-14";"";"7";"";"REGULAR";"t";"2014-06-21 01:00:29.433";"f";"";"0";"CONSOLIDADA";"";"A Distância";
"1221765";"03";"64138";"";"";"2056212";"GRADUAÇÃO";"Campus Central";"DOD";"2014";"1";"2014-01-27";"2014-06-14";"46M45";"13";"14";"REGULAR";"f";"2014-06-25 11:19:15.358";"f";"";"68";"CONSOLIDADA";"";"Presencial";
"1221765";"03";"21585";"";"";"2056212";"GRADUAÇÃO";"Campus Central";"DOD";"2014";"1";"2014-01-27";"2014-06-14";"46M45";"13";"14";"REGULAR";"f";"2014-06-25 11:19:15.358";"f";"";"68";"CONSOLIDADA";"";"Presencial";
"1221765";"03";"24073";"";"";"2056212";"GRADUAÇÃO";"Campus Central";"DOD";"2014";"1";"2014-01-27";"2014-06-14";"46M45";"13";"14";"REGULAR";"f";"2014-06-25 11:19:15.358";"f";"";"68";"CONSOLIDADA";"";"Presencial";
"1221765";"03";"24072";"";"";"2056212";"GRADUAÇÃO";"Campus Central";"DOD";"2014";"1";"2014-01-27";"2014-06-14";"46M45";"13";"14";"REGULAR";"f";"2014-06-25 11:19:15.358";"f";"";"68";"CONSOLIDADA";"";"Presencial";
"1221768";"01";"5753008";"";"";"2056102";"GRADUAÇÃO";"Campus Central";"DOD";"2014";"1";"2014-01-27";"2014-06-14";"24T2345";"23";"27";"REGULAR";"f";"2014-06-13 08:31:50.812";"f";"";"132";"CONSOLIDADA";"";"Presencial";
"1221768";"01";"26070";"";"";"2056102";"GRADUAÇÃO";"Campus Central";"DOD";"2014";"1";"2014-01-27";"2014-06-14";"24T2345";"23";"27";"REGULAR";"f";"2014-06-13 08:31:50.812";"f";"";"132";"CONSOLIDADA";"";"Presencial";
"1221768";"01";"5754342";"";"";"2056102";"GRADUAÇÃO";"Campus Central";"DOD";"2014";"1";"2014-01-27";"2014-06-14";"24T2345";"23";"27";"REGULAR";"f";"2014-06-13 08:31:50.812";"f";"";"132";"CONSOLIDADA";"";"Presencial";
"1221768";"01";"5751878";"";"";"2056102";"GRADUAÇÃO";"Campus Central";"DOD";"2014";"1";"2014-01-27";"2014-06-14";"24T2345";"23";"27";"REGULAR";"f";"2014-06-13 08:31:50.812";"f";"";"132";"CONSOLIDADA";"";"Presencial";
"1221768";"01";"5754928";"";"";"2056102";"GRADUAÇÃO";"Campus Central";"DOD";"2014";"1";"2014-01-27";"2014-06-14";"24T2345";"23";"27";"REGULAR";"f";"2014-06-13 08:31:50.812";"f";"";"132";"CONSOLIDADA";"";"Presencial";
"1221768";"01";"5752718";"";"";"2056102";"GRADUAÇÃO";"Campus Central";"DOD";"2014";"1";"2014-01-27";"2014-06-14";"24T2345";"23";"27";"REGULAR";"f";"2014-06-13 08:31:50.812";"f";"";"132";"CONSOLIDADA";"";"Presencial";
"1221768";"01";"19116";"";"";"2056102";"GRADUAÇÃO";"Campus Central";"DOD";"2014";"1";"2014-01-27";"2014-06-14";"24T2345";"23";"27";"REGULAR";"f";"2014-06-13 08:31:50.812";"f";"";"132";"CONSOLIDADA";"";"Presencial";
"1221769";"02";"5751878";"";"";"2056102";"GRADUAÇÃO";"Campus Central";"DOD";"2014";"1";"2014-01-27";"2014-06-14";"24T2345";"14";"14";"REGULAR";"f";"2014-06-13 08:34:41.183";"f";"";"132";"CONSOLIDADA";"";"Presencial";
"1221769";"02";"5752718";"";"";"2056102";"GRADUAÇÃO";"Campus Central";"DOD";"2014";"1";"2014-01-27";"2014-06-14";"24T2345";"14";"14";"REGULAR";"f";"2014-06-13 08:34:41.183";"f";"";"132";"CONSOLIDADA";"";"Presencial";
"1221769";"02";"5754342";"";"";"2056102";"GRADUAÇÃO";"Campus Central";"DOD";"2014";"1";"2014-01-27";"2014-06-14";"24T2345";"14";"14";"REGULAR";"f";"2014-06-13 08:34:41.183";"f";"";"132";"CONSOLIDADA";"";"Presencial";
"1221769";"02";"5754928";"";"";"2056102";"GRADUAÇÃO";"Campus Central";"DOD";"2014";"1";"2014-01-27";"2014-06-14";"24T2345";"14";"14";"REGULAR";"f";"2014-06-13 08:34:41.183";"f";"";"132";"CONSOLIDADA";"";"Presencial";
"1221769";"02";"19116";"";"";"2056102";"GRADUAÇÃO";"Campus Central";"DOD";"2014";"1";"2014-01-27";"2014-06-14";"24T2345";"14";"14";"REGULAR";"f";"2014-06-13 08:34:41.183";"f";"";"132";"CONSOLIDADA";"";"Presencial";
"1221769";"02";"5753008";"";"";"2056102";"GRADUAÇÃO";"Campus Central";"DOD";"2014";"1";"2014-01-27";"2014-06-14";"24T2345";"14";"14";"REGULAR";"f";"2014-06-13 08:34:41.183";"f";"";"132";"CONSOLIDADA";"";"Presencial";
"1221769";"02";"26070";"";"";"2056102";"GRADUAÇÃO";"Campus Central";"DOD";"2014";"1";"2014-01-27";"2014-06-14";"24T2345";"14";"14";"REGULAR";"f";"2014-06-13 08:34:41.183";"f";"";"132";"CONSOLIDADA";"";"Presencial";
"1221770";"03";"26070";"";"";"2056102";"GRADUAÇÃO";"Campus Central";"DOD";"2014";"1";"2014-01-27";"2014-06-14";"24T2345";"14";"13";"REGULAR";"f";"2014-06-13 08:35:46.55";"f";"";"132";"CONSOLIDADA";"";"Presencial";
"1221770";"03";"5755894";"";"";"2056102";"GRADUAÇÃO";"Campus Central";"DOD";"2014";"1";"2014-01-27";"2014-06-14";"24T2345";"14";"13";"REGULAR";"f";"2014-06-13 08:35:46.55";"f";"";"132";"CONSOLIDADA";"";"Presencial";
"1221770";"03";"5756074";"";"";"2056102";"GRADUAÇÃO";"Campus Central";"DOD";"2014";"1";"2014-01-27";"2014-06-14";"24T2345";"14";"13";"REGULAR";"f";"2014-06-13 08:35:46.55";"f";"";"132";"CONSOLIDADA";"";"Presencial";
"1221770";"03";"5753008";"";"";"2056102";"GRADUAÇÃO";"Campus Central";"DOD";"2014";"1";"2014-01-27";"2014-06-14";"24T2345";"14";"13";"REGULAR";"f";"2014-06-13 08:35:46.55";"f";"";"132";"CONSOLIDADA";"";"Presencial";
"1221771";"01";"5751878";"";"";"43725";"GRADUAÇÃO";"Campus Central";"DOD";"2014";"1";"2014-01-27";"2014-06-14";"2345M2345 (27/01/2014 - 14/06/2014)";"13";"5";"REGULAR";"f";"2014-06-14 18:30:04.369";"f";"";"0";"CONSOLIDADA";"";"Presencial";
"1221771";"01";"5755814";"";"";"43725";"GRADUAÇÃO";"Campus Central";"DOD";"2014";"1";"2014-01-27";"2014-06-14";"2345M2345 (27/01/2014 - 14/06/2014)";"13";"5";"REGULAR";"f";"2014-06-14 18:30:04.369";"f";"";"0";"CONSOLIDADA";"";"Presencial";
"1221771";"01";"5753866";"";"";"43725";"GRADUAÇÃO";"Campus Central";"DOD";"2014";"1";"2014-01-27";"2014-06-14";"2345M2345 (27/01/2014 - 14/06/2014)";"13";"5";"REGULAR";"f";"2014-06-14 18:30:04.369";"f";"";"0";"CONSOLIDADA";"";"Presencial";
"1221771";"01";"5755864";"";"";"43725";"GRADUAÇÃO";"Campus Central";"DOD";"2014";"1";"2014-01-27";"2014-06-14";"2345M2345 (27/01/2014 - 14/06/2014)";"13";"5";"REGULAR";"f";"2014-06-14 18:30:04.369";"f";"";"0";"CONSOLIDADA";"";"Presencial";
"1221772";"01";"5755737";"";"";"21011";"GRADUAÇÃO";"Campus Central";"DOD";"2014";"1";"2014-01-27";"2014-06-14";"4M234";"30";"40";"REGULAR";"f";"2014-06-13 09:00:13.945";"f";"";"63";"CONSOLIDADA";"";"Presencial";
"1221773";"01";"5756036";"";"";"26968";"GRADUAÇÃO";"Campus Central";"DOD";"2014";"1";"2014-01-27";"2014-06-14";"4T23";"7";"47";"REGULAR";"f";"2014-06-13 12:07:49.815";"f";"";"34";"CONSOLIDADA";"";"Presencial";
"1221773";"01";"5752713";"";"";"26968";"GRADUAÇÃO";"Campus Central";"DOD";"2014";"1";"2014-01-27";"2014-06-14";"4T23";"7";"47";"REGULAR";"f";"2014-06-13 12:07:49.815";"f";"";"34";"CONSOLIDADA";"";"Presencial";
"1221774";"02";"5755894";"";"";"43725";"GRADUAÇÃO";"Campus Central";"DOD";"2014";"1";"2014-01-27";"2014-06-14";"2345M2345 (27/01/2014 - 14/06/2014)";"5";"5";"REGULAR";"f";"2014-06-14 18:35:01.539";"f";"";"0";"CONSOLIDADA";"";"Presencial";
"1221774";"02";"22901";"";"";"43725";"GRADUAÇÃO";"Campus Central";"DOD";"2014";"1";"2014-01-27";"2014-06-14";"2345M2345 (27/01/2014 - 14/06/2014)";"5";"5";"REGULAR";"f";"2014-06-14 18:35:01.539";"f";"";"0";"CONSOLIDADA";"";"Presencial";
"1221774";"02";"5751878";"";"";"43725";"GRADUAÇÃO";"Campus Central";"DOD";"2014";"1";"2014-01-27";"2014-06-14";"2345M2345 (27/01/2014 - 14/06/2014)";"5";"5";"REGULAR";"f";"2014-06-14 18:35:01.539";"f";"";"0";"CONSOLIDADA";"";"Presencial";
"1221774";"02";"5755814";"";"";"43725";"GRADUAÇÃO";"Campus Central";"DOD";"2014";"1";"2014-01-27";"2014-06-14";"2345M2345 (27/01/2014 - 14/06/2014)";"5";"5";"REGULAR";"f";"2014-06-14 18:35:01.539";"f";"";"0";"CONSOLIDADA";"";"Presencial";
"1221775";"03";"26070";"";"";"43725";"GRADUAÇÃO";"Campus Central";"DOD";"2014";"1";"2014-01-27";"2014-06-14";"2345M2345 (27/01/2014 - 14/06/2014)";"5";"5";"REGULAR";"f";"2014-06-14 18:33:10.281";"f";"";"0";"CONSOLIDADA";"";"Presencial";
"1221775";"03";"17223";"";"";"43725";"GRADUAÇÃO";"Campus Central";"DOD";"2014";"1";"2014-01-27";"2014-06-14";"2345M2345 (27/01/2014 - 14/06/2014)";"5";"5";"REGULAR";"f";"2014-06-14 18:33:10.281";"f";"";"0";"CONSOLIDADA";"";"Presencial";
"1221775";"03";"5751878";"";"";"43725";"GRADUAÇÃO";"Campus Central";"DOD";"2014";"1";"2014-01-27";"2014-06-14";"2345M2345 (27/01/2014 - 14/06/2014)";"5";"5";"REGULAR";"f";"2014-06-14 18:33:10.281";"f";"";"0";"CONSOLIDADA";"";"Presencial";
"1221775";"03";"19170";"";"";"43725";"GRADUAÇÃO";"Campus Central";"DOD";"2014";"1";"2014-01-27";"2014-06-14";"2345M2345 (27/01/2014 - 14/06/2014)";"5";"5";"REGULAR";"f";"2014-06-14 18:33:10.281";"f";"";"0";"CONSOLIDADA";"";"Presencial";
"1221776";"04";"5751878";"";"";"43725";"GRADUAÇÃO";"Campus Central";"DOD";"2014";"1";"2014-01-27";"2014-06-14";"2345M2345 (27/01/2014 - 14/06/2014)";"5";"5";"REGULAR";"f";"2014-06-14 18:38:18.343";"f";"";"0";"CONSOLIDADA";"";"Presencial";
"1221776";"04";"22901";"";"";"43725";"GRADUAÇÃO";"Campus Central";"DOD";"2014";"1";"2014-01-27";"2014-06-14";"2345M2345 (27/01/2014 - 14/06/2014)";"5";"5";"REGULAR";"f";"2014-06-14 18:38:18.343";"f";"";"0";"CONSOLIDADA";"";"Presencial";
"1221776";"04";"19170";"";"";"43725";"GRADUAÇÃO";"Campus Central";"DOD";"2014";"1";"2014-01-27";"2014-06-14";"2345M2345 (27/01/2014 - 14/06/2014)";"5";"5";"REGULAR";"f";"2014-06-14 18:38:18.343";"f";"";"0";"CONSOLIDADA";"";"Presencial";
"1221776";"04";"25957";"";"";"43725";"GRADUAÇÃO";"Campus Central";"DOD";"2014";"1";"2014-01-27";"2014-06-14";"2345M2345 (27/01/2014 - 14/06/2014)";"5";"5";"REGULAR";"f";"2014-06-14 18:38:18.343";"f";"";"0";"CONSOLIDADA";"";"Presencial";
"1221777";"01";"5752209";"";"";"48633";"GRADUAÇÃO";"Campus Central";"DOD";"2014";"1";"2014-01-27";"2014-06-14";"6N12 (27/01/2014 - 14/06/2014)";"21";"21";"REGULAR";"f";"2014-06-13 21:54:20.068";"f";"";"38";"CONSOLIDADA";"";"Presencial";
"1221777";"01";"15524";"";"";"48633";"GRADUAÇÃO";"Campus Central";"DOD";"2014";"1";"2014-01-27";"2014-06-14";"6N12 (27/01/2014 - 14/06/2014)";"21";"21";"REGULAR";"f";"2014-06-13 21:54:20.068";"f";"";"38";"CONSOLIDADA";"";"Presencial";
"1221778";"05";"5751878";"";"";"43725";"GRADUAÇÃO";"Campus Central";"DOD";"2014";"1";"2014-01-27";"2014-06-14";"2345M2345 (27/01/2014 - 14/06/2014)";"4";"5";"REGULAR";"f";"2014-06-14 18:41:24.801";"f";"";"0";"CONSOLIDADA";"";"Presencial";
"1221778";"05";"5756074";"";"";"43725";"GRADUAÇÃO";"Campus Central";"DOD";"2014";"1";"2014-01-27";"2014-06-14";"2345M2345 (27/01/2014 - 14/06/2014)";"4";"5";"REGULAR";"f";"2014-06-14 18:41:24.801";"f";"";"0";"CONSOLIDADA";"";"Presencial";
"1221778";"05";"26070";"";"";"43725";"GRADUAÇÃO";"Campus Central";"DOD";"2014";"1";"2014-01-27";"2014-06-14";"2345M2345 (27/01/2014 - 14/06/2014)";"4";"5";"REGULAR";"f";"2014-06-14 18:41:24.801";"f";"";"0";"CONSOLIDADA";"";"Presencial";
"1221778";"05";"26273";"";"";"43725";"GRADUAÇÃO";"Campus Central";"DOD";"2014";"1";"2014-01-27";"2014-06-14";"2345M2345 (27/01/2014 - 14/06/2014)";"4";"5";"REGULAR";"f";"2014-06-14 18:41:24.801";"f";"";"0";"CONSOLIDADA";"";"Presencial";
"1221779";"02";"5752209";"";"";"48633";"GRADUAÇÃO";"Campus Central";"DOD";"2014";"1";"2014-01-27";"2014-06-14";"6N12 (27/01/2014 - 14/06/2014)";"20";"22";"REGULAR";"f";"2014-06-13 16:06:56.934";"f";"";"38";"CONSOLIDADA";"";"Presencial";
"1221779";"02";"5755403";"";"";"48633";"GRADUAÇÃO";"Campus Central";"DOD";"2014";"1";"2014-01-27";"2014-06-14";"6N12 (27/01/2014 - 14/06/2014)";"20";"22";"REGULAR";"f";"2014-06-13 16:06:56.934";"f";"";"38";"CONSOLIDADA";"";"Presencial";
"1221780";"06";"5754342";"";"";"43725";"GRADUAÇÃO";"Campus Central";"DOD";"2014";"1";"2014-01-27";"2014-06-14";"2345M2345 (27/01/2014 - 14/06/2014)";"5";"6";"REGULAR";"f";"2014-06-14 18:44:41.555";"f";"";"0";"CONSOLIDADA";"";"Presencial";
"1221780";"06";"5755894";"";"";"43725";"GRADUAÇÃO";"Campus Central";"DOD";"2014";"1";"2014-01-27";"2014-06-14";"2345M2345 (27/01/2014 - 14/06/2014)";"5";"6";"REGULAR";"f";"2014-06-14 18:44:41.555";"f";"";"0";"CONSOLIDADA";"";"Presencial";
"1221780";"06";"18248";"";"";"43725";"GRADUAÇÃO";"Campus Central";"DOD";"2014";"1";"2014-01-27";"2014-06-14";"2345M2345 (27/01/2014 - 14/06/2014)";"5";"6";"REGULAR";"f";"2014-06-14 18:44:41.555";"f";"";"0";"CONSOLIDADA";"";"Presencial";
"1221780";"06";"5751878";"";"";"43725";"GRADUAÇÃO";"Campus Central";"DOD";"2014";"1";"2014-01-27";"2014-06-14";"2345M2345 (27/01/2014 - 14/06/2014)";"5";"6";"REGULAR";"f";"2014-06-14 18:44:41.555";"f";"";"0";"CONSOLIDADA";"";"Presencial";
"1221781";"07";"5756312";"";"";"43725";"GRADUAÇÃO";"Campus Central";"DOD";"2014";"1";"2014-01-27";"2014-06-14";"2345M2345 (27/01/2014 - 14/06/2014)";"6";"6";"REGULAR";"f";"2014-06-14 18:48:09.483";"f";"";"0";"CONSOLIDADA";"";"Presencial";
"1221781";"07";"5751878";"";"";"43725";"GRADUAÇÃO";"Campus Central";"DOD";"2014";"1";"2014-01-27";"2014-06-14";"2345M2345 (27/01/2014 - 14/06/2014)";"6";"6";"REGULAR";"f";"2014-06-14 18:48:09.483";"f";"";"0";"CONSOLIDADA";"";"Presencial";
"1221781";"07";"5756326";"";"";"43725";"GRADUAÇÃO";"Campus Central";"DOD";"2014";"1";"2014-01-27";"2014-06-14";"2345M2345 (27/01/2014 - 14/06/2014)";"6";"6";"REGULAR";"f";"2014-06-14 18:48:09.483";"f";"";"0";"CONSOLIDADA";"";"Presencial";
"1221782";"01";"2257775";"";"";"43726";"GRADUAÇÃO";"Campus Central";"DOD";"2014";"1";"2014-01-27";"2014-06-14";"2T23 (27/01/2014 - 14/06/2014)";"11";"25";"REGULAR";"f";"2014-06-13 14:01:44.903";"f";"";"34";"CONSOLIDADA";"";"Presencial";
"1221783";"01";"5753024";"";"";"43727";"GRADUAÇÃO";"Campus Central";"DOD";"2014";"1";"2014-01-27";"2014-06-14";"2T2345 4T23 (27/01/2014 - 14/06/2014)";"11";"8";"REGULAR";"f";"2014-06-04 11:32:33.058";"f";"";"104";"CONSOLIDADA";"";"Presencial";
"1221783";"01";"5756312";"";"";"43727";"GRADUAÇÃO";"Campus Central";"DOD";"2014";"1";"2014-01-27";"2014-06-14";"2T2345 4T23 (27/01/2014 - 14/06/2014)";"11";"8";"REGULAR";"f";"2014-06-04 11:32:33.058";"f";"";"104";"CONSOLIDADA";"";"Presencial";
"1221783";"01";"26273";"";"";"43727";"GRADUAÇÃO";"Campus Central";"DOD";"2014";"1";"2014-01-27";"2014-06-14";"2T2345 4T23 (27/01/2014 - 14/06/2014)";"11";"8";"REGULAR";"f";"2014-06-04 11:32:33.058";"f";"";"104";"CONSOLIDADA";"";"Presencial";
"1221784";"01";"22011";"";"";"26969";"GRADUAÇÃO";"Campus Central";"DOD";"2014";"1";"2014-01-27";"2014-06-14";"4T2345";"50";"45";"REGULAR";"f";"2014-06-18 10:36:00.438";"f";"";"68";"CONSOLIDADA";"";"Presencial";
"1221784";"01";"22903";"";"";"26969";"GRADUAÇÃO";"Campus Central";"DOD";"2014";"1";"2014-01-27";"2014-06-14";"4T2345";"50";"45";"REGULAR";"f";"2014-06-18 10:36:00.438";"f";"";"68";"CONSOLIDADA";"";"Presencial";
"1221785";"02";"22011";"";"";"26969";"GRADUAÇÃO";"Campus Central";"DOD";"2014";"1";"2014-01-27";"2014-06-14";"5M1234";"33";"50";"REGULAR";"f";"2014-06-13 21:38:38.117";"f";"";"72";"CONSOLIDADA";"";"Presencial";
"1221785";"02";"5753709";"";"";"26969";"GRADUAÇÃO";"Campus Central";"DOD";"2014";"1";"2014-01-27";"2014-06-14";"5M1234";"33";"50";"REGULAR";"f";"2014-06-13 21:38:38.117";"f";"";"72";"CONSOLIDADA";"";"Presencial";
"1221786";"01";"5755955";"";"";"20883";"GRADUAÇÃO";"Campus Central";"DOD";"2014";"1";"2014-01-27";"2014-06-14";"3M2345";"48";"47";"REGULAR";"f";"2014-06-04 15:24:50.455";"f";"";"72";"CONSOLIDADA";"";"Presencial";
"1221786";"01";"5753021";"";"";"20883";"GRADUAÇÃO";"Campus Central";"DOD";"2014";"1";"2014-01-27";"2014-06-14";"3M2345";"48";"47";"REGULAR";"f";"2014-06-04 15:24:50.455";"f";"";"72";"CONSOLIDADA";"";"Presencial";
"1221787";"01";"15524";"";"";"21807";"GRADUAÇÃO";"Campus Central";"DOD";"2014";"1";"2014-01-27";"2014-06-14";"6M23";"49";"47";"REGULAR";"f";"2014-06-13 08:54:58.082";"f";"";"40";"CONSOLIDADA";"";"Presencial";
"1221787";"01";"5755737";"";"";"21807";"GRADUAÇÃO";"Campus Central";"DOD";"2014";"1";"2014-01-27";"2014-06-14";"6M23";"49";"47";"REGULAR";"f";"2014-06-13 08:54:58.082";"f";"";"40";"CONSOLIDADA";"";"Presencial";
"1221788";"01";"5752713";"";"";"21860";"GRADUAÇÃO";"Campus Central";"DOD";"2014";"1";"2014-01-27";"2014-06-14";"3M234";"41";"45";"REGULAR";"f";"2014-06-09 14:32:20.304";"f";"";"54";"CONSOLIDADA";"";"Presencial";
"1221788";"01";"5756036";"";"";"21860";"GRADUAÇÃO";"Campus Central";"DOD";"2014";"1";"2014-01-27";"2014-06-14";"3M234";"41";"45";"REGULAR";"f";"2014-06-09 14:32:20.304";"f";"";"54";"CONSOLIDADA";"";"Presencial";
"1221789";"01";"24073";"";"";"21857";"GRADUAÇÃO";"Campus Central";"DOD";"2014";"1";"2014-01-27";"2014-06-14";"24T234 6T23";"17";"16";"REGULAR";"f";"2014-06-11 16:03:43.375";"f";"";"131";"CONSOLIDADA";"";"Presencial";
"1221789";"01";"21584";"";"";"21857";"GRADUAÇÃO";"Campus Central";"DOD";"2014";"1";"2014-01-27";"2014-06-14";"24T234 6T23";"17";"16";"REGULAR";"f";"2014-06-11 16:03:43.375";"f";"";"131";"CONSOLIDADA";"";"Presencial";
"1221789";"01";"17214";"";"";"21857";"GRADUAÇÃO";"Campus Central";"DOD";"2014";"1";"2014-01-27";"2014-06-14";"24T234 6T23";"17";"16";"REGULAR";"f";"2014-06-11 16:03:43.375";"f";"";"131";"CONSOLIDADA";"";"Presencial";
"1221790";"01";"22912";"";"";"26974";"GRADUAÇÃO";"Campus Central";"DOD";"2014";"1";"2014-01-27";"2014-06-14";"6M123 (27/01/2014 - 14/06/2014)";"21";"18";"REGULAR";"f";"2014-06-09 14:16:41.338";"f";"";"51";"CONSOLIDADA";"";"Presencial";
"1221790";"01";"5752713";"";"";"26974";"GRADUAÇÃO";"Campus Central";"DOD";"2014";"1";"2014-01-27";"2014-06-14";"6M123 (27/01/2014 - 14/06/2014)";"21";"18";"REGULAR";"f";"2014-06-09 14:16:41.338";"f";"";"51";"CONSOLIDADA";"";"Presencial";
"1221791";"02";"5752713";"";"";"26974";"GRADUAÇÃO";"Campus Central";"DOD";"2014";"1";"2014-01-27";"2014-06-14";"6M123 (27/01/2014 - 14/06/2014)";"17";"19";"REGULAR";"f";"2014-06-09 14:17:35.43";"f";"";"51";"CONSOLIDADA";"";"Presencial";
"1221791";"02";"22912";"";"";"26974";"GRADUAÇÃO";"Campus Central";"DOD";"2014";"1";"2014-01-27";"2014-06-14";"6M123 (27/01/2014 - 14/06/2014)";"17";"19";"REGULAR";"f";"2014-06-09 14:17:35.43";"f";"";"51";"CONSOLIDADA";"";"Presencial";
"1221792";"01";"23899";"";"";"26972";"GRADUAÇÃO";"Campus Central";"DOD";"2014";"1";"2014-01-27";"2014-06-14";"6N123 (27/01/2014 - 14/06/2014)";"15";"15";"REGULAR";"f";"2014-06-10 17:29:17.664";"f";"";"54";"CONSOLIDADA";"";"Presencial";
"1221792";"01";"5753024";"";"";"26972";"GRADUAÇÃO";"Campus Central";"DOD";"2014";"1";"2014-01-27";"2014-06-14";"6N123 (27/01/2014 - 14/06/2014)";"15";"15";"REGULAR";"f";"2014-06-10 17:29:17.664";"f";"";"54";"CONSOLIDADA";"";"Presencial";
"1221792";"01";"5752659";"";"";"26972";"GRADUAÇÃO";"Campus Central";"DOD";"2014";"1";"2014-01-27";"2014-06-14";"6N123 (27/01/2014 - 14/06/2014)";"15";"15";"REGULAR";"f";"2014-06-10 17:29:17.664";"f";"";"54";"CONSOLIDADA";"";"Presencial";
"1221793";"01";"15524";"";"";"21858";"GRADUAÇÃO";"Campus Central";"DOD";"2014";"1";"2014-01-27";"2014-06-14";"5T2345";"8";"8";"REGULAR";"f";"2014-06-13 15:58:10.113";"f";"";"72";"CONSOLIDADA";"";"Presencial";
"1221793";"01";"24072";"";"";"21858";"GRADUAÇÃO";"Campus Central";"DOD";"2014";"1";"2014-01-27";"2014-06-14";"5T2345";"8";"8";"REGULAR";"f";"2014-06-13 15:58:10.113";"f";"";"72";"CONSOLIDADA";"";"Presencial";
"1221793";"01";"64138";"";"";"21858";"GRADUAÇÃO";"Campus Central";"DOD";"2014";"1";"2014-01-27";"2014-06-14";"5T2345";"8";"8";"REGULAR";"f";"2014-06-13 15:58:10.113";"f";"";"72";"CONSOLIDADA";"";"Presencial";
"1221793";"01";"5752209";"";"";"21858";"GRADUAÇÃO";"Campus Central";"DOD";"2014";"1";"2014-01-27";"2014-06-14";"5T2345";"8";"8";"REGULAR";"f";"2014-06-13 15:58:10.113";"f";"";"72";"CONSOLIDADA";"";"Presencial";
"1221794";"01";"20295";"";"";"27515";"GRADUAÇÃO";"Campus Central";"FF-CCS";"2014";"1";"2014-01-27";"2014-06-14";"3N2";"27";"25";"REGULAR";"f";"2014-06-11 16:30:23.012";"f";"";"17";"CONSOLIDADA";"";"Presencial";
"1221795";"02";"15524";"";"";"21858";"GRADUAÇÃO";"Campus Central";"DOD";"2014";"1";"2014-01-27";"2014-06-14";"5T2345";"7";"8";"REGULAR";"f";"2014-06-13 16:00:01.18";"f";"";"72";"CONSOLIDADA";"";"Presencial";
"1221795";"02";"5752209";"";"";"21858";"GRADUAÇÃO";"Campus Central";"DOD";"2014";"1";"2014-01-27";"2014-06-14";"5T2345";"7";"8";"REGULAR";"f";"2014-06-13 16:00:01.18";"f";"";"72";"CONSOLIDADA";"";"Presencial";
"1221795";"02";"24072";"";"";"21858";"GRADUAÇÃO";"Campus Central";"DOD";"2014";"1";"2014-01-27";"2014-06-14";"5T2345";"7";"8";"REGULAR";"f";"2014-06-13 16:00:01.18";"f";"";"72";"CONSOLIDADA";"";"Presencial";
"1221795";"02";"5755737";"";"";"21858";"GRADUAÇÃO";"Campus Central";"DOD";"2014";"1";"2014-01-27";"2014-06-14";"5T2345";"7";"8";"REGULAR";"f";"2014-06-13 16:00:01.18";"f";"";"72";"CONSOLIDADA";"";"Presencial";
"1221796";"02";"20295";"";"";"27515";"GRADUAÇÃO";"Campus Central";"FF-CCS";"2014";"1";"2014-01-27";"2014-06-14";"5T3";"96";"25";"REGULAR";"f";"2014-06-12 14:39:27.886";"f";"";"17";"CONSOLIDADA";"";"Presencial";
"1221797";"02";"24072";"";"";"21857";"GRADUAÇÃO";"Campus Central";"DOD";"2014";"1";"2014-01-27";"2014-06-14";"24T234 6T23";"14";"16";"REGULAR";"f";"2014-06-11 16:09:17.997";"f";"";"131";"CONSOLIDADA";"";"Presencial";
"1221797";"02";"64138";"";"";"21857";"GRADUAÇÃO";"Campus Central";"DOD";"2014";"1";"2014-01-27";"2014-06-14";"24T234 6T23";"14";"16";"REGULAR";"f";"2014-06-11 16:09:17.997";"f";"";"131";"CONSOLIDADA";"";"Presencial";
"1221797";"02";"5752209";"";"";"21857";"GRADUAÇÃO";"Campus Central";"DOD";"2014";"1";"2014-01-27";"2014-06-14";"24T234 6T23";"14";"16";"REGULAR";"f";"2014-06-11 16:09:17.997";"f";"";"131";"CONSOLIDADA";"";"Presencial";
"1221797";"02";"";"102712506";"";"21857";"GRADUAÇÃO";"Campus Central";"DOD";"2014";"1";"2014-01-27";"2014-06-14";"24T234 6T23";"14";"16";"REGULAR";"f";"2014-06-11 16:09:17.997";"f";"";"131";"CONSOLIDADA";"";"Presencial";
"1221797";"02";"17214";"";"";"21857";"GRADUAÇÃO";"Campus Central";"DOD";"2014";"1";"2014-01-27";"2014-06-14";"24T234 6T23";"14";"16";"REGULAR";"f";"2014-06-11 16:09:17.997";"f";"";"131";"CONSOLIDADA";"";"Presencial";
"1221799";"01A";"5752680";"";"";"2048601";"GRADUAÇÃO";"Campus Central";"Sala Juazeiro - CB - Bloco das árvores";"2014";"1";"2014-01-27";"2014-06-14";"6M3456";"6";"20";"REGULAR";"f";"2014-06-02 02:48:59.415";"f";"1221798";"68";"CONSOLIDADA";"";"Presencial";
"1221800";"01";"5752209";"";"";"21856";"GRADUAÇÃO";"Campus Central";"DOD";"2014";"1";"2014-01-27";"2014-06-14";"6M2345";"41";"45";"REGULAR";"f";"2014-06-09 15:27:55.062";"f";"";"68";"CONSOLIDADA";"";"Presencial";
"1221800";"01";"18247";"";"";"21856";"GRADUAÇÃO";"Campus Central";"DOD";"2014";"1";"2014-01-27";"2014-06-14";"6M2345";"41";"45";"REGULAR";"f";"2014-06-09 15:27:55.062";"f";"";"68";"CONSOLIDADA";"";"Presencial";
"1221801";"03";"17214";"";"";"21857";"GRADUAÇÃO";"Campus Central";"DOD";"2014";"1";"2014-01-27";"2014-06-14";"24T234 6T23";"15";"16";"REGULAR";"f";"2014-06-11 16:12:18.348";"f";"";"133";"CONSOLIDADA";"";"Presencial";
"1221801";"03";"24073";"";"";"21857";"GRADUAÇÃO";"Campus Central";"DOD";"2014";"1";"2014-01-27";"2014-06-14";"24T234 6T23";"15";"16";"REGULAR";"f";"2014-06-11 16:12:18.348";"f";"";"133";"CONSOLIDADA";"";"Presencial";
"1221801";"03";"21585";"";"";"21857";"GRADUAÇÃO";"Campus Central";"DOD";"2014";"1";"2014-01-27";"2014-06-14";"24T234 6T23";"15";"16";"REGULAR";"f";"2014-06-11 16:12:18.348";"f";"";"133";"CONSOLIDADA";"";"Presencial";
"1221801";"03";"64138";"";"";"21857";"GRADUAÇÃO";"Campus Central";"DOD";"2014";"1";"2014-01-27";"2014-06-14";"24T234 6T23";"15";"16";"REGULAR";"f";"2014-06-11 16:12:18.348";"f";"";"133";"CONSOLIDADA";"";"Presencial";
"1221801";"03";"5752209";"";"";"21857";"GRADUAÇÃO";"Campus Central";"DOD";"2014";"1";"2014-01-27";"2014-06-14";"24T234 6T23";"15";"16";"REGULAR";"f";"2014-06-11 16:12:18.348";"f";"";"133";"CONSOLIDADA";"";"Presencial";
"1221801";"03";"24072";"";"";"21857";"GRADUAÇÃO";"Campus Central";"DOD";"2014";"1";"2014-01-27";"2014-06-14";"24T234 6T23";"15";"16";"REGULAR";"f";"2014-06-11 16:12:18.348";"f";"";"133";"CONSOLIDADA";"";"Presencial";
"1221801";"03";"21584";"";"";"21857";"GRADUAÇÃO";"Campus Central";"DOD";"2014";"1";"2014-01-27";"2014-06-14";"24T234 6T23";"15";"16";"REGULAR";"f";"2014-06-11 16:12:18.348";"f";"";"133";"CONSOLIDADA";"";"Presencial";
"1221802";"01";"18247";"";"";"23846";"GRADUAÇÃO";"Campus Central";"DOD";"2014";"1";"2014-01-27";"2014-06-14";"5M2345";"23";"23";"REGULAR";"f";"2014-06-12 17:35:34.544";"f";"";"72";"CONSOLIDADA";"";"Presencial";
"1221802";"01";"5754338";"";"";"23846";"GRADUAÇÃO";"Campus Central";"DOD";"2014";"1";"2014-01-27";"2014-06-14";"5M2345";"23";"23";"REGULAR";"f";"2014-06-12 17:35:34.544";"f";"";"72";"CONSOLIDADA";"";"Presencial";
"1221803";"01";"5755994";"";"";"47976";"GRADUAÇÃO";"Campus Caicó";"SALA B9";"2014";"1";"2014-01-27";"2014-06-14";"2M12 3M34";"3";"40";"REGULAR";"f";"2014-06-05 00:49:00.3";"f";"";"74";"CONSOLIDADA";"";"Presencial";
"1221804";"02";"18247";"";"";"23846";"GRADUAÇÃO";"Campus Central";"DOD";"2014";"1";"2014-01-27";"2014-06-14";"5M2345";"20";"24";"REGULAR";"f";"2014-06-12 17:36:44.711";"f";"";"68";"CONSOLIDADA";"";"Presencial";
"1221804";"02";"5754338";"";"";"23846";"GRADUAÇÃO";"Campus Central";"DOD";"2014";"1";"2014-01-27";"2014-06-14";"5M2345";"20";"24";"REGULAR";"f";"2014-06-12 17:36:44.711";"f";"";"68";"CONSOLIDADA";"";"Presencial";
"1221805";"01";"5756295";"";"";"25296";"GRADUAÇÃO";"Campus Central";"IH2";"2014";"1";"2014-01-27";"2014-06-14";"35M23";"20";"60";"REGULAR";"f";"2014-06-07 13:23:28.807";"f";"";"72";"CONSOLIDADA";"";"Presencial";
"1221806";"01";"5755737";"";"";"21861";"GRADUAÇÃO";"Campus Central";"DOD";"2014";"1";"2014-01-27";"2014-06-14";"3T234";"22";"21";"REGULAR";"f";"2014-06-13 09:07:40.554";"f";"";"57";"CONSOLIDADA";"";"Presencial";
"1221806";"01";"15524";"";"";"21861";"GRADUAÇÃO";"Campus Central";"DOD";"2014";"1";"2014-01-27";"2014-06-14";"3T234";"22";"21";"REGULAR";"f";"2014-06-13 09:07:40.554";"f";"";"57";"CONSOLIDADA";"";"Presencial";
"1221806";"01";"5755955";"";"";"21861";"GRADUAÇÃO";"Campus Central";"DOD";"2014";"1";"2014-01-27";"2014-06-14";"3T234";"22";"21";"REGULAR";"f";"2014-06-13 09:07:40.554";"f";"";"57";"CONSOLIDADA";"";"Presencial";
"1221807";"02";"5755955";"";"";"21861";"GRADUAÇÃO";"Campus Central";"DOD";"2014";"1";"2014-01-27";"2014-06-14";"3T234";"18";"21";"REGULAR";"f";"2014-06-13 09:06:48.499";"f";"";"57";"CONSOLIDADA";"";"Presencial";
"1221807";"02";"15524";"";"";"21861";"GRADUAÇÃO";"Campus Central";"DOD";"2014";"1";"2014-01-27";"2014-06-14";"3T234";"18";"21";"REGULAR";"f";"2014-06-13 09:06:48.499";"f";"";"57";"CONSOLIDADA";"";"Presencial";
"1221807";"02";"5755737";"";"";"21861";"GRADUAÇÃO";"Campus Central";"DOD";"2014";"1";"2014-01-27";"2014-06-14";"3T234";"18";"21";"REGULAR";"f";"2014-06-13 09:06:48.499";"f";"";"57";"CONSOLIDADA";"";"Presencial";
"1221809";"01A";"5753311";"";"";"51468";"GRADUAÇÃO";"Campus Central";"Sala de Aula de Física - CB Piso Superior";"2014";"1";"2014-01-27";"2014-06-14";"6M345";"11";"30";"REGULAR";"f";"2014-06-19 19:57:19.935";"f";"1221808";"51";"CONSOLIDADA";"";"Presencial";
"1221810";"03";"15524";"";"";"21858";"GRADUAÇÃO";"Campus Central";"DOD";"2014";"1";"2014-01-27";"2014-06-14";"5T2345";"7";"8";"REGULAR";"f";"2014-06-13 16:01:55.878";"f";"";"72";"CONSOLIDADA";"";"Presencial";
"1221810";"03";"5755955";"";"";"21858";"GRADUAÇÃO";"Campus Central";"DOD";"2014";"1";"2014-01-27";"2014-06-14";"5T2345";"7";"8";"REGULAR";"f";"2014-06-13 16:01:55.878";"f";"";"72";"CONSOLIDADA";"";"Presencial";
"1221810";"03";"64138";"";"";"21858";"GRADUAÇÃO";"Campus Central";"DOD";"2014";"1";"2014-01-27";"2014-06-14";"5T2345";"7";"8";"REGULAR";"f";"2014-06-13 16:01:55.878";"f";"";"72";"CONSOLIDADA";"";"Presencial";
"1221810";"03";"5752209";"";"";"21858";"GRADUAÇÃO";"Campus Central";"DOD";"2014";"1";"2014-01-27";"2014-06-14";"5T2345";"7";"8";"REGULAR";"f";"2014-06-13 16:01:55.878";"f";"";"72";"CONSOLIDADA";"";"Presencial";
"1221811";"04";"18247";"";"";"21858";"GRADUAÇÃO";"Campus Central";"DOD";"2014";"1";"2014-01-27";"2014-06-14";"5T2345";"7";"8";"REGULAR";"f";"2014-06-13 17:18:03.204";"f";"";"72";"CONSOLIDADA";"";"Presencial";
"1221811";"04";"5755737";"";"";"21858";"GRADUAÇÃO";"Campus Central";"DOD";"2014";"1";"2014-01-27";"2014-06-14";"5T2345";"7";"8";"REGULAR";"f";"2014-06-13 17:18:03.204";"f";"";"72";"CONSOLIDADA";"";"Presencial";
"1221811";"04";"5754338";"";"";"21858";"GRADUAÇÃO";"Campus Central";"DOD";"2014";"1";"2014-01-27";"2014-06-14";"5T2345";"7";"8";"REGULAR";"f";"2014-06-13 17:18:03.204";"f";"";"72";"CONSOLIDADA";"";"Presencial";
"1221811";"04";"5755955";"";"";"21858";"GRADUAÇÃO";"Campus Central";"DOD";"2014";"1";"2014-01-27";"2014-06-14";"5T2345";"7";"8";"REGULAR";"f";"2014-06-13 17:18:03.204";"f";"";"72";"CONSOLIDADA";"";"Presencial";
"1221812";"02";"26273";"";"";"26972";"GRADUAÇÃO";"Campus Central";"DOD";"2014";"1";"2014-01-27";"2014-06-14";"6N123 (27/01/2014 - 14/06/2014)";"10";"14";"REGULAR";"f";"2014-06-10 17:29:46.082";"f";"";"54";"CONSOLIDADA";"";"Presencial";
"1221812";"02";"23899";"";"";"26972";"GRADUAÇÃO";"Campus Central";"DOD";"2014";"1";"2014-01-27";"2014-06-14";"6N123 (27/01/2014 - 14/06/2014)";"10";"14";"REGULAR";"f";"2014-06-10 17:29:46.082";"f";"";"54";"CONSOLIDADA";"";"Presencial";
"1221812";"02";"5752659";"";"";"26972";"GRADUAÇÃO";"Campus Central";"DOD";"2014";"1";"2014-01-27";"2014-06-14";"6N123 (27/01/2014 - 14/06/2014)";"10";"14";"REGULAR";"f";"2014-06-10 17:29:46.082";"f";"";"54";"CONSOLIDADA";"";"Presencial";
"1221813";"03";"5753024";"";"";"26972";"GRADUAÇÃO";"Campus Central";"DOD";"2014";"1";"2014-01-27";"2014-06-14";"6N123 (27/01/2014 - 14/06/2014)";"12";"14";"REGULAR";"f";"2014-06-10 17:30:12.791";"f";"";"54";"CONSOLIDADA";"";"Presencial";
"1221813";"03";"5752659";"";"";"26972";"GRADUAÇÃO";"Campus Central";"DOD";"2014";"1";"2014-01-27";"2014-06-14";"6N123 (27/01/2014 - 14/06/2014)";"12";"14";"REGULAR";"f";"2014-06-10 17:30:12.791";"f";"";"54";"CONSOLIDADA";"";"Presencial";
"1221814";"02";"5756295";"";"";"25296";"GRADUAÇÃO";"Campus Central";"IH3";"2014";"1";"2014-01-27";"2014-06-14";"36N34";"37";"61";"REGULAR";"f";"2014-06-08 01:41:08.712";"f";"";"72";"CONSOLIDADA";"";"Presencial";
"1221815";"01";"5753866";"";"";"23829";"GRADUAÇÃO";"Campus Central";"DOD";"2014";"1";"2014-01-27";"2014-06-14";"2T2345";"25";"23";"REGULAR";"f";"2014-06-10 21:16:05.797";"f";"";"68";"CONSOLIDADA";"";"Presencial";
"1221815";"01";"5755814";"";"";"23829";"GRADUAÇÃO";"Campus Central";"DOD";"2014";"1";"2014-01-27";"2014-06-14";"2T2345";"25";"23";"REGULAR";"f";"2014-06-10 21:16:05.797";"f";"";"68";"CONSOLIDADA";"";"Presencial";
"1221816";"02";"5755814";"";"";"23829";"GRADUAÇÃO";"Campus Central";"DOD";"2014";"1";"2014-01-27";"2014-06-14";"2T2345";"22";"23";"REGULAR";"f";"2014-06-10 21:18:24.2";"f";"";"68";"CONSOLIDADA";"";"Presencial";
"1221816";"02";"5753866";"";"";"23829";"GRADUAÇÃO";"Campus Central";"DOD";"2014";"1";"2014-01-27";"2014-06-14";"2T2345";"22";"23";"REGULAR";"f";"2014-06-10 21:18:24.2";"f";"";"68";"CONSOLIDADA";"";"Presencial";
"1221817";"05";"5755955";"";"";"21858";"GRADUAÇÃO";"Campus Central";"DOD";"2014";"1";"2014-01-27";"2014-06-14";"5T2345";"7";"8";"REGULAR";"f";"2014-06-13 17:18:58.558";"f";"";"72";"CONSOLIDADA";"";"Presencial";
"1221817";"05";"24072";"";"";"21858";"GRADUAÇÃO";"Campus Central";"DOD";"2014";"1";"2014-01-27";"2014-06-14";"5T2345";"7";"8";"REGULAR";"f";"2014-06-13 17:18:58.558";"f";"";"72";"CONSOLIDADA";"";"Presencial";
"1221817";"05";"18247";"";"";"21858";"GRADUAÇÃO";"Campus Central";"DOD";"2014";"1";"2014-01-27";"2014-06-14";"5T2345";"7";"8";"REGULAR";"f";"2014-06-13 17:18:58.558";"f";"";"72";"CONSOLIDADA";"";"Presencial";
"1221817";"05";"5754338";"";"";"21858";"GRADUAÇÃO";"Campus Central";"DOD";"2014";"1";"2014-01-27";"2014-06-14";"5T2345";"7";"8";"REGULAR";"f";"2014-06-13 17:18:58.558";"f";"";"72";"CONSOLIDADA";"";"Presencial";
"1221819";"01A";"5753311";"";"";"26576";"GRADUAÇÃO";"Campus Central";"Lab. Biofísica - CB - Piso Superior";"2014";"1";"2014-01-27";"2014-06-14";"35N12";"20";"20";"REGULAR";"f";"2014-06-19 20:01:16.427";"f";"1221818";"68";"CONSOLIDADA";"";"Presencial";
"1221819";"01A";"25126";"";"";"26576";"GRADUAÇÃO";"Campus Central";"Lab. Biofísica - CB - Piso Superior";"2014";"1";"2014-01-27";"2014-06-14";"35N12";"20";"20";"REGULAR";"f";"2014-06-19 20:01:16.427";"f";"1221818";"68";"CONSOLIDADA";"";"Presencial";
"1221820";"01";"18042";"";"";"26629";"GRADUAÇÃO";"Campus Central";"IH2";"2014";"1";"2014-01-27";"2014-06-14";"24M12";"15";"58";"REGULAR";"f";"2014-06-06 16:34:51.984";"f";"";"70";"CONSOLIDADA";"";"Presencial";
"1221821";"06";"5755737";"";"";"21858";"GRADUAÇÃO";"Campus Central";"DOD";"2014";"1";"2014-01-27";"2014-06-14";"5T2345";"7";"8";"REGULAR";"f";"2014-06-13 16:53:20.846";"f";"";"72";"CONSOLIDADA";"";"Presencial";
"1221821";"06";"64138";"";"";"21858";"GRADUAÇÃO";"Campus Central";"DOD";"2014";"1";"2014-01-27";"2014-06-14";"5T2345";"7";"8";"REGULAR";"f";"2014-06-13 16:53:20.846";"f";"";"72";"CONSOLIDADA";"";"Presencial";
"1221821";"06";"18247";"";"";"21858";"GRADUAÇÃO";"Campus Central";"DOD";"2014";"1";"2014-01-27";"2014-06-14";"5T2345";"7";"8";"REGULAR";"f";"2014-06-13 16:53:20.846";"f";"";"72";"CONSOLIDADA";"";"Presencial";
"1221821";"06";"5754338";"";"";"21858";"GRADUAÇÃO";"Campus Central";"DOD";"2014";"1";"2014-01-27";"2014-06-14";"5T2345";"7";"8";"REGULAR";"f";"2014-06-13 16:53:20.846";"f";"";"72";"CONSOLIDADA";"";"Presencial";
"1221822";"01";"22903";"";"";"21865";"GRADUAÇÃO";"Campus Central";"DOD";"2014";"1";"2014-01-27";"2014-06-14";"2T2345";"33";"43";"REGULAR";"f";"2014-06-15 14:56:43.568";"f";"";"68";"CONSOLIDADA";"";"Presencial";
"1221822";"01";"5755955";"";"";"21865";"GRADUAÇÃO";"Campus Central";"DOD";"2014";"1";"2014-01-27";"2014-06-14";"2T2345";"33";"43";"REGULAR";"f";"2014-06-15 14:56:43.568";"f";"";"68";"CONSOLIDADA";"";"Presencial";
"1221823";"01";"5752659";"";"";"21863";"GRADUAÇÃO";"Campus Central";"DOD";"2014";"1";"2014-01-27";"2014-06-14";"35M2345";"15";"14";"REGULAR";"f";"2014-06-13 13:59:43.785";"f";"";"132";"CONSOLIDADA";"";"Presencial";
"1221823";"01";"23899";"";"";"21863";"GRADUAÇÃO";"Campus Central";"DOD";"2014";"1";"2014-01-27";"2014-06-14";"35M2345";"15";"14";"REGULAR";"f";"2014-06-13 13:59:43.785";"f";"";"132";"CONSOLIDADA";"";"Presencial";
"1221823";"01";"5756312";"";"";"21863";"GRADUAÇÃO";"Campus Central";"DOD";"2014";"1";"2014-01-27";"2014-06-14";"35M2345";"15";"14";"REGULAR";"f";"2014-06-13 13:59:43.785";"f";"";"132";"CONSOLIDADA";"";"Presencial";
"1221824";"02";"18042";"";"";"26629";"GRADUAÇÃO";"Campus Central";"IH3";"2014";"1";"2014-01-27";"2014-06-14";"24N34";"16";"59";"REGULAR";"f";"2014-06-10 11:06:44.651";"f";"";"72";"CONSOLIDADA";"";"Presencial";
"1221825";"02";"23899";"";"";"21863";"GRADUAÇÃO";"Campus Central";"DOD";"2014";"1";"2014-01-27";"2014-06-14";"35M2345";"12";"14";"REGULAR";"f";"2014-06-13 14:00:48.213";"f";"";"132";"CONSOLIDADA";"";"Presencial";
"1221825";"02";"5752659";"";"";"21863";"GRADUAÇÃO";"Campus Central";"DOD";"2014";"1";"2014-01-27";"2014-06-14";"35M2345";"12";"14";"REGULAR";"f";"2014-06-13 14:00:48.213";"f";"";"132";"CONSOLIDADA";"";"Presencial";
"1221826";"03";"5752659";"";"";"21863";"GRADUAÇÃO";"Campus Central";"DOD";"2014";"1";"2014-01-27";"2014-06-14";"35M2345";"7";"15";"REGULAR";"f";"2014-06-13 14:01:44.514";"f";"";"132";"CONSOLIDADA";"";"Presencial";
"1221826";"03";"23899";"";"";"21863";"GRADUAÇÃO";"Campus Central";"DOD";"2014";"1";"2014-01-27";"2014-06-14";"35M2345";"7";"15";"REGULAR";"f";"2014-06-13 14:01:44.514";"f";"";"132";"CONSOLIDADA";"";"Presencial";
"1221826";"03";"5756312";"";"";"21863";"GRADUAÇÃO";"Campus Central";"DOD";"2014";"1";"2014-01-27";"2014-06-14";"35M2345";"7";"15";"REGULAR";"f";"2014-06-13 14:01:44.514";"f";"";"132";"CONSOLIDADA";"";"Presencial";
"1221827";"01B";"5753311";"";"";"26576";"GRADUAÇÃO";"Campus Central";"Lab. Biofísica - CB - Piso Superior";"2014";"1";"2014-01-27";"2014-06-14";"35N12";"6";"16";"REGULAR";"f";"2014-06-19 20:01:15.523";"f";"1221818";"68";"CONSOLIDADA";"";"Presencial";
"1221827";"01B";"25126";"";"";"26576";"GRADUAÇÃO";"Campus Central";"Lab. Biofísica - CB - Piso Superior";"2014";"1";"2014-01-27";"2014-06-14";"35N12";"6";"16";"REGULAR";"f";"2014-06-19 20:01:15.523";"f";"1221818";"68";"CONSOLIDADA";"";"Presencial";
"1221828";"01";"5755864";"";"";"21864";"GRADUAÇÃO";"Campus Central";"DOD";"2014";"1";"2014-01-27";"2014-06-14";"24M2345 6M23  35T2345";"5";"5";"REGULAR";"f";"2014-06-10 14:46:59.069";"f";"";"314";"CONSOLIDADA";"";"Presencial";
"1221828";"01";"5753752";"";"";"21864";"GRADUAÇÃO";"Campus Central";"DOD";"2014";"1";"2014-01-27";"2014-06-14";"24M2345 6M23  35T2345";"5";"5";"REGULAR";"f";"2014-06-10 14:46:59.069";"f";"";"314";"CONSOLIDADA";"";"Presencial";
"1221828";"01";"5754338";"";"";"21864";"GRADUAÇÃO";"Campus Central";"DOD";"2014";"1";"2014-01-27";"2014-06-14";"24M2345 6M23  35T2345";"5";"5";"REGULAR";"f";"2014-06-10 14:46:59.069";"f";"";"314";"CONSOLIDADA";"";"Presencial";
"1221828";"01";"5755740";"";"";"21864";"GRADUAÇÃO";"Campus Central";"DOD";"2014";"1";"2014-01-27";"2014-06-14";"24M2345 6M23  35T2345";"5";"5";"REGULAR";"f";"2014-06-10 14:46:59.069";"f";"";"314";"CONSOLIDADA";"";"Presencial";
"1221828";"01";"5754518";"";"";"21864";"GRADUAÇÃO";"Campus Central";"DOD";"2014";"1";"2014-01-27";"2014-06-14";"24M2345 6M23  35T2345";"5";"5";"REGULAR";"f";"2014-06-10 14:46:59.069";"f";"";"314";"CONSOLIDADA";"";"Presencial";
"1221829";"01";"5756295";"";"";"26625";"GRADUAÇÃO";"Campus Central";"IC4";"2014";"1";"2014-01-27";"2014-06-14";"26N12";"48";"47";"REGULAR";"f";"2014-06-09 00:29:04.378";"f";"";"68";"CONSOLIDADA";"";"Presencial";
"1221830";"02";"2257775";"";"";"21864";"GRADUAÇÃO";"Campus Central";"DOD";"2014";"1";"2014-01-27";"2014-06-14";"24M2345 6M23  35T2345";"6";"5";"REGULAR";"f";"2014-06-10 14:42:56.126";"f";"";"314";"CONSOLIDADA";"";"Presencial";
"1221830";"02";"5752718";"";"";"21864";"GRADUAÇÃO";"Campus Central";"DOD";"2014";"1";"2014-01-27";"2014-06-14";"24M2345 6M23  35T2345";"6";"5";"REGULAR";"f";"2014-06-10 14:42:56.126";"f";"";"314";"CONSOLIDADA";"";"Presencial";
"1221830";"02";"5753752";"";"";"21864";"GRADUAÇÃO";"Campus Central";"DOD";"2014";"1";"2014-01-27";"2014-06-14";"24M2345 6M23  35T2345";"6";"5";"REGULAR";"f";"2014-06-10 14:42:56.126";"f";"";"314";"CONSOLIDADA";"";"Presencial";
"1221830";"02";"5755864";"";"";"21864";"GRADUAÇÃO";"Campus Central";"DOD";"2014";"1";"2014-01-27";"2014-06-14";"24M2345 6M23  35T2345";"6";"5";"REGULAR";"f";"2014-06-10 14:42:56.126";"f";"";"314";"CONSOLIDADA";"";"Presencial";
"1221830";"02";"5753008";"";"";"21864";"GRADUAÇÃO";"Campus Central";"DOD";"2014";"1";"2014-01-27";"2014-06-14";"24M2345 6M23  35T2345";"6";"5";"REGULAR";"f";"2014-06-10 14:42:56.126";"f";"";"314";"CONSOLIDADA";"";"Presencial";
"1221830";"02";"5755740";"";"";"21864";"GRADUAÇÃO";"Campus Central";"DOD";"2014";"1";"2014-01-27";"2014-06-14";"24M2345 6M23  35T2345";"6";"5";"REGULAR";"f";"2014-06-10 14:42:56.126";"f";"";"314";"CONSOLIDADA";"";"Presencial";
"1221831";"01";"34292";"";"";"46643";"GRADUAÇÃO";"Campus Central";"Anfiteatro do DBF - CB - Piso Superior";"2014";"1";"2014-01-27";"2014-06-14";"3N34";"21";"32";"REGULAR";"f";"2014-06-14 09:32:26.686";"f";"";"38";"CONSOLIDADA";"";"Presencial";
"1221831";"01";"5753311";"";"";"46643";"GRADUAÇÃO";"Campus Central";"Anfiteatro do DBF - CB - Piso Superior";"2014";"1";"2014-01-27";"2014-06-14";"3N34";"21";"32";"REGULAR";"f";"2014-06-14 09:32:26.686";"f";"";"38";"CONSOLIDADA";"";"Presencial";
"1221832";"01";"22946";"";"";"39167";"STRICTO SENSU";"";"Centro de Educação";"2014";"1";"2014-02-10";"2014-06-11";"2M1";"4";"5";"REGULAR";"f";"2015-05-11 10:18:59.949";"f";"";"16";"CONSOLIDADA";"";"Presencial";
"1221832";"01";"22914";"";"";"39167";"STRICTO SENSU";"";"Centro de Educação";"2014";"1";"2014-02-10";"2014-06-11";"2M1";"4";"5";"REGULAR";"f";"2015-05-11 10:18:59.949";"f";"";"16";"CONSOLIDADA";"";"Presencial";
"1221832";"01";"2262069";"";"";"39167";"STRICTO SENSU";"";"Centro de Educação";"2014";"1";"2014-02-10";"2014-06-11";"2M1";"4";"5";"REGULAR";"f";"2015-05-11 10:18:59.949";"f";"";"16";"CONSOLIDADA";"";"Presencial";
"1221833";"01";"5753021";"";"";"21862";"GRADUAÇÃO";"Campus Central";"DOD";"2014";"1";"2014-01-27";"2014-06-14";"2M2345";"42";"48";"REGULAR";"f";"2014-06-04 15:30:42.472";"f";"";"68";"CONSOLIDADA";"";"Presencial";
"1221833";"01";"5756036";"";"";"21862";"GRADUAÇÃO";"Campus Central";"DOD";"2014";"1";"2014-01-27";"2014-06-14";"2M2345";"42";"48";"REGULAR";"f";"2014-06-04 15:30:42.472";"f";"";"68";"CONSOLIDADA";"";"Presencial";
"1221834";"03";"5753752";"";"";"21864";"GRADUAÇÃO";"Campus Central";"DOD";"2014";"1";"2014-01-27";"2014-06-14";"24M2345 6M23  35T2345";"4";"5";"REGULAR";"f";"2014-06-10 14:56:38.216";"f";"";"314";"CONSOLIDADA";"";"Presencial";
"1221834";"03";"5754928";"";"";"21864";"GRADUAÇÃO";"Campus Central";"DOD";"2014";"1";"2014-01-27";"2014-06-14";"24M2345 6M23  35T2345";"4";"5";"REGULAR";"f";"2014-06-10 14:56:38.216";"f";"";"314";"CONSOLIDADA";"";"Presencial";
"1221834";"03";"5755740";"";"";"21864";"GRADUAÇÃO";"Campus Central";"DOD";"2014";"1";"2014-01-27";"2014-06-14";"24M2345 6M23  35T2345";"4";"5";"REGULAR";"f";"2014-06-10 14:56:38.216";"f";"";"314";"CONSOLIDADA";"";"Presencial";
"1221834";"03";"2257775";"";"";"21864";"GRADUAÇÃO";"Campus Central";"DOD";"2014";"1";"2014-01-27";"2014-06-14";"24M2345 6M23  35T2345";"4";"5";"REGULAR";"f";"2014-06-10 14:56:38.216";"f";"";"314";"CONSOLIDADA";"";"Presencial";
"1221834";"03";"5752718";"";"";"21864";"GRADUAÇÃO";"Campus Central";"DOD";"2014";"1";"2014-01-27";"2014-06-14";"24M2345 6M23  35T2345";"4";"5";"REGULAR";"f";"2014-06-10 14:56:38.216";"f";"";"314";"CONSOLIDADA";"";"Presencial";
"1221835";"01";"5756309";"";"";"25197";"GRADUAÇÃO";"Campus Central";"IIA2";"2014";"1";"2014-01-27";"2014-06-14";"24T34";"40";"46";"REGULAR";"f";"2014-06-19 15:07:44.524";"f";"";"74";"CONSOLIDADA";"";"Presencial";
"1221836";"04";"5755032";"";"";"21864";"GRADUAÇÃO";"Campus Central";"DOD";"2014";"1";"2014-01-27";"2014-06-14";"24M2345 6M23  35T2345";"5";"5";"REGULAR";"f";"2014-06-10 14:46:16.965";"f";"";"314";"CONSOLIDADA";"";"Presencial";
"1221836";"04";"2257775";"";"";"21864";"GRADUAÇÃO";"Campus Central";"DOD";"2014";"1";"2014-01-27";"2014-06-14";"24M2345 6M23  35T2345";"5";"5";"REGULAR";"f";"2014-06-10 14:46:16.965";"f";"";"314";"CONSOLIDADA";"";"Presencial";
"1221836";"04";"5753752";"";"";"21864";"GRADUAÇÃO";"Campus Central";"DOD";"2014";"1";"2014-01-27";"2014-06-14";"24M2345 6M23  35T2345";"5";"5";"REGULAR";"f";"2014-06-10 14:46:16.965";"f";"";"314";"CONSOLIDADA";"";"Presencial";
"1221836";"04";"19170";"";"";"21864";"GRADUAÇÃO";"Campus Central";"DOD";"2014";"1";"2014-01-27";"2014-06-14";"24M2345 6M23  35T2345";"5";"5";"REGULAR";"f";"2014-06-10 14:46:16.965";"f";"";"314";"CONSOLIDADA";"";"Presencial";
"1221836";"04";"5755740";"";"";"21864";"GRADUAÇÃO";"Campus Central";"DOD";"2014";"1";"2014-01-27";"2014-06-14";"24M2345 6M23  35T2345";"5";"5";"REGULAR";"f";"2014-06-10 14:46:16.965";"f";"";"314";"CONSOLIDADA";"";"Presencial";
"1221836";"04";"5754928";"";"";"21864";"GRADUAÇÃO";"Campus Central";"DOD";"2014";"1";"2014-01-27";"2014-06-14";"24M2345 6M23  35T2345";"5";"5";"REGULAR";"f";"2014-06-10 14:46:16.965";"f";"";"314";"CONSOLIDADA";"";"Presencial";
"1221838";"01A";"25126";"";"";"2034700";"GRADUAÇÃO";"Campus Central";"Sala de aula da Física - CB - Piso Superior";"2014";"1";"2014-01-27";"2014-06-14";"6T534";"32";"50";"REGULAR";"f";"2014-06-18 11:39:26.123";"f";"1221837";"51";"CONSOLIDADA";"";"Presencial";
"1221839";"05";"5756326";"";"";"21864";"GRADUAÇÃO";"Campus Central";"DOD";"2014";"1";"2014-01-27";"2014-06-14";"24M2345 6M23  35T2345";"5";"5";"REGULAR";"f";"2014-06-10 14:45:32.71";"f";"";"314";"CONSOLIDADA";"";"Presencial";
"1221839";"05";"5755740";"";"";"21864";"GRADUAÇÃO";"Campus Central";"DOD";"2014";"1";"2014-01-27";"2014-06-14";"24M2345 6M23  35T2345";"5";"5";"REGULAR";"f";"2014-06-10 14:45:32.71";"f";"";"314";"CONSOLIDADA";"";"Presencial";
"1221839";"05";"5755032";"";"";"21864";"GRADUAÇÃO";"Campus Central";"DOD";"2014";"1";"2014-01-27";"2014-06-14";"24M2345 6M23  35T2345";"5";"5";"REGULAR";"f";"2014-06-10 14:45:32.71";"f";"";"314";"CONSOLIDADA";"";"Presencial";
"1221839";"05";"2257775";"";"";"21864";"GRADUAÇÃO";"Campus Central";"DOD";"2014";"1";"2014-01-27";"2014-06-14";"24M2345 6M23  35T2345";"5";"5";"REGULAR";"f";"2014-06-10 14:45:32.71";"f";"";"314";"CONSOLIDADA";"";"Presencial";
"1221841";"06";"5756326";"";"";"21864";"GRADUAÇÃO";"Campus Central";"d";"2014";"1";"2014-01-27";"2014-06-14";"24M2345 6M23  35T2345";"6";"6";"REGULAR";"f";"2014-06-10 14:44:51.994";"f";"";"314";"CONSOLIDADA";"";"Presencial";
"1221841";"06";"2257775";"";"";"21864";"GRADUAÇÃO";"Campus Central";"d";"2014";"1";"2014-01-27";"2014-06-14";"24M2345 6M23  35T2345";"6";"6";"REGULAR";"f";"2014-06-10 14:44:51.994";"f";"";"314";"CONSOLIDADA";"";"Presencial";
"1221841";"06";"5755740";"";"";"21864";"GRADUAÇÃO";"Campus Central";"d";"2014";"1";"2014-01-27";"2014-06-14";"24M2345 6M23  35T2345";"6";"6";"REGULAR";"f";"2014-06-10 14:44:51.994";"f";"";"314";"CONSOLIDADA";"";"Presencial";
"1221841";"06";"5753008";"";"";"21864";"GRADUAÇÃO";"Campus Central";"d";"2014";"1";"2014-01-27";"2014-06-14";"24M2345 6M23  35T2345";"6";"6";"REGULAR";"f";"2014-06-10 14:44:51.994";"f";"";"314";"CONSOLIDADA";"";"Presencial";
"1221842";"07";"5756326";"";"";"21864";"GRADUAÇÃO";"Campus Central";"DOD";"2014";"1";"2014-01-27";"2014-06-14";"24M2345 6M23  35T2345";"3";"6";"REGULAR";"f";"2014-06-10 14:43:51.253";"f";"";"314";"CONSOLIDADA";"";"Presencial";
"1221842";"07";"5752718";"";"";"21864";"GRADUAÇÃO";"Campus Central";"DOD";"2014";"1";"2014-01-27";"2014-06-14";"24M2345 6M23  35T2345";"3";"6";"REGULAR";"f";"2014-06-10 14:43:51.253";"f";"";"314";"CONSOLIDADA";"";"Presencial";
"1221842";"07";"5754928";"";"";"21864";"GRADUAÇÃO";"Campus Central";"DOD";"2014";"1";"2014-01-27";"2014-06-14";"24M2345 6M23  35T2345";"3";"6";"REGULAR";"f";"2014-06-10 14:43:51.253";"f";"";"314";"CONSOLIDADA";"";"Presencial";
"1221842";"07";"5755740";"";"";"21864";"GRADUAÇÃO";"Campus Central";"DOD";"2014";"1";"2014-01-27";"2014-06-14";"24M2345 6M23  35T2345";"3";"6";"REGULAR";"f";"2014-06-10 14:43:51.253";"f";"";"314";"CONSOLIDADA";"";"Presencial";
"1221844";"02";"5756277";"";"";"25197";"GRADUAÇÃO";"Campus Central";"IIE2";"2014";"1";"2014-01-27";"2014-06-14";"35T12";"8";"55";"REGULAR";"f";"2014-06-19 09:45:39.777";"f";"";"74";"CONSOLIDADA";"";"Presencial";
"1221845";"01";"22912";"";"";"26970";"GRADUAÇÃO";"Campus Central";"DOD";"2014";"1";"2014-01-27";"2014-06-14";"4T45";"8";"25";"REGULAR";"f";"2014-06-17 09:43:35.248";"f";"";"34";"CONSOLIDADA";"";"Presencial";
"1221846";"01";"5753866";"";"";"21873";"GRADUAÇÃO";"Campus Central";"DOD";"2014";"1";"2014-01-27";"2014-06-14";"6M456";"21";"19";"REGULAR";"f";"2014-06-09 10:25:40.843";"f";"";"54";"CONSOLIDADA";"";"Presencial";
"1221846";"01";"5753024";"";"";"21873";"GRADUAÇÃO";"Campus Central";"DOD";"2014";"1";"2014-01-27";"2014-06-14";"6M456";"21";"19";"REGULAR";"f";"2014-06-09 10:25:40.843";"f";"";"54";"CONSOLIDADA";"";"Presencial";
"1221847";"02";"25595";"";"";"21873";"GRADUAÇÃO";"Campus Central";"DOD";"2014";"1";"2014-01-27";"2014-06-14";"6M456";"16";"18";"REGULAR";"f";"2014-06-09 08:54:15.944";"f";"";"54";"CONSOLIDADA";"";"Presencial";
"1221847";"02";"26273";"";"";"21873";"GRADUAÇÃO";"Campus Central";"DOD";"2014";"1";"2014-01-27";"2014-06-14";"6M456";"16";"18";"REGULAR";"f";"2014-06-09 08:54:15.944";"f";"";"54";"CONSOLIDADA";"";"Presencial";
"1221848";"01";"25595";"";"";"21868";"GRADUAÇÃO";"Campus Central";"DOD";"2014";"1";"2014-01-27";"2014-06-14";"2345T2345";"9";"6";"REGULAR";"f";"2014-06-04 09:12:09.676";"f";"";"264";"CONSOLIDADA";"";"Presencial";
"1221848";"01";"5752659";"";"";"21868";"GRADUAÇÃO";"Campus Central";"DOD";"2014";"1";"2014-01-27";"2014-06-14";"2345T2345";"9";"6";"REGULAR";"f";"2014-06-04 09:12:09.676";"f";"";"264";"CONSOLIDADA";"";"Presencial";
"1221848";"01";"5753866";"";"";"21868";"GRADUAÇÃO";"Campus Central";"DOD";"2014";"1";"2014-01-27";"2014-06-14";"2345T2345";"9";"6";"REGULAR";"f";"2014-06-04 09:12:09.676";"f";"";"264";"CONSOLIDADA";"";"Presencial";
"1221849";"02";"25957";"";"";"21868";"GRADUAÇÃO";"Campus Central";"DOD";"2014";"1";"2014-01-27";"2014-06-14";"2345T2345";"6";"6";"REGULAR";"f";"2014-06-04 08:58:00.168";"f";"";"264";"CONSOLIDADA";"";"Presencial";
"1221849";"02";"5752231";"";"";"21868";"GRADUAÇÃO";"Campus Central";"DOD";"2014";"1";"2014-01-27";"2014-06-14";"2345T2345";"6";"6";"REGULAR";"f";"2014-06-04 08:58:00.168";"f";"";"264";"CONSOLIDADA";"";"Presencial";
"1221849";"02";"24073";"";"";"21868";"GRADUAÇÃO";"Campus Central";"DOD";"2014";"1";"2014-01-27";"2014-06-14";"2345T2345";"6";"6";"REGULAR";"f";"2014-06-04 08:58:00.168";"f";"";"264";"CONSOLIDADA";"";"Presencial";
"1221850";"03";"5752482";"";"";"25197";"GRADUAÇÃO";"Campus Central";"IB5";"2014";"1";"2014-01-27";"2014-06-14";"24M12";"21";"51";"REGULAR";"f";"2014-06-15 02:16:11.171";"f";"";"74";"CONSOLIDADA";"";"Presencial";
"1221851";"01";"5753311";"";"";"43069";"GRADUAÇÃO";"Campus Central";"Anfiteatro do DBF - CB - Piso Superior";"2014";"1";"2014-01-27";"2014-06-14";"3M12";"61";"60";"REGULAR";"f";"2014-06-19 20:08:01.459";"f";"";"36";"CONSOLIDADA";"";"Presencial";
"1221852";"01";"5753076";"";"";"39169";"STRICTO SENSU";"";"Centro de Educação";"2014";"1";"2014-02-10";"2014-06-11";"6T6";"9";"9";"REGULAR";"f";"2015-01-08 16:30:30.514";"f";"";"15";"CONSOLIDADA";"";"Presencial";
"1221852";"01";"2262069";"";"";"39169";"STRICTO SENSU";"";"Centro de Educação";"2014";"1";"2014-02-10";"2014-06-11";"6T6";"9";"9";"REGULAR";"f";"2015-01-08 16:30:30.514";"f";"";"15";"CONSOLIDADA";"";"Presencial";
"1221852";"01";"22914";"";"";"39169";"STRICTO SENSU";"";"Centro de Educação";"2014";"1";"2014-02-10";"2014-06-11";"6T6";"9";"9";"REGULAR";"f";"2015-01-08 16:30:30.514";"f";"";"15";"CONSOLIDADA";"";"Presencial";
"1221852";"01";"22790";"";"";"39169";"STRICTO SENSU";"";"Centro de Educação";"2014";"1";"2014-02-10";"2014-06-11";"6T6";"9";"9";"REGULAR";"f";"2015-01-08 16:30:30.514";"f";"";"15";"CONSOLIDADA";"";"Presencial";
"1221852";"01";"22946";"";"";"39169";"STRICTO SENSU";"";"Centro de Educação";"2014";"1";"2014-02-10";"2014-06-11";"6T6";"9";"9";"REGULAR";"f";"2015-01-08 16:30:30.514";"f";"";"15";"CONSOLIDADA";"";"Presencial";
"1221853";"01";"5753027";"";"";"21874";"GRADUAÇÃO";"Campus Central";"DOD";"2014";"1";"2014-01-27";"2014-06-14";"4M2345  245T2345";"15";"16";"REGULAR";"f";"2014-06-24 22:32:59.948";"f";"";"260";"CONSOLIDADA";"";"Presencial";
"1221853";"01";"5756311";"";"";"21874";"GRADUAÇÃO";"Campus Central";"DOD";"2014";"1";"2014-01-27";"2014-06-14";"4M2345  245T2345";"15";"16";"REGULAR";"f";"2014-06-24 22:32:59.948";"f";"";"260";"CONSOLIDADA";"";"Presencial";
"1221853";"01";"18041";"";"";"21874";"GRADUAÇÃO";"Campus Central";"DOD";"2014";"1";"2014-01-27";"2014-06-14";"4M2345  245T2345";"15";"16";"REGULAR";"f";"2014-06-24 22:32:59.948";"f";"";"260";"CONSOLIDADA";"";"Presencial";
"1221855";"01A";"5753673";"";"";"24940";"GRADUAÇÃO";"Campus Central";"Anfiteatro do DBF - CB - Piso Superior";"2014";"1";"2014-01-27";"2014-06-14";"35M34";"35";"40";"REGULAR";"f";"2014-06-09 23:03:16.471";"f";"1221854";"70";"CONSOLIDADA";"";"Presencial";
"1221856";"01";"22790";"";"";"39171";"STRICTO SENSU";"";"Centro de Educação";"2014";"1";"2014-02-10";"2014-06-11";"4M1";"1";"1";"REGULAR";"f";"2015-01-09 15:37:58.71";"f";"";"17";"CONSOLIDADA";"";"Presencial";
"1221857";"01";"22790";"";"";"39175";"STRICTO SENSU";"";"Centro de Educação";"2014";"1";"2014-02-10";"2014-06-11";"5M1";"1";"1";"REGULAR";"f";"2015-01-05 05:02:01.88";"f";"";"15";"CONSOLIDADA";"";"Presencial";
"1221858";"01";"22790";"";"";"39173";"STRICTO SENSU";"";"Centro de Educação";"2014";"1";"2014-02-10";"2014-06-11";"6M1";"1";"1";"REGULAR";"f";"2015-01-09 16:14:57.831";"f";"";"16";"CONSOLIDADA";"";"Presencial";
"1221859";"01";"22790";"";"";"39181";"STRICTO SENSU";"";"Centro de Educação";"2014";"1";"2014-02-10";"2014-06-11";"2T1";"1";"1";"REGULAR";"f";"";"f";"";"";"EXCLUÍDA";"";"Presencial";
"1221860";"01";"22790";"";"";"39177";"STRICTO SENSU";"";"Centro de Educação";"2014";"1";"2014-02-10";"2014-06-11";"3T1";"1";"1";"REGULAR";"f";"2015-01-09 15:02:32.324";"f";"";"17";"CONSOLIDADA";"";"Presencial";
"1221861";"02";"18010";"";"";"21874";"GRADUAÇÃO";"Campus Central";"DOD";"2014";"1";"2014-01-27";"2014-06-14";"4M2345  245T2345";"16";"16";"REGULAR";"f";"2014-06-24 22:56:01.222";"f";"";"260";"CONSOLIDADA";"";"Presencial";
"1221861";"02";"5756311";"";"";"21874";"GRADUAÇÃO";"Campus Central";"DOD";"2014";"1";"2014-01-27";"2014-06-14";"4M2345  245T2345";"16";"16";"REGULAR";"f";"2014-06-24 22:56:01.222";"f";"";"260";"CONSOLIDADA";"";"Presencial";
"1221861";"02";"18041";"";"";"21874";"GRADUAÇÃO";"Campus Central";"DOD";"2014";"1";"2014-01-27";"2014-06-14";"4M2345  245T2345";"16";"16";"REGULAR";"f";"2014-06-24 22:56:01.222";"f";"";"260";"CONSOLIDADA";"";"Presencial";
"1221862";"03";"5752755";"";"";"21874";"GRADUAÇÃO";"Campus Central";"DOD";"2014";"1";"2014-01-27";"2014-06-14";"4M2345  245T2345";"17";"16";"REGULAR";"f";"2014-06-24 23:05:31.076";"f";"";"260";"CONSOLIDADA";"";"Presencial";
"1221862";"03";"18041";"";"";"21874";"GRADUAÇÃO";"Campus Central";"DOD";"2014";"1";"2014-01-27";"2014-06-14";"4M2345  245T2345";"17";"16";"REGULAR";"f";"2014-06-24 23:05:31.076";"f";"";"260";"CONSOLIDADA";"";"Presencial";
"1221862";"03";"5753027";"";"";"21874";"GRADUAÇÃO";"Campus Central";"DOD";"2014";"1";"2014-01-27";"2014-06-14";"4M2345  245T2345";"17";"16";"REGULAR";"f";"2014-06-24 23:05:31.076";"f";"";"260";"CONSOLIDADA";"";"Presencial";
"1221863";"01";"5756239";"";"";"46872";"GRADUAÇÃO";"Campus Central";"Setor III - Bloco A - Sala 1";"2014";"1";"2014-04-03";"2014-06-12";"35T1234 (03/04/2014 - 12/06/2014)";"8";"45";"REGULAR";"f";"2014-06-11 20:57:05.111";"f";"";"72";"CONSOLIDADA";"";"Presencial";
"1221864";"01";"5752755";"";"";"21872";"GRADUAÇÃO";"Campus Central";"DOD";"2014";"1";"2014-01-27";"2014-06-14";"2M2345";"11";"8";"REGULAR";"f";"2014-06-15 20:51:29.089";"f";"";"68";"CONSOLIDADA";"";"Presencial";
"1221864";"01";"18041";"";"";"21872";"GRADUAÇÃO";"Campus Central";"DOD";"2014";"1";"2014-01-27";"2014-06-14";"2M2345";"11";"8";"REGULAR";"f";"2014-06-15 20:51:29.089";"f";"";"68";"CONSOLIDADA";"";"Presencial";
"1221865";"02";"18010";"";"";"21872";"GRADUAÇÃO";"Campus Central";"DOD";"2014";"1";"2014-01-27";"2014-06-14";"2M2345";"7";"8";"REGULAR";"f";"2014-06-15 20:53:36.767";"f";"";"68";"CONSOLIDADA";"";"Presencial";
"1221865";"02";"5752755";"";"";"21872";"GRADUAÇÃO";"Campus Central";"DOD";"2014";"1";"2014-01-27";"2014-06-14";"2M2345";"7";"8";"REGULAR";"f";"2014-06-15 20:53:36.767";"f";"";"68";"CONSOLIDADA";"";"Presencial";
"1221866";"03";"5752755";"";"";"21872";"GRADUAÇÃO";"Campus Central";"DOD";"2014";"1";"2014-01-27";"2014-06-14";"2M2345";"9";"9";"REGULAR";"f";"2014-06-15 20:54:30.944";"f";"";"68";"CONSOLIDADA";"";"Presencial";
"1221866";"03";"5753027";"";"";"21872";"GRADUAÇÃO";"Campus Central";"DOD";"2014";"1";"2014-01-27";"2014-06-14";"2M2345";"9";"9";"REGULAR";"f";"2014-06-15 20:54:30.944";"f";"";"68";"CONSOLIDADA";"";"Presencial";
"1221867";"04";"5756311";"";"";"21872";"GRADUAÇÃO";"Campus Central";"DOD";"2014";"1";"2014-01-27";"2014-06-14";"2M2345";"8";"9";"REGULAR";"f";"2014-06-25 08:59:16.163";"f";"";"68";"CONSOLIDADA";"";"Presencial";
"1221868";"01";"21727";"";"";"25897";"GRADUAÇÃO";"Campus Central";"Laboratório de Geologia";"2014";"1";"2014-01-27";"2014-06-14";"24M34";"9";"10";"REGULAR";"f";"2014-06-18 09:36:29.397";"f";"";"70";"CONSOLIDADA";"";"Presencial";
"1221869";"01";"127199";"";"";"51566";"GRADUAÇÃO";"Campus Central";"Setor I - Bloco H - Sala 12";"2014";"1";"2014-01-29";"2014-06-04";"4N1234 (29/01/2014 - 04/06/2014)";"25";"45";"REGULAR";"f";"2014-06-21 07:45:35.625";"f";"";"68";"CONSOLIDADA";"";"Presencial";
"1221869";"01";"5751852";"";"";"51566";"GRADUAÇÃO";"Campus Central";"Setor I - Bloco H - Sala 12";"2014";"1";"2014-01-29";"2014-06-04";"4N1234 (29/01/2014 - 04/06/2014)";"25";"45";"REGULAR";"f";"2014-06-21 07:45:35.625";"f";"";"68";"CONSOLIDADA";"";"Presencial";
"1221870";"05";"5752755";"";"";"21872";"GRADUAÇÃO";"Campus Central";"DOD";"2014";"1";"2014-01-27";"2014-06-14";"2M2345";"9";"9";"REGULAR";"f";"2014-06-15 20:55:23.38";"f";"";"68";"CONSOLIDADA";"";"Presencial";
"1221870";"05";"18041";"";"";"21872";"GRADUAÇÃO";"Campus Central";"DOD";"2014";"1";"2014-01-27";"2014-06-14";"2M2345";"9";"9";"REGULAR";"f";"2014-06-15 20:55:23.38";"f";"";"68";"CONSOLIDADA";"";"Presencial";
"1221870";"05";"18010";"";"";"21872";"GRADUAÇÃO";"Campus Central";"DOD";"2014";"1";"2014-01-27";"2014-06-14";"2M2345";"9";"9";"REGULAR";"f";"2014-06-15 20:55:23.38";"f";"";"68";"CONSOLIDADA";"";"Presencial";
"1221870";"05";"5753027";"";"";"21872";"GRADUAÇÃO";"Campus Central";"DOD";"2014";"1";"2014-01-27";"2014-06-14";"2M2345";"9";"9";"REGULAR";"f";"2014-06-15 20:55:23.38";"f";"";"68";"CONSOLIDADA";"";"Presencial";
"1221871";"02";"21727";"";"";"25897";"GRADUAÇÃO";"Campus Central";"Laboratório de Geologia";"2014";"1";"2014-01-27";"2014-06-14";"24M56";"11";"11";"REGULAR";"f";"2014-06-18 09:37:32.91";"f";"";"70";"CONSOLIDADA";"";"Presencial";
"1221872";"01";"23899";"";"";"23848";"GRADUAÇÃO";"Campus Central";"DOD";"2014";"1";"2014-01-27";"2014-06-14";"2M2345 4M23";"14";"14";"REGULAR";"f";"2014-06-09 11:44:35.847";"f";"";"98";"CONSOLIDADA";"";"Presencial";
"1221872";"01";"26273";"";"";"23848";"GRADUAÇÃO";"Campus Central";"DOD";"2014";"1";"2014-01-27";"2014-06-14";"2M2345 4M23";"14";"14";"REGULAR";"f";"2014-06-09 11:44:35.847";"f";"";"98";"CONSOLIDADA";"";"Presencial";
"1221872";"01";"5753024";"";"";"23848";"GRADUAÇÃO";"Campus Central";"DOD";"2014";"1";"2014-01-27";"2014-06-14";"2M2345 4M23";"14";"14";"REGULAR";"f";"2014-06-09 11:44:35.847";"f";"";"98";"CONSOLIDADA";"";"Presencial";
"1221873";"02";"5753076";"";"";"39173";"STRICTO SENSU";"";"Centro de Educação";"2014";"1";"2014-02-10";"2014-06-11";"4M1";"";"2";"REGULAR";"f";"";"f";"";"";"EXCLUÍDA";"";"Presencial";
"1221874";"02";"26273";"";"";"23848";"GRADUAÇÃO";"Campus Central";"DOD";"2014";"1";"2014-01-27";"2014-06-14";"2M2345 4M23";"13";"14";"REGULAR";"f";"2014-06-09 11:49:31.212";"f";"";"98";"CONSOLIDADA";"";"Presencial";
"1221874";"02";"5753024";"";"";"23848";"GRADUAÇÃO";"Campus Central";"DOD";"2014";"1";"2014-01-27";"2014-06-14";"2M2345 4M23";"13";"14";"REGULAR";"f";"2014-06-09 11:49:31.212";"f";"";"98";"CONSOLIDADA";"";"Presencial";
"1221874";"02";"23899";"";"";"23848";"GRADUAÇÃO";"Campus Central";"DOD";"2014";"1";"2014-01-27";"2014-06-14";"2M2345 4M23";"13";"14";"REGULAR";"f";"2014-06-09 11:49:31.212";"f";"";"98";"CONSOLIDADA";"";"Presencial";
"1221875";"03";"17435";"";"";"25897";"GRADUAÇÃO";"Campus Central";"Laboratório de Geologia";"2014";"1";"2014-01-27";"2014-06-14";"24M12";"9";"10";"REGULAR";"f";"2014-06-11 09:43:30.092";"f";"";"72";"CONSOLIDADA";"";"Presencial";
"1221876";"01";"5755228";"";"";"2052302";"GRADUAÇÃO";"Campus Central";"DEPARTAMENTO DE INFECTOLOGIA - HGT";"2014";"1";"2014-01-27";"2014-03-13";"234567M123456  234567T561234  2N1234 (27/01/2014 - 13/03/2014)";"17";"18";"REGULAR";"f";"2014-06-18 00:02:02.792";"f";"";"0";"CONSOLIDADA";"";"Presencial";
"1221876";"01";"15579";"";"";"2052302";"GRADUAÇÃO";"Campus Central";"DEPARTAMENTO DE INFECTOLOGIA - HGT";"2014";"1";"2014-01-27";"2014-03-13";"234567M123456  234567T561234  2N1234 (27/01/2014 - 13/03/2014)";"17";"18";"REGULAR";"f";"2014-06-18 00:02:02.792";"f";"";"0";"CONSOLIDADA";"";"Presencial";
"1221876";"01";"22870";"";"";"2052302";"GRADUAÇÃO";"Campus Central";"DEPARTAMENTO DE INFECTOLOGIA - HGT";"2014";"1";"2014-01-27";"2014-03-13";"234567M123456  234567T561234  2N1234 (27/01/2014 - 13/03/2014)";"17";"18";"REGULAR";"f";"2014-06-18 00:02:02.792";"f";"";"0";"CONSOLIDADA";"";"Presencial";
"1221876";"01";"5753869";"";"";"2052302";"GRADUAÇÃO";"Campus Central";"DEPARTAMENTO DE INFECTOLOGIA - HGT";"2014";"1";"2014-01-27";"2014-03-13";"234567M123456  234567T561234  2N1234 (27/01/2014 - 13/03/2014)";"17";"18";"REGULAR";"f";"2014-06-18 00:02:02.792";"f";"";"0";"CONSOLIDADA";"";"Presencial";
"1221876";"01";"23785";"";"";"2052302";"GRADUAÇÃO";"Campus Central";"DEPARTAMENTO DE INFECTOLOGIA - HGT";"2014";"1";"2014-01-27";"2014-03-13";"234567M123456  234567T561234  2N1234 (27/01/2014 - 13/03/2014)";"17";"18";"REGULAR";"f";"2014-06-18 00:02:02.792";"f";"";"0";"CONSOLIDADA";"";"Presencial";
"1221876";"01";"5751876";"";"";"2052302";"GRADUAÇÃO";"Campus Central";"DEPARTAMENTO DE INFECTOLOGIA - HGT";"2014";"1";"2014-01-27";"2014-03-13";"234567M123456  234567T561234  2N1234 (27/01/2014 - 13/03/2014)";"17";"18";"REGULAR";"f";"2014-06-18 00:02:02.792";"f";"";"0";"CONSOLIDADA";"";"Presencial";
"1221876";"01";"5752215";"";"";"2052302";"GRADUAÇÃO";"Campus Central";"DEPARTAMENTO DE INFECTOLOGIA - HGT";"2014";"1";"2014-01-27";"2014-03-13";"234567M123456  234567T561234  2N1234 (27/01/2014 - 13/03/2014)";"17";"18";"REGULAR";"f";"2014-06-18 00:02:02.792";"f";"";"0";"CONSOLIDADA";"";"Presencial";
"1221876";"01";"22770";"";"";"2052302";"GRADUAÇÃO";"Campus Central";"DEPARTAMENTO DE INFECTOLOGIA - HGT";"2014";"1";"2014-01-27";"2014-03-13";"234567M123456  234567T561234  2N1234 (27/01/2014 - 13/03/2014)";"17";"18";"REGULAR";"f";"2014-06-18 00:02:02.792";"f";"";"0";"CONSOLIDADA";"";"Presencial";
"1221876";"01";"2303375";"";"";"2052302";"GRADUAÇÃO";"Campus Central";"DEPARTAMENTO DE INFECTOLOGIA - HGT";"2014";"1";"2014-01-27";"2014-03-13";"234567M123456  234567T561234  2N1234 (27/01/2014 - 13/03/2014)";"17";"18";"REGULAR";"f";"2014-06-18 00:02:02.792";"f";"";"0";"CONSOLIDADA";"";"Presencial";
"1221876";"01";"23124";"";"";"2052302";"GRADUAÇÃO";"Campus Central";"DEPARTAMENTO DE INFECTOLOGIA - HGT";"2014";"1";"2014-01-27";"2014-03-13";"234567M123456  234567T561234  2N1234 (27/01/2014 - 13/03/2014)";"17";"18";"REGULAR";"f";"2014-06-18 00:02:02.792";"f";"";"0";"CONSOLIDADA";"";"Presencial";
"1221877";"03";"26273";"";"";"23848";"GRADUAÇÃO";"Campus Central";"DOD";"2014";"1";"2014-01-27";"2014-06-14";"2M2345 4M23";"12";"15";"REGULAR";"f";"2014-06-09 11:54:26.793";"f";"";"98";"CONSOLIDADA";"";"Presencial";
"1221877";"03";"23899";"";"";"23848";"GRADUAÇÃO";"Campus Central";"DOD";"2014";"1";"2014-01-27";"2014-06-14";"2M2345 4M23";"12";"15";"REGULAR";"f";"2014-06-09 11:54:26.793";"f";"";"98";"CONSOLIDADA";"";"Presencial";
"1221877";"03";"5756312";"";"";"23848";"GRADUAÇÃO";"Campus Central";"DOD";"2014";"1";"2014-01-27";"2014-06-14";"2M2345 4M23";"12";"15";"REGULAR";"f";"2014-06-09 11:54:26.793";"f";"";"98";"CONSOLIDADA";"";"Presencial";
"1221878";"02";"5753076";"";"";"39181";"STRICTO SENSU";"";"Centro de Educação";"2014";"1";"2014-02-10";"2014-06-11";"5M1";"2";"2";"REGULAR";"f";"2016-05-03 16:10:07.309";"f";"";"15";"CONSOLIDADA";"";"Presencial";
"1221879";"01";"26273";"";"";"23849";"GRADUAÇÃO";"Campus Central";"DOD";"2014";"1";"2014-01-27";"2014-06-14";"5M2345";"39";"43";"REGULAR";"f";"2014-06-10 17:28:30.196";"f";"";"68";"CONSOLIDADA";"";"Presencial";
"1221879";"01";"5752659";"";"";"23849";"GRADUAÇÃO";"Campus Central";"DOD";"2014";"1";"2014-01-27";"2014-06-14";"5M2345";"39";"43";"REGULAR";"f";"2014-06-10 17:28:30.196";"f";"";"68";"CONSOLIDADA";"";"Presencial";
"1221879";"01";"5753024";"";"";"23849";"GRADUAÇÃO";"Campus Central";"DOD";"2014";"1";"2014-01-27";"2014-06-14";"5M2345";"39";"43";"REGULAR";"f";"2014-06-10 17:28:30.196";"f";"";"68";"CONSOLIDADA";"";"Presencial";
"1221879";"01";"23899";"";"";"23849";"GRADUAÇÃO";"Campus Central";"DOD";"2014";"1";"2014-01-27";"2014-06-14";"5M2345";"39";"43";"REGULAR";"f";"2014-06-10 17:28:30.196";"f";"";"68";"CONSOLIDADA";"";"Presencial";
"1221880";"01";"18248";"";"";"21867";"GRADUAÇÃO";"Campus Central";"DOD";"2014";"1";"2014-01-27";"2014-06-14";"3M234";"38";"39";"REGULAR";"f";"2014-06-17 09:27:09.789";"f";"";"54";"CONSOLIDADA";"";"Presencial";
"1221881";"01";"5752841";"";"";"27718";"GRADUAÇÃO";"Campus Central";"Laboratório de Geologia";"2014";"1";"2014-01-27";"2014-06-14";"24M12";"9";"36";"REGULAR";"f";"2014-06-23 07:10:38.736";"f";"";"72";"CONSOLIDADA";"";"Presencial";
"1221882";"08";"5756628";"";"";"52616";"GRADUAÇÃO";"Campus Santa Cruz";"Hospital Regional Aluízio Bezerra";"2014";"1";"2014-04-10";"2014-04-14";"2M12345  56T12345 (10/04/2014 - 14/04/2014)";"";"3";"REGULAR";"f";"2014-06-12 12:09:21.118";"f";"";"15";"CONSOLIDADA";"";"Presencial";
"1221883";"01";"2257775";"";"";"23847";"GRADUAÇÃO";"Campus Central";"DOD";"2014";"1";"2014-01-27";"2014-06-14";"4M45";"41";"40";"REGULAR";"f";"2014-06-10 01:11:28.942";"f";"";"34";"CONSOLIDADA";"";"Presencial";
"1221884";"03";"5752231";"";"";"21868";"GRADUAÇÃO";"Campus Central";"DOD";"2014";"1";"2014-01-27";"2014-06-14";"2345T2345";"6";"6";"REGULAR";"f";"2014-06-04 08:59:40.712";"f";"";"264";"CONSOLIDADA";"";"Presencial";
"1221884";"03";"5756340";"";"";"21868";"GRADUAÇÃO";"Campus Central";"DOD";"2014";"1";"2014-01-27";"2014-06-14";"2345T2345";"6";"6";"REGULAR";"f";"2014-06-04 08:59:40.712";"f";"";"264";"CONSOLIDADA";"";"Presencial";
"1221884";"03";"23899";"";"";"21868";"GRADUAÇÃO";"Campus Central";"DOD";"2014";"1";"2014-01-27";"2014-06-14";"2345T2345";"6";"6";"REGULAR";"f";"2014-06-04 08:59:40.712";"f";"";"264";"CONSOLIDADA";"";"Presencial";
"1221885";"02";"21746";"";"";"27718";"GRADUAÇÃO";"Campus Central";"Laboratório de Geologia";"2014";"1";"2014-01-27";"2014-06-14";"35N34";"20";"35";"REGULAR";"f";"2014-06-21 20:22:18.739";"f";"";"74";"CONSOLIDADA";"";"Presencial";
"1221886";"04";"17223";"";"";"21868";"GRADUAÇÃO";"Campus Central";"DOD";"2014";"1";"2014-01-27";"2014-06-14";"2345T2345";"5";"6";"REGULAR";"f";"2014-06-04 09:00:49.252";"f";"";"264";"CONSOLIDADA";"";"Presencial";
"1221886";"04";"5752231";"";"";"21868";"GRADUAÇÃO";"Campus Central";"DOD";"2014";"1";"2014-01-27";"2014-06-14";"2345T2345";"5";"6";"REGULAR";"f";"2014-06-04 09:00:49.252";"f";"";"264";"CONSOLIDADA";"";"Presencial";
"1221886";"04";"2257775";"";"";"21868";"GRADUAÇÃO";"Campus Central";"DOD";"2014";"1";"2014-01-27";"2014-06-14";"2345T2345";"5";"6";"REGULAR";"f";"2014-06-04 09:00:49.252";"f";"";"264";"CONSOLIDADA";"";"Presencial";
"1221886";"04";"5756340";"";"";"21868";"GRADUAÇÃO";"Campus Central";"DOD";"2014";"1";"2014-01-27";"2014-06-14";"2345T2345";"5";"6";"REGULAR";"f";"2014-06-04 09:00:49.252";"f";"";"264";"CONSOLIDADA";"";"Presencial";
"1221886";"04";"5754518";"";"";"21868";"GRADUAÇÃO";"Campus Central";"DOD";"2014";"1";"2014-01-27";"2014-06-14";"2345T2345";"5";"6";"REGULAR";"f";"2014-06-04 09:00:49.252";"f";"";"264";"CONSOLIDADA";"";"Presencial";
"1221887";"09";"5756628";"";"";"52616";"GRADUAÇÃO";"Campus Santa Cruz";"Hospital Regional Aluízio Bezerra";"2014";"1";"2014-04-24";"2014-04-28";"2M12345  56T12345 (24/04/2014 - 28/04/2014)";"2";"3";"REGULAR";"f";"2014-06-11 20:43:49.072";"f";"";"15";"CONSOLIDADA";"";"Presencial";
"1221888";"05";"26152";"";"";"21868";"GRADUAÇÃO";"Campus Central";"DOD";"2014";"1";"2014-01-27";"2014-06-14";"2345T2345";"6";"6";"REGULAR";"f";"2014-06-04 09:19:43.618";"f";"";"264";"CONSOLIDADA";"";"Presencial";
"1221888";"05";"5756326";"";"";"21868";"GRADUAÇÃO";"Campus Central";"DOD";"2014";"1";"2014-01-27";"2014-06-14";"2345T2345";"6";"6";"REGULAR";"f";"2014-06-04 09:19:43.618";"f";"";"264";"CONSOLIDADA";"";"Presencial";
"1221889";"06";"5756074";"";"";"21868";"GRADUAÇÃO";"Campus Central";"DOD";"2014";"1";"2014-01-27";"2014-06-14";"2345T2345";"5";"5";"REGULAR";"f";"2014-06-04 09:02:12.323";"f";"";"264";"CONSOLIDADA";"";"Presencial";
"1221889";"06";"5752231";"";"";"21868";"GRADUAÇÃO";"Campus Central";"DOD";"2014";"1";"2014-01-27";"2014-06-14";"2345T2345";"5";"5";"REGULAR";"f";"2014-06-04 09:02:12.323";"f";"";"264";"CONSOLIDADA";"";"Presencial";
"1221890";"10";"5756628";"";"";"52616";"GRADUAÇÃO";"Campus Santa Cruz";"Hospital Regional Aluízio Bezerra";"2014";"1";"2014-05-02";"2014-05-08";"2M12345  56T12345 (02/05/2014 - 08/05/2014)";"3";"3";"REGULAR";"f";"2014-06-12 12:12:29.316";"f";"";"15";"CONSOLIDADA";"";"Presencial";
"1221891";"07";"5755411";"";"";"21868";"GRADUAÇÃO";"Campus Central";"DOD";"2014";"1";"2014-01-27";"2014-06-14";"2345T2345";"4";"5";"REGULAR";"f";"2014-06-04 09:03:28.419";"f";"";"264";"CONSOLIDADA";"";"Presencial";
"1221891";"07";"5752231";"";"";"21868";"GRADUAÇÃO";"Campus Central";"DOD";"2014";"1";"2014-01-27";"2014-06-14";"2345T2345";"4";"5";"REGULAR";"f";"2014-06-04 09:03:28.419";"f";"";"264";"CONSOLIDADA";"";"Presencial";
"1221892";"11";"5756628";"";"";"52616";"GRADUAÇÃO";"Campus Santa Cruz";"Hospital Regional Aluízio Bezerra";"2014";"1";"2014-05-09";"2014-05-15";"2M12345  56T12345 (09/05/2014 - 15/05/2014)";"3";"3";"REGULAR";"f";"2014-06-12 12:15:01.209";"f";"";"15";"CONSOLIDADA";"";"Presencial";
"1221893";"02";"5753076";"";"";"39177";"STRICTO SENSU";"";"Centro de Educação";"2014";"1";"2014-02-10";"2014-06-11";"6M1";"2";"2";"REGULAR";"f";"2016-05-03 16:07:48.568";"f";"";"16";"CONSOLIDADA";"";"Presencial";
"1221894";"01";"22934";"";"";"26622";"GRADUAÇÃO";"Campus Central";"IIF1";"2014";"1";"2014-01-27";"2014-06-14";"35T34 (27/01/2014 - 14/06/2014)";"10";"55";"REGULAR";"f";"2014-06-11 11:25:27.443";"f";"";"66";"CONSOLIDADA";"";"Presencial";
"1221895";"12";"5756628";"";"";"52616";"GRADUAÇÃO";"Campus Santa Cruz";"Hospital Regional Aluízio Bezerra";"2014";"1";"2014-05-16";"2014-05-22";"2M12345  56T12345 (16/05/2014 - 22/05/2014)";"5";"3";"REGULAR";"f";"2014-06-12 12:18:17.375";"f";"";"15";"CONSOLIDADA";"";"Presencial";
"1221896";"01";"22790";"";"";"39174";"STRICTO SENSU";"";"Centro de Educação";"2014";"1";"2014-02-10";"2014-06-11";"4T1";"1";"1";"REGULAR";"f";"2015-01-09 16:22:17.13";"f";"";"17";"CONSOLIDADA";"";"Presencial";
"1221897";"13";"5756628";"";"";"52616";"GRADUAÇÃO";"Campus Santa Cruz";"Hospital Regional Aluízio Bezerra";"2014";"1";"2014-05-23";"2014-05-29";"2M12345  56T12345 (23/05/2014 - 29/05/2014)";"1";"3";"REGULAR";"f";"2014-06-12 12:33:19.273";"f";"";"15";"CONSOLIDADA";"";"Presencial";
"1221898";"03";"25916";"";"";"27718";"GRADUAÇÃO";"Campus Central";"Laboratório de Geologia";"2014";"1";"2014-01-27";"2014-06-14";"35T34";"20";"31";"REGULAR";"f";"2014-06-18 09:29:15.87";"f";"";"72";"CONSOLIDADA";"";"Presencial";
"1221898";"03";"5754398";"";"";"27718";"GRADUAÇÃO";"Campus Central";"Laboratório de Geologia";"2014";"1";"2014-01-27";"2014-06-14";"35T34";"20";"31";"REGULAR";"f";"2014-06-18 09:29:15.87";"f";"";"72";"CONSOLIDADA";"";"Presencial";
"1221899";"01";"5752840";"";"";"46933";"GRADUAÇÃO";"Campus Central";"ECT - sala 09";"2014";"1";"2014-01-27";"2014-06-09";"246M34 (27/01/2014 - 09/06/2014)";"4";"45";"REGULAR";"f";"2014-06-15 10:59:06.29";"f";"";"108";"CONSOLIDADA";"";"Presencial";
"1221899";"01";"5754299";"";"";"46933";"GRADUAÇÃO";"Campus Central";"ECT - sala 09";"2014";"1";"2014-01-27";"2014-06-09";"246M34 (27/01/2014 - 09/06/2014)";"4";"45";"REGULAR";"f";"2014-06-15 10:59:06.29";"f";"";"108";"CONSOLIDADA";"";"Presencial";
"1221899";"01";"5755549";"";"";"46933";"GRADUAÇÃO";"Campus Central";"ECT - sala 09";"2014";"1";"2014-01-27";"2014-06-09";"246M34 (27/01/2014 - 09/06/2014)";"4";"45";"REGULAR";"f";"2014-06-15 10:59:06.29";"f";"";"108";"CONSOLIDADA";"";"Presencial";
"1221900";"14";"5756628";"";"";"52616";"GRADUAÇÃO";"Campus Santa Cruz";"Hospital Regional Aluízio Bezerra";"2014";"1";"2014-05-30";"2014-06-05";"2M12345  56T12345 (30/05/2014 - 05/06/2014)";"2";"3";"REGULAR";"f";"2014-06-12 12:35:33.652";"f";"";"15";"CONSOLIDADA";"";"Presencial";
"1221901";"01";"22790";"";"";"39182";"STRICTO SENSU";"";"Centro de Educação";"2014";"1";"2014-02-10";"2014-06-11";"5T1";"";"1";"REGULAR";"f";"";"f";"";"";"EXCLUÍDA";"";"Presencial";
"1221902";"01";"22790";"";"";"39179";"STRICTO SENSU";"";"Centro de Educação";"2014";"1";"2014-02-10";"2014-06-11";"6T1";"1";"1";"REGULAR";"f";"2015-01-09 15:31:03.605";"f";"";"16";"CONSOLIDADA";"";"Presencial";
"1221903";"01";"5756254";"";"";"51054";"GRADUAÇÃO";"Campus Central";"Biblioteca do Instituto do Cérebro";"2014";"1";"2014-01-31";"2014-06-06";"6M56 (31/01/2014 - 06/06/2014)";"22";"45";"REGULAR";"f";"2014-06-21 15:50:25.689";"f";"";"36";"CONSOLIDADA";"";"Presencial";
"1221904";"04";"2306717";"";"";"27718";"GRADUAÇÃO";"Campus Central";"Laboratório de Geofísica";"2014";"1";"2014-01-27";"2014-06-14";"35T34";"9";"30";"REGULAR";"f";"2014-06-13 11:04:30.042";"f";"";"74";"CONSOLIDADA";"";"Presencial";
"1221905";"04";"5755943";"";"";"24542";"GRADUAÇÃO";"Campus Central";"3C2";"2014";"1";"2014-01-27";"2014-06-14";"35M56";"36";"40";"REGULAR";"f";"2014-06-14 00:02:32.958";"f";"";"66";"CONSOLIDADA";"";"Presencial";
"1221906";"02";"18674";"";"";"46984";"GRADUAÇÃO";"Campus Central";"4F1";"2014";"1";"2014-01-27";"2014-06-14";"24T34";"25";"50";"REGULAR";"f";"2014-06-20 16:08:20.17";"f";"";"70";"CONSOLIDADA";"";"Presencial";
"1221907";"01";"5756309";"";"";"2043500";"GRADUAÇÃO";"Campus Central";"IIA1";"2014";"1";"2014-01-27";"2014-06-14";"24M56";"8";"60";"REGULAR";"f";"2014-06-13 14:09:25.612";"f";"";"74";"CONSOLIDADA";"";"Presencial";
"1221908";"01";"18246";"";"";"24315";"GRADUAÇÃO";"Campus Central";"Laboratório de Geologia";"2014";"1";"2014-01-27";"2014-06-14";"246N34";"20";"20";"REGULAR";"f";"2014-06-24 22:03:46.325";"f";"";"108";"CONSOLIDADA";"";"Presencial";
"1221909";"02";"24347";"";"";"24315";"GRADUAÇÃO";"Campus Central";"Laboratório de Geologia";"2014";"1";"2014-01-27";"2014-06-14";"246M12";"27";"21";"REGULAR";"f";"2014-06-11 18:39:25.011";"f";"";"108";"CONSOLIDADA";"";"Presencial";
"1221910";"02";"5753076";"";"";"39182";"STRICTO SENSU";"";"Centro de Educação";"2014";"1";"2014-02-10";"2014-06-11";"5T1";"1";"1";"REGULAR";"f";"2016-04-26 16:04:56.097";"f";"";"15";"CONSOLIDADA";"";"Presencial";
"1221911";"02";"5753076";"";"";"39179";"STRICTO SENSU";"";"Centro de Educação";"2014";"1";"2014-02-10";"2014-06-11";"6T1";"1";"1";"REGULAR";"f";"2016-05-03 16:08:36.179";"f";"";"16";"CONSOLIDADA";"";"Presencial";
"1221912";"01";"18769";"";"";"23070";"GRADUAÇÃO";"Campus Central";"Laboratório de Geologia";"2014";"1";"2014-01-27";"2014-06-14";"35T12";"9";"10";"REGULAR";"f";"2014-06-13 22:50:35.632";"f";"";"72";"CONSOLIDADA";"";"Presencial";
"1221913";"01";"5754627";"";"";"43242";"GRADUAÇÃO";"Campus Central";"IIE2";"2014";"1";"2014-01-27";"2014-06-14";"3N1234";"41";"60";"REGULAR";"f";"2014-06-10 09:06:32.296";"f";"";"76";"CONSOLIDADA";"";"Presencial";
"1221914";"02";"5753869";"";"";"2052302";"GRADUAÇÃO";"Campus Central";"DEPARTAMENTO DE INFECTOLOGIA - HGT";"2014";"1";"2014-03-14";"2014-04-28";"23456M123456  23456T561234 (14/03/2014 - 28/04/2014)";"18";"18";"REGULAR";"f";"2014-06-18 00:03:47.082";"f";"";"0";"CONSOLIDADA";"";"Presencial";
"1221914";"02";"23785";"";"";"2052302";"GRADUAÇÃO";"Campus Central";"DEPARTAMENTO DE INFECTOLOGIA - HGT";"2014";"1";"2014-03-14";"2014-04-28";"23456M123456  23456T561234 (14/03/2014 - 28/04/2014)";"18";"18";"REGULAR";"f";"2014-06-18 00:03:47.082";"f";"";"0";"CONSOLIDADA";"";"Presencial";
"1221914";"02";"15579";"";"";"2052302";"GRADUAÇÃO";"Campus Central";"DEPARTAMENTO DE INFECTOLOGIA - HGT";"2014";"1";"2014-03-14";"2014-04-28";"23456M123456  23456T561234 (14/03/2014 - 28/04/2014)";"18";"18";"REGULAR";"f";"2014-06-18 00:03:47.082";"f";"";"0";"CONSOLIDADA";"";"Presencial";
"1221914";"02";"5752215";"";"";"2052302";"GRADUAÇÃO";"Campus Central";"DEPARTAMENTO DE INFECTOLOGIA - HGT";"2014";"1";"2014-03-14";"2014-04-28";"23456M123456  23456T561234 (14/03/2014 - 28/04/2014)";"18";"18";"REGULAR";"f";"2014-06-18 00:03:47.082";"f";"";"0";"CONSOLIDADA";"";"Presencial";
"1221914";"02";"23124";"";"";"2052302";"GRADUAÇÃO";"Campus Central";"DEPARTAMENTO DE INFECTOLOGIA - HGT";"2014";"1";"2014-03-14";"2014-04-28";"23456M123456  23456T561234 (14/03/2014 - 28/04/2014)";"18";"18";"REGULAR";"f";"2014-06-18 00:03:47.082";"f";"";"0";"CONSOLIDADA";"";"Presencial";
"1221914";"02";"2303375";"";"";"2052302";"GRADUAÇÃO";"Campus Central";"DEPARTAMENTO DE INFECTOLOGIA - HGT";"2014";"1";"2014-03-14";"2014-04-28";"23456M123456  23456T561234 (14/03/2014 - 28/04/2014)";"18";"18";"REGULAR";"f";"2014-06-18 00:03:47.082";"f";"";"0";"CONSOLIDADA";"";"Presencial";
"1221914";"02";"22770";"";"";"2052302";"GRADUAÇÃO";"Campus Central";"DEPARTAMENTO DE INFECTOLOGIA - HGT";"2014";"1";"2014-03-14";"2014-04-28";"23456M123456  23456T561234 (14/03/2014 - 28/04/2014)";"18";"18";"REGULAR";"f";"2014-06-18 00:03:47.082";"f";"";"0";"CONSOLIDADA";"";"Presencial";
"1221914";"02";"5755228";"";"";"2052302";"GRADUAÇÃO";"Campus Central";"DEPARTAMENTO DE INFECTOLOGIA - HGT";"2014";"1";"2014-03-14";"2014-04-28";"23456M123456  23456T561234 (14/03/2014 - 28/04/2014)";"18";"18";"REGULAR";"f";"2014-06-18 00:03:47.082";"f";"";"0";"CONSOLIDADA";"";"Presencial";
"1221914";"02";"22870";"";"";"2052302";"GRADUAÇÃO";"Campus Central";"DEPARTAMENTO DE INFECTOLOGIA - HGT";"2014";"1";"2014-03-14";"2014-04-28";"23456M123456  23456T561234 (14/03/2014 - 28/04/2014)";"18";"18";"REGULAR";"f";"2014-06-18 00:03:47.082";"f";"";"0";"CONSOLIDADA";"";"Presencial";
"1221914";"02";"5751876";"";"";"2052302";"GRADUAÇÃO";"Campus Central";"DEPARTAMENTO DE INFECTOLOGIA - HGT";"2014";"1";"2014-03-14";"2014-04-28";"23456M123456  23456T561234 (14/03/2014 - 28/04/2014)";"18";"18";"REGULAR";"f";"2014-06-18 00:03:47.082";"f";"";"0";"CONSOLIDADA";"";"Presencial";
"1221915";"02";"25708";"";"";"43242";"GRADUAÇÃO";"Campus Central";"IIE2";"2014";"1";"2014-01-27";"2014-06-14";"3M3456";"19";"60";"REGULAR";"f";"2014-06-18 10:30:49.949";"f";"";"68";"CONSOLIDADA";"";"Presencial";
"1221916";"01";"5753818";"";"";"51053";"GRADUAÇÃO";"Campus Central";"ECT - sala 08";"2014";"1";"2014-03-07";"2014-06-02";"246M34 (07/03/2014 - 02/06/2014)";"8";"45";"REGULAR";"f";"2014-06-22 11:27:51.373";"f";"";"68";"CONSOLIDADA";"";"Presencial";
"1221916";"01";"5755271";"";"";"51053";"GRADUAÇÃO";"Campus Central";"ECT - sala 08";"2014";"1";"2014-03-07";"2014-06-02";"246M34 (07/03/2014 - 02/06/2014)";"8";"45";"REGULAR";"f";"2014-06-22 11:27:51.373";"f";"";"68";"CONSOLIDADA";"";"Presencial";
"1221917";"02";"21928";"";"";"39167";"STRICTO SENSU";"";"Centro de Educação";"2014";"1";"2014-02-10";"2014-06-11";"2M1";"3";"3";"REGULAR";"f";"2015-12-03 23:16:19.804";"f";"";"16";"CONSOLIDADA";"";"Presencial";
"1221917";"02";"5753581";"";"";"39167";"STRICTO SENSU";"";"Centro de Educação";"2014";"1";"2014-02-10";"2014-06-11";"2M1";"3";"3";"REGULAR";"f";"2015-12-03 23:16:19.804";"f";"";"16";"CONSOLIDADA";"";"Presencial";
"1221918";"02";"21928";"";"";"39169";"STRICTO SENSU";"";"Centro de Educação";"2014";"1";"2014-02-10";"2014-06-11";"4M1";"3";"3";"REGULAR";"f";"2015-07-15 11:08:05.74";"f";"";"17";"CONSOLIDADA";"";"Presencial";
"1221918";"02";"5753581";"";"";"39169";"STRICTO SENSU";"";"Centro de Educação";"2014";"1";"2014-02-10";"2014-06-11";"4M1";"3";"3";"REGULAR";"f";"2015-07-15 11:08:05.74";"f";"";"17";"CONSOLIDADA";"";"Presencial";
"1221919";"01";"5752650";"";"";"51055";"GRADUAÇÃO";"Campus Central";"ECT - sala 06";"2014";"1";"2014-02-11";"2014-04-15";"35M3456 (11/02/2014 - 15/04/2014)";"5";"45";"REGULAR";"f";"2014-06-16 07:06:34.691";"f";"";"72";"CONSOLIDADA";"";"Presencial";
"1221920";"02";"21928";"";"";"39171";"STRICTO SENSU";"";"Centro de Educação";"2014";"1";"2014-02-10";"2014-06-11";"5M1";"2";"3";"REGULAR";"f";"2016-05-01 17:40:44.195";"f";"";"15";"CONSOLIDADA";"";"Presencial";
"1221921";"02";"21928";"";"";"39175";"STRICTO SENSU";"";"Centro de Educação";"2014";"1";"2014-02-10";"2014-06-11";"6M1";"3";"3";"REGULAR";"f";"2016-05-01 17:37:22.892";"f";"";"16";"CONSOLIDADA";"";"Presencial";
"1221922";"01";"5752802";"";"";"46937";"GRADUAÇÃO";"Campus Central";"ECT - sala 09";"2014";"1";"2014-04-08";"2014-06-12";"35T1234 (08/04/2014 - 12/06/2014)";"6";"45";"REGULAR";"f";"2014-06-19 08:56:58.394";"f";"";"68";"CONSOLIDADA";"";"Presencial";
"1221923";"03";"25991";"";"";"39171";"STRICTO SENSU";"";"Centro de Educação";"2014";"1";"2014-02-10";"2014-06-11";"2M1";"";"1";"REGULAR";"f";"";"f";"";"";"EXCLUÍDA";"";"Presencial";
"1221924";"03";"25991";"";"";"39175";"STRICTO SENSU";"";"Centro de Educação";"2014";"1";"2014-02-10";"2014-06-11";"3M1";"1";"1";"REGULAR";"f";"2014-07-21 17:58:55.366";"f";"";"17";"CONSOLIDADA";"";"Presencial";
"1221925";"01";"21928";"";"";"39172";"STRICTO SENSU";"";"Centro de Educação";"2014";"1";"2014-02-10";"2014-06-11";"2T1";"1";"1";"REGULAR";"f";"";"f";"";"";"EXCLUÍDA";"";"Presencial";
"1221926";"03";"21928";"";"";"39181";"STRICTO SENSU";"";"Centro de Educação";"2014";"1";"2014-02-10";"2014-06-11";"3T1";"2";"2";"REGULAR";"f";"2016-05-01 17:38:48.788";"f";"";"17";"CONSOLIDADA";"";"Presencial";
"1221927";"01";"18722";"";"";"23089";"GRADUAÇÃO";"Campus Central";"Laboratório de Geologia";"2014";"1";"2014-01-27";"2014-06-14";"2T345";"20";"12";"REGULAR";"f";"2014-06-13 11:18:45.676";"f";"";"54";"CONSOLIDADA";"";"Presencial";
"1221928";"01";"21928";"";"";"39176";"STRICTO SENSU";"";"Centro de Educação";"2014";"1";"2014-02-10";"2014-06-11";"4T1";"1";"1";"REGULAR";"f";"2016-05-17 15:58:56.23";"f";"";"17";"CONSOLIDADA";"";"Presencial";
"1221929";"02";"23850";"";"";"23089";"GRADUAÇÃO";"Campus Central";"Laboratório de Geologia";"2014";"1";"2014-01-27";"2014-06-14";"2T345";"10";"10";"REGULAR";"f";"2014-06-15 09:32:31.916";"f";"";"51";"CONSOLIDADA";"";"Presencial";
"1221930";"02";"25991";"";"";"39172";"STRICTO SENSU";"";"Centro de Educação";"2014";"1";"2014-02-10";"2014-06-11";"2T1";"1";"1";"REGULAR";"f";"2014-07-21 18:40:49.891";"f";"";"16";"CONSOLIDADA";"";"Presencial";
"1221931";"01";"21746";"";"";"23082";"GRADUAÇÃO";"Campus Central";"Laboratório de Geologia";"2014";"1";"2014-01-27";"2014-06-14";"46T12";"30";"35";"REGULAR";"f";"2014-06-21 22:53:04.117";"f";"";"76";"CONSOLIDADA";"";"Presencial";
"1221931";"01";"21922";"";"";"23082";"GRADUAÇÃO";"Campus Central";"Laboratório de Geologia";"2014";"1";"2014-01-27";"2014-06-14";"46T12";"30";"35";"REGULAR";"f";"2014-06-21 22:53:04.117";"f";"";"76";"CONSOLIDADA";"";"Presencial";
"1221932";"01";"5753713";"";"";"51056";"GRADUAÇÃO";"Campus Central";"Setor II - Bloco H - Sala 5";"2014";"1";"2014-01-27";"2014-04-02";"24M56 (27/01/2014 - 02/04/2014)";"6";"45";"REGULAR";"f";"2014-06-21 20:22:29.895";"f";"";"36";"CONSOLIDADA";"";"Presencial";
"1221933";"01";"17435";"";"";"25589";"GRADUAÇÃO";"Campus Central";"Laboratório de Geologia";"2014";"1";"2014-01-27";"2014-06-14";"35M34";"25";"30";"REGULAR";"f";"2014-06-16 09:56:59.108";"f";"";"74";"CONSOLIDADA";"";"Presencial";
"1221933";"01";"23844";"";"";"25589";"GRADUAÇÃO";"Campus Central";"Laboratório de Geologia";"2014";"1";"2014-01-27";"2014-06-14";"35M34";"25";"30";"REGULAR";"f";"2014-06-16 09:56:59.108";"f";"";"74";"CONSOLIDADA";"";"Presencial";
"1221934";"01";"23850";"";"";"23112";"GRADUAÇÃO";"Campus Central";"Laboratório de Geologia";"2014";"1";"2014-01-27";"2014-06-14";"4M234";"23";"30";"REGULAR";"f";"2014-06-15 09:47:01.354";"f";"";"54";"CONSOLIDADA";"";"Presencial";
"1221935";"01";"5754398";"";"";"23119";"GRADUAÇÃO";"Campus Central";"Laboratório de Geologia";"2014";"1";"2014-01-27";"2014-06-14";"4M345";"14";"10";"REGULAR";"f";"2014-06-15 21:01:22.022";"f";"";"54";"CONSOLIDADA";"";"Presencial";
"1221936";"01";"5751991";"";"";"46941";"GRADUAÇÃO";"Campus Central";"ECT - sala 09";"2014";"1";"2014-04-01";"2014-06-05";"35M34 (01/04/2014 - 05/06/2014)";"25";"45";"REGULAR";"f";"2014-06-17 19:52:16.056";"f";"";"36";"CONSOLIDADA";"";"Presencial";
"1221937";"01";"5754398";"";"";"23111";"GRADUAÇÃO";"Campus Central";"Laboratório de Geologia";"2014";"1";"2014-01-27";"2014-06-14";"4T234";"18";"11";"REGULAR";"f";"2014-06-15 20:58:54.474";"f";"";"54";"CONSOLIDADA";"";"Presencial";
"1221938";"03";"25991";"";"";"39177";"STRICTO SENSU";"";"Centro de Educação";"2014";"1";"2014-02-10";"2014-06-11";"4T1";"2";"2";"REGULAR";"f";"2014-07-21 18:13:06.678";"f";"";"17";"CONSOLIDADA";"";"Presencial";
"1221939";"01";"5755471";"";"";"48474";"GRADUAÇÃO";"Campus Central";"Instituto do Cérebro";"2014";"1";"2014-01-29";"2014-06-11";"24M34 (29/01/2014 - 11/06/2014)";"5";"45";"REGULAR";"f";"2014-06-11 12:56:16.456";"f";"";"72";"CONSOLIDADA";"";"Presencial";
"1221940";"01";"21922";"";"";"23092";"GRADUAÇÃO";"Campus Central";"Laboratório de Geologia";"2014";"1";"2014-01-27";"2014-06-14";"4M345";"4";"10";"REGULAR";"f";"2014-06-16 20:20:34.686";"f";"";"66";"CONSOLIDADA";"";"Presencial";
"1221941";"01";"5753713";"";"";"48472";"GRADUAÇÃO";"Campus Central";"Setor II - Bloco H - Sala 5";"2014";"1";"2014-01-27";"2014-04-02";"24M34 (27/01/2014 - 02/04/2014)";"6";"45";"REGULAR";"f";"2014-06-21 18:23:01.166";"f";"";"36";"CONSOLIDADA";"";"Presencial";
"1221942";"01";"18246";"";"";"23128";"GRADUAÇÃO";"Campus Central";"Laboratório de Geologia";"2014";"1";"2014-01-27";"2014-06-14";"4T34";"7";"10";"REGULAR";"f";"2014-06-20 16:41:00.922";"f";"";"34";"CONSOLIDADA";"";"Presencial";
"1221943";"03";"25991";"";"";"39182";"STRICTO SENSU";"";"Centro de Educação";"2014";"1";"2014-02-10";"2014-06-11";"6T1";"1";"1";"REGULAR";"f";"2014-07-21 18:21:19.424";"f";"";"16";"CONSOLIDADA";"";"Presencial";
"1221944";"01";"25991";"";"";"39180";"STRICTO SENSU";"";"Centro de Educação";"2014";"1";"2014-02-10";"2014-06-11";"3T6";"0";"1";"REGULAR";"f";"";"f";"";"";"EXCLUÍDA";"";"Presencial";
"1221945";"01";"5753818";"";"";"48475";"GRADUAÇÃO";"Campus Central";"ECT - sala 08";"2014";"1";"2014-03-07";"2014-06-02";"246M56 (07/03/2014 - 02/06/2014)";"10";"45";"REGULAR";"f";"2014-06-11 15:38:46.457";"f";"";"72";"CONSOLIDADA";"";"Presencial";
"1221945";"01";"5755271";"";"";"48475";"GRADUAÇÃO";"Campus Central";"ECT - sala 08";"2014";"1";"2014-03-07";"2014-06-02";"246M56 (07/03/2014 - 02/06/2014)";"10";"45";"REGULAR";"f";"2014-06-11 15:38:46.457";"f";"";"72";"CONSOLIDADA";"";"Presencial";
"1221946";"01";"20915";"";"";"51673";"GRADUAÇÃO";"Campus Central";"Laboratório de Geologia";"2014";"1";"2014-01-27";"2014-06-14";"6T561234 (27/01/2014 - 14/06/2014)";"5";"5";"REGULAR";"f";"2014-06-11 17:15:56.332";"f";"";"146";"CONSOLIDADA";"";"Presencial";
"1221947";"01";"5754955";"";"";"51457";"GRADUAÇÃO";"Campus Central";"ECT - sala 09";"2014";"1";"2014-04-02";"2014-06-04";"24T1234 (02/04/2014 - 04/06/2014)";"34";"45";"REGULAR";"f";"2014-06-12 13:59:51.612";"f";"";"72";"CONSOLIDADA";"";"Presencial";
"1221948";"02";"21727";"";"";"51673";"GRADUAÇÃO";"Campus Central";"Laboratório de Geologia";"2014";"1";"2014-01-27";"2014-06-14";"6T561234 (27/01/2014 - 14/06/2014)";"5";"5";"REGULAR";"f";"2014-06-18 09:35:41.821";"f";"";"120";"CONSOLIDADA";"";"Presencial";
"1221949";"03";"23844";"";"";"51673";"GRADUAÇÃO";"Campus Central";"Laboratório de Geologia";"2014";"1";"2014-01-27";"2014-06-14";"6T561234 (27/01/2014 - 14/06/2014)";"4";"5";"REGULAR";"f";"2014-06-16 10:41:40.422";"f";"";"123";"CONSOLIDADA";"";"Presencial";
"1221950";"04";"17435";"";"";"51673";"GRADUAÇÃO";"Campus Central";"Laboratório de Geologia";"2014";"1";"2014-01-27";"2014-06-14";"6T561234 (27/01/2014 - 14/06/2014)";"5";"5";"REGULAR";"f";"2014-06-09 10:54:25.473";"f";"";"114";"CONSOLIDADA";"";"Presencial";
"1221951";"01";"5753879";"";"";"52911";"GRADUAÇÃO";"Campus Central";"Setor I - Bloco D - Sala 1";"2014";"1";"2014-01-27";"2014-06-14";"35M34 (27/01/2014 - 14/06/2014)";"11";"45";"REGULAR";"f";"2014-06-20 20:38:53.294";"f";"";"60";"CONSOLIDADA";"";"Presencial";
"1221951";"01";"17994";"";"";"52911";"GRADUAÇÃO";"Campus Central";"Setor I - Bloco D - Sala 1";"2014";"1";"2014-01-27";"2014-06-14";"35M34 (27/01/2014 - 14/06/2014)";"11";"45";"REGULAR";"f";"2014-06-20 20:38:53.294";"f";"";"60";"CONSOLIDADA";"";"Presencial";
"1221952";"01";"20915";"";"";"51675";"GRADUAÇÃO";"Campus Central";"Laboratório de Geologia";"2014";"1";"2014-01-27";"2014-06-14";"7M23456 (27/01/2014 - 14/06/2014)";"8";"8";"REGULAR";"f";"2014-06-11 10:21:42.352";"f";"";"90";"CONSOLIDADA";"";"Presencial";
"1221953";"02";"22730";"";"";"51675";"GRADUAÇÃO";"Campus Central";"Laboratório de Geologia";"2014";"1";"2014-01-27";"2014-06-14";"6T56234 (27/01/2014 - 14/06/2014)";"5";"8";"REGULAR";"f";"2014-06-16 16:01:58.112";"f";"";"90";"CONSOLIDADA";"";"Presencial";
"1221954";"03";"20793";"";"";"51675";"GRADUAÇÃO";"Campus Central";"Laboratório de Geologia";"2014";"1";"2014-01-27";"2014-06-14";"6T56234 (27/01/2014 - 14/06/2014)";"9";"8";"REGULAR";"f";"2014-06-14 08:23:59.487";"f";"";"90";"CONSOLIDADA";"";"Presencial";
"1221955";"01";"5755549";"";"";"53877";"GRADUAÇÃO";"Campus Central";"ECT - sala 07";"2014";"1";"2014-01-28";"2014-05-08";"35M34 (28/01/2014 - 08/05/2014)";"10";"45";"REGULAR";"f";"2014-05-13 21:58:30.875";"f";"";"54";"CONSOLIDADA";"";"Presencial";
"1221956";"01";"17628";"";"";"26989";"GRADUAÇÃO";"Campus Central";"Centro de Biociências - SALA 2 -DFS";"2014";"1";"2014-01-27";"2014-06-14";"24T34";"10";"15";"REGULAR";"f";"2014-06-20 12:25:07.299";"f";"";"66";"CONSOLIDADA";"";"Presencial";
"1221957";"01";"23108";"";"";"51713";"GRADUAÇÃO";"Campus Central";"Laboratório de Geologia";"2014";"1";"2014-01-27";"2014-06-14";"35T345";"8";"37";"REGULAR";"f";"2014-06-21 20:33:27.205";"f";"";"111";"CONSOLIDADA";"";"Presencial";
"1221957";"01";"21746";"";"";"51713";"GRADUAÇÃO";"Campus Central";"Laboratório de Geologia";"2014";"1";"2014-01-27";"2014-06-14";"35T345";"8";"37";"REGULAR";"f";"2014-06-21 20:33:27.205";"f";"";"111";"CONSOLIDADA";"";"Presencial";
"1221957";"01";"22730";"";"";"51713";"GRADUAÇÃO";"Campus Central";"Laboratório de Geologia";"2014";"1";"2014-01-27";"2014-06-14";"35T345";"8";"37";"REGULAR";"f";"2014-06-21 20:33:27.205";"f";"";"111";"CONSOLIDADA";"";"Presencial";
"1221958";"01";"25916";"";"";"51726";"GRADUAÇÃO";"Campus Central";"Laboratório de Geologia";"2014";"1";"2014-01-27";"2014-06-14";"6M56 (27/01/2014 - 14/06/2014)";"";"10";"REGULAR";"f";"";"f";"";"";"EXCLUÍDA";"";"Presencial";
"1221960";"01";"25916";"";"";"51669";"GRADUAÇÃO";"Campus Central";"Laboratório de Geologia";"2014";"1";"2014-01-27";"2014-01-31";"23456M234 (27/01/2014 - 31/01/2014)";"0";"35";"REGULAR";"f";"2014-06-18 19:57:57.656";"f";"";"18";"CONSOLIDADA";"";"Presencial";
"1221961";"01";"5752704";"";"";"2019551";"GRADUAÇÃO";"Campus Central";"Laboratório de Geologia";"2014";"1";"2014-01-27";"2014-06-14";"24T23";"26";"45";"REGULAR";"f";"2014-06-10 09:06:12.34";"f";"";"66";"CONSOLIDADA";"";"Presencial";
"1221962";"01";"21737";"";"";"2019550";"GRADUAÇÃO";"Campus Central";"Laboratório de Geologia";"2014";"1";"2014-01-27";"2014-06-14";"35M12";"25";"45";"REGULAR";"f";"2014-06-16 16:06:46.801";"f";"";"68";"CONSOLIDADA";"";"Presencial";
"1221962";"01";"22730";"";"";"2019550";"GRADUAÇÃO";"Campus Central";"Laboratório de Geologia";"2014";"1";"2014-01-27";"2014-06-14";"35M12";"25";"45";"REGULAR";"f";"2014-06-16 16:06:46.801";"f";"";"68";"CONSOLIDADA";"";"Presencial";
"1221963";"01";"5756425";"";"";"43432";"GRADUAÇÃO";"Campus Central";"2-B-3";"2014";"1";"2014-01-27";"2014-06-14";"24M56";"4";"25";"REGULAR";"f";"2014-06-21 00:43:45.08";"f";"";"74";"CONSOLIDADA";"";"Presencial";
"1221964";"01";"5755472";"";"";"53878";"GRADUAÇÃO";"Campus Central";"Setor 1 - CCSA";"2014";"1";"2014-01-27";"2014-06-14";"36M56";"0";"50";"REGULAR";"f";"";"f";"";"";"EXCLUÍDA";"";"Presencial";
"1221966";"X";"3030595";"";"";"48691";"TÉCNICO";"";"Sala Agropecuária 1";"2014";"1";"2014-01-27";"2014-06-13";"6M34";"";"45";"REGULAR";"f";"2014-06-16 18:17:34.316";"f";"";"36";"CONSOLIDADA";"";"Presencial";
"1221967";"X";"5751764";"";"";"48683";"TÉCNICO";"";"Sala Agropecuária 1";"2014";"1";"2014-01-27";"2014-06-13";"4T123";"";"45";"REGULAR";"f";"2014-06-13 20:54:55.235";"f";"";"57";"CONSOLIDADA";"";"Presencial";
"1221968";"X";"22092";"";"";"48684";"TÉCNICO";"";"Sala Agropecuária 1";"2014";"1";"2014-01-27";"2014-06-13";"6T1234";"";"45";"REGULAR";"f";"2014-08-06 17:59:54.669";"f";"";"68";"CONSOLIDADA";"";"Presencial";
"1221969";"X";"35115";"";"";"48747";"TÉCNICO";"";"Sala Agropecuária 1";"2014";"1";"2014-01-27";"2014-06-13";"5T45";"";"35";"REGULAR";"f";"";"f";"";"";"EXCLUÍDA";"";"Presencial";
"1221970";"X";"5752873";"";"";"48673";"TÉCNICO";"";"Sala Agropecuária 1";"2014";"1";"2014-01-27";"2014-06-13";"2M45";"";"35";"REGULAR";"f";"";"f";"";"";"EXCLUÍDA";"";"Presencial";
"1221971";"X";"5753615";"";"";"48685";"TÉCNICO";"";"Sala Agropecuária 1";"2014";"1";"2014-01-27";"2014-06-13";"2T123";"";"35";"REGULAR";"f";"";"f";"";"";"EXCLUÍDA";"";"Presencial";
"1221972";"01";"22186";"";"";"43243";"GRADUAÇÃO";"Campus Central";"IIE3";"2014";"1";"2014-01-27";"2014-06-14";"4M3456";"26";"50";"REGULAR";"f";"2014-06-09 12:37:15.146";"f";"";"72";"CONSOLIDADA";"";"Presencial";
"1221973";"01";"22817";"";"";"47027";"GRADUAÇÃO";"Campus Central";"4G6";"2014";"1";"2014-01-27";"2014-06-14";"24M12";"9";"20";"REGULAR";"f";"2014-06-13 07:32:32.276";"f";"";"72";"CONSOLIDADA";"";"Presencial";
"1221974";"01";"5753082";"";"";"2045630";"GRADUAÇÃO";"Campus Central";"sala II do DBF";"2014";"1";"2014-01-27";"2014-06-14";"4T234";"31";"40";"REGULAR";"f";"2014-06-09 11:01:32.025";"f";"";"51";"CONSOLIDADA";"";"Presencial";
"1221975";"01";"5756280";"";"";"47024";"GRADUAÇÃO";"Campus Central";"4C5";"2014";"1";"2014-01-27";"2014-06-14";"24M12";"35";"40";"REGULAR";"f";"2014-06-11 10:43:40.22";"f";"";"66";"CONSOLIDADA";"";"Presencial";
"1221976";"02";"22940";"";"";"43243";"GRADUAÇÃO";"Campus Central";"IIE3";"2014";"1";"2014-01-27";"2014-06-14";"2N1234";"41";"50";"REGULAR";"f";"2014-07-03 10:28:33.889";"f";"";"68";"CONSOLIDADA";"";"Presencial";
"1221977";"01";"23125";"";"";"21144";"GRADUAÇÃO";"Campus Central";"IB5";"2014";"1";"2014-01-27";"2014-06-14";"24T12";"47";"50";"REGULAR";"f";"2014-06-19 19:10:32.671";"f";"";"72";"CONSOLIDADA";"";"Presencial";
"1221978";"X";"5753615";"";"";"54370";"TÉCNICO";"";"Sala Agropecuária 1";"2014";"1";"2014-01-27";"2014-06-13";"3M12";"";"35";"REGULAR";"f";"";"f";"";"";"EXCLUÍDA";"";"Presencial";
"1221980";"01A";"17729";"";"";"2050503";"GRADUAÇÃO";"Campus Central";"Sala II DBF ou Umbuzeiro (a definir)";"2014";"1";"2014-01-27";"2014-06-14";"24N34";"25";"22";"REGULAR";"f";"2014-06-16 09:47:02.568";"f";"1221979";"66";"CONSOLIDADA";"";"Presencial";
"1221980";"01A";"5752798";"";"";"2050503";"GRADUAÇÃO";"Campus Central";"Sala II DBF ou Umbuzeiro (a definir)";"2014";"1";"2014-01-27";"2014-06-14";"24N34";"25";"22";"REGULAR";"f";"2014-06-16 09:47:02.568";"f";"1221979";"66";"CONSOLIDADA";"";"Presencial";
"1221980";"01A";"5751875";"";"";"2050503";"GRADUAÇÃO";"Campus Central";"Sala II DBF ou Umbuzeiro (a definir)";"2014";"1";"2014-01-27";"2014-06-14";"24N34";"25";"22";"REGULAR";"f";"2014-06-16 09:47:02.568";"f";"1221979";"66";"CONSOLIDADA";"";"Presencial";
"1221981";"01";"5753413";"";"";"25176";"GRADUAÇÃO";"Campus Central";"2H10";"2014";"1";"2014-01-27";"2014-06-14";"34N12";"11";"56";"REGULAR";"f";"2014-06-11 12:01:37.928";"f";"";"76";"CONSOLIDADA";"";"Presencial";
"1221982";"01";"5755227";"";"";"24966";"GRADUAÇÃO";"Campus Central";"IIE1";"2014";"1";"2014-01-27";"2014-06-14";"5M3456";"15";"60";"REGULAR";"f";"2014-06-24 19:33:58.027";"f";"";"72";"CONSOLIDADA";"";"Presencial";
"1221983";"Z";"23897";"";"";"48677";"TÉCNICO";"";"Sala Agropecuária 1";"2014";"1";"2014-01-27";"2014-06-13";"2T45 3T5";"";"35";"REGULAR";"f";"";"f";"";"";"EXCLUÍDA";"";"Presencial";
"1221984";"01B";"5751875";"";"";"2050503";"GRADUAÇÃO";"Campus Central";"Sala II DBF ou Umbuzeiro (a definir)";"2014";"1";"2014-01-27";"2014-06-14";"24N34";"24";"24";"REGULAR";"f";"2014-06-16 09:47:01.831";"f";"1221979";"66";"CONSOLIDADA";"";"Presencial";
"1221984";"01B";"17729";"";"";"2050503";"GRADUAÇÃO";"Campus Central";"Sala II DBF ou Umbuzeiro (a definir)";"2014";"1";"2014-01-27";"2014-06-14";"24N34";"24";"24";"REGULAR";"f";"2014-06-16 09:47:01.831";"f";"1221979";"66";"CONSOLIDADA";"";"Presencial";
"1221984";"01B";"5752798";"";"";"2050503";"GRADUAÇÃO";"Campus Central";"Sala II DBF ou Umbuzeiro (a definir)";"2014";"1";"2014-01-27";"2014-06-14";"24N34";"24";"24";"REGULAR";"f";"2014-06-16 09:47:01.831";"f";"1221979";"66";"CONSOLIDADA";"";"Presencial";
"1221985";"01";"22706";"";"";"25177";"GRADUAÇÃO";"Campus Central";"2H7";"2014";"1";"2014-01-27";"2014-06-14";"24N34";"7";"55";"REGULAR";"f";"2014-06-09 14:28:49.206";"f";"";"68";"CONSOLIDADA";"";"Presencial";
"1221986";"02";"5756295";"";"";"24966";"GRADUAÇÃO";"Campus Central";"IIE1";"2014";"1";"2014-01-27";"2014-06-14";"5N1234";"31";"60";"REGULAR";"f";"2014-06-08 23:18:16.22";"f";"";"68";"CONSOLIDADA";"";"Presencial";
"1221987";"Z";"25499";"";"";"48688";"TÉCNICO";"";"Sala Agropecuária 2";"2014";"1";"2014-01-27";"2014-06-13";"2M12  3T45";"";"45";"REGULAR";"f";"2014-07-25 15:46:42.712";"f";"";"55";"CONSOLIDADA";"";"Presencial";
"1221988";"01";"20785";"";"";"25178";"GRADUAÇÃO";"Campus Central";"2H7";"2014";"1";"2014-01-27";"2014-06-14";"2N12 3N34";"17";"55";"REGULAR";"f";"2014-06-11 08:46:21.122";"f";"";"78";"CONSOLIDADA";"";"Presencial";
"1221989";"Z";"23912";"";"";"48674";"TÉCNICO";"";"Sala Agropecuária 2";"2014";"1";"2014-01-27";"2014-06-13";"3M12";"";"35";"REGULAR";"f";"2014-06-13 17:32:01.102";"f";"";"38";"CONSOLIDADA";"";"Presencial";
"1221990";"01";"22013";"";"";"24967";"GRADUAÇÃO";"Campus Central";"IIE1";"2014";"1";"2014-01-27";"2014-06-14";"3M3456";"20";"61";"REGULAR";"f";"2014-06-13 12:26:19.962";"f";"";"68";"CONSOLIDADA";"";"Presencial";
"1221991";"01";"5752498";"";"";"25179";"GRADUAÇÃO";"Campus Central";"2H8";"2014";"1";"2014-01-27";"2014-06-14";"6N1234";"36";"45";"REGULAR";"f";"2014-06-20 22:49:09.127";"f";"";"84";"CONSOLIDADA";"";"Presencial";
"1221992";"02";"22013";"";"";"24967";"GRADUAÇÃO";"Campus Central";"IIE1";"2014";"1";"2014-01-27";"2014-06-14";"3N1234";"32";"60";"REGULAR";"f";"2014-06-14 22:22:01.535";"f";"";"72";"CONSOLIDADA";"";"Presencial";
"1221993";"01";"18556";"";"";"21543";"GRADUAÇÃO";"Campus Central";"2I4";"2014";"1";"2014-01-27";"2014-06-14";"35N12";"40";"40";"REGULAR";"f";"2014-06-16 23:42:16.723";"f";"";"72";"CONSOLIDADA";"";"Presencial";
"1221995";"01A";"5751875";"";"";"2048487";"GRADUAÇÃO";"Campus Central";"sala II do DBF";"2014";"1";"2014-01-27";"2014-06-14";"246N12";"22";"18";"REGULAR";"f";"2014-06-17 17:13:19.817";"f";"1221994";"112";"CONSOLIDADA";"";"Presencial";
"1221995";"01A";"17729";"";"";"2048487";"GRADUAÇÃO";"Campus Central";"sala II do DBF";"2014";"1";"2014-01-27";"2014-06-14";"246N12";"22";"18";"REGULAR";"f";"2014-06-17 17:13:19.817";"f";"1221994";"112";"CONSOLIDADA";"";"Presencial";
"1221995";"01A";"5752798";"";"";"2048487";"GRADUAÇÃO";"Campus Central";"sala II do DBF";"2014";"1";"2014-01-27";"2014-06-14";"246N12";"22";"18";"REGULAR";"f";"2014-06-17 17:13:19.817";"f";"1221994";"112";"CONSOLIDADA";"";"Presencial";
"1221996";"01";"5754627";"";"";"26645";"GRADUAÇÃO";"Campus Central";"IIF2";"2014";"1";"2014-01-27";"2014-06-14";"35T12";"42";"54";"REGULAR";"f";"2014-06-11 09:19:28.178";"f";"";"72";"CONSOLIDADA";"";"Presencial";
"1221997";"02";"5755869";"";"";"26645";"GRADUAÇÃO";"Campus Central";"IIA4";"2014";"1";"2014-01-27";"2014-06-14";"46N12";"54";"54";"REGULAR";"f";"2014-06-11 09:39:27.85";"f";"";"66";"CONSOLIDADA";"";"Presencial";
"1221998";"01B";"5752798";"";"";"2048487";"GRADUAÇÃO";"Campus Central";"sala II do DBF";"2014";"1";"2014-01-27";"2014-06-14";"246N12";"9";"18";"REGULAR";"f";"2014-06-17 17:13:18.61";"f";"1221994";"112";"CONSOLIDADA";"";"Presencial";
"1221998";"01B";"17729";"";"";"2048487";"GRADUAÇÃO";"Campus Central";"sala II do DBF";"2014";"1";"2014-01-27";"2014-06-14";"246N12";"9";"18";"REGULAR";"f";"2014-06-17 17:13:18.61";"f";"1221994";"112";"CONSOLIDADA";"";"Presencial";
"1221998";"01B";"5751875";"";"";"2048487";"GRADUAÇÃO";"Campus Central";"sala II do DBF";"2014";"1";"2014-01-27";"2014-06-14";"246N12";"9";"18";"REGULAR";"f";"2014-06-17 17:13:18.61";"f";"1221994";"112";"CONSOLIDADA";"";"Presencial";
"1221999";"01";"5751762";"";"";"21541";"GRADUAÇÃO";"Campus Central";"2H8";"2014";"1";"2014-01-27";"2014-06-14";"24N12";"33";"45";"REGULAR";"f";"2014-06-20 20:07:10.635";"f";"";"72";"CONSOLIDADA";"";"Presencial";
"1222000";"01";"16614";"";"";"46404";"GRADUAÇÃO";"Campus Central";"CB - Anfiteatro dos Peixes";"2014";"1";"2014-01-27";"2014-06-14";"35N12";"10";"50";"REGULAR";"f";"2014-06-12 22:13:41.099";"f";"";"68";"CONSOLIDADA";"";"Presencial";
"1222001";"01";"20817";"";"";"21542";"GRADUAÇÃO";"Campus Central";"2H8";"2014";"1";"2014-01-27";"2014-06-14";"24N34";"32";"45";"REGULAR";"f";"2014-06-11 17:02:09.21";"f";"";"72";"CONSOLIDADA";"";"Presencial";
"1222002";"01";"5752187";"";"";"24980";"GRADUAÇÃO";"Campus Central";"IIH2";"2014";"1";"2014-01-27";"2014-06-14";"35M34";"20";"30";"REGULAR";"f";"2014-06-21 16:37:56.678";"f";"";"66";"CONSOLIDADA";"";"Presencial";
"1222003";"01";"25964";"";"";"21546";"GRADUAÇÃO";"Campus Central";"2I5";"2014";"1";"2014-01-27";"2014-06-14";"3N12 5N123";"41";"45";"REGULAR";"f";"2014-06-09 19:05:29.192";"f";"";"92";"CONSOLIDADA";"";"Presencial";
"1222004";"02";"23080";"";"";"24980";"GRADUAÇÃO";"Campus Central";"IIH1";"2014";"1";"2014-01-27";"2014-06-14";"35M12";"28";"40";"REGULAR";"f";"2014-06-14 20:00:36.549";"f";"";"68";"CONSOLIDADA";"";"Presencial";
"1222005";"01";"20817";"";"";"21547";"GRADUAÇÃO";"Campus Central";"2I5";"2014";"1";"2014-01-27";"2014-06-14";"24N12";"43";"50";"REGULAR";"f";"2014-06-11 17:00:04.285";"f";"";"70";"CONSOLIDADA";"";"Presencial";
"1222006";"01";"5751985";"";"";"21549";"GRADUAÇÃO";"Campus Central";"2H8";"2014";"1";"2014-01-27";"2014-06-14";"35N12";"29";"45";"REGULAR";"f";"2014-06-13 16:50:19.906";"f";"";"74";"CONSOLIDADA";"";"Presencial";
"1222007";"01";"18196";"";"";"25182";"GRADUAÇÃO";"Campus Central";"2I5";"2014";"1";"2014-01-27";"2014-06-14";"6N1234";"51";"45";"REGULAR";"f";"2014-07-07 15:43:59.734";"f";"";"52";"CONSOLIDADA";"";"Presencial";
"1222008";"01";"15370";"";"";"25166";"GRADUAÇÃO";"Campus Central";"2H10";"2014";"1";"2014-01-27";"2014-06-14";"5N1234";"16";"45";"REGULAR";"f";"2014-06-18 22:42:16.801";"f";"";"72";"CONSOLIDADA";"";"Presencial";
"1222009";"01";"5756277";"";"";"40024";"GRADUAÇÃO";"Campus Central";"VG2";"2014";"1";"2014-01-27";"2014-06-14";"24M12";"42";"50";"REGULAR";"f";"2014-06-19 09:25:30.53";"f";"";"70";"CONSOLIDADA";"";"Presencial";
"1222010";"01";"5751875";"";"";"2048488";"GRADUAÇÃO";"Campus Central";"sala II do DBF";"2014";"1";"2014-01-27";"2014-06-14";"25N34";"21";"26";"REGULAR";"f";"2014-06-13 15:50:49.171";"f";"";"72";"CONSOLIDADA";"";"Presencial";
"1222010";"01";"5752798";"";"";"2048488";"GRADUAÇÃO";"Campus Central";"sala II do DBF";"2014";"1";"2014-01-27";"2014-06-14";"25N34";"21";"26";"REGULAR";"f";"2014-06-13 15:50:49.171";"f";"";"72";"CONSOLIDADA";"";"Presencial";
"1222011";"01";"18556";"";"";"25216";"GRADUAÇÃO";"Campus Central";"2I4";"2014";"1";"2014-01-27";"2014-06-14";"24M56";"10";"55";"REGULAR";"f";"2014-06-13 18:02:29.499";"f";"";"72";"CONSOLIDADA";"";"Presencial";
"1222012";"Z";"20866";"";"";"48687";"TÉCNICO";"";"Sala Agropecuária 2";"2014";"1";"2014-01-27";"2014-06-13";"3M345";"";"35";"REGULAR";"f";"";"f";"";"";"EXCLUÍDA";"";"Presencial";
"1222013";"Z";"20867";"";"";"54364";"TÉCNICO";"";"Sala Agropecuária 2";"2014";"1";"2014-01-27";"2014-06-13";"3T123 4T1";"";"40";"REGULAR";"f";"2014-07-31 12:48:47.853";"f";"";"83";"CONSOLIDADA";"";"Presencial";
"1222014";"01";"5755429";"";"";"25234";"GRADUAÇÃO";"Campus Central";"2H8";"2014";"1";"2014-01-27";"2014-06-14";"4M1234";"43";"45";"REGULAR";"f";"2014-06-12 12:48:39.367";"f";"";"80";"CONSOLIDADA";"";"Presencial";
"1222015";"01";"22774";"";"";"25141";"GRADUAÇÃO";"Campus Central";"2H9";"2014";"1";"2014-01-27";"2014-06-14";"35M12";"45";"45";"REGULAR";"f";"2014-06-18 11:21:39.52";"f";"";"72";"CONSOLIDADA";"";"Presencial";
"1222016";"Z";"5754983";"";"";"48682";"TÉCNICO";"";"Sala Agropecuária 2";"2014";"1";"2014-01-27";"2014-06-13";"4M1234";"";"35";"REGULAR";"f";"2014-06-21 14:42:04.608";"f";"";"76";"CONSOLIDADA";"";"Presencial";
"1222017";"01";"19055";"";"";"21588";"GRADUAÇÃO";"Campus Central";"2H9";"2014";"1";"2014-01-27";"2014-06-14";"24M12";"31";"45";"REGULAR";"f";"2014-06-18 05:59:10.839";"f";"";"72";"CONSOLIDADA";"";"Presencial";
"1222018";"Z";"35115";"";"";"48745";"TÉCNICO";"";"Sala Agropecuária 2";"2014";"1";"2014-01-27";"2014-06-13";"4T2345";"";"35";"REGULAR";"f";"2014-06-13 23:56:13.158";"f";"";"76";"CONSOLIDADA";"";"Presencial";
"1222019";"01";"18556";"";"";"21552";"GRADUAÇÃO";"Campus Central";"2I4";"2014";"1";"2014-01-27";"2014-06-14";"35M34";"37";"40";"REGULAR";"f";"2014-06-16 23:05:01.8";"f";"";"72";"CONSOLIDADA";"";"Presencial";
"1222020";"01";"5754334";"";"";"25145";"GRADUAÇÃO";"Campus Central";"2H9";"2014";"1";"2014-01-27";"2014-06-14";"6M1234";"46";"45";"REGULAR";"f";"2014-06-11 13:45:28.427";"f";"";"72";"CONSOLIDADA";"";"Presencial";
"1222021";"Z";"3030595";"";"";"48750";"TÉCNICO";"";"Sala Agropecuária 2";"2014";"1";"2014-01-27";"2014-06-13";"5M1234";"";"35";"REGULAR";"f";"2014-06-16 18:06:51.477";"f";"";"72";"CONSOLIDADA";"";"Presencial";
"1222022";"Z";"3030595";"";"";"48686";"TÉCNICO";"";"Sala Agropecuária 2";"2014";"1";"2014-01-27";"2014-06-13";"5T123";"";"35";"REGULAR";"f";"";"f";"";"";"EXCLUÍDA";"";"Presencial";
"1222023";"01";"22774";"";"";"25152";"GRADUAÇÃO";"Campus Central";"2H6";"2014";"1";"2014-01-27";"2014-06-14";"24T12";"45";"50";"REGULAR";"f";"2014-06-18 11:24:59.459";"f";"";"76";"CONSOLIDADA";"";"Presencial";
"1222024";"01";"24052";"";"";"21574";"GRADUAÇÃO";"Campus Central";"2I3";"2014";"1";"2014-01-27";"2014-06-14";"5M56  5T12";"25";"25";"REGULAR";"f";"2014-06-13 11:40:54.289";"f";"";"84";"CONSOLIDADA";"";"Presencial";
"1222025";"01";"5753413";"";"";"21584";"GRADUAÇÃO";"Campus Central";"2H10";"2014";"1";"2014-01-27";"2014-06-14";"35T12";"42";"50";"REGULAR";"f";"2014-06-12 13:59:00.384";"f";"";"72";"CONSOLIDADA";"";"Presencial";
"1222026";"01";"18649";"";"";"25146";"GRADUAÇÃO";"Campus Central";"2I5";"2014";"1";"2014-01-27";"2014-06-14";"24T56";"74";"50";"REGULAR";"f";"2014-06-15 09:15:26.883";"f";"";"68";"CONSOLIDADA";"";"Presencial";
"1222028";"01A";"5756302";"";"";"2045900";"GRADUAÇÃO";"Campus Central";"Anfiteatro DBF";"2014";"1";"2014-01-27";"2014-06-14";"3T12";"32";"28";"REGULAR";"f";"2014-06-13 12:45:57.556";"f";"1222027";"36";"CONSOLIDADA";"";"Presencial";
"1222028";"01A";"5753082";"";"";"2045900";"GRADUAÇÃO";"Campus Central";"Anfiteatro DBF";"2014";"1";"2014-01-27";"2014-06-14";"3T12";"32";"28";"REGULAR";"f";"2014-06-13 12:45:57.556";"f";"1222027";"36";"CONSOLIDADA";"";"Presencial";
"1222028";"01A";"17729";"";"";"2045900";"GRADUAÇÃO";"Campus Central";"Anfiteatro DBF";"2014";"1";"2014-01-27";"2014-06-14";"3T12";"32";"28";"REGULAR";"f";"2014-06-13 12:45:57.556";"f";"1222027";"36";"CONSOLIDADA";"";"Presencial";
"1222029";"01";"19055";"";"";"25156";"GRADUAÇÃO";"Campus Central";"2H7";"2014";"1";"2014-01-27";"2014-06-14";"24M34";"5";"55";"REGULAR";"f";"2014-06-18 05:27:11.487";"f";"";"72";"CONSOLIDADA";"";"Presencial";
"1222030";"01B";"17729";"";"";"2045900";"GRADUAÇÃO";"Campus Central";"Anfiteatro DBF";"2014";"1";"2014-01-27";"2014-06-14";"3T12";"16";"27";"REGULAR";"f";"2014-06-13 12:45:56.555";"f";"1222027";"36";"CONSOLIDADA";"";"Presencial";
"1222030";"01B";"5753082";"";"";"2045900";"GRADUAÇÃO";"Campus Central";"Anfiteatro DBF";"2014";"1";"2014-01-27";"2014-06-14";"3T12";"16";"27";"REGULAR";"f";"2014-06-13 12:45:56.555";"f";"1222027";"36";"CONSOLIDADA";"";"Presencial";
"1222030";"01B";"5756302";"";"";"2045900";"GRADUAÇÃO";"Campus Central";"Anfiteatro DBF";"2014";"1";"2014-01-27";"2014-06-14";"3T12";"16";"27";"REGULAR";"f";"2014-06-13 12:45:56.555";"f";"1222027";"36";"CONSOLIDADA";"";"Presencial";
"1222031";"01";"5755504";"";"";"25542";"GRADUAÇÃO";"Campus Central";"2E1";"2014";"1";"2014-01-27";"2014-06-14";"6M3456";"27";"66";"REGULAR";"f";"2014-06-07 12:50:37.959";"f";"";"68";"CONSOLIDADA";"";"Presencial";
"1222032";"01";"22706";"";"";"25159";"GRADUAÇÃO";"Campus Central";"2H7";"2014";"1";"2014-01-27";"2014-06-14";"35M56";"10";"55";"REGULAR";"f";"2014-06-09 14:36:32.707";"f";"";"68";"CONSOLIDADA";"";"Presencial";
"1222033";"3";"5753418";"";"";"54953";"GRADUAÇÃO";"Campus Santa Cruz";"Clínica Médica - Currais Novos";"2014";"1";"2014-04-08";"2014-04-10";"345M23456 (08/04/2014 - 10/04/2014)";"6";"4";"REGULAR";"f";"2014-06-19 22:55:10.396";"f";"";"15";"CONSOLIDADA";"";"Presencial";
"1222034";"01";"20785";"";"";"25144";"GRADUAÇÃO";"Campus Central";"2H7";"2014";"1";"2014-01-27";"2014-06-14";"35M34";"14";"55";"REGULAR";"f";"2014-06-10 10:53:29.615";"f";"";"74";"CONSOLIDADA";"";"Presencial";
"1222035";"4";"5753418";"";"";"54953";"GRADUAÇÃO";"Campus Santa Cruz";"Clínica Médica - Currais Novos";"2014";"1";"2014-04-15";"2014-04-22";"345M23456 (15/04/2014 - 22/04/2014)";"5";"4";"REGULAR";"f";"2014-06-19 20:52:41.381";"f";"";"15";"CONSOLIDADA";"";"Presencial";
"1222036";"01";"22076";"";"";"54238";"GRADUAÇÃO";"Campus Central";"HUOL";"2014";"1";"2014-01-27";"2014-06-14";"2M34";"50";"57";"REGULAR";"f";"2014-06-17 09:39:36.052";"f";"";"34";"CONSOLIDADA";"";"Presencial";
"1222036";"01";"5753588";"";"";"54238";"GRADUAÇÃO";"Campus Central";"HUOL";"2014";"1";"2014-01-27";"2014-06-14";"2M34";"50";"57";"REGULAR";"f";"2014-06-17 09:39:36.052";"f";"";"34";"CONSOLIDADA";"";"Presencial";
"1222036";"01";"18036";"";"";"54238";"GRADUAÇÃO";"Campus Central";"HUOL";"2014";"1";"2014-01-27";"2014-06-14";"2M34";"50";"57";"REGULAR";"f";"2014-06-17 09:39:36.052";"f";"";"34";"CONSOLIDADA";"";"Presencial";
"1222036";"01";"19132";"";"";"54238";"GRADUAÇÃO";"Campus Central";"HUOL";"2014";"1";"2014-01-27";"2014-06-14";"2M34";"50";"57";"REGULAR";"f";"2014-06-17 09:39:36.052";"f";"";"34";"CONSOLIDADA";"";"Presencial";
"1222037";"01";"5752498";"";"";"25160";"GRADUAÇÃO";"Campus Central";"2I5";"2014";"1";"2014-01-27";"2014-06-14";"5M1234";"38";"45";"REGULAR";"f";"2014-06-20 22:50:58.774";"f";"";"68";"CONSOLIDADA";"";"Presencial";
"1222038";"02";"5755087";"";"";"25542";"GRADUAÇÃO";"Campus Central";"2E1";"2014";"1";"2014-01-27";"2014-06-14";"6N1234";"32";"66";"REGULAR";"f";"2014-06-07 09:16:55.578";"f";"";"68";"CONSOLIDADA";"";"Presencial";
"1222039";"4";"5754564";"";"";"54954";"GRADUAÇÃO";"Campus Santa Cruz";"Clínica Pediátrica - HUAB";"2014";"1";"2014-04-08";"2014-04-10";"345M23456 (08/04/2014 - 10/04/2014)";"5";"4";"REGULAR";"f";"2014-06-21 08:09:17.343";"f";"";"16";"CONSOLIDADA";"";"Presencial";
"1222040";"5";"5754564";"";"";"54954";"GRADUAÇÃO";"Campus Santa Cruz";"Clínica Pediátrica - HUAB";"2014";"1";"2014-04-15";"2014-04-22";"345M23456 (15/04/2014 - 22/04/2014)";"7";"4";"REGULAR";"f";"2014-06-21 08:13:11.291";"f";"";"15";"CONSOLIDADA";"";"Presencial";
"1222041";"01";"18196";"";"";"25818";"GRADUAÇÃO";"Campus Central";"2H9";"2014";"1";"2014-01-27";"2014-06-14";"35N12";"23";"20";"REGULAR";"f";"2014-06-25 17:29:14.898";"f";"";"66";"CONSOLIDADA";"";"Presencial";
"1222042";"03";"5755504";"";"";"25542";"GRADUAÇÃO";"Campus Central";"1H2";"2014";"1";"2014-01-27";"2014-06-14";"24M34";"17";"63";"REGULAR";"f";"2014-06-03 10:17:17.259";"f";"";"66";"CONSOLIDADA";"";"Presencial";
"1222043";"5";"5753857";"";"";"54955";"GRADUAÇÃO";"Campus Santa Cruz";"Urgência - Currais Novos";"2014";"1";"2014-04-08";"2014-04-10";"345M23456 (08/04/2014 - 10/04/2014)";"10";"4";"REGULAR";"f";"2014-06-16 00:59:03.341";"f";"";"15";"CONSOLIDADA";"";"Presencial";
"1222044";"01";"22706";"";"";"21590";"GRADUAÇÃO";"Campus Central";"2H9";"2014";"1";"2014-01-27";"2014-06-14";"46M56";"43";"45";"REGULAR";"f";"2014-06-09 14:39:30.271";"f";"";"68";"CONSOLIDADA";"";"Presencial";
"1222045";"6";"5753857";"";"";"54955";"GRADUAÇÃO";"Campus Santa Cruz";"Urgência - Currais Novos";"2014";"1";"2014-04-15";"2014-04-22";"345M23456 (15/04/2014 - 22/04/2014)";"5";"4";"REGULAR";"f";"2014-06-16 01:05:40.819";"f";"";"15";"CONSOLIDADA";"";"Presencial";
"1222046";"6";"5753655";"";"";"54956";"GRADUAÇÃO";"Campus Santa Cruz";"Classificação de Riscos - Currais Novos";"2014";"1";"2014-04-08";"2014-04-10";"345M23456 (08/04/2014 - 10/04/2014)";"4";"4";"REGULAR";"f";"2014-06-10 10:36:27.165";"f";"";"15";"CONSOLIDADA";"";"Presencial";
"1222047";"02";"3029296";"";"";"21574";"GRADUAÇÃO";"Campus Central";"2I3";"2014";"1";"2014-01-27";"2014-06-14";"24M12";"17";"25";"REGULAR";"f";"2014-06-09 19:13:15.265";"f";"";"68";"CONSOLIDADA";"";"Presencial";
"1222048";"01";"19132";"";"";"54239";"GRADUAÇÃO";"Campus Central";"HUOL";"2014";"1";"2014-01-27";"2014-06-14";"4M34 (27/01/2014 - 14/06/2014)";"17";"15";"REGULAR";"f";"2014-06-17 09:20:24.446";"f";"";"36";"CONSOLIDADA";"";"Presencial";
"1222048";"01";"5753588";"";"";"54239";"GRADUAÇÃO";"Campus Central";"HUOL";"2014";"1";"2014-01-27";"2014-06-14";"4M34 (27/01/2014 - 14/06/2014)";"17";"15";"REGULAR";"f";"2014-06-17 09:20:24.446";"f";"";"36";"CONSOLIDADA";"";"Presencial";
"1222048";"01";"18036";"";"";"54239";"GRADUAÇÃO";"Campus Central";"HUOL";"2014";"1";"2014-01-27";"2014-06-14";"4M34 (27/01/2014 - 14/06/2014)";"17";"15";"REGULAR";"f";"2014-06-17 09:20:24.446";"f";"";"36";"CONSOLIDADA";"";"Presencial";
"1222048";"01";"";"101765700";"";"54239";"GRADUAÇÃO";"Campus Central";"HUOL";"2014";"1";"2014-01-27";"2014-06-14";"4M34 (27/01/2014 - 14/06/2014)";"17";"15";"REGULAR";"f";"2014-06-17 09:20:24.446";"f";"";"36";"CONSOLIDADA";"";"Presencial";
"1222048";"01";"22076";"";"";"54239";"GRADUAÇÃO";"Campus Central";"HUOL";"2014";"1";"2014-01-27";"2014-06-14";"4M34 (27/01/2014 - 14/06/2014)";"17";"15";"REGULAR";"f";"2014-06-17 09:20:24.446";"f";"";"36";"CONSOLIDADA";"";"Presencial";
"1222049";"7";"5753655";"";"";"54956";"GRADUAÇÃO";"Campus Santa Cruz";"Classificação de Riscos - Currais Novos";"2014";"1";"2014-04-15";"2014-04-22";"345M23456 (15/04/2014 - 22/04/2014)";"7";"4";"REGULAR";"f";"2014-06-10 10:37:46.722";"f";"";"15";"CONSOLIDADA";"";"Presencial";
"1222050";"01";"24811";"";"";"53904";"GRADUAÇÃO";"Campus Central";"Sala 3H6";"2014";"1";"2014-01-27";"2014-06-14";"24N12";"14";"70";"REGULAR";"f";"2014-06-18 14:24:57.185";"f";"";"72";"CONSOLIDADA";"";"Presencial";
"1222051";"03";"3029296";"";"";"21574";"GRADUAÇÃO";"Campus Central";"2I3";"2014";"1";"2014-01-27";"2014-06-14";"24M34";"30";"25";"REGULAR";"f";"2014-06-09 19:14:32.22";"f";"";"66";"CONSOLIDADA";"";"Presencial";
"1222052";"02";"18036";"";"";"54239";"GRADUAÇÃO";"Campus Central";"HUOL";"2014";"1";"2014-01-27";"2014-06-14";"4M34 (27/01/2014 - 14/06/2014)";"9";"14";"REGULAR";"f";"2014-06-17 09:27:13.529";"f";"";"36";"CONSOLIDADA";"";"Presencial";
"1222052";"02";"";"101765700";"";"54239";"GRADUAÇÃO";"Campus Central";"HUOL";"2014";"1";"2014-01-27";"2014-06-14";"4M34 (27/01/2014 - 14/06/2014)";"9";"14";"REGULAR";"f";"2014-06-17 09:27:13.529";"f";"";"36";"CONSOLIDADA";"";"Presencial";
"1222052";"02";"19132";"";"";"54239";"GRADUAÇÃO";"Campus Central";"HUOL";"2014";"1";"2014-01-27";"2014-06-14";"4M34 (27/01/2014 - 14/06/2014)";"9";"14";"REGULAR";"f";"2014-06-17 09:27:13.529";"f";"";"36";"CONSOLIDADA";"";"Presencial";
"1222052";"02";"22076";"";"";"54239";"GRADUAÇÃO";"Campus Central";"HUOL";"2014";"1";"2014-01-27";"2014-06-14";"4M34 (27/01/2014 - 14/06/2014)";"9";"14";"REGULAR";"f";"2014-06-17 09:27:13.529";"f";"";"36";"CONSOLIDADA";"";"Presencial";
"1222052";"02";"5753588";"";"";"54239";"GRADUAÇÃO";"Campus Central";"HUOL";"2014";"1";"2014-01-27";"2014-06-14";"4M34 (27/01/2014 - 14/06/2014)";"9";"14";"REGULAR";"f";"2014-06-17 09:27:13.529";"f";"";"36";"CONSOLIDADA";"";"Presencial";
"1222053";"01";"5753612";"";"";"26844";"GRADUAÇÃO";"Campus Central";"2H6";"2014";"1";"2014-01-27";"2014-06-14";"46M56";"6";"45";"REGULAR";"f";"2014-06-23 11:52:43.728";"f";"";"74";"CONSOLIDADA";"";"Presencial";
"1222054";"7";"5753401";"";"";"54957";"GRADUAÇÃO";"Campus Santa Cruz";"Alojamento Conjunto - HUAB";"2014";"1";"2014-04-08";"2014-04-10";"345M23456 (08/04/2014 - 10/04/2014)";"3";"4";"REGULAR";"f";"2014-06-15 09:24:10.237";"f";"";"15";"CONSOLIDADA";"";"Presencial";
"1222055";"01";"5752696";"";"";"53905";"GRADUAÇÃO";"Campus Central";"Sala 3H6";"2014";"1";"2014-01-27";"2014-06-14";"35N12";"8";"70";"REGULAR";"f";"2014-06-21 13:35:09.415";"f";"";"70";"CONSOLIDADA";"";"Presencial";
"1222057";"01A";"5753082";"";"";"2050152";"GRADUAÇÃO";"Campus Central";"Anfiteatro DBF";"2014";"1";"2014-01-27";"2014-06-14";"5T12";"31";"28";"REGULAR";"f";"2014-06-13 12:37:52.225";"f";"1222056";"34";"CONSOLIDADA";"";"Presencial";
"1222057";"01A";"5756302";"";"";"2050152";"GRADUAÇÃO";"Campus Central";"Anfiteatro DBF";"2014";"1";"2014-01-27";"2014-06-14";"5T12";"31";"28";"REGULAR";"f";"2014-06-13 12:37:52.225";"f";"1222056";"34";"CONSOLIDADA";"";"Presencial";
"1222058";"03";"";"101765700";"";"54239";"GRADUAÇÃO";"Campus Central";"HUOL";"2014";"1";"2014-01-27";"2014-06-14";"4M34 (27/01/2014 - 14/06/2014)";"9";"14";"REGULAR";"f";"2014-06-17 09:31:15.182";"f";"";"36";"CONSOLIDADA";"";"Presencial";
"1222058";"03";"19132";"";"";"54239";"GRADUAÇÃO";"Campus Central";"HUOL";"2014";"1";"2014-01-27";"2014-06-14";"4M34 (27/01/2014 - 14/06/2014)";"9";"14";"REGULAR";"f";"2014-06-17 09:31:15.182";"f";"";"36";"CONSOLIDADA";"";"Presencial";
"1222058";"03";"5753588";"";"";"54239";"GRADUAÇÃO";"Campus Central";"HUOL";"2014";"1";"2014-01-27";"2014-06-14";"4M34 (27/01/2014 - 14/06/2014)";"9";"14";"REGULAR";"f";"2014-06-17 09:31:15.182";"f";"";"36";"CONSOLIDADA";"";"Presencial";
"1222058";"03";"22076";"";"";"54239";"GRADUAÇÃO";"Campus Central";"HUOL";"2014";"1";"2014-01-27";"2014-06-14";"4M34 (27/01/2014 - 14/06/2014)";"9";"14";"REGULAR";"f";"2014-06-17 09:31:15.182";"f";"";"36";"CONSOLIDADA";"";"Presencial";
"1222058";"03";"18036";"";"";"54239";"GRADUAÇÃO";"Campus Central";"HUOL";"2014";"1";"2014-01-27";"2014-06-14";"4M34 (27/01/2014 - 14/06/2014)";"9";"14";"REGULAR";"f";"2014-06-17 09:31:15.182";"f";"";"36";"CONSOLIDADA";"";"Presencial";
"1222059";"8";"5753401";"";"";"54957";"GRADUAÇÃO";"Campus Santa Cruz";"Alojamento Conjunto - HUAB";"2014";"1";"2014-04-15";"2014-04-22";"345M23456 (15/04/2014 - 22/04/2014)";"4";"4";"REGULAR";"f";"2014-06-15 09:27:44.883";"f";"";"15";"CONSOLIDADA";"";"Presencial";
"1222060";"04";"5755504";"";"";"25542";"GRADUAÇÃO";"Campus Central";"1H2";"2014";"1";"2014-01-27";"2014-06-14";"46N12";"23";"63";"REGULAR";"f";"2014-06-05 10:40:22.831";"f";"";"70";"CONSOLIDADA";"";"Presencial";
"1222061";"01";"25970";"";"";"21593";"GRADUAÇÃO";"Campus Central";"2I5";"2014";"1";"2014-01-27";"2014-06-14";"6M3456";"25";"45";"REGULAR";"f";"2014-06-12 20:46:10.019";"f";"";"68";"CONSOLIDADA";"";"Presencial";
"1222062";"01";"5752696";"";"";"53910";"GRADUAÇÃO";"Campus Central";"Sala 3H6";"2014";"1";"2014-01-27";"2014-06-14";"35N34";"24";"50";"REGULAR";"f";"2014-06-21 13:38:29.656";"f";"";"70";"CONSOLIDADA";"";"Presencial";
"1222063";"8";"5753862";"";"";"54958";"GRADUAÇÃO";"Campus Santa Cruz";"Sala de Parto - HUAB";"2014";"1";"2014-04-08";"2014-04-10";"345M23456 (08/04/2014 - 10/04/2014)";"4";"4";"REGULAR";"f";"2014-06-16 08:31:46.74";"f";"";"15";"CONSOLIDADA";"";"Presencial";
"1222064";"01";"25964";"";"";"25169";"GRADUAÇÃO";"Campus Central";"2H7";"2014";"1";"2014-01-27";"2014-06-14";"35M12";"3";"45";"REGULAR";"f";"2014-06-09 19:02:37.916";"f";"";"75";"CONSOLIDADA";"";"Presencial";
"1222065";"9";"5753862";"";"";"54958";"GRADUAÇÃO";"Campus Santa Cruz";"Sala de Parto - HUAB";"2014";"1";"2014-04-15";"2014-04-22";"345M23456 (15/04/2014 - 22/04/2014)";"3";"4";"REGULAR";"f";"2014-06-16 08:32:50.646";"f";"";"15";"CONSOLIDADA";"";"Presencial";
"1222066";"04";"22076";"";"";"54239";"GRADUAÇÃO";"Campus Central";"HUOL";"2014";"1";"2014-01-27";"2014-06-14";"4M34 (27/01/2014 - 14/06/2014)";"15";"14";"REGULAR";"f";"2014-06-17 09:36:08.511";"f";"";"36";"CONSOLIDADA";"";"Presencial";
"1222066";"04";"";"101765700";"";"54239";"GRADUAÇÃO";"Campus Central";"HUOL";"2014";"1";"2014-01-27";"2014-06-14";"4M34 (27/01/2014 - 14/06/2014)";"15";"14";"REGULAR";"f";"2014-06-17 09:36:08.511";"f";"";"36";"CONSOLIDADA";"";"Presencial";
"1222066";"04";"19132";"";"";"54239";"GRADUAÇÃO";"Campus Central";"HUOL";"2014";"1";"2014-01-27";"2014-06-14";"4M34 (27/01/2014 - 14/06/2014)";"15";"14";"REGULAR";"f";"2014-06-17 09:36:08.511";"f";"";"36";"CONSOLIDADA";"";"Presencial";
"1222066";"04";"5753588";"";"";"54239";"GRADUAÇÃO";"Campus Central";"HUOL";"2014";"1";"2014-01-27";"2014-06-14";"4M34 (27/01/2014 - 14/06/2014)";"15";"14";"REGULAR";"f";"2014-06-17 09:36:08.511";"f";"";"36";"CONSOLIDADA";"";"Presencial";
"1222066";"04";"18036";"";"";"54239";"GRADUAÇÃO";"Campus Central";"HUOL";"2014";"1";"2014-01-27";"2014-06-14";"4M34 (27/01/2014 - 14/06/2014)";"15";"14";"REGULAR";"f";"2014-06-17 09:36:08.511";"f";"";"36";"CONSOLIDADA";"";"Presencial";
"1222067";"01";"5755087";"";"";"25475";"GRADUAÇÃO";"Campus Central";"2H1";"2014";"1";"2014-01-27";"2014-06-14";"46T12";"10";"45";"REGULAR";"f";"2014-06-07 14:25:02.187";"f";"";"68";"CONSOLIDADA";"";"Presencial";
"1222068";"01B";"5753082";"";"";"2050152";"GRADUAÇÃO";"Campus Central";"Anfiteatro DBF";"2014";"1";"2014-01-27";"2014-06-14";"5T12";"23";"27";"REGULAR";"f";"2014-06-13 12:37:51.257";"f";"1222056";"34";"CONSOLIDADA";"";"Presencial";
"1222068";"01B";"5756302";"";"";"2050152";"GRADUAÇÃO";"Campus Central";"Anfiteatro DBF";"2014";"1";"2014-01-27";"2014-06-14";"5T12";"23";"27";"REGULAR";"f";"2014-06-13 12:37:51.257";"f";"1222056";"34";"CONSOLIDADA";"";"Presencial";
"1222069";"01";"18189";"";"";"53915";"GRADUAÇÃO";"Campus Central";"Sala 3A4";"2014";"1";"2014-01-27";"2014-06-14";"24N12";"13";"40";"REGULAR";"f";"2014-06-09 16:54:15.775";"f";"";"72";"CONSOLIDADA";"";"Presencial";
"1222070";"01";"21931";"";"";"21581";"GRADUAÇÃO";"Campus Central";"2H6";"2014";"1";"2014-01-27";"2014-06-14";"3M123456";"23";"45";"REGULAR";"f";"2014-06-18 10:53:48.8";"f";"";"108";"CONSOLIDADA";"";"Presencial";
"1222071";"9";"5756066";"";"";"54959";"GRADUAÇÃO";"Campus Santa Cruz";"Clínica Cirúrgica - Currais Novos";"2014";"1";"2014-04-08";"2014-04-10";"345M23456 (08/04/2014 - 10/04/2014)";"4";"4";"REGULAR";"f";"2014-06-15 13:07:19.584";"f";"";"15";"CONSOLIDADA";"";"Presencial";
"1222072";"01";"17700";"";"";"54244";"GRADUAÇÃO";"Campus Central";"HUOL";"2014";"1";"2014-01-27";"2014-06-14";"2M34";"46";"55";"REGULAR";"f";"2014-06-09 12:17:57.194";"f";"";"36";"CONSOLIDADA";"";"Presencial";
"1222072";"01";"18116";"";"";"54244";"GRADUAÇÃO";"Campus Central";"HUOL";"2014";"1";"2014-01-27";"2014-06-14";"2M34";"46";"55";"REGULAR";"f";"2014-06-09 12:17:57.194";"f";"";"36";"CONSOLIDADA";"";"Presencial";
"1222072";"01";"5751842";"";"";"54244";"GRADUAÇÃO";"Campus Central";"HUOL";"2014";"1";"2014-01-27";"2014-06-14";"2M34";"46";"55";"REGULAR";"f";"2014-06-09 12:17:57.194";"f";"";"36";"CONSOLIDADA";"";"Presencial";
"1222073";"01";"5756274";"";"";"53917";"GRADUAÇÃO";"Campus Central";"Sala 3G4";"2014";"1";"2014-01-27";"2014-06-14";"6N1234";"24";"50";"REGULAR";"f";"2014-06-10 14:53:57.867";"f";"";"72";"CONSOLIDADA";"";"Presencial";
"1222074";"1";"5756066";"";"";"54959";"GRADUAÇÃO";"Campus Santa Cruz";"Clínica Cirúrgica - Currais Novos";"2014";"1";"2014-04-15";"2014-04-22";"345M23456 (15/04/2014 - 22/04/2014)";"4";"4";"REGULAR";"f";"2014-06-15 13:05:25.729";"f";"";"15";"CONSOLIDADA";"";"Presencial";
"1222075";"01";"20915";"";"";"25810";"GRADUAÇÃO";"Campus Central";"2H8";"2014";"1";"2014-01-27";"2014-06-14";"46M56";"41";"45";"REGULAR";"f";"2014-06-11 10:04:04.754";"f";"";"70";"CONSOLIDADA";"";"Presencial";
"1222076";"02";"5755492";"";"";"25475";"GRADUAÇÃO";"Campus Central";"2B1";"2014";"1";"2014-01-27";"2014-06-14";"46T34";"26";"45";"REGULAR";"f";"2014-06-05 14:51:47.419";"f";"";"72";"CONSOLIDADA";"";"Presencial";
"1222077";"01";"18116";"";"";"54245";"GRADUAÇÃO";"Campus Central";"HUOL";"2014";"1";"2014-01-27";"2014-06-14";"6M12 (27/01/2014 - 14/06/2014)";"16";"19";"REGULAR";"f";"2014-06-18 09:35:56.425";"f";"";"36";"CONSOLIDADA";"";"Presencial";
"1222077";"01";"17700";"";"";"54245";"GRADUAÇÃO";"Campus Central";"HUOL";"2014";"1";"2014-01-27";"2014-06-14";"6M12 (27/01/2014 - 14/06/2014)";"16";"19";"REGULAR";"f";"2014-06-18 09:35:56.425";"f";"";"36";"CONSOLIDADA";"";"Presencial";
"1222077";"01";"5751842";"";"";"54245";"GRADUAÇÃO";"Campus Central";"HUOL";"2014";"1";"2014-01-27";"2014-06-14";"6M12 (27/01/2014 - 14/06/2014)";"16";"19";"REGULAR";"f";"2014-06-18 09:35:56.425";"f";"";"36";"CONSOLIDADA";"";"Presencial";
"1222078";"1";"5756242";"";"";"54960";"GRADUAÇÃO";"Campus Santa Cruz";"Clínica Pediátrica - Currais Novos";"2014";"1";"2014-04-08";"2014-04-10";"345M23456 (08/04/2014 - 10/04/2014)";"5";"4";"REGULAR";"f";"2014-06-15 12:55:53.518";"f";"";"15";"CONSOLIDADA";"";"Presencial";
"1222079";"02";"5756277";"";"";"40024";"GRADUAÇÃO";"Campus Central";"VG2";"2014";"1";"2014-01-27";"2014-06-14";"24N12";"40";"40";"REGULAR";"f";"2014-06-19 10:00:37.124";"f";"";"70";"CONSOLIDADA";"";"Presencial";
"1222080";"02";"17700";"";"";"54245";"GRADUAÇÃO";"Campus Central";"HUOL";"2014";"1";"2014-01-27";"2014-06-14";"6M12 (27/01/2014 - 14/06/2014)";"15";"18";"REGULAR";"f";"2014-06-18 09:33:15.112";"f";"";"36";"CONSOLIDADA";"";"Presencial";
"1222080";"02";"18116";"";"";"54245";"GRADUAÇÃO";"Campus Central";"HUOL";"2014";"1";"2014-01-27";"2014-06-14";"6M12 (27/01/2014 - 14/06/2014)";"15";"18";"REGULAR";"f";"2014-06-18 09:33:15.112";"f";"";"36";"CONSOLIDADA";"";"Presencial";
"1222080";"02";"5751842";"";"";"54245";"GRADUAÇÃO";"Campus Central";"HUOL";"2014";"1";"2014-01-27";"2014-06-14";"6M12 (27/01/2014 - 14/06/2014)";"15";"18";"REGULAR";"f";"2014-06-18 09:33:15.112";"f";"";"36";"CONSOLIDADA";"";"Presencial";
"1222081";"03";"5755492";"";"";"25475";"GRADUAÇÃO";"Campus Central";"2H7";"2014";"1";"2014-01-27";"2014-06-14";"56N34";"18";"50";"REGULAR";"f";"2014-06-06 03:03:16.004";"f";"";"72";"CONSOLIDADA";"";"Presencial";
"1222082";"2";"5756242";"";"";"54960";"GRADUAÇÃO";"Campus Santa Cruz";"Clínica Pediátrica - Currais Novos";"2014";"1";"2014-04-15";"2014-04-22";"345M23456 (15/04/2014 - 22/04/2014)";"4";"4";"REGULAR";"f";"2014-06-15 12:57:06.718";"f";"";"15";"CONSOLIDADA";"";"Presencial";
"1222083";"01";"18189";"";"";"53923";"GRADUAÇÃO";"Campus Central";"Sala 3A4";"2014";"1";"2014-01-27";"2014-06-14";"35N34";"14";"30";"REGULAR";"f";"2014-06-09 17:02:02.034";"f";"";"66";"CONSOLIDADA";"";"Presencial";
"1222084";"03";"17700";"";"";"54245";"GRADUAÇÃO";"Campus Central";"HUOL";"2014";"1";"2014-01-27";"2014-06-14";"6M12 (27/01/2014 - 14/06/2014)";"15";"18";"REGULAR";"f";"2014-06-18 09:31:14.937";"f";"";"36";"CONSOLIDADA";"";"Presencial";
"1222084";"03";"18116";"";"";"54245";"GRADUAÇÃO";"Campus Central";"HUOL";"2014";"1";"2014-01-27";"2014-06-14";"6M12 (27/01/2014 - 14/06/2014)";"15";"18";"REGULAR";"f";"2014-06-18 09:31:14.937";"f";"";"36";"CONSOLIDADA";"";"Presencial";
"1222084";"03";"5751842";"";"";"54245";"GRADUAÇÃO";"Campus Central";"HUOL";"2014";"1";"2014-01-27";"2014-06-14";"6M12 (27/01/2014 - 14/06/2014)";"15";"18";"REGULAR";"f";"2014-06-18 09:31:14.937";"f";"";"36";"CONSOLIDADA";"";"Presencial";
"1222085";"2";"5756047";"";"";"54961";"GRADUAÇÃO";"Campus Santa Cruz";"CCIH - HUAB";"2014";"1";"2014-04-08";"2014-04-10";"345M23456 (08/04/2014 - 10/04/2014)";"4";"4";"REGULAR";"f";"2014-06-11 16:08:42.323";"f";"";"15";"CONSOLIDADA";"";"Presencial";
"1222086";"01";"5755504";"";"";"25533";"GRADUAÇÃO";"Campus Central";"1B5";"2014";"1";"2014-01-27";"2014-06-14";"35M12";"6";"56";"REGULAR";"f";"2014-06-03 09:07:29.192";"f";"";"68";"CONSOLIDADA";"";"Presencial";
"1222087";"3";"5756047";"";"";"54961";"GRADUAÇÃO";"Campus Santa Cruz";"CCIH - HUAB";"2014";"1";"2014-04-15";"2014-04-22";"345M23456 (15/04/2014 - 22/04/2014)";"6";"4";"REGULAR";"f";"2014-06-11 16:10:33.036";"f";"";"15";"CONSOLIDADA";"";"Presencial";
"1222088";"01";"5754359";"";"";"55014";"GRADUAÇÃO";"Campus Central";"Sala 3B2";"2014";"1";"2014-01-27";"2014-06-14";"24N34";"5";"30";"REGULAR";"f";"2014-06-07 23:25:58.465";"f";"";"70";"CONSOLIDADA";"";"Presencial";
"1222089";"01";"5753083";"";"";"54247";"GRADUAÇÃO";"Campus Central";"HUOL";"2014";"1";"2014-01-27";"2014-06-14";"5T1";"45";"55";"REGULAR";"f";"2014-06-18 11:45:03.978";"f";"";"17";"CONSOLIDADA";"";"Presencial";
"1222089";"01";"5752550";"";"";"54247";"GRADUAÇÃO";"Campus Central";"HUOL";"2014";"1";"2014-01-27";"2014-06-14";"5T1";"45";"55";"REGULAR";"f";"2014-06-18 11:45:03.978";"f";"";"17";"CONSOLIDADA";"";"Presencial";
"1222089";"01";"5756391";"";"";"54247";"GRADUAÇÃO";"Campus Central";"HUOL";"2014";"1";"2014-01-27";"2014-06-14";"5T1";"45";"55";"REGULAR";"f";"2014-06-18 11:45:03.978";"f";"";"17";"CONSOLIDADA";"";"Presencial";
"1222089";"01";"5753670";"";"";"54247";"GRADUAÇÃO";"Campus Central";"HUOL";"2014";"1";"2014-01-27";"2014-06-14";"5T1";"45";"55";"REGULAR";"f";"2014-06-18 11:45:03.978";"f";"";"17";"CONSOLIDADA";"";"Presencial";
"1222090";"01";"5753083";"";"";"54248";"GRADUAÇÃO";"Campus Central";"HUOL";"2014";"1";"2014-01-27";"2014-06-14";"5T34 (27/01/2014 - 14/06/2014)";"11";"13";"REGULAR";"f";"2014-06-18 11:46:23.047";"f";"";"34";"CONSOLIDADA";"";"Presencial";
"1222090";"01";"5752550";"";"";"54248";"GRADUAÇÃO";"Campus Central";"HUOL";"2014";"1";"2014-01-27";"2014-06-14";"5T34 (27/01/2014 - 14/06/2014)";"11";"13";"REGULAR";"f";"2014-06-18 11:46:23.047";"f";"";"34";"CONSOLIDADA";"";"Presencial";
"1222090";"01";"5753670";"";"";"54248";"GRADUAÇÃO";"Campus Central";"HUOL";"2014";"1";"2014-01-27";"2014-06-14";"5T34 (27/01/2014 - 14/06/2014)";"11";"13";"REGULAR";"f";"2014-06-18 11:46:23.047";"f";"";"34";"CONSOLIDADA";"";"Presencial";
"1222090";"01";"5756391";"";"";"54248";"GRADUAÇÃO";"Campus Central";"HUOL";"2014";"1";"2014-01-27";"2014-06-14";"5T34 (27/01/2014 - 14/06/2014)";"11";"13";"REGULAR";"f";"2014-06-18 11:46:23.047";"f";"";"34";"CONSOLIDADA";"";"Presencial";
"1222091";"01";"5756309";"";"";"24970";"GRADUAÇÃO";"Campus Central";"IIF1";"2014";"1";"2014-01-27";"2014-06-14";"46T12";"39";"65";"REGULAR";"f";"2014-06-13 14:10:50.558";"f";"";"74";"CONSOLIDADA";"";"Presencial";
"1222092";"01";"5756274";"";"";"55016";"GRADUAÇÃO";"Campus Central";"Sala 3H6";"2014";"1";"2014-01-27";"2014-06-14";"24N34";"28";"40";"REGULAR";"f";"2014-06-06 11:34:36.847";"f";"";"70";"CONSOLIDADA";"";"Presencial";
"1222093";"02";"5753670";"";"";"54248";"GRADUAÇÃO";"Campus Central";"HUOL";"2014";"1";"2014-01-27";"2014-06-14";"5T34 (27/01/2014 - 14/06/2014)";"12";"14";"REGULAR";"f";"2014-06-18 11:47:29.854";"f";"";"34";"CONSOLIDADA";"";"Presencial";
"1222093";"02";"5756391";"";"";"54248";"GRADUAÇÃO";"Campus Central";"HUOL";"2014";"1";"2014-01-27";"2014-06-14";"5T34 (27/01/2014 - 14/06/2014)";"12";"14";"REGULAR";"f";"2014-06-18 11:47:29.854";"f";"";"34";"CONSOLIDADA";"";"Presencial";
"1222093";"02";"5752550";"";"";"54248";"GRADUAÇÃO";"Campus Central";"HUOL";"2014";"1";"2014-01-27";"2014-06-14";"5T34 (27/01/2014 - 14/06/2014)";"12";"14";"REGULAR";"f";"2014-06-18 11:47:29.854";"f";"";"34";"CONSOLIDADA";"";"Presencial";
"1222093";"02";"5753083";"";"";"54248";"GRADUAÇÃO";"Campus Central";"HUOL";"2014";"1";"2014-01-27";"2014-06-14";"5T34 (27/01/2014 - 14/06/2014)";"12";"14";"REGULAR";"f";"2014-06-18 11:47:29.854";"f";"";"34";"CONSOLIDADA";"";"Presencial";
"1222094";"01";"25431";"";"";"2042106";"GRADUAÇÃO";"Campus Central";"2C1";"2014";"1";"2014-01-27";"2014-06-14";"2N1234";"24";"60";"REGULAR";"f";"2014-06-21 09:26:28.708";"f";"";"68";"CONSOLIDADA";"";"Presencial";
"1222095";"03";"5753083";"";"";"54248";"GRADUAÇÃO";"Campus Central";"HUOL";"2014";"1";"2014-01-27";"2014-06-14";"5T34 (27/01/2014 - 14/06/2014)";"11";"14";"REGULAR";"f";"2014-06-18 11:55:13.833";"f";"";"36";"CONSOLIDADA";"";"Presencial";
"1222095";"03";"5756391";"";"";"54248";"GRADUAÇÃO";"Campus Central";"HUOL";"2014";"1";"2014-01-27";"2014-06-14";"5T34 (27/01/2014 - 14/06/2014)";"11";"14";"REGULAR";"f";"2014-06-18 11:55:13.833";"f";"";"36";"CONSOLIDADA";"";"Presencial";
"1222095";"03";"5753670";"";"";"54248";"GRADUAÇÃO";"Campus Central";"HUOL";"2014";"1";"2014-01-27";"2014-06-14";"5T34 (27/01/2014 - 14/06/2014)";"11";"14";"REGULAR";"f";"2014-06-18 11:55:13.833";"f";"";"36";"CONSOLIDADA";"";"Presencial";
"1222095";"03";"5752550";"";"";"54248";"GRADUAÇÃO";"Campus Central";"HUOL";"2014";"1";"2014-01-27";"2014-06-14";"5T34 (27/01/2014 - 14/06/2014)";"11";"14";"REGULAR";"f";"2014-06-18 11:55:13.833";"f";"";"36";"CONSOLIDADA";"";"Presencial";
"1222096";"01";"5755542";"";"";"53906";"GRADUAÇÃO";"Campus Central";"3H2";"2014";"1";"2014-01-27";"2014-06-14";"35N34";"4";"70";"REGULAR";"f";"2014-06-13 08:52:53.943";"f";"";"74";"CONSOLIDADA";"";"Presencial";
"1222097";"04";"5753670";"";"";"54248";"GRADUAÇÃO";"Campus Central";"HUOL";"2014";"1";"2014-01-27";"2014-06-14";"5T34 (27/01/2014 - 14/06/2014)";"11";"14";"REGULAR";"f";"2014-06-18 11:52:39.536";"f";"";"34";"CONSOLIDADA";"";"Presencial";
"1222097";"04";"5752550";"";"";"54248";"GRADUAÇÃO";"Campus Central";"HUOL";"2014";"1";"2014-01-27";"2014-06-14";"5T34 (27/01/2014 - 14/06/2014)";"11";"14";"REGULAR";"f";"2014-06-18 11:52:39.536";"f";"";"34";"CONSOLIDADA";"";"Presencial";
"1222097";"04";"5756391";"";"";"54248";"GRADUAÇÃO";"Campus Central";"HUOL";"2014";"1";"2014-01-27";"2014-06-14";"5T34 (27/01/2014 - 14/06/2014)";"11";"14";"REGULAR";"f";"2014-06-18 11:52:39.536";"f";"";"34";"CONSOLIDADA";"";"Presencial";
"1222097";"04";"5753083";"";"";"54248";"GRADUAÇÃO";"Campus Central";"HUOL";"2014";"1";"2014-01-27";"2014-06-14";"5T34 (27/01/2014 - 14/06/2014)";"11";"14";"REGULAR";"f";"2014-06-18 11:52:39.536";"f";"";"34";"CONSOLIDADA";"";"Presencial";
"1222098";"01";"26196";"";"";"2042151";"GRADUAÇÃO";"Campus Central";"2C1";"2014";"1";"2014-01-27";"2014-06-14";"5N1234";"27";"60";"REGULAR";"f";"2014-06-20 20:07:22.066";"f";"";"72";"CONSOLIDADA";"";"Presencial";
"1222099";"01";"5755912";"";"";"53911";"GRADUAÇÃO";"Campus Central";"Sala 3H6";"2014";"1";"2014-01-27";"2014-06-14";"6N1234";"42";"45";"REGULAR";"f";"2014-06-13 12:42:51.631";"f";"";"68";"CONSOLIDADA";"";"Presencial";
"1222101";"01A";"17729";"";"";"2050153";"GRADUAÇÃO";"Campus Central";"Anfiteatro DBF";"2014";"1";"2014-01-27";"2014-06-14";"3T34";"21";"28";"REGULAR";"f";"2014-06-02 16:43:54.535";"f";"1222100";"34";"CONSOLIDADA";"";"Presencial";
"1222101";"01A";"5756302";"";"";"2050153";"GRADUAÇÃO";"Campus Central";"Anfiteatro DBF";"2014";"1";"2014-01-27";"2014-06-14";"3T34";"21";"28";"REGULAR";"f";"2014-06-02 16:43:54.535";"f";"1222100";"34";"CONSOLIDADA";"";"Presencial";
"1222102";"01";"5754591";"";"";"54250";"GRADUAÇÃO";"Campus Central";"HUOL";"2014";"1";"2014-01-27";"2014-06-14";"2T3";"51";"55";"REGULAR";"f";"2014-06-09 22:53:26.658";"f";"";"17";"CONSOLIDADA";"";"Presencial";
"1222102";"01";"5755374";"";"";"54250";"GRADUAÇÃO";"Campus Central";"HUOL";"2014";"1";"2014-01-27";"2014-06-14";"2T3";"51";"55";"REGULAR";"f";"2014-06-09 22:53:26.658";"f";"";"17";"CONSOLIDADA";"";"Presencial";
"1222102";"01";"3032037";"";"";"54250";"GRADUAÇÃO";"Campus Central";"HUOL";"2014";"1";"2014-01-27";"2014-06-14";"2T3";"51";"55";"REGULAR";"f";"2014-06-09 22:53:26.658";"f";"";"17";"CONSOLIDADA";"";"Presencial";
"1222103";"01";"5755542";"";"";"53916";"GRADUAÇÃO";"Campus Central";"Sala 3A4";"2014";"1";"2014-01-27";"2014-06-14";"35N12";"15";"40";"REGULAR";"f";"2014-06-13 08:57:59.295";"f";"";"74";"CONSOLIDADA";"";"Presencial";
"1222104";"01";"5755374";"";"";"54251";"GRADUAÇÃO";"Campus Central";"HUOL";"2014";"1";"2014-01-27";"2014-06-14";"2T4 4T34 (27/01/2014 - 14/06/2014)";"21";"19";"REGULAR";"f";"2014-06-09 22:41:48.468";"f";"";"51";"CONSOLIDADA";"";"Presencial";
"1222104";"01";"3032037";"";"";"54251";"GRADUAÇÃO";"Campus Central";"HUOL";"2014";"1";"2014-01-27";"2014-06-14";"2T4 4T34 (27/01/2014 - 14/06/2014)";"21";"19";"REGULAR";"f";"2014-06-09 22:41:48.468";"f";"";"51";"CONSOLIDADA";"";"Presencial";
"1222104";"01";"5754591";"";"";"54251";"GRADUAÇÃO";"Campus Central";"HUOL";"2014";"1";"2014-01-27";"2014-06-14";"2T4 4T34 (27/01/2014 - 14/06/2014)";"21";"19";"REGULAR";"f";"2014-06-09 22:41:48.468";"f";"";"51";"CONSOLIDADA";"";"Presencial";
"1222105";"01";"5754359";"";"";"53927";"GRADUAÇÃO";"Campus Central";"3H2";"2014";"1";"2014-01-27";"2014-06-14";"6N12";"11";"70";"REGULAR";"f";"2014-06-07 23:34:42.883";"f";"";"34";"CONSOLIDADA";"";"Presencial";
"1222106";"01";"5753076";"";"";"46202";"GRADUAÇÃO";"Campus Central";"AROEIRA";"2014";"1";"2014-01-27";"2014-06-14";"5N1234";"23";"55";"REGULAR";"f";"2014-06-14 12:05:12.308";"f";"";"72";"CONSOLIDADA";"";"Presencial";
"1222107";"02";"5756309";"";"";"24970";"GRADUAÇÃO";"Campus Central";"IIF2";"2014";"1";"2014-01-27";"2014-06-14";"6M1234";"16";"50";"REGULAR";"f";"2014-06-19 15:06:08.473";"f";"";"80";"CONSOLIDADA";"";"Presencial";
"1222108";"01";"5755255";"";"";"24882";"GRADUAÇÃO";"Campus Central";"2A3";"2014";"1";"2014-01-27";"2014-06-14";"35T12";"30";"14";"REGULAR";"f";"2014-06-12 15:42:26.614";"f";"";"66";"CONSOLIDADA";"";"Presencial";
"1222109";"01";"18200";"";"";"53932";"GRADUAÇÃO";"Campus Central";"Sala 3E3";"2014";"1";"2014-01-27";"2014-06-14";"24T56";"45";"50";"REGULAR";"f";"2014-06-21 10:35:22.24";"f";"";"72";"CONSOLIDADA";"";"Presencial";
"1222110";"02";"5755374";"";"";"54251";"GRADUAÇÃO";"Campus Central";"HUOL";"2014";"1";"2014-01-27";"2014-06-14";"2T4 4T34 (27/01/2014 - 14/06/2014)";"14";"18";"REGULAR";"f";"2014-06-09 22:43:03.903";"f";"";"51";"CONSOLIDADA";"";"Presencial";
"1222110";"02";"3032037";"";"";"54251";"GRADUAÇÃO";"Campus Central";"HUOL";"2014";"1";"2014-01-27";"2014-06-14";"2T4 4T34 (27/01/2014 - 14/06/2014)";"14";"18";"REGULAR";"f";"2014-06-09 22:43:03.903";"f";"";"51";"CONSOLIDADA";"";"Presencial";
"1222110";"02";"5754591";"";"";"54251";"GRADUAÇÃO";"Campus Central";"HUOL";"2014";"1";"2014-01-27";"2014-06-14";"2T4 4T34 (27/01/2014 - 14/06/2014)";"14";"18";"REGULAR";"f";"2014-06-09 22:43:03.903";"f";"";"51";"CONSOLIDADA";"";"Presencial";
"1222111";"Z";"5041554";"";"";"54362";"TÉCNICO";"";"Sala Agropecuária 2";"2014";"1";"2014-01-27";"2014-06-13";"6M1234";"";"35";"REGULAR";"f";"2014-06-11 11:51:37.697";"f";"";"64";"CONSOLIDADA";"";"Presencial";
"1222112";"01";"24813";"";"";"53934";"GRADUAÇÃO";"Campus Central";"Sala 3G3";"2014";"1";"2014-01-27";"2014-06-14";"5M123";"1";"22";"REGULAR";"f";"2014-06-20 09:27:08.802";"f";"";"54";"CONSOLIDADA";"";"Presencial";
"1222113";"01B";"5756302";"";"";"2050153";"GRADUAÇÃO";"Campus Central";"Anfiteatro DBF";"2014";"1";"2014-01-27";"2014-06-14";"3T34";"16";"27";"REGULAR";"f";"2014-06-02 16:43:53.504";"f";"1222100";"34";"CONSOLIDADA";"";"Presencial";
"1222113";"01B";"17729";"";"";"2050153";"GRADUAÇÃO";"Campus Central";"Anfiteatro DBF";"2014";"1";"2014-01-27";"2014-06-14";"3T34";"16";"27";"REGULAR";"f";"2014-06-02 16:43:53.504";"f";"1222100";"34";"CONSOLIDADA";"";"Presencial";
"1222114";"03";"5755374";"";"";"54251";"GRADUAÇÃO";"Campus Central";"HUOL";"2014";"1";"2014-01-27";"2014-06-14";"2T4 4T34 (27/01/2014 - 14/06/2014)";"16";"18";"REGULAR";"f";"2014-06-09 22:44:06.997";"f";"";"51";"CONSOLIDADA";"";"Presencial";
"1222114";"03";"3032037";"";"";"54251";"GRADUAÇÃO";"Campus Central";"HUOL";"2014";"1";"2014-01-27";"2014-06-14";"2T4 4T34 (27/01/2014 - 14/06/2014)";"16";"18";"REGULAR";"f";"2014-06-09 22:44:06.997";"f";"";"51";"CONSOLIDADA";"";"Presencial";
"1222114";"03";"5754591";"";"";"54251";"GRADUAÇÃO";"Campus Central";"HUOL";"2014";"1";"2014-01-27";"2014-06-14";"2T4 4T34 (27/01/2014 - 14/06/2014)";"16";"18";"REGULAR";"f";"2014-06-09 22:44:06.997";"f";"";"51";"CONSOLIDADA";"";"Presencial";
"1222115";"01";"18200";"";"";"53936";"GRADUAÇÃO";"Campus Central";"Sala 3G1";"2014";"1";"2014-01-27";"2014-06-14";"24T12";"26";"50";"REGULAR";"f";"2014-06-20 20:02:30.814";"f";"";"72";"CONSOLIDADA";"";"Presencial";
"1222116";"02";"2262069";"";"";"46202";"GRADUAÇÃO";"Campus Central";"FAVELEIRA";"2014";"1";"2014-01-27";"2014-06-14";"35M56";"42";"55";"REGULAR";"f";"2014-06-16 02:02:08.884";"f";"";"68";"CONSOLIDADA";"";"Presencial";
"1222117";"02";"23828";"";"";"24882";"GRADUAÇÃO";"Campus Central";"5G3";"2014";"1";"2014-01-27";"2014-06-14";"24T34";"54";"51";"REGULAR";"f";"2014-06-23 19:50:09.377";"f";"";"98";"CONSOLIDADA";"";"Presencial";
"1222118";"01";"25946";"";"";"54256";"GRADUAÇÃO";"Campus Central";"HUOL";"2014";"1";"2014-01-27";"2014-06-14";"2N12";"38";"45";"REGULAR";"f";"2014-06-09 18:02:27.599";"f";"";"40";"CONSOLIDADA";"";"Presencial";
"1222118";"01";"23105";"";"";"54256";"GRADUAÇÃO";"Campus Central";"HUOL";"2014";"1";"2014-01-27";"2014-06-14";"2N12";"38";"45";"REGULAR";"f";"2014-06-09 18:02:27.599";"f";"";"40";"CONSOLIDADA";"";"Presencial";
"1222118";"01";"24837";"";"";"54256";"GRADUAÇÃO";"Campus Central";"HUOL";"2014";"1";"2014-01-27";"2014-06-14";"2N12";"38";"45";"REGULAR";"f";"2014-06-09 18:02:27.599";"f";"";"40";"CONSOLIDADA";"";"Presencial";
"1222118";"01";"25939";"";"";"54256";"GRADUAÇÃO";"Campus Central";"HUOL";"2014";"1";"2014-01-27";"2014-06-14";"2N12";"38";"45";"REGULAR";"f";"2014-06-09 18:02:27.599";"f";"";"40";"CONSOLIDADA";"";"Presencial";
"1222118";"01";"23117";"";"";"54256";"GRADUAÇÃO";"Campus Central";"HUOL";"2014";"1";"2014-01-27";"2014-06-14";"2N12";"38";"45";"REGULAR";"f";"2014-06-09 18:02:27.599";"f";"";"40";"CONSOLIDADA";"";"Presencial";
"1222118";"01";"22775";"";"";"54256";"GRADUAÇÃO";"Campus Central";"HUOL";"2014";"1";"2014-01-27";"2014-06-14";"2N12";"38";"45";"REGULAR";"f";"2014-06-09 18:02:27.599";"f";"";"40";"CONSOLIDADA";"";"Presencial";
"1222119";"01";"22704";"";"";"21172";"GRADUAÇÃO";"Campus Central";"IIE2";"2014";"1";"2014-01-27";"2014-06-14";"5N1234";"42";"60";"REGULAR";"f";"2014-06-18 10:38:52.658";"f";"";"72";"CONSOLIDADA";"";"Presencial";
"1222120";"01";"23406";"";"";"54258";"GRADUAÇÃO";"Campus Central";"HUOL";"2014";"1";"2014-01-27";"2014-06-14";"4T56 (27/01/2014 - 14/06/2014)";"16";"27";"REGULAR";"f";"2014-06-18 14:20:20.887";"f";"";"38";"CONSOLIDADA";"";"Presencial";
"1222120";"01";"22775";"";"";"54258";"GRADUAÇÃO";"Campus Central";"HUOL";"2014";"1";"2014-01-27";"2014-06-14";"4T56 (27/01/2014 - 14/06/2014)";"16";"27";"REGULAR";"f";"2014-06-18 14:20:20.887";"f";"";"38";"CONSOLIDADA";"";"Presencial";
"1222121";"01";"22736";"";"";"25140";"GRADUAÇÃO";"Campus Central";"2H8";"2014";"1";"2014-01-27";"2014-06-14";"3M56 6M34";"37";"45";"REGULAR";"f";"2014-06-10 17:43:36.157";"f";"";"74";"CONSOLIDADA";"";"Presencial";
"1222122";"01";"5753584";"";"";"43211";"GRADUAÇÃO";"Campus Central";"2E3";"2014";"1";"2014-01-27";"2014-06-14";"5M3456";"41";"41";"REGULAR";"f";"2014-06-11 16:43:23.835";"f";"";"68";"CONSOLIDADA";"";"Presencial";
"1222124";"01A";"5756302";"";"";"2050154";"GRADUAÇÃO";"Campus Central";"Anfiteatro DBF";"2014";"1";"2014-01-27";"2014-06-14";"5T34";"25";"28";"REGULAR";"f";"2014-06-05 10:37:59.275";"f";"1222123";"34";"CONSOLIDADA";"";"Presencial";
"1222125";"02";"22775";"";"";"54258";"GRADUAÇÃO";"Campus Central";"HUOL";"2014";"1";"2014-01-27";"2014-06-14";"4T56 (27/01/2014 - 14/06/2014)";"8";"28";"REGULAR";"f";"2014-06-18 14:15:04.734";"f";"";"38";"CONSOLIDADA";"";"Presencial";
"1222125";"02";"23406";"";"";"54258";"GRADUAÇÃO";"Campus Central";"HUOL";"2014";"1";"2014-01-27";"2014-06-14";"4T56 (27/01/2014 - 14/06/2014)";"8";"28";"REGULAR";"f";"2014-06-18 14:15:04.734";"f";"";"38";"CONSOLIDADA";"";"Presencial";
"1222126";"01";"16687";"";"";"54260";"GRADUAÇÃO";"Campus Central";"HUOL";"2014";"1";"2014-01-27";"2014-06-14";"2T34";"45";"55";"REGULAR";"f";"2014-06-13 12:49:51.814";"f";"";"36";"CONSOLIDADA";"";"Presencial";
"1222126";"01";"24989";"";"";"54260";"GRADUAÇÃO";"Campus Central";"HUOL";"2014";"1";"2014-01-27";"2014-06-14";"2T34";"45";"55";"REGULAR";"f";"2014-06-13 12:49:51.814";"f";"";"36";"CONSOLIDADA";"";"Presencial";
"1222127";"01";"65421";"";"";"43290";"GRADUAÇÃO";"Campus Central";"2E4";"2014";"1";"2014-01-27";"2014-06-14";"2M3456";"28";"40";"REGULAR";"f";"2014-06-11 08:25:02.283";"f";"";"68";"CONSOLIDADA";"";"Presencial";
"1222127";"01";"5756445";"";"";"43290";"GRADUAÇÃO";"Campus Central";"2E4";"2014";"1";"2014-01-27";"2014-06-14";"2M3456";"28";"40";"REGULAR";"f";"2014-06-11 08:25:02.283";"f";"";"68";"CONSOLIDADA";"";"Presencial";
"1222128";"AS01";"5753615";"";"";"54370";"TÉCNICO";"";"Sala Agropecuária 3";"2014";"1";"2014-01-27";"2014-06-13";"2M12";"";"35";"REGULAR";"f";"";"f";"";"";"EXCLUÍDA";"";"Presencial";
"1222129";"01";"24989";"";"";"54261";"GRADUAÇÃO";"Campus Central";"HUOL";"2014";"1";"2014-01-27";"2014-06-14";"5M5 6M56 (27/01/2014 - 14/06/2014)";"24";"27";"REGULAR";"f";"2014-06-13 12:53:17.457";"f";"";"53";"CONSOLIDADA";"";"Presencial";
"1222129";"01";"16687";"";"";"54261";"GRADUAÇÃO";"Campus Central";"HUOL";"2014";"1";"2014-01-27";"2014-06-14";"5M5 6M56 (27/01/2014 - 14/06/2014)";"24";"27";"REGULAR";"f";"2014-06-13 12:53:17.457";"f";"";"53";"CONSOLIDADA";"";"Presencial";
"1222130";"02";"24989";"";"";"54261";"GRADUAÇÃO";"Campus Central";"HUOL";"2014";"1";"2014-01-27";"2014-06-14";"5M5 6M56 (27/01/2014 - 14/06/2014)";"21";"28";"REGULAR";"f";"2014-06-13 12:58:16.425";"f";"";"53";"CONSOLIDADA";"";"Presencial";
"1222130";"02";"16687";"";"";"54261";"GRADUAÇÃO";"Campus Central";"HUOL";"2014";"1";"2014-01-27";"2014-06-14";"5M5 6M56 (27/01/2014 - 14/06/2014)";"21";"28";"REGULAR";"f";"2014-06-13 12:58:16.425";"f";"";"53";"CONSOLIDADA";"";"Presencial";
"1222131";"03";"5752234";"";"";"46202";"GRADUAÇÃO";"Campus Central";"3B4";"2014";"1";"2014-01-27";"2014-06-14";"3N1234";"28";"55";"REGULAR";"f";"2014-06-17 14:59:38.136";"f";"";"76";"CONSOLIDADA";"";"Presencial";
"1222132";"02";"65421";"";"";"43290";"GRADUAÇÃO";"Campus Central";"2E4";"2014";"1";"2014-01-27";"2014-06-14";"2N1234";"45";"41";"REGULAR";"f";"2014-06-12 07:10:30.915";"f";"";"68";"CONSOLIDADA";"";"Presencial";
"1222132";"02";"5756445";"";"";"43290";"GRADUAÇÃO";"Campus Central";"2E4";"2014";"1";"2014-01-27";"2014-06-14";"2N1234";"45";"41";"REGULAR";"f";"2014-06-12 07:10:30.915";"f";"";"68";"CONSOLIDADA";"";"Presencial";
"1222133";"01";"62382";"";"";"54216";"GRADUAÇÃO";"Campus Central";"5º Subsolo do HUOL";"2014";"1";"2014-01-27";"2014-06-14";"3M12";"57";"57";"REGULAR";"f";"2014-06-14 15:57:13.982";"f";"";"34";"CONSOLIDADA";"";"Presencial";
"1222133";"01";"24854";"";"";"54216";"GRADUAÇÃO";"Campus Central";"5º Subsolo do HUOL";"2014";"1";"2014-01-27";"2014-06-14";"3M12";"57";"57";"REGULAR";"f";"2014-06-14 15:57:13.982";"f";"";"34";"CONSOLIDADA";"";"Presencial";
"1222133";"01";"18651";"";"";"54216";"GRADUAÇÃO";"Campus Central";"5º Subsolo do HUOL";"2014";"1";"2014-01-27";"2014-06-14";"3M12";"57";"57";"REGULAR";"f";"2014-06-14 15:57:13.982";"f";"";"34";"CONSOLIDADA";"";"Presencial";
"1222134";"01";"5753705";"";"";"54266";"GRADUAÇÃO";"Campus Central";"HUOL";"2014";"1";"2014-01-27";"2014-06-14";"6M34";"51";"56";"REGULAR";"f";"2014-06-09 12:37:46.161";"f";"";"34";"CONSOLIDADA";"";"Presencial";
"1222134";"01";"25939";"";"";"54266";"GRADUAÇÃO";"Campus Central";"HUOL";"2014";"1";"2014-01-27";"2014-06-14";"6M34";"51";"56";"REGULAR";"f";"2014-06-09 12:37:46.161";"f";"";"34";"CONSOLIDADA";"";"Presencial";
"1222134";"01";"25946";"";"";"54266";"GRADUAÇÃO";"Campus Central";"HUOL";"2014";"1";"2014-01-27";"2014-06-14";"6M34";"51";"56";"REGULAR";"f";"2014-06-09 12:37:46.161";"f";"";"34";"CONSOLIDADA";"";"Presencial";
"1222134";"01";"5755265";"";"";"54266";"GRADUAÇÃO";"Campus Central";"HUOL";"2014";"1";"2014-01-27";"2014-06-14";"6M34";"51";"56";"REGULAR";"f";"2014-06-09 12:37:46.161";"f";"";"34";"CONSOLIDADA";"";"Presencial";
"1222135";"01";"5753582";"";"";"43318";"GRADUAÇÃO";"Campus Central";"2E4";"2014";"1";"2014-01-27";"2014-06-14";"6M3456";"20";"40";"REGULAR";"f";"2014-06-12 20:45:14.262";"f";"";"68";"CONSOLIDADA";"";"Presencial";
"1222136";"04";"5752234";"";"";"46202";"GRADUAÇÃO";"Campus Central";"3F3";"2014";"1";"2014-01-27";"2014-06-14";"35M34";"19";"50";"REGULAR";"f";"2014-06-17 14:46:57.744";"f";"";"70";"CONSOLIDADA";"";"Presencial";
"1222137";"01";"5753705";"";"";"54267";"GRADUAÇÃO";"Campus Central";"HUOL";"2014";"1";"2014-01-27";"2014-06-14";"3M34 (27/01/2014 - 14/06/2014)";"16";"19";"REGULAR";"f";"2014-06-18 22:39:37.326";"f";"";"38";"CONSOLIDADA";"";"Presencial";
"1222137";"01";"25946";"";"";"54267";"GRADUAÇÃO";"Campus Central";"HUOL";"2014";"1";"2014-01-27";"2014-06-14";"3M34 (27/01/2014 - 14/06/2014)";"16";"19";"REGULAR";"f";"2014-06-18 22:39:37.326";"f";"";"38";"CONSOLIDADA";"";"Presencial";
"1222137";"01";"5755265";"";"";"54267";"GRADUAÇÃO";"Campus Central";"HUOL";"2014";"1";"2014-01-27";"2014-06-14";"3M34 (27/01/2014 - 14/06/2014)";"16";"19";"REGULAR";"f";"2014-06-18 22:39:37.326";"f";"";"38";"CONSOLIDADA";"";"Presencial";
"1222138";"01B";"5756302";"";"";"2050154";"GRADUAÇÃO";"Campus Central";"Anfiteatro DBF";"2014";"1";"2014-01-27";"2014-06-14";"5T34";"4";"27";"REGULAR";"f";"2014-06-05 10:37:58.414";"f";"1222123";"34";"CONSOLIDADA";"";"Presencial";
"1222139";"01";"5755255";"";"";"26531";"GRADUAÇÃO";"Campus Central";"DEART - SALA 05";"2014";"1";"2014-01-27";"2014-06-14";"46M12";"31";"40";"REGULAR";"f";"2014-06-13 11:15:24.223";"f";"";"66";"CONSOLIDADA";"";"Presencial";
"1222140";"02";"5753705";"";"";"54267";"GRADUAÇÃO";"Campus Central";"HUOL";"2014";"1";"2014-01-27";"2014-06-14";"3M34 (27/01/2014 - 14/06/2014)";"11";"19";"REGULAR";"f";"2014-06-09 16:51:54.149";"f";"";"34";"CONSOLIDADA";"";"Presencial";
"1222140";"02";"25946";"";"";"54267";"GRADUAÇÃO";"Campus Central";"HUOL";"2014";"1";"2014-01-27";"2014-06-14";"3M34 (27/01/2014 - 14/06/2014)";"11";"19";"REGULAR";"f";"2014-06-09 16:51:54.149";"f";"";"34";"CONSOLIDADA";"";"Presencial";
"1222140";"02";"5755265";"";"";"54267";"GRADUAÇÃO";"Campus Central";"HUOL";"2014";"1";"2014-01-27";"2014-06-14";"3M34 (27/01/2014 - 14/06/2014)";"11";"19";"REGULAR";"f";"2014-06-09 16:51:54.149";"f";"";"34";"CONSOLIDADA";"";"Presencial";
"1222141";"01";"22944";"";"";"44209";"GRADUAÇÃO";"Campus Central";"DEART - SALA 21";"2014";"1";"2014-01-27";"2014-06-14";"5T3456";"22";"40";"REGULAR";"f";"2014-06-13 12:32:17.15";"f";"";"68";"CONSOLIDADA";"";"Presencial";
"1222142";"03";"5753705";"";"";"54267";"GRADUAÇÃO";"Campus Central";"HUOL";"2014";"1";"2014-01-27";"2014-06-14";"3M34 (27/01/2014 - 14/06/2014)";"10";"18";"REGULAR";"f";"2014-06-09 12:19:05.014";"f";"";"34";"CONSOLIDADA";"";"Presencial";
"1222142";"03";"5755265";"";"";"54267";"GRADUAÇÃO";"Campus Central";"HUOL";"2014";"1";"2014-01-27";"2014-06-14";"3M34 (27/01/2014 - 14/06/2014)";"10";"18";"REGULAR";"f";"2014-06-09 12:19:05.014";"f";"";"34";"CONSOLIDADA";"";"Presencial";
"1222142";"03";"25946";"";"";"54267";"GRADUAÇÃO";"Campus Central";"HUOL";"2014";"1";"2014-01-27";"2014-06-14";"3M34 (27/01/2014 - 14/06/2014)";"10";"18";"REGULAR";"f";"2014-06-09 12:19:05.014";"f";"";"34";"CONSOLIDADA";"";"Presencial";
"1222143";"AS01";"25499";"";"";"48680";"TÉCNICO";"";"Sala Agropecuária 3";"2014";"1";"2014-01-27";"2014-06-13";"23M45";"";"35";"REGULAR";"f";"";"f";"";"";"EXCLUÍDA";"";"Presencial";
"1222144";"01";"5753584";"";"";"2023450";"GRADUAÇÃO";"Campus Central";"2F3";"2014";"1";"2014-01-27";"2014-06-14";"3M123";"11";"48";"REGULAR";"f";"2014-06-11 16:52:53.481";"f";"";"57";"CONSOLIDADA";"";"Presencial";
"1222146";"01";"";"102370754";"";"2041800";"GRADUAÇÃO";"Campus Central";"2F3";"2014";"1";"2014-01-27";"2014-06-14";"5M3456";"59";"60";"REGULAR";"f";"2014-06-25 09:09:08.163";"f";"";"68";"CONSOLIDADA";"";"Presencial";
"1222147";"01";"24854";"";"";"54230";"GRADUAÇÃO";"Campus Central";"5º Subsolo do HUOL";"2014";"1";"2014-01-27";"2014-06-14";"3M34 (27/01/2014 - 14/06/2014)";"15";"7";"REGULAR";"f";"2014-06-14 15:41:12.011";"f";"";"38";"CONSOLIDADA";"";"Presencial";
"1222147";"01";"62382";"";"";"54230";"GRADUAÇÃO";"Campus Central";"5º Subsolo do HUOL";"2014";"1";"2014-01-27";"2014-06-14";"3M34 (27/01/2014 - 14/06/2014)";"15";"7";"REGULAR";"f";"2014-06-14 15:41:12.011";"f";"";"38";"CONSOLIDADA";"";"Presencial";
"1222147";"01";"18651";"";"";"54230";"GRADUAÇÃO";"Campus Central";"5º Subsolo do HUOL";"2014";"1";"2014-01-27";"2014-06-14";"3M34 (27/01/2014 - 14/06/2014)";"15";"7";"REGULAR";"f";"2014-06-14 15:41:12.011";"f";"";"38";"CONSOLIDADA";"";"Presencial";
"1222148";"AS01";"23912";"";"";"48669";"TÉCNICO";"";"Sala Agropecuária 3";"2014";"1";"2014-01-27";"2014-06-13";"2T12";"";"35";"REGULAR";"f";"";"f";"";"";"EXCLUÍDA";"";"Presencial";
"1222149";"01";"5756384";"";"";"24932";"GRADUAÇÃO";"Campus Central";"2H7";"2014";"1";"2014-01-27";"2014-06-14";"56N12";"14";"50";"REGULAR";"f";"2014-06-10 00:15:15.414";"f";"";"66";"CONSOLIDADA";"";"Presencial";
"1222150";"02";"18651";"";"";"54230";"GRADUAÇÃO";"Campus Central";"5º Subsolo do HUOL";"2014";"1";"2014-01-27";"2014-06-14";"3M34 (27/01/2014 - 14/06/2014)";"15";"7";"REGULAR";"f";"2014-06-14 15:42:39.151";"f";"";"36";"CONSOLIDADA";"";"Presencial";
"1222150";"02";"24854";"";"";"54230";"GRADUAÇÃO";"Campus Central";"5º Subsolo do HUOL";"2014";"1";"2014-01-27";"2014-06-14";"3M34 (27/01/2014 - 14/06/2014)";"15";"7";"REGULAR";"f";"2014-06-14 15:42:39.151";"f";"";"36";"CONSOLIDADA";"";"Presencial";
"1222150";"02";"62382";"";"";"54230";"GRADUAÇÃO";"Campus Central";"5º Subsolo do HUOL";"2014";"1";"2014-01-27";"2014-06-14";"3M34 (27/01/2014 - 14/06/2014)";"15";"7";"REGULAR";"f";"2014-06-14 15:42:39.151";"f";"";"36";"CONSOLIDADA";"";"Presencial";
"1222151";"03";"5753596";"";"";"39167";"STRICTO SENSU";"";"Centro de Educação";"2014";"1";"2014-02-10";"2014-06-11";"2M1";"4";"4";"REGULAR";"f";"2014-06-30 22:39:37.472";"f";"";"16";"CONSOLIDADA";"";"Presencial";
"1222151";"03";"2298994";"";"";"39167";"STRICTO SENSU";"";"Centro de Educação";"2014";"1";"2014-02-10";"2014-06-11";"2M1";"4";"4";"REGULAR";"f";"2014-06-30 22:39:37.472";"f";"";"16";"CONSOLIDADA";"";"Presencial";
"1222152";"AS01";"23912";"";"";"48675";"TÉCNICO";"";"Sala Agropecuária 3";"2014";"1";"2014-01-27";"2014-06-13";"2T34";"";"35";"REGULAR";"f";"";"f";"";"";"EXCLUÍDA";"";"Presencial";
"1222153";"01";"5756297";"";"";"28051";"GRADUAÇÃO";"Campus Central";"4B1";"2014";"1";"2014-01-27";"2014-06-14";"24T12";"42";"25";"REGULAR";"f";"2014-06-09 00:46:43.9";"f";"";"72";"CONSOLIDADA";"";"Presencial";
"1222154";"01";"5755243";"";"";"54269";"GRADUAÇÃO";"Campus Central";"HUOL";"2014";"1";"2014-01-27";"2014-06-14";"36M345";"54";"55";"REGULAR";"f";"2014-06-14 09:38:31.239";"f";"";"115";"CONSOLIDADA";"";"Presencial";
"1222154";"01";"5756063";"";"";"54269";"GRADUAÇÃO";"Campus Central";"HUOL";"2014";"1";"2014-01-27";"2014-06-14";"36M345";"54";"55";"REGULAR";"f";"2014-06-14 09:38:31.239";"f";"";"115";"CONSOLIDADA";"";"Presencial";
"1222154";"01";"5755049";"";"";"54269";"GRADUAÇÃO";"Campus Central";"HUOL";"2014";"1";"2014-01-27";"2014-06-14";"36M345";"54";"55";"REGULAR";"f";"2014-06-14 09:38:31.239";"f";"";"115";"CONSOLIDADA";"";"Presencial";
"1222154";"01";"5756218";"";"";"54269";"GRADUAÇÃO";"Campus Central";"HUOL";"2014";"1";"2014-01-27";"2014-06-14";"36M345";"54";"55";"REGULAR";"f";"2014-06-14 09:38:31.239";"f";"";"115";"CONSOLIDADA";"";"Presencial";
"1222154";"01";"5753705";"";"";"54269";"GRADUAÇÃO";"Campus Central";"HUOL";"2014";"1";"2014-01-27";"2014-06-14";"36M345";"54";"55";"REGULAR";"f";"2014-06-14 09:38:31.239";"f";"";"115";"CONSOLIDADA";"";"Presencial";
"1222154";"01";"5751750";"";"";"54269";"GRADUAÇÃO";"Campus Central";"HUOL";"2014";"1";"2014-01-27";"2014-06-14";"36M345";"54";"55";"REGULAR";"f";"2014-06-14 09:38:31.239";"f";"";"115";"CONSOLIDADA";"";"Presencial";
"1222154";"01";"5755909";"";"";"54269";"GRADUAÇÃO";"Campus Central";"HUOL";"2014";"1";"2014-01-27";"2014-06-14";"36M345";"54";"55";"REGULAR";"f";"2014-06-14 09:38:31.239";"f";"";"115";"CONSOLIDADA";"";"Presencial";
"1222154";"01";"64106";"";"";"54269";"GRADUAÇÃO";"Campus Central";"HUOL";"2014";"1";"2014-01-27";"2014-06-14";"36M345";"54";"55";"REGULAR";"f";"2014-06-14 09:38:31.239";"f";"";"115";"CONSOLIDADA";"";"Presencial";
"1222154";"01";"5752471";"";"";"54269";"GRADUAÇÃO";"Campus Central";"HUOL";"2014";"1";"2014-01-27";"2014-06-14";"36M345";"54";"55";"REGULAR";"f";"2014-06-14 09:38:31.239";"f";"";"115";"CONSOLIDADA";"";"Presencial";
"1222154";"01";"5753993";"";"";"54269";"GRADUAÇÃO";"Campus Central";"HUOL";"2014";"1";"2014-01-27";"2014-06-14";"36M345";"54";"55";"REGULAR";"f";"2014-06-14 09:38:31.239";"f";"";"115";"CONSOLIDADA";"";"Presencial";
"1222154";"01";"2303375";"";"";"54269";"GRADUAÇÃO";"Campus Central";"HUOL";"2014";"1";"2014-01-27";"2014-06-14";"36M345";"54";"55";"REGULAR";"f";"2014-06-14 09:38:31.239";"f";"";"115";"CONSOLIDADA";"";"Presencial";
"1222154";"01";"5754331";"";"";"54269";"GRADUAÇÃO";"Campus Central";"HUOL";"2014";"1";"2014-01-27";"2014-06-14";"36M345";"54";"55";"REGULAR";"f";"2014-06-14 09:38:31.239";"f";"";"115";"CONSOLIDADA";"";"Presencial";
"1222155";"02";"35048";"";"";"24932";"GRADUAÇÃO";"Campus Central";"IB5";"2014";"1";"2014-01-27";"2014-06-14";"35T56";"62";"54";"REGULAR";"f";"2014-06-11 20:36:02.463";"f";"";"68";"CONSOLIDADA";"";"Presencial";
"1222157";"01A";"26270";"";"";"23850";"GRADUAÇÃO";"Campus Central";"Anfiteatro DBF";"2014";"1";"2014-01-27";"2014-06-14";"2T12";"52";"55";"REGULAR";"f";"2014-06-17 11:43:15.246";"f";"1222156";"36";"CONSOLIDADA";"";"Presencial";
"1222157";"01A";"17729";"";"";"23850";"GRADUAÇÃO";"Campus Central";"Anfiteatro DBF";"2014";"1";"2014-01-27";"2014-06-14";"2T12";"52";"55";"REGULAR";"f";"2014-06-17 11:43:15.246";"f";"1222156";"36";"CONSOLIDADA";"";"Presencial";
"1222157";"01A";"26227";"";"";"23850";"GRADUAÇÃO";"Campus Central";"Anfiteatro DBF";"2014";"1";"2014-01-27";"2014-06-14";"2T12";"52";"55";"REGULAR";"f";"2014-06-17 11:43:15.246";"f";"1222156";"36";"CONSOLIDADA";"";"Presencial";
"1222158";"01";"23010";"";"";"25534";"GRADUAÇÃO";"Campus Central";"2F1";"2014";"1";"2014-01-27";"2014-06-14";"6N1234";"22";"90";"REGULAR";"f";"2014-06-07 08:52:24.571";"f";"";"72";"CONSOLIDADA";"";"Presencial";
"1222159";"01";"5756218";"";"";"54270";"GRADUAÇÃO";"Campus Central";"HUOL";"2014";"1";"2014-01-27";"2014-06-14";"245M34 (27/01/2014 - 14/06/2014)";"7";"7";"REGULAR";"f";"2014-06-14 09:53:24.122";"f";"";"104";"CONSOLIDADA";"";"Presencial";
"1222159";"01";"5751750";"";"";"54270";"GRADUAÇÃO";"Campus Central";"HUOL";"2014";"1";"2014-01-27";"2014-06-14";"245M34 (27/01/2014 - 14/06/2014)";"7";"7";"REGULAR";"f";"2014-06-14 09:53:24.122";"f";"";"104";"CONSOLIDADA";"";"Presencial";
"1222159";"01";"64106";"";"";"54270";"GRADUAÇÃO";"Campus Central";"HUOL";"2014";"1";"2014-01-27";"2014-06-14";"245M34 (27/01/2014 - 14/06/2014)";"7";"7";"REGULAR";"f";"2014-06-14 09:53:24.122";"f";"";"104";"CONSOLIDADA";"";"Presencial";
"1222159";"01";"5753993";"";"";"54270";"GRADUAÇÃO";"Campus Central";"HUOL";"2014";"1";"2014-01-27";"2014-06-14";"245M34 (27/01/2014 - 14/06/2014)";"7";"7";"REGULAR";"f";"2014-06-14 09:53:24.122";"f";"";"104";"CONSOLIDADA";"";"Presencial";
"1222159";"01";"5755049";"";"";"54270";"GRADUAÇÃO";"Campus Central";"HUOL";"2014";"1";"2014-01-27";"2014-06-14";"245M34 (27/01/2014 - 14/06/2014)";"7";"7";"REGULAR";"f";"2014-06-14 09:53:24.122";"f";"";"104";"CONSOLIDADA";"";"Presencial";
"1222159";"01";"5756063";"";"";"54270";"GRADUAÇÃO";"Campus Central";"HUOL";"2014";"1";"2014-01-27";"2014-06-14";"245M34 (27/01/2014 - 14/06/2014)";"7";"7";"REGULAR";"f";"2014-06-14 09:53:24.122";"f";"";"104";"CONSOLIDADA";"";"Presencial";
"1222159";"01";"5755909";"";"";"54270";"GRADUAÇÃO";"Campus Central";"HUOL";"2014";"1";"2014-01-27";"2014-06-14";"245M34 (27/01/2014 - 14/06/2014)";"7";"7";"REGULAR";"f";"2014-06-14 09:53:24.122";"f";"";"104";"CONSOLIDADA";"";"Presencial";
"1222159";"01";"16722";"";"";"54270";"GRADUAÇÃO";"Campus Central";"HUOL";"2014";"1";"2014-01-27";"2014-06-14";"245M34 (27/01/2014 - 14/06/2014)";"7";"7";"REGULAR";"f";"2014-06-14 09:53:24.122";"f";"";"104";"CONSOLIDADA";"";"Presencial";
"1222160";"01";"16790";"";"";"22113";"GRADUAÇÃO";"Campus Central";"4A1";"2014";"1";"2014-01-27";"2014-06-14";"6M456";"18";"15";"REGULAR";"f";"2014-06-17 08:01:34.677";"f";"";"51";"CONSOLIDADA";"";"Presencial";
"1222161";"AS01";"22092";"";"";"48670";"TÉCNICO";"";"Sala Agropecuária 3";"2014";"1";"2014-01-27";"2014-06-13";"3M12";"";"35";"REGULAR";"f";"";"f";"";"";"EXCLUÍDA";"";"Presencial";
"1222162";"02";"5753993";"";"";"54270";"GRADUAÇÃO";"Campus Central";"HUOL";"2014";"1";"2014-01-27";"2014-06-14";"245M34 (27/01/2014 - 14/06/2014)";"7";"7";"REGULAR";"f";"2014-06-14 10:07:03.19";"f";"";"104";"CONSOLIDADA";"";"Presencial";
"1222162";"02";"5755049";"";"";"54270";"GRADUAÇÃO";"Campus Central";"HUOL";"2014";"1";"2014-01-27";"2014-06-14";"245M34 (27/01/2014 - 14/06/2014)";"7";"7";"REGULAR";"f";"2014-06-14 10:07:03.19";"f";"";"104";"CONSOLIDADA";"";"Presencial";
"1222162";"02";"16722";"";"";"54270";"GRADUAÇÃO";"Campus Central";"HUOL";"2014";"1";"2014-01-27";"2014-06-14";"245M34 (27/01/2014 - 14/06/2014)";"7";"7";"REGULAR";"f";"2014-06-14 10:07:03.19";"f";"";"104";"CONSOLIDADA";"";"Presencial";
"1222162";"02";"5755909";"";"";"54270";"GRADUAÇÃO";"Campus Central";"HUOL";"2014";"1";"2014-01-27";"2014-06-14";"245M34 (27/01/2014 - 14/06/2014)";"7";"7";"REGULAR";"f";"2014-06-14 10:07:03.19";"f";"";"104";"CONSOLIDADA";"";"Presencial";
"1222162";"02";"5751750";"";"";"54270";"GRADUAÇÃO";"Campus Central";"HUOL";"2014";"1";"2014-01-27";"2014-06-14";"245M34 (27/01/2014 - 14/06/2014)";"7";"7";"REGULAR";"f";"2014-06-14 10:07:03.19";"f";"";"104";"CONSOLIDADA";"";"Presencial";
"1222162";"02";"5756218";"";"";"54270";"GRADUAÇÃO";"Campus Central";"HUOL";"2014";"1";"2014-01-27";"2014-06-14";"245M34 (27/01/2014 - 14/06/2014)";"7";"7";"REGULAR";"f";"2014-06-14 10:07:03.19";"f";"";"104";"CONSOLIDADA";"";"Presencial";
"1222162";"02";"5756063";"";"";"54270";"GRADUAÇÃO";"Campus Central";"HUOL";"2014";"1";"2014-01-27";"2014-06-14";"245M34 (27/01/2014 - 14/06/2014)";"7";"7";"REGULAR";"f";"2014-06-14 10:07:03.19";"f";"";"104";"CONSOLIDADA";"";"Presencial";
"1222162";"02";"64106";"";"";"54270";"GRADUAÇÃO";"Campus Central";"HUOL";"2014";"1";"2014-01-27";"2014-06-14";"245M34 (27/01/2014 - 14/06/2014)";"7";"7";"REGULAR";"f";"2014-06-14 10:07:03.19";"f";"";"104";"CONSOLIDADA";"";"Presencial";
"1222163";"01";"5756115";"";"";"20633";"GRADUAÇÃO";"Campus Central";"4B5";"2014";"1";"2014-01-27";"2014-06-14";"2N123";"20";"25";"REGULAR";"f";"2014-06-14 13:22:52.498";"f";"";"52";"CONSOLIDADA";"";"Presencial";
"1222164";"01";"5755492";"";"";"25557";"GRADUAÇÃO";"Campus Central";"2F1";"2014";"1";"2014-01-27";"2014-06-14";"35T12 (27/01/2014 - 14/06/2014)";"11";"55";"REGULAR";"f";"2014-06-07 23:27:34.594";"f";"";"70";"CONSOLIDADA";"";"Presencial";
"1222165";"03";"5755049";"";"";"54270";"GRADUAÇÃO";"Campus Central";"HUOL";"2014";"1";"2014-01-27";"2014-06-14";"245M34 (27/01/2014 - 14/06/2014)";"7";"7";"REGULAR";"f";"2014-06-14 10:18:58.389";"f";"";"102";"CONSOLIDADA";"";"Presencial";
"1222165";"03";"5751750";"";"";"54270";"GRADUAÇÃO";"Campus Central";"HUOL";"2014";"1";"2014-01-27";"2014-06-14";"245M34 (27/01/2014 - 14/06/2014)";"7";"7";"REGULAR";"f";"2014-06-14 10:18:58.389";"f";"";"102";"CONSOLIDADA";"";"Presencial";
"1222165";"03";"5753993";"";"";"54270";"GRADUAÇÃO";"Campus Central";"HUOL";"2014";"1";"2014-01-27";"2014-06-14";"245M34 (27/01/2014 - 14/06/2014)";"7";"7";"REGULAR";"f";"2014-06-14 10:18:58.389";"f";"";"102";"CONSOLIDADA";"";"Presencial";
"1222165";"03";"16722";"";"";"54270";"GRADUAÇÃO";"Campus Central";"HUOL";"2014";"1";"2014-01-27";"2014-06-14";"245M34 (27/01/2014 - 14/06/2014)";"7";"7";"REGULAR";"f";"2014-06-14 10:18:58.389";"f";"";"102";"CONSOLIDADA";"";"Presencial";
"1222165";"03";"5756218";"";"";"54270";"GRADUAÇÃO";"Campus Central";"HUOL";"2014";"1";"2014-01-27";"2014-06-14";"245M34 (27/01/2014 - 14/06/2014)";"7";"7";"REGULAR";"f";"2014-06-14 10:18:58.389";"f";"";"102";"CONSOLIDADA";"";"Presencial";
"1222165";"03";"5755909";"";"";"54270";"GRADUAÇÃO";"Campus Central";"HUOL";"2014";"1";"2014-01-27";"2014-06-14";"245M34 (27/01/2014 - 14/06/2014)";"7";"7";"REGULAR";"f";"2014-06-14 10:18:58.389";"f";"";"102";"CONSOLIDADA";"";"Presencial";
"1222165";"03";"5756063";"";"";"54270";"GRADUAÇÃO";"Campus Central";"HUOL";"2014";"1";"2014-01-27";"2014-06-14";"245M34 (27/01/2014 - 14/06/2014)";"7";"7";"REGULAR";"f";"2014-06-14 10:18:58.389";"f";"";"102";"CONSOLIDADA";"";"Presencial";
"1222165";"03";"64106";"";"";"54270";"GRADUAÇÃO";"Campus Central";"HUOL";"2014";"1";"2014-01-27";"2014-06-14";"245M34 (27/01/2014 - 14/06/2014)";"7";"7";"REGULAR";"f";"2014-06-14 10:18:58.389";"f";"";"102";"CONSOLIDADA";"";"Presencial";
"1222166";"AS01";"20867";"";"";"54384";"TÉCNICO";"";"Sala Agropecuária 3";"2014";"1";"2014-01-27";"2014-06-13";"3M3 5M345";"";"35";"REGULAR";"f";"";"f";"";"";"EXCLUÍDA";"";"Presencial";
"1222167";"04";"5756063";"";"";"54270";"GRADUAÇÃO";"Campus Central";"HUOL";"2014";"1";"2014-01-27";"2014-06-14";"245M34 (27/01/2014 - 14/06/2014)";"4";"7";"REGULAR";"f";"2014-06-14 10:25:41.937";"f";"";"104";"CONSOLIDADA";"";"Presencial";
"1222167";"04";"5756218";"";"";"54270";"GRADUAÇÃO";"Campus Central";"HUOL";"2014";"1";"2014-01-27";"2014-06-14";"245M34 (27/01/2014 - 14/06/2014)";"4";"7";"REGULAR";"f";"2014-06-14 10:25:41.937";"f";"";"104";"CONSOLIDADA";"";"Presencial";
"1222167";"04";"64106";"";"";"54270";"GRADUAÇÃO";"Campus Central";"HUOL";"2014";"1";"2014-01-27";"2014-06-14";"245M34 (27/01/2014 - 14/06/2014)";"4";"7";"REGULAR";"f";"2014-06-14 10:25:41.937";"f";"";"104";"CONSOLIDADA";"";"Presencial";
"1222167";"04";"5753993";"";"";"54270";"GRADUAÇÃO";"Campus Central";"HUOL";"2014";"1";"2014-01-27";"2014-06-14";"245M34 (27/01/2014 - 14/06/2014)";"4";"7";"REGULAR";"f";"2014-06-14 10:25:41.937";"f";"";"104";"CONSOLIDADA";"";"Presencial";
"1222167";"04";"5751750";"";"";"54270";"GRADUAÇÃO";"Campus Central";"HUOL";"2014";"1";"2014-01-27";"2014-06-14";"245M34 (27/01/2014 - 14/06/2014)";"4";"7";"REGULAR";"f";"2014-06-14 10:25:41.937";"f";"";"104";"CONSOLIDADA";"";"Presencial";
"1222167";"04";"5755909";"";"";"54270";"GRADUAÇÃO";"Campus Central";"HUOL";"2014";"1";"2014-01-27";"2014-06-14";"245M34 (27/01/2014 - 14/06/2014)";"4";"7";"REGULAR";"f";"2014-06-14 10:25:41.937";"f";"";"104";"CONSOLIDADA";"";"Presencial";
"1222167";"04";"5755049";"";"";"54270";"GRADUAÇÃO";"Campus Central";"HUOL";"2014";"1";"2014-01-27";"2014-06-14";"245M34 (27/01/2014 - 14/06/2014)";"4";"7";"REGULAR";"f";"2014-06-14 10:25:41.937";"f";"";"104";"CONSOLIDADA";"";"Presencial";
"1222167";"04";"16722";"";"";"54270";"GRADUAÇÃO";"Campus Central";"HUOL";"2014";"1";"2014-01-27";"2014-06-14";"245M34 (27/01/2014 - 14/06/2014)";"4";"7";"REGULAR";"f";"2014-06-14 10:25:41.937";"f";"";"104";"CONSOLIDADA";"";"Presencial";
"1222168";"02";"5754407";"";"";"25544";"GRADUAÇÃO";"Campus Central";"2F2";"2014";"1";"2014-01-27";"2014-06-14";"24N12";"16";"80";"REGULAR";"f";"2014-06-18 15:26:43.562";"f";"";"72";"CONSOLIDADA";"";"Presencial";
"1222169";"05";"5756218";"";"";"54270";"GRADUAÇÃO";"Campus Central";"HUOL";"2014";"1";"2014-01-27";"2014-06-14";"245M34 (27/01/2014 - 14/06/2014)";"7";"7";"REGULAR";"f";"2014-06-14 10:32:02.557";"f";"";"104";"CONSOLIDADA";"";"Presencial";
"1222169";"05";"5751750";"";"";"54270";"GRADUAÇÃO";"Campus Central";"HUOL";"2014";"1";"2014-01-27";"2014-06-14";"245M34 (27/01/2014 - 14/06/2014)";"7";"7";"REGULAR";"f";"2014-06-14 10:32:02.557";"f";"";"104";"CONSOLIDADA";"";"Presencial";
"1222169";"05";"5756063";"";"";"54270";"GRADUAÇÃO";"Campus Central";"HUOL";"2014";"1";"2014-01-27";"2014-06-14";"245M34 (27/01/2014 - 14/06/2014)";"7";"7";"REGULAR";"f";"2014-06-14 10:32:02.557";"f";"";"104";"CONSOLIDADA";"";"Presencial";
"1222169";"05";"5755049";"";"";"54270";"GRADUAÇÃO";"Campus Central";"HUOL";"2014";"1";"2014-01-27";"2014-06-14";"245M34 (27/01/2014 - 14/06/2014)";"7";"7";"REGULAR";"f";"2014-06-14 10:32:02.557";"f";"";"104";"CONSOLIDADA";"";"Presencial";
"1222169";"05";"5755909";"";"";"54270";"GRADUAÇÃO";"Campus Central";"HUOL";"2014";"1";"2014-01-27";"2014-06-14";"245M34 (27/01/2014 - 14/06/2014)";"7";"7";"REGULAR";"f";"2014-06-14 10:32:02.557";"f";"";"104";"CONSOLIDADA";"";"Presencial";
"1222169";"05";"64106";"";"";"54270";"GRADUAÇÃO";"Campus Central";"HUOL";"2014";"1";"2014-01-27";"2014-06-14";"245M34 (27/01/2014 - 14/06/2014)";"7";"7";"REGULAR";"f";"2014-06-14 10:32:02.557";"f";"";"104";"CONSOLIDADA";"";"Presencial";
"1222169";"05";"5753993";"";"";"54270";"GRADUAÇÃO";"Campus Central";"HUOL";"2014";"1";"2014-01-27";"2014-06-14";"245M34 (27/01/2014 - 14/06/2014)";"7";"7";"REGULAR";"f";"2014-06-14 10:32:02.557";"f";"";"104";"CONSOLIDADA";"";"Presencial";
"1222169";"05";"16722";"";"";"54270";"GRADUAÇÃO";"Campus Central";"HUOL";"2014";"1";"2014-01-27";"2014-06-14";"245M34 (27/01/2014 - 14/06/2014)";"7";"7";"REGULAR";"f";"2014-06-14 10:32:02.557";"f";"";"104";"CONSOLIDADA";"";"Presencial";
"1222170";"06";"5756218";"";"";"54270";"GRADUAÇÃO";"Campus Central";"HUOL";"2014";"1";"2014-01-27";"2014-06-14";"245M34 (27/01/2014 - 14/06/2014)";"7";"7";"REGULAR";"f";"2014-06-14 10:42:02.412";"f";"";"104";"CONSOLIDADA";"";"Presencial";
"1222170";"06";"5755049";"";"";"54270";"GRADUAÇÃO";"Campus Central";"HUOL";"2014";"1";"2014-01-27";"2014-06-14";"245M34 (27/01/2014 - 14/06/2014)";"7";"7";"REGULAR";"f";"2014-06-14 10:42:02.412";"f";"";"104";"CONSOLIDADA";"";"Presencial";
"1222170";"06";"64106";"";"";"54270";"GRADUAÇÃO";"Campus Central";"HUOL";"2014";"1";"2014-01-27";"2014-06-14";"245M34 (27/01/2014 - 14/06/2014)";"7";"7";"REGULAR";"f";"2014-06-14 10:42:02.412";"f";"";"104";"CONSOLIDADA";"";"Presencial";
"1222170";"06";"5756063";"";"";"54270";"GRADUAÇÃO";"Campus Central";"HUOL";"2014";"1";"2014-01-27";"2014-06-14";"245M34 (27/01/2014 - 14/06/2014)";"7";"7";"REGULAR";"f";"2014-06-14 10:42:02.412";"f";"";"104";"CONSOLIDADA";"";"Presencial";
"1222170";"06";"5755909";"";"";"54270";"GRADUAÇÃO";"Campus Central";"HUOL";"2014";"1";"2014-01-27";"2014-06-14";"245M34 (27/01/2014 - 14/06/2014)";"7";"7";"REGULAR";"f";"2014-06-14 10:42:02.412";"f";"";"104";"CONSOLIDADA";"";"Presencial";
"1222170";"06";"5753993";"";"";"54270";"GRADUAÇÃO";"Campus Central";"HUOL";"2014";"1";"2014-01-27";"2014-06-14";"245M34 (27/01/2014 - 14/06/2014)";"7";"7";"REGULAR";"f";"2014-06-14 10:42:02.412";"f";"";"104";"CONSOLIDADA";"";"Presencial";
"1222170";"06";"16722";"";"";"54270";"GRADUAÇÃO";"Campus Central";"HUOL";"2014";"1";"2014-01-27";"2014-06-14";"245M34 (27/01/2014 - 14/06/2014)";"7";"7";"REGULAR";"f";"2014-06-14 10:42:02.412";"f";"";"104";"CONSOLIDADA";"";"Presencial";
"1222170";"06";"5751750";"";"";"54270";"GRADUAÇÃO";"Campus Central";"HUOL";"2014";"1";"2014-01-27";"2014-06-14";"245M34 (27/01/2014 - 14/06/2014)";"7";"7";"REGULAR";"f";"2014-06-14 10:42:02.412";"f";"";"104";"CONSOLIDADA";"";"Presencial";
"1222172";"01A";"5756302";"";"";"20929";"GRADUAÇÃO";"Campus Central";"Anfiteatro DBF";"2014";"1";"2014-01-27";"2014-06-14";"4T1234";"45";"55";"REGULAR";"f";"2014-06-05 10:17:14.984";"f";"1222171";"68";"CONSOLIDADA";"";"Presencial";
"1222172";"01A";"26270";"";"";"20929";"GRADUAÇÃO";"Campus Central";"Anfiteatro DBF";"2014";"1";"2014-01-27";"2014-06-14";"4T1234";"45";"55";"REGULAR";"f";"2014-06-05 10:17:14.984";"f";"1222171";"68";"CONSOLIDADA";"";"Presencial";
"1222172";"01A";"17729";"";"";"20929";"GRADUAÇÃO";"Campus Central";"Anfiteatro DBF";"2014";"1";"2014-01-27";"2014-06-14";"4T1234";"45";"55";"REGULAR";"f";"2014-06-05 10:17:14.984";"f";"1222171";"68";"CONSOLIDADA";"";"Presencial";
"1222173";"07";"5755909";"";"";"54270";"GRADUAÇÃO";"Campus Central";"HUOL";"2014";"1";"2014-01-27";"2014-06-14";"245M34 (27/01/2014 - 14/06/2014)";"7";"7";"REGULAR";"f";"2014-06-14 11:26:32.989";"f";"";"104";"CONSOLIDADA";"";"Presencial";
"1222173";"07";"5755049";"";"";"54270";"GRADUAÇÃO";"Campus Central";"HUOL";"2014";"1";"2014-01-27";"2014-06-14";"245M34 (27/01/2014 - 14/06/2014)";"7";"7";"REGULAR";"f";"2014-06-14 11:26:32.989";"f";"";"104";"CONSOLIDADA";"";"Presencial";
"1222173";"07";"64106";"";"";"54270";"GRADUAÇÃO";"Campus Central";"HUOL";"2014";"1";"2014-01-27";"2014-06-14";"245M34 (27/01/2014 - 14/06/2014)";"7";"7";"REGULAR";"f";"2014-06-14 11:26:32.989";"f";"";"104";"CONSOLIDADA";"";"Presencial";
"1222173";"07";"5751750";"";"";"54270";"GRADUAÇÃO";"Campus Central";"HUOL";"2014";"1";"2014-01-27";"2014-06-14";"245M34 (27/01/2014 - 14/06/2014)";"7";"7";"REGULAR";"f";"2014-06-14 11:26:32.989";"f";"";"104";"CONSOLIDADA";"";"Presencial";
"1222173";"07";"5756218";"";"";"54270";"GRADUAÇÃO";"Campus Central";"HUOL";"2014";"1";"2014-01-27";"2014-06-14";"245M34 (27/01/2014 - 14/06/2014)";"7";"7";"REGULAR";"f";"2014-06-14 11:26:32.989";"f";"";"104";"CONSOLIDADA";"";"Presencial";
"1222173";"07";"5753993";"";"";"54270";"GRADUAÇÃO";"Campus Central";"HUOL";"2014";"1";"2014-01-27";"2014-06-14";"245M34 (27/01/2014 - 14/06/2014)";"7";"7";"REGULAR";"f";"2014-06-14 11:26:32.989";"f";"";"104";"CONSOLIDADA";"";"Presencial";
"1222173";"07";"16722";"";"";"54270";"GRADUAÇÃO";"Campus Central";"HUOL";"2014";"1";"2014-01-27";"2014-06-14";"245M34 (27/01/2014 - 14/06/2014)";"7";"7";"REGULAR";"f";"2014-06-14 11:26:32.989";"f";"";"104";"CONSOLIDADA";"";"Presencial";
"1222173";"07";"5756063";"";"";"54270";"GRADUAÇÃO";"Campus Central";"HUOL";"2014";"1";"2014-01-27";"2014-06-14";"245M34 (27/01/2014 - 14/06/2014)";"7";"7";"REGULAR";"f";"2014-06-14 11:26:32.989";"f";"";"104";"CONSOLIDADA";"";"Presencial";
"1222174";"08";"5756063";"";"";"54270";"GRADUAÇÃO";"Campus Central";"HUOL";"2014";"1";"2014-01-27";"2014-06-14";"245M34 (27/01/2014 - 14/06/2014)";"7";"7";"REGULAR";"f";"2014-06-14 11:37:02.61";"f";"";"104";"CONSOLIDADA";"";"Presencial";
"1222174";"08";"16722";"";"";"54270";"GRADUAÇÃO";"Campus Central";"HUOL";"2014";"1";"2014-01-27";"2014-06-14";"245M34 (27/01/2014 - 14/06/2014)";"7";"7";"REGULAR";"f";"2014-06-14 11:37:02.61";"f";"";"104";"CONSOLIDADA";"";"Presencial";
"1222174";"08";"5753993";"";"";"54270";"GRADUAÇÃO";"Campus Central";"HUOL";"2014";"1";"2014-01-27";"2014-06-14";"245M34 (27/01/2014 - 14/06/2014)";"7";"7";"REGULAR";"f";"2014-06-14 11:37:02.61";"f";"";"104";"CONSOLIDADA";"";"Presencial";
"1222174";"08";"64106";"";"";"54270";"GRADUAÇÃO";"Campus Central";"HUOL";"2014";"1";"2014-01-27";"2014-06-14";"245M34 (27/01/2014 - 14/06/2014)";"7";"7";"REGULAR";"f";"2014-06-14 11:37:02.61";"f";"";"104";"CONSOLIDADA";"";"Presencial";
"1222174";"08";"5755049";"";"";"54270";"GRADUAÇÃO";"Campus Central";"HUOL";"2014";"1";"2014-01-27";"2014-06-14";"245M34 (27/01/2014 - 14/06/2014)";"7";"7";"REGULAR";"f";"2014-06-14 11:37:02.61";"f";"";"104";"CONSOLIDADA";"";"Presencial";
"1222174";"08";"5751750";"";"";"54270";"GRADUAÇÃO";"Campus Central";"HUOL";"2014";"1";"2014-01-27";"2014-06-14";"245M34 (27/01/2014 - 14/06/2014)";"7";"7";"REGULAR";"f";"2014-06-14 11:37:02.61";"f";"";"104";"CONSOLIDADA";"";"Presencial";
"1222174";"08";"5756218";"";"";"54270";"GRADUAÇÃO";"Campus Central";"HUOL";"2014";"1";"2014-01-27";"2014-06-14";"245M34 (27/01/2014 - 14/06/2014)";"7";"7";"REGULAR";"f";"2014-06-14 11:37:02.61";"f";"";"104";"CONSOLIDADA";"";"Presencial";
"1222174";"08";"5755909";"";"";"54270";"GRADUAÇÃO";"Campus Central";"HUOL";"2014";"1";"2014-01-27";"2014-06-14";"245M34 (27/01/2014 - 14/06/2014)";"7";"7";"REGULAR";"f";"2014-06-14 11:37:02.61";"f";"";"104";"CONSOLIDADA";"";"Presencial";
"1222175";"03";"5754407";"";"";"25544";"GRADUAÇÃO";"Campus Central";"2F2";"2014";"1";"2014-01-27";"2014-06-14";"24N34";"31";"80";"REGULAR";"f";"2014-06-18 15:28:46.645";"f";"";"72";"CONSOLIDADA";"";"Presencial";
"1222176";"03";"62382";"";"";"54230";"GRADUAÇÃO";"Campus Central";"5º Subsolo do HUOL";"2014";"1";"2014-01-27";"2014-06-14";"3M34 (27/01/2014 - 14/06/2014)";"17";"6";"REGULAR";"f";"2014-06-14 15:44:07.628";"f";"";"38";"CONSOLIDADA";"";"Presencial";
"1222176";"03";"24854";"";"";"54230";"GRADUAÇÃO";"Campus Central";"5º Subsolo do HUOL";"2014";"1";"2014-01-27";"2014-06-14";"3M34 (27/01/2014 - 14/06/2014)";"17";"6";"REGULAR";"f";"2014-06-14 15:44:07.628";"f";"";"38";"CONSOLIDADA";"";"Presencial";
"1222176";"03";"18651";"";"";"54230";"GRADUAÇÃO";"Campus Central";"5º Subsolo do HUOL";"2014";"1";"2014-01-27";"2014-06-14";"3M34 (27/01/2014 - 14/06/2014)";"17";"6";"REGULAR";"f";"2014-06-14 15:44:07.628";"f";"";"38";"CONSOLIDADA";"";"Presencial";
"1222177";"01";"5754351";"";"";"54722";"GRADUAÇÃO";"Campus Central";"HUOL";"2014";"1";"2014-01-27";"2014-03-13";"234567M123456  2345T12345 (27/01/2014 - 13/03/2014)";"4";"4";"REGULAR";"f";"2014-05-05 15:36:40.191";"f";"";"0";"CONSOLIDADA";"";"Presencial";
"1222177";"01";"5752550";"";"";"54722";"GRADUAÇÃO";"Campus Central";"HUOL";"2014";"1";"2014-01-27";"2014-03-13";"234567M123456  2345T12345 (27/01/2014 - 13/03/2014)";"4";"4";"REGULAR";"f";"2014-05-05 15:36:40.191";"f";"";"0";"CONSOLIDADA";"";"Presencial";
"1222177";"01";"5753714";"";"";"54722";"GRADUAÇÃO";"Campus Central";"HUOL";"2014";"1";"2014-01-27";"2014-03-13";"234567M123456  2345T12345 (27/01/2014 - 13/03/2014)";"4";"4";"REGULAR";"f";"2014-05-05 15:36:40.191";"f";"";"0";"CONSOLIDADA";"";"Presencial";
"1222177";"01";"22061";"";"";"54722";"GRADUAÇÃO";"Campus Central";"HUOL";"2014";"1";"2014-01-27";"2014-03-13";"234567M123456  2345T12345 (27/01/2014 - 13/03/2014)";"4";"4";"REGULAR";"f";"2014-05-05 15:36:40.191";"f";"";"0";"CONSOLIDADA";"";"Presencial";
"1222177";"01";"5754345";"";"";"54722";"GRADUAÇÃO";"Campus Central";"HUOL";"2014";"1";"2014-01-27";"2014-03-13";"234567M123456  2345T12345 (27/01/2014 - 13/03/2014)";"4";"4";"REGULAR";"f";"2014-05-05 15:36:40.191";"f";"";"0";"CONSOLIDADA";"";"Presencial";
"1222177";"01";"5755560";"";"";"54722";"GRADUAÇÃO";"Campus Central";"HUOL";"2014";"1";"2014-01-27";"2014-03-13";"234567M123456  2345T12345 (27/01/2014 - 13/03/2014)";"4";"4";"REGULAR";"f";"2014-05-05 15:36:40.191";"f";"";"0";"CONSOLIDADA";"";"Presencial";
"1222177";"01";"37281";"";"";"54722";"GRADUAÇÃO";"Campus Central";"HUOL";"2014";"1";"2014-01-27";"2014-03-13";"234567M123456  2345T12345 (27/01/2014 - 13/03/2014)";"4";"4";"REGULAR";"f";"2014-05-05 15:36:40.191";"f";"";"0";"CONSOLIDADA";"";"Presencial";
"1222177";"01";"5753808";"";"";"54722";"GRADUAÇÃO";"Campus Central";"HUOL";"2014";"1";"2014-01-27";"2014-03-13";"234567M123456  2345T12345 (27/01/2014 - 13/03/2014)";"4";"4";"REGULAR";"f";"2014-05-05 15:36:40.191";"f";"";"0";"CONSOLIDADA";"";"Presencial";
"1222177";"01";"5752029";"";"";"54722";"GRADUAÇÃO";"Campus Central";"HUOL";"2014";"1";"2014-01-27";"2014-03-13";"234567M123456  2345T12345 (27/01/2014 - 13/03/2014)";"4";"4";"REGULAR";"f";"2014-05-05 15:36:40.191";"f";"";"0";"CONSOLIDADA";"";"Presencial";
"1222177";"01";"5754331";"";"";"54722";"GRADUAÇÃO";"Campus Central";"HUOL";"2014";"1";"2014-01-27";"2014-03-13";"234567M123456  2345T12345 (27/01/2014 - 13/03/2014)";"4";"4";"REGULAR";"f";"2014-05-05 15:36:40.191";"f";"";"0";"CONSOLIDADA";"";"Presencial";
"1222177";"01";"5755909";"";"";"54722";"GRADUAÇÃO";"Campus Central";"HUOL";"2014";"1";"2014-01-27";"2014-03-13";"234567M123456  2345T12345 (27/01/2014 - 13/03/2014)";"4";"4";"REGULAR";"f";"2014-05-05 15:36:40.191";"f";"";"0";"CONSOLIDADA";"";"Presencial";
"1222177";"01";"64106";"";"";"54722";"GRADUAÇÃO";"Campus Central";"HUOL";"2014";"1";"2014-01-27";"2014-03-13";"234567M123456  2345T12345 (27/01/2014 - 13/03/2014)";"4";"4";"REGULAR";"f";"2014-05-05 15:36:40.191";"f";"";"0";"CONSOLIDADA";"";"Presencial";
"1222177";"01";"22907";"";"";"54722";"GRADUAÇÃO";"Campus Central";"HUOL";"2014";"1";"2014-01-27";"2014-03-13";"234567M123456  2345T12345 (27/01/2014 - 13/03/2014)";"4";"4";"REGULAR";"f";"2014-05-05 15:36:40.191";"f";"";"0";"CONSOLIDADA";"";"Presencial";
"1222177";"01";"5751929";"";"";"54722";"GRADUAÇÃO";"Campus Central";"HUOL";"2014";"1";"2014-01-27";"2014-03-13";"234567M123456  2345T12345 (27/01/2014 - 13/03/2014)";"4";"4";"REGULAR";"f";"2014-05-05 15:36:40.191";"f";"";"0";"CONSOLIDADA";"";"Presencial";
"1222178";"01";"35048";"";"";"26537";"GRADUAÇÃO";"Campus Central";"2E4";"2014";"1";"2014-01-27";"2014-06-14";"6N1234";"60";"49";"REGULAR";"f";"2014-06-11 18:58:23.568";"f";"";"68";"CONSOLIDADA";"";"Presencial";
"1222179";"02";"5754331";"";"";"54722";"GRADUAÇÃO";"Campus Central";"HUOL";"2014";"1";"2014-01-27";"2014-03-13";"234567M123456  2345T12345 (27/01/2014 - 13/03/2014)";"3";"3";"REGULAR";"f";"2014-04-28 14:10:19.375";"f";"";"0";"CONSOLIDADA";"";"Presencial";
"1222179";"02";"5754345";"";"";"54722";"GRADUAÇÃO";"Campus Central";"HUOL";"2014";"1";"2014-01-27";"2014-03-13";"234567M123456  2345T12345 (27/01/2014 - 13/03/2014)";"3";"3";"REGULAR";"f";"2014-04-28 14:10:19.375";"f";"";"0";"CONSOLIDADA";"";"Presencial";
"1222179";"02";"22061";"";"";"54722";"GRADUAÇÃO";"Campus Central";"HUOL";"2014";"1";"2014-01-27";"2014-03-13";"234567M123456  2345T12345 (27/01/2014 - 13/03/2014)";"3";"3";"REGULAR";"f";"2014-04-28 14:10:19.375";"f";"";"0";"CONSOLIDADA";"";"Presencial";
"1222179";"02";"37281";"";"";"54722";"GRADUAÇÃO";"Campus Central";"HUOL";"2014";"1";"2014-01-27";"2014-03-13";"234567M123456  2345T12345 (27/01/2014 - 13/03/2014)";"3";"3";"REGULAR";"f";"2014-04-28 14:10:19.375";"f";"";"0";"CONSOLIDADA";"";"Presencial";
"1222179";"02";"22907";"";"";"54722";"GRADUAÇÃO";"Campus Central";"HUOL";"2014";"1";"2014-01-27";"2014-03-13";"234567M123456  2345T12345 (27/01/2014 - 13/03/2014)";"3";"3";"REGULAR";"f";"2014-04-28 14:10:19.375";"f";"";"0";"CONSOLIDADA";"";"Presencial";
"1222179";"02";"5752550";"";"";"54722";"GRADUAÇÃO";"Campus Central";"HUOL";"2014";"1";"2014-01-27";"2014-03-13";"234567M123456  2345T12345 (27/01/2014 - 13/03/2014)";"3";"3";"REGULAR";"f";"2014-04-28 14:10:19.375";"f";"";"0";"CONSOLIDADA";"";"Presencial";
"1222179";"02";"64106";"";"";"54722";"GRADUAÇÃO";"Campus Central";"HUOL";"2014";"1";"2014-01-27";"2014-03-13";"234567M123456  2345T12345 (27/01/2014 - 13/03/2014)";"3";"3";"REGULAR";"f";"2014-04-28 14:10:19.375";"f";"";"0";"CONSOLIDADA";"";"Presencial";
"1222179";"02";"5752029";"";"";"54722";"GRADUAÇÃO";"Campus Central";"HUOL";"2014";"1";"2014-01-27";"2014-03-13";"234567M123456  2345T12345 (27/01/2014 - 13/03/2014)";"3";"3";"REGULAR";"f";"2014-04-28 14:10:19.375";"f";"";"0";"CONSOLIDADA";"";"Presencial";
"1222179";"02";"5755909";"";"";"54722";"GRADUAÇÃO";"Campus Central";"HUOL";"2014";"1";"2014-01-27";"2014-03-13";"234567M123456  2345T12345 (27/01/2014 - 13/03/2014)";"3";"3";"REGULAR";"f";"2014-04-28 14:10:19.375";"f";"";"0";"CONSOLIDADA";"";"Presencial";
"1222179";"02";"5753808";"";"";"54722";"GRADUAÇÃO";"Campus Central";"HUOL";"2014";"1";"2014-01-27";"2014-03-13";"234567M123456  2345T12345 (27/01/2014 - 13/03/2014)";"3";"3";"REGULAR";"f";"2014-04-28 14:10:19.375";"f";"";"0";"CONSOLIDADA";"";"Presencial";
"1222179";"02";"5751929";"";"";"54722";"GRADUAÇÃO";"Campus Central";"HUOL";"2014";"1";"2014-01-27";"2014-03-13";"234567M123456  2345T12345 (27/01/2014 - 13/03/2014)";"3";"3";"REGULAR";"f";"2014-04-28 14:10:19.375";"f";"";"0";"CONSOLIDADA";"";"Presencial";
"1222179";"02";"5754351";"";"";"54722";"GRADUAÇÃO";"Campus Central";"HUOL";"2014";"1";"2014-01-27";"2014-03-13";"234567M123456  2345T12345 (27/01/2014 - 13/03/2014)";"3";"3";"REGULAR";"f";"2014-04-28 14:10:19.375";"f";"";"0";"CONSOLIDADA";"";"Presencial";
"1222179";"02";"5755560";"";"";"54722";"GRADUAÇÃO";"Campus Central";"HUOL";"2014";"1";"2014-01-27";"2014-03-13";"234567M123456  2345T12345 (27/01/2014 - 13/03/2014)";"3";"3";"REGULAR";"f";"2014-04-28 14:10:19.375";"f";"";"0";"CONSOLIDADA";"";"Presencial";
"1222179";"02";"5756393";"";"";"54722";"GRADUAÇÃO";"Campus Central";"HUOL";"2014";"1";"2014-01-27";"2014-03-13";"234567M123456  2345T12345 (27/01/2014 - 13/03/2014)";"3";"3";"REGULAR";"f";"2014-04-28 14:10:19.375";"f";"";"0";"CONSOLIDADA";"";"Presencial";
"1222179";"02";"5753714";"";"";"54722";"GRADUAÇÃO";"Campus Central";"HUOL";"2014";"1";"2014-01-27";"2014-03-13";"234567M123456  2345T12345 (27/01/2014 - 13/03/2014)";"3";"3";"REGULAR";"f";"2014-04-28 14:10:19.375";"f";"";"0";"CONSOLIDADA";"";"Presencial";
"1222180";"03";"22061";"";"";"54722";"GRADUAÇÃO";"Campus Central";"HUOL";"2014";"1";"2014-01-27";"2014-03-13";"234567M123456  2345T12345 (27/01/2014 - 13/03/2014)";"4";"4";"REGULAR";"f";"2014-04-28 14:11:49.305";"f";"";"0";"CONSOLIDADA";"";"Presencial";
"1222180";"03";"5753714";"";"";"54722";"GRADUAÇÃO";"Campus Central";"HUOL";"2014";"1";"2014-01-27";"2014-03-13";"234567M123456  2345T12345 (27/01/2014 - 13/03/2014)";"4";"4";"REGULAR";"f";"2014-04-28 14:11:49.305";"f";"";"0";"CONSOLIDADA";"";"Presencial";
"1222180";"03";"5754345";"";"";"54722";"GRADUAÇÃO";"Campus Central";"HUOL";"2014";"1";"2014-01-27";"2014-03-13";"234567M123456  2345T12345 (27/01/2014 - 13/03/2014)";"4";"4";"REGULAR";"f";"2014-04-28 14:11:49.305";"f";"";"0";"CONSOLIDADA";"";"Presencial";
"1222180";"03";"5753808";"";"";"54722";"GRADUAÇÃO";"Campus Central";"HUOL";"2014";"1";"2014-01-27";"2014-03-13";"234567M123456  2345T12345 (27/01/2014 - 13/03/2014)";"4";"4";"REGULAR";"f";"2014-04-28 14:11:49.305";"f";"";"0";"CONSOLIDADA";"";"Presencial";
"1222180";"03";"5752029";"";"";"54722";"GRADUAÇÃO";"Campus Central";"HUOL";"2014";"1";"2014-01-27";"2014-03-13";"234567M123456  2345T12345 (27/01/2014 - 13/03/2014)";"4";"4";"REGULAR";"f";"2014-04-28 14:11:49.305";"f";"";"0";"CONSOLIDADA";"";"Presencial";
"1222180";"03";"64106";"";"";"54722";"GRADUAÇÃO";"Campus Central";"HUOL";"2014";"1";"2014-01-27";"2014-03-13";"234567M123456  2345T12345 (27/01/2014 - 13/03/2014)";"4";"4";"REGULAR";"f";"2014-04-28 14:11:49.305";"f";"";"0";"CONSOLIDADA";"";"Presencial";
"1222180";"03";"5754331";"";"";"54722";"GRADUAÇÃO";"Campus Central";"HUOL";"2014";"1";"2014-01-27";"2014-03-13";"234567M123456  2345T12345 (27/01/2014 - 13/03/2014)";"4";"4";"REGULAR";"f";"2014-04-28 14:11:49.305";"f";"";"0";"CONSOLIDADA";"";"Presencial";
"1222180";"03";"5756393";"";"";"54722";"GRADUAÇÃO";"Campus Central";"HUOL";"2014";"1";"2014-01-27";"2014-03-13";"234567M123456  2345T12345 (27/01/2014 - 13/03/2014)";"4";"4";"REGULAR";"f";"2014-04-28 14:11:49.305";"f";"";"0";"CONSOLIDADA";"";"Presencial";
"1222180";"03";"5754351";"";"";"54722";"GRADUAÇÃO";"Campus Central";"HUOL";"2014";"1";"2014-01-27";"2014-03-13";"234567M123456  2345T12345 (27/01/2014 - 13/03/2014)";"4";"4";"REGULAR";"f";"2014-04-28 14:11:49.305";"f";"";"0";"CONSOLIDADA";"";"Presencial";
"1222180";"03";"5752550";"";"";"54722";"GRADUAÇÃO";"Campus Central";"HUOL";"2014";"1";"2014-01-27";"2014-03-13";"234567M123456  2345T12345 (27/01/2014 - 13/03/2014)";"4";"4";"REGULAR";"f";"2014-04-28 14:11:49.305";"f";"";"0";"CONSOLIDADA";"";"Presencial";
"1222180";"03";"22907";"";"";"54722";"GRADUAÇÃO";"Campus Central";"HUOL";"2014";"1";"2014-01-27";"2014-03-13";"234567M123456  2345T12345 (27/01/2014 - 13/03/2014)";"4";"4";"REGULAR";"f";"2014-04-28 14:11:49.305";"f";"";"0";"CONSOLIDADA";"";"Presencial";
"1222180";"03";"37281";"";"";"54722";"GRADUAÇÃO";"Campus Central";"HUOL";"2014";"1";"2014-01-27";"2014-03-13";"234567M123456  2345T12345 (27/01/2014 - 13/03/2014)";"4";"4";"REGULAR";"f";"2014-04-28 14:11:49.305";"f";"";"0";"CONSOLIDADA";"";"Presencial";
"1222180";"03";"5751929";"";"";"54722";"GRADUAÇÃO";"Campus Central";"HUOL";"2014";"1";"2014-01-27";"2014-03-13";"234567M123456  2345T12345 (27/01/2014 - 13/03/2014)";"4";"4";"REGULAR";"f";"2014-04-28 14:11:49.305";"f";"";"0";"CONSOLIDADA";"";"Presencial";
"1222180";"03";"5755909";"";"";"54722";"GRADUAÇÃO";"Campus Central";"HUOL";"2014";"1";"2014-01-27";"2014-03-13";"234567M123456  2345T12345 (27/01/2014 - 13/03/2014)";"4";"4";"REGULAR";"f";"2014-04-28 14:11:49.305";"f";"";"0";"CONSOLIDADA";"";"Presencial";
"1222180";"03";"5755560";"";"";"54722";"GRADUAÇÃO";"Campus Central";"HUOL";"2014";"1";"2014-01-27";"2014-03-13";"234567M123456  2345T12345 (27/01/2014 - 13/03/2014)";"4";"4";"REGULAR";"f";"2014-04-28 14:11:49.305";"f";"";"0";"CONSOLIDADA";"";"Presencial";
"1222182";"01A";"5753082";"";"";"20932";"GRADUAÇÃO";"Campus Central";"Anfiteatro DBF";"2014";"1";"2014-01-27";"2014-06-14";"6T1234";"50";"55";"REGULAR";"f";"2014-06-10 11:10:48.174";"f";"1222181";"68";"CONSOLIDADA";"";"Presencial";
"1222182";"01A";"5756302";"";"";"20932";"GRADUAÇÃO";"Campus Central";"Anfiteatro DBF";"2014";"1";"2014-01-27";"2014-06-14";"6T1234";"50";"55";"REGULAR";"f";"2014-06-10 11:10:48.174";"f";"1222181";"68";"CONSOLIDADA";"";"Presencial";
"1222182";"01A";"17729";"";"";"20932";"GRADUAÇÃO";"Campus Central";"Anfiteatro DBF";"2014";"1";"2014-01-27";"2014-06-14";"6T1234";"50";"55";"REGULAR";"f";"2014-06-10 11:10:48.174";"f";"1222181";"68";"CONSOLIDADA";"";"Presencial";
"1222183";"01";"20803";"";"";"26541";"GRADUAÇÃO";"Campus Central";"2E4";"2014";"1";"2014-01-27";"2014-06-14";"3N1234";"63";"47";"REGULAR";"f";"2014-06-04 11:47:42.365";"f";"";"68";"CONSOLIDADA";"";"Presencial";
"1222184";"01";"64616";"";"";"54235";"GRADUAÇÃO";"Campus Central";"Sala da Cirurgia Experimental";"2014";"1";"2014-01-27";"2014-06-14";"26M1";"53";"55";"REGULAR";"f";"2014-06-17 23:11:08.313";"f";"";"35";"CONSOLIDADA";"";"Presencial";
"1222184";"01";"26095";"";"";"54235";"GRADUAÇÃO";"Campus Central";"Sala da Cirurgia Experimental";"2014";"1";"2014-01-27";"2014-06-14";"26M1";"53";"55";"REGULAR";"f";"2014-06-17 23:11:08.313";"f";"";"35";"CONSOLIDADA";"";"Presencial";
"1222184";"01";"17274";"";"";"54235";"GRADUAÇÃO";"Campus Central";"Sala da Cirurgia Experimental";"2014";"1";"2014-01-27";"2014-06-14";"26M1";"53";"55";"REGULAR";"f";"2014-06-17 23:11:08.313";"f";"";"35";"CONSOLIDADA";"";"Presencial";
"1222185";"01";"5756384";"";"";"25631";"GRADUAÇÃO";"Campus Central";"2E4";"2014";"1";"2014-01-27";"2014-06-14";"35T12";"53";"55";"REGULAR";"f";"2014-06-11 16:23:20.355";"f";"";"68";"CONSOLIDADA";"";"Presencial";
"1222186";"AS01";"5041554";"";"";"54362";"TÉCNICO";"";"Sala Agropecuária 3";"2014";"1";"2014-01-27";"2014-06-13";"56M12";"";"35";"REGULAR";"f";"";"f";"";"";"EXCLUÍDA";"";"Presencial";
"1222187";"04";"64106";"";"";"54722";"GRADUAÇÃO";"Campus Central";"HUOL";"2014";"1";"2014-01-27";"2014-03-13";"234567M123456  2345T12345 (27/01/2014 - 13/03/2014)";"3";"3";"REGULAR";"f";"2014-05-05 10:18:21.437";"f";"";"0";"CONSOLIDADA";"";"Presencial";
"1222187";"04";"22907";"";"";"54722";"GRADUAÇÃO";"Campus Central";"HUOL";"2014";"1";"2014-01-27";"2014-03-13";"234567M123456  2345T12345 (27/01/2014 - 13/03/2014)";"3";"3";"REGULAR";"f";"2014-05-05 10:18:21.437";"f";"";"0";"CONSOLIDADA";"";"Presencial";
"1222187";"04";"5753714";"";"";"54722";"GRADUAÇÃO";"Campus Central";"HUOL";"2014";"1";"2014-01-27";"2014-03-13";"234567M123456  2345T12345 (27/01/2014 - 13/03/2014)";"3";"3";"REGULAR";"f";"2014-05-05 10:18:21.437";"f";"";"0";"CONSOLIDADA";"";"Presencial";
"1222187";"04";"5754331";"";"";"54722";"GRADUAÇÃO";"Campus Central";"HUOL";"2014";"1";"2014-01-27";"2014-03-13";"234567M123456  2345T12345 (27/01/2014 - 13/03/2014)";"3";"3";"REGULAR";"f";"2014-05-05 10:18:21.437";"f";"";"0";"CONSOLIDADA";"";"Presencial";
"1222187";"04";"5751929";"";"";"54722";"GRADUAÇÃO";"Campus Central";"HUOL";"2014";"1";"2014-01-27";"2014-03-13";"234567M123456  2345T12345 (27/01/2014 - 13/03/2014)";"3";"3";"REGULAR";"f";"2014-05-05 10:18:21.437";"f";"";"0";"CONSOLIDADA";"";"Presencial";
"1222187";"04";"5755909";"";"";"54722";"GRADUAÇÃO";"Campus Central";"HUOL";"2014";"1";"2014-01-27";"2014-03-13";"234567M123456  2345T12345 (27/01/2014 - 13/03/2014)";"3";"3";"REGULAR";"f";"2014-05-05 10:18:21.437";"f";"";"0";"CONSOLIDADA";"";"Presencial";
"1222187";"04";"5753808";"";"";"54722";"GRADUAÇÃO";"Campus Central";"HUOL";"2014";"1";"2014-01-27";"2014-03-13";"234567M123456  2345T12345 (27/01/2014 - 13/03/2014)";"3";"3";"REGULAR";"f";"2014-05-05 10:18:21.437";"f";"";"0";"CONSOLIDADA";"";"Presencial";
"1222187";"04";"5752029";"";"";"54722";"GRADUAÇÃO";"Campus Central";"HUOL";"2014";"1";"2014-01-27";"2014-03-13";"234567M123456  2345T12345 (27/01/2014 - 13/03/2014)";"3";"3";"REGULAR";"f";"2014-05-05 10:18:21.437";"f";"";"0";"CONSOLIDADA";"";"Presencial";
"1222187";"04";"5754351";"";"";"54722";"GRADUAÇÃO";"Campus Central";"HUOL";"2014";"1";"2014-01-27";"2014-03-13";"234567M123456  2345T12345 (27/01/2014 - 13/03/2014)";"3";"3";"REGULAR";"f";"2014-05-05 10:18:21.437";"f";"";"0";"CONSOLIDADA";"";"Presencial";
"1222187";"04";"37281";"";"";"54722";"GRADUAÇÃO";"Campus Central";"HUOL";"2014";"1";"2014-01-27";"2014-03-13";"234567M123456  2345T12345 (27/01/2014 - 13/03/2014)";"3";"3";"REGULAR";"f";"2014-05-05 10:18:21.437";"f";"";"0";"CONSOLIDADA";"";"Presencial";
"1222187";"04";"5756393";"";"";"54722";"GRADUAÇÃO";"Campus Central";"HUOL";"2014";"1";"2014-01-27";"2014-03-13";"234567M123456  2345T12345 (27/01/2014 - 13/03/2014)";"3";"3";"REGULAR";"f";"2014-05-05 10:18:21.437";"f";"";"0";"CONSOLIDADA";"";"Presencial";
"1222187";"04";"5754345";"";"";"54722";"GRADUAÇÃO";"Campus Central";"HUOL";"2014";"1";"2014-01-27";"2014-03-13";"234567M123456  2345T12345 (27/01/2014 - 13/03/2014)";"3";"3";"REGULAR";"f";"2014-05-05 10:18:21.437";"f";"";"0";"CONSOLIDADA";"";"Presencial";
"1222187";"04";"5755560";"";"";"54722";"GRADUAÇÃO";"Campus Central";"HUOL";"2014";"1";"2014-01-27";"2014-03-13";"234567M123456  2345T12345 (27/01/2014 - 13/03/2014)";"3";"3";"REGULAR";"f";"2014-05-05 10:18:21.437";"f";"";"0";"CONSOLIDADA";"";"Presencial";
"1222187";"04";"5752550";"";"";"54722";"GRADUAÇÃO";"Campus Central";"HUOL";"2014";"1";"2014-01-27";"2014-03-13";"234567M123456  2345T12345 (27/01/2014 - 13/03/2014)";"3";"3";"REGULAR";"f";"2014-05-05 10:18:21.437";"f";"";"0";"CONSOLIDADA";"";"Presencial";
"1222187";"04";"22061";"";"";"54722";"GRADUAÇÃO";"Campus Central";"HUOL";"2014";"1";"2014-01-27";"2014-03-13";"234567M123456  2345T12345 (27/01/2014 - 13/03/2014)";"3";"3";"REGULAR";"f";"2014-05-05 10:18:21.437";"f";"";"0";"CONSOLIDADA";"";"Presencial";
"1222188";"01";"5754321";"";"";"24931";"GRADUAÇÃO";"Campus Central";"2E1";"2014";"1";"2014-01-27";"2014-06-14";"24M34";"8";"60";"REGULAR";"f";"2014-06-10 10:08:33.775";"f";"";"70";"CONSOLIDADA";"";"Presencial";
"1222189";"05";"5752550";"";"";"54722";"GRADUAÇÃO";"Campus Central";"HUOL";"2014";"1";"2014-01-27";"2014-03-13";"234567M123456  2345T12345 (27/01/2014 - 13/03/2014)";"3";"4";"REGULAR";"f";"2014-05-05 10:19:42.591";"f";"";"0";"CONSOLIDADA";"";"Presencial";
"1222189";"05";"5753808";"";"";"54722";"GRADUAÇÃO";"Campus Central";"HUOL";"2014";"1";"2014-01-27";"2014-03-13";"234567M123456  2345T12345 (27/01/2014 - 13/03/2014)";"3";"4";"REGULAR";"f";"2014-05-05 10:19:42.591";"f";"";"0";"CONSOLIDADA";"";"Presencial";
"1222189";"05";"22907";"";"";"54722";"GRADUAÇÃO";"Campus Central";"HUOL";"2014";"1";"2014-01-27";"2014-03-13";"234567M123456  2345T12345 (27/01/2014 - 13/03/2014)";"3";"4";"REGULAR";"f";"2014-05-05 10:19:42.591";"f";"";"0";"CONSOLIDADA";"";"Presencial";
"1222189";"05";"5754351";"";"";"54722";"GRADUAÇÃO";"Campus Central";"HUOL";"2014";"1";"2014-01-27";"2014-03-13";"234567M123456  2345T12345 (27/01/2014 - 13/03/2014)";"3";"4";"REGULAR";"f";"2014-05-05 10:19:42.591";"f";"";"0";"CONSOLIDADA";"";"Presencial";
"1222189";"05";"5756393";"";"";"54722";"GRADUAÇÃO";"Campus Central";"HUOL";"2014";"1";"2014-01-27";"2014-03-13";"234567M123456  2345T12345 (27/01/2014 - 13/03/2014)";"3";"4";"REGULAR";"f";"2014-05-05 10:19:42.591";"f";"";"0";"CONSOLIDADA";"";"Presencial";
"1222189";"05";"22061";"";"";"54722";"GRADUAÇÃO";"Campus Central";"HUOL";"2014";"1";"2014-01-27";"2014-03-13";"234567M123456  2345T12345 (27/01/2014 - 13/03/2014)";"3";"4";"REGULAR";"f";"2014-05-05 10:19:42.591";"f";"";"0";"CONSOLIDADA";"";"Presencial";
"1222189";"05";"5753714";"";"";"54722";"GRADUAÇÃO";"Campus Central";"HUOL";"2014";"1";"2014-01-27";"2014-03-13";"234567M123456  2345T12345 (27/01/2014 - 13/03/2014)";"3";"4";"REGULAR";"f";"2014-05-05 10:19:42.591";"f";"";"0";"CONSOLIDADA";"";"Presencial";
"1222189";"05";"5751929";"";"";"54722";"GRADUAÇÃO";"Campus Central";"HUOL";"2014";"1";"2014-01-27";"2014-03-13";"234567M123456  2345T12345 (27/01/2014 - 13/03/2014)";"3";"4";"REGULAR";"f";"2014-05-05 10:19:42.591";"f";"";"0";"CONSOLIDADA";"";"Presencial";
"1222189";"05";"5755560";"";"";"54722";"GRADUAÇÃO";"Campus Central";"HUOL";"2014";"1";"2014-01-27";"2014-03-13";"234567M123456  2345T12345 (27/01/2014 - 13/03/2014)";"3";"4";"REGULAR";"f";"2014-05-05 10:19:42.591";"f";"";"0";"CONSOLIDADA";"";"Presencial";
"1222189";"05";"5752029";"";"";"54722";"GRADUAÇÃO";"Campus Central";"HUOL";"2014";"1";"2014-01-27";"2014-03-13";"234567M123456  2345T12345 (27/01/2014 - 13/03/2014)";"3";"4";"REGULAR";"f";"2014-05-05 10:19:42.591";"f";"";"0";"CONSOLIDADA";"";"Presencial";
"1222189";"05";"5755909";"";"";"54722";"GRADUAÇÃO";"Campus Central";"HUOL";"2014";"1";"2014-01-27";"2014-03-13";"234567M123456  2345T12345 (27/01/2014 - 13/03/2014)";"3";"4";"REGULAR";"f";"2014-05-05 10:19:42.591";"f";"";"0";"CONSOLIDADA";"";"Presencial";
"1222189";"05";"64106";"";"";"54722";"GRADUAÇÃO";"Campus Central";"HUOL";"2014";"1";"2014-01-27";"2014-03-13";"234567M123456  2345T12345 (27/01/2014 - 13/03/2014)";"3";"4";"REGULAR";"f";"2014-05-05 10:19:42.591";"f";"";"0";"CONSOLIDADA";"";"Presencial";
"1222189";"05";"5754345";"";"";"54722";"GRADUAÇÃO";"Campus Central";"HUOL";"2014";"1";"2014-01-27";"2014-03-13";"234567M123456  2345T12345 (27/01/2014 - 13/03/2014)";"3";"4";"REGULAR";"f";"2014-05-05 10:19:42.591";"f";"";"0";"CONSOLIDADA";"";"Presencial";
"1222189";"05";"5754331";"";"";"54722";"GRADUAÇÃO";"Campus Central";"HUOL";"2014";"1";"2014-01-27";"2014-03-13";"234567M123456  2345T12345 (27/01/2014 - 13/03/2014)";"3";"4";"REGULAR";"f";"2014-05-05 10:19:42.591";"f";"";"0";"CONSOLIDADA";"";"Presencial";
"1222189";"05";"37281";"";"";"54722";"GRADUAÇÃO";"Campus Central";"HUOL";"2014";"1";"2014-01-27";"2014-03-13";"234567M123456  2345T12345 (27/01/2014 - 13/03/2014)";"3";"4";"REGULAR";"f";"2014-05-05 10:19:42.591";"f";"";"0";"CONSOLIDADA";"";"Presencial";
"1222190";"02";"5754321";"";"";"24931";"GRADUAÇÃO";"Campus Central";"2E1";"2014";"1";"2014-01-27";"2014-06-14";"24N34";"10";"60";"REGULAR";"f";"2014-06-10 21:54:28.069";"f";"";"70";"CONSOLIDADA";"";"Presencial";
"1222191";"06";"5752029";"";"";"54722";"GRADUAÇÃO";"Campus Central";"HUOL";"2014";"1";"2014-03-14";"2014-04-28";"234567M123456  2345T12345 (14/03/2014 - 28/04/2014)";"3";"4";"REGULAR";"f";"2014-05-21 10:25:36.74";"f";"";"0";"CONSOLIDADA";"";"Presencial";
"1222191";"06";"64106";"";"";"54722";"GRADUAÇÃO";"Campus Central";"HUOL";"2014";"1";"2014-03-14";"2014-04-28";"234567M123456  2345T12345 (14/03/2014 - 28/04/2014)";"3";"4";"REGULAR";"f";"2014-05-21 10:25:36.74";"f";"";"0";"CONSOLIDADA";"";"Presencial";
"1222191";"06";"22061";"";"";"54722";"GRADUAÇÃO";"Campus Central";"HUOL";"2014";"1";"2014-03-14";"2014-04-28";"234567M123456  2345T12345 (14/03/2014 - 28/04/2014)";"3";"4";"REGULAR";"f";"2014-05-21 10:25:36.74";"f";"";"0";"CONSOLIDADA";"";"Presencial";
"1222191";"06";"5754351";"";"";"54722";"GRADUAÇÃO";"Campus Central";"HUOL";"2014";"1";"2014-03-14";"2014-04-28";"234567M123456  2345T12345 (14/03/2014 - 28/04/2014)";"3";"4";"REGULAR";"f";"2014-05-21 10:25:36.74";"f";"";"0";"CONSOLIDADA";"";"Presencial";
"1222191";"06";"5756393";"";"";"54722";"GRADUAÇÃO";"Campus Central";"HUOL";"2014";"1";"2014-03-14";"2014-04-28";"234567M123456  2345T12345 (14/03/2014 - 28/04/2014)";"3";"4";"REGULAR";"f";"2014-05-21 10:25:36.74";"f";"";"0";"CONSOLIDADA";"";"Presencial";
"1222191";"06";"5753714";"";"";"54722";"GRADUAÇÃO";"Campus Central";"HUOL";"2014";"1";"2014-03-14";"2014-04-28";"234567M123456  2345T12345 (14/03/2014 - 28/04/2014)";"3";"4";"REGULAR";"f";"2014-05-21 10:25:36.74";"f";"";"0";"CONSOLIDADA";"";"Presencial";
"1222191";"06";"22907";"";"";"54722";"GRADUAÇÃO";"Campus Central";"HUOL";"2014";"1";"2014-03-14";"2014-04-28";"234567M123456  2345T12345 (14/03/2014 - 28/04/2014)";"3";"4";"REGULAR";"f";"2014-05-21 10:25:36.74";"f";"";"0";"CONSOLIDADA";"";"Presencial";
"1222191";"06";"37281";"";"";"54722";"GRADUAÇÃO";"Campus Central";"HUOL";"2014";"1";"2014-03-14";"2014-04-28";"234567M123456  2345T12345 (14/03/2014 - 28/04/2014)";"3";"4";"REGULAR";"f";"2014-05-21 10:25:36.74";"f";"";"0";"CONSOLIDADA";"";"Presencial";
"1222191";"06";"5751929";"";"";"54722";"GRADUAÇÃO";"Campus Central";"HUOL";"2014";"1";"2014-03-14";"2014-04-28";"234567M123456  2345T12345 (14/03/2014 - 28/04/2014)";"3";"4";"REGULAR";"f";"2014-05-21 10:25:36.74";"f";"";"0";"CONSOLIDADA";"";"Presencial";
"1222191";"06";"5753808";"";"";"54722";"GRADUAÇÃO";"Campus Central";"HUOL";"2014";"1";"2014-03-14";"2014-04-28";"234567M123456  2345T12345 (14/03/2014 - 28/04/2014)";"3";"4";"REGULAR";"f";"2014-05-21 10:25:36.74";"f";"";"0";"CONSOLIDADA";"";"Presencial";
"1222191";"06";"5755560";"";"";"54722";"GRADUAÇÃO";"Campus Central";"HUOL";"2014";"1";"2014-03-14";"2014-04-28";"234567M123456  2345T12345 (14/03/2014 - 28/04/2014)";"3";"4";"REGULAR";"f";"2014-05-21 10:25:36.74";"f";"";"0";"CONSOLIDADA";"";"Presencial";
"1222191";"06";"5752550";"";"";"54722";"GRADUAÇÃO";"Campus Central";"HUOL";"2014";"1";"2014-03-14";"2014-04-28";"234567M123456  2345T12345 (14/03/2014 - 28/04/2014)";"3";"4";"REGULAR";"f";"2014-05-21 10:25:36.74";"f";"";"0";"CONSOLIDADA";"";"Presencial";
"1222191";"06";"5755909";"";"";"54722";"GRADUAÇÃO";"Campus Central";"HUOL";"2014";"1";"2014-03-14";"2014-04-28";"234567M123456  2345T12345 (14/03/2014 - 28/04/2014)";"3";"4";"REGULAR";"f";"2014-05-21 10:25:36.74";"f";"";"0";"CONSOLIDADA";"";"Presencial";
"1222191";"06";"5754331";"";"";"54722";"GRADUAÇÃO";"Campus Central";"HUOL";"2014";"1";"2014-03-14";"2014-04-28";"234567M123456  2345T12345 (14/03/2014 - 28/04/2014)";"3";"4";"REGULAR";"f";"2014-05-21 10:25:36.74";"f";"";"0";"CONSOLIDADA";"";"Presencial";
"1222191";"06";"5754345";"";"";"54722";"GRADUAÇÃO";"Campus Central";"HUOL";"2014";"1";"2014-03-14";"2014-04-28";"234567M123456  2345T12345 (14/03/2014 - 28/04/2014)";"3";"4";"REGULAR";"f";"2014-05-21 10:25:36.74";"f";"";"0";"CONSOLIDADA";"";"Presencial";
"1222192";"01";"5756709";"";"";"25504";"GRADUAÇÃO";"Campus Central";"1H8";"2014";"1";"2014-01-27";"2014-06-14";"24T56";"24";"50";"REGULAR";"f";"2014-06-12 19:37:19.715";"f";"";"68";"CONSOLIDADA";"";"Presencial";
"1222193";"01";"23859";"";"";"20903";"GRADUAÇÃO";"Campus Central";"2E2";"2014";"1";"2014-01-27";"2014-06-14";"24N34";"21";"60";"REGULAR";"f";"2014-06-04 07:34:35.898";"f";"";"66";"CONSOLIDADA";"";"Presencial";
"1222194";"07";"5753714";"";"";"54722";"GRADUAÇÃO";"Campus Central";"HUOL";"2014";"1";"2014-03-14";"2014-04-28";"234567M123456  2345T12345 (14/03/2014 - 28/04/2014)";"4";"4";"REGULAR";"f";"2014-05-21 10:27:02.632";"f";"";"0";"CONSOLIDADA";"";"Presencial";
"1222194";"07";"5752029";"";"";"54722";"GRADUAÇÃO";"Campus Central";"HUOL";"2014";"1";"2014-03-14";"2014-04-28";"234567M123456  2345T12345 (14/03/2014 - 28/04/2014)";"4";"4";"REGULAR";"f";"2014-05-21 10:27:02.632";"f";"";"0";"CONSOLIDADA";"";"Presencial";
"1222194";"07";"5754351";"";"";"54722";"GRADUAÇÃO";"Campus Central";"HUOL";"2014";"1";"2014-03-14";"2014-04-28";"234567M123456  2345T12345 (14/03/2014 - 28/04/2014)";"4";"4";"REGULAR";"f";"2014-05-21 10:27:02.632";"f";"";"0";"CONSOLIDADA";"";"Presencial";
"1222194";"07";"5756393";"";"";"54722";"GRADUAÇÃO";"Campus Central";"HUOL";"2014";"1";"2014-03-14";"2014-04-28";"234567M123456  2345T12345 (14/03/2014 - 28/04/2014)";"4";"4";"REGULAR";"f";"2014-05-21 10:27:02.632";"f";"";"0";"CONSOLIDADA";"";"Presencial";
"1222194";"07";"5753808";"";"";"54722";"GRADUAÇÃO";"Campus Central";"HUOL";"2014";"1";"2014-03-14";"2014-04-28";"234567M123456  2345T12345 (14/03/2014 - 28/04/2014)";"4";"4";"REGULAR";"f";"2014-05-21 10:27:02.632";"f";"";"0";"CONSOLIDADA";"";"Presencial";
"1222194";"07";"5751929";"";"";"54722";"GRADUAÇÃO";"Campus Central";"HUOL";"2014";"1";"2014-03-14";"2014-04-28";"234567M123456  2345T12345 (14/03/2014 - 28/04/2014)";"4";"4";"REGULAR";"f";"2014-05-21 10:27:02.632";"f";"";"0";"CONSOLIDADA";"";"Presencial";
"1222194";"07";"5752550";"";"";"54722";"GRADUAÇÃO";"Campus Central";"HUOL";"2014";"1";"2014-03-14";"2014-04-28";"234567M123456  2345T12345 (14/03/2014 - 28/04/2014)";"4";"4";"REGULAR";"f";"2014-05-21 10:27:02.632";"f";"";"0";"CONSOLIDADA";"";"Presencial";
"1222194";"07";"22061";"";"";"54722";"GRADUAÇÃO";"Campus Central";"HUOL";"2014";"1";"2014-03-14";"2014-04-28";"234567M123456  2345T12345 (14/03/2014 - 28/04/2014)";"4";"4";"REGULAR";"f";"2014-05-21 10:27:02.632";"f";"";"0";"CONSOLIDADA";"";"Presencial";
"1222194";"07";"5755560";"";"";"54722";"GRADUAÇÃO";"Campus Central";"HUOL";"2014";"1";"2014-03-14";"2014-04-28";"234567M123456  2345T12345 (14/03/2014 - 28/04/2014)";"4";"4";"REGULAR";"f";"2014-05-21 10:27:02.632";"f";"";"0";"CONSOLIDADA";"";"Presencial";
"1222194";"07";"5755909";"";"";"54722";"GRADUAÇÃO";"Campus Central";"HUOL";"2014";"1";"2014-03-14";"2014-04-28";"234567M123456  2345T12345 (14/03/2014 - 28/04/2014)";"4";"4";"REGULAR";"f";"2014-05-21 10:27:02.632";"f";"";"0";"CONSOLIDADA";"";"Presencial";
"1222194";"07";"37281";"";"";"54722";"GRADUAÇÃO";"Campus Central";"HUOL";"2014";"1";"2014-03-14";"2014-04-28";"234567M123456  2345T12345 (14/03/2014 - 28/04/2014)";"4";"4";"REGULAR";"f";"2014-05-21 10:27:02.632";"f";"";"0";"CONSOLIDADA";"";"Presencial";
"1222194";"07";"22907";"";"";"54722";"GRADUAÇÃO";"Campus Central";"HUOL";"2014";"1";"2014-03-14";"2014-04-28";"234567M123456  2345T12345 (14/03/2014 - 28/04/2014)";"4";"4";"REGULAR";"f";"2014-05-21 10:27:02.632";"f";"";"0";"CONSOLIDADA";"";"Presencial";
"1222194";"07";"64106";"";"";"54722";"GRADUAÇÃO";"Campus Central";"HUOL";"2014";"1";"2014-03-14";"2014-04-28";"234567M123456  2345T12345 (14/03/2014 - 28/04/2014)";"4";"4";"REGULAR";"f";"2014-05-21 10:27:02.632";"f";"";"0";"CONSOLIDADA";"";"Presencial";
"1222194";"07";"5754331";"";"";"54722";"GRADUAÇÃO";"Campus Central";"HUOL";"2014";"1";"2014-03-14";"2014-04-28";"234567M123456  2345T12345 (14/03/2014 - 28/04/2014)";"4";"4";"REGULAR";"f";"2014-05-21 10:27:02.632";"f";"";"0";"CONSOLIDADA";"";"Presencial";
"1222194";"07";"5754345";"";"";"54722";"GRADUAÇÃO";"Campus Central";"HUOL";"2014";"1";"2014-03-14";"2014-04-28";"234567M123456  2345T12345 (14/03/2014 - 28/04/2014)";"4";"4";"REGULAR";"f";"2014-05-21 10:27:02.632";"f";"";"0";"CONSOLIDADA";"";"Presencial";
"1222195";"08";"22907";"";"";"54722";"GRADUAÇÃO";"Campus Central";"HUOL";"2014";"1";"2014-03-14";"2014-04-28";"234567M123456  2345T12345 (14/03/2014 - 28/04/2014)";"3";"3";"REGULAR";"f";"2014-05-26 22:13:11.609";"f";"";"0";"CONSOLIDADA";"";"Presencial";
"1222195";"08";"5752550";"";"";"54722";"GRADUAÇÃO";"Campus Central";"HUOL";"2014";"1";"2014-03-14";"2014-04-28";"234567M123456  2345T12345 (14/03/2014 - 28/04/2014)";"3";"3";"REGULAR";"f";"2014-05-26 22:13:11.609";"f";"";"0";"CONSOLIDADA";"";"Presencial";
"1222195";"08";"5754345";"";"";"54722";"GRADUAÇÃO";"Campus Central";"HUOL";"2014";"1";"2014-03-14";"2014-04-28";"234567M123456  2345T12345 (14/03/2014 - 28/04/2014)";"3";"3";"REGULAR";"f";"2014-05-26 22:13:11.609";"f";"";"0";"CONSOLIDADA";"";"Presencial";
"1222195";"08";"64106";"";"";"54722";"GRADUAÇÃO";"Campus Central";"HUOL";"2014";"1";"2014-03-14";"2014-04-28";"234567M123456  2345T12345 (14/03/2014 - 28/04/2014)";"3";"3";"REGULAR";"f";"2014-05-26 22:13:11.609";"f";"";"0";"CONSOLIDADA";"";"Presencial";
"1222195";"08";"5753714";"";"";"54722";"GRADUAÇÃO";"Campus Central";"HUOL";"2014";"1";"2014-03-14";"2014-04-28";"234567M123456  2345T12345 (14/03/2014 - 28/04/2014)";"3";"3";"REGULAR";"f";"2014-05-26 22:13:11.609";"f";"";"0";"CONSOLIDADA";"";"Presencial";
"1222195";"08";"5755909";"";"";"54722";"GRADUAÇÃO";"Campus Central";"HUOL";"2014";"1";"2014-03-14";"2014-04-28";"234567M123456  2345T12345 (14/03/2014 - 28/04/2014)";"3";"3";"REGULAR";"f";"2014-05-26 22:13:11.609";"f";"";"0";"CONSOLIDADA";"";"Presencial";
"1222195";"08";"5754331";"";"";"54722";"GRADUAÇÃO";"Campus Central";"HUOL";"2014";"1";"2014-03-14";"2014-04-28";"234567M123456  2345T12345 (14/03/2014 - 28/04/2014)";"3";"3";"REGULAR";"f";"2014-05-26 22:13:11.609";"f";"";"0";"CONSOLIDADA";"";"Presencial";
"1222195";"08";"5753808";"";"";"54722";"GRADUAÇÃO";"Campus Central";"HUOL";"2014";"1";"2014-03-14";"2014-04-28";"234567M123456  2345T12345 (14/03/2014 - 28/04/2014)";"3";"3";"REGULAR";"f";"2014-05-26 22:13:11.609";"f";"";"0";"CONSOLIDADA";"";"Presencial";
"1222195";"08";"5751929";"";"";"54722";"GRADUAÇÃO";"Campus Central";"HUOL";"2014";"1";"2014-03-14";"2014-04-28";"234567M123456  2345T12345 (14/03/2014 - 28/04/2014)";"3";"3";"REGULAR";"f";"2014-05-26 22:13:11.609";"f";"";"0";"CONSOLIDADA";"";"Presencial";
"1222195";"08";"5752029";"";"";"54722";"GRADUAÇÃO";"Campus Central";"HUOL";"2014";"1";"2014-03-14";"2014-04-28";"234567M123456  2345T12345 (14/03/2014 - 28/04/2014)";"3";"3";"REGULAR";"f";"2014-05-26 22:13:11.609";"f";"";"0";"CONSOLIDADA";"";"Presencial";
"1222195";"08";"37281";"";"";"54722";"GRADUAÇÃO";"Campus Central";"HUOL";"2014";"1";"2014-03-14";"2014-04-28";"234567M123456  2345T12345 (14/03/2014 - 28/04/2014)";"3";"3";"REGULAR";"f";"2014-05-26 22:13:11.609";"f";"";"0";"CONSOLIDADA";"";"Presencial";
"1222195";"08";"5754351";"";"";"54722";"GRADUAÇÃO";"Campus Central";"HUOL";"2014";"1";"2014-03-14";"2014-04-28";"234567M123456  2345T12345 (14/03/2014 - 28/04/2014)";"3";"3";"REGULAR";"f";"2014-05-26 22:13:11.609";"f";"";"0";"CONSOLIDADA";"";"Presencial";
"1222195";"08";"5755560";"";"";"54722";"GRADUAÇÃO";"Campus Central";"HUOL";"2014";"1";"2014-03-14";"2014-04-28";"234567M123456  2345T12345 (14/03/2014 - 28/04/2014)";"3";"3";"REGULAR";"f";"2014-05-26 22:13:11.609";"f";"";"0";"CONSOLIDADA";"";"Presencial";
"1222195";"08";"22061";"";"";"54722";"GRADUAÇÃO";"Campus Central";"HUOL";"2014";"1";"2014-03-14";"2014-04-28";"234567M123456  2345T12345 (14/03/2014 - 28/04/2014)";"3";"3";"REGULAR";"f";"2014-05-26 22:13:11.609";"f";"";"0";"CONSOLIDADA";"";"Presencial";
"1222195";"08";"5756393";"";"";"54722";"GRADUAÇÃO";"Campus Central";"HUOL";"2014";"1";"2014-03-14";"2014-04-28";"234567M123456  2345T12345 (14/03/2014 - 28/04/2014)";"3";"3";"REGULAR";"f";"2014-05-26 22:13:11.609";"f";"";"0";"CONSOLIDADA";"";"Presencial";
"1222196";"02";"5755540";"";"";"25504";"GRADUAÇÃO";"Campus Central";"2F1";"2014";"1";"2014-01-27";"2014-06-14";"35N34";"22";"90";"REGULAR";"f";"2014-06-13 12:35:33.953";"f";"";"66";"CONSOLIDADA";"";"Presencial";
"1222197";"AS01";"5754983";"";"";"48681";"TÉCNICO";"";"Sala Agropecuária 3";"2014";"1";"2014-01-27";"2014-06-13";"3T1234";"";"35";"REGULAR";"f";"";"f";"";"";"EXCLUÍDA";"";"Presencial";
"1222198";"02";"23859";"";"";"20903";"GRADUAÇÃO";"Campus Central";"2E2";"2014";"1";"2014-01-27";"2014-06-14";"24M34";"28";"60";"REGULAR";"f";"2014-06-04 07:30:04.684";"f";"";"66";"CONSOLIDADA";"";"Presencial";
"1222199";"09";"5752550";"";"";"54722";"GRADUAÇÃO";"Campus Central";"HUOL";"2014";"1";"2014-03-14";"2014-04-28";"234567M123456  2345T12345 (14/03/2014 - 28/04/2014)";"4";"4";"REGULAR";"f";"2014-05-26 22:15:12.319";"f";"";"0";"CONSOLIDADA";"";"Presencial";
"1222199";"09";"5755909";"";"";"54722";"GRADUAÇÃO";"Campus Central";"HUOL";"2014";"1";"2014-03-14";"2014-04-28";"234567M123456  2345T12345 (14/03/2014 - 28/04/2014)";"4";"4";"REGULAR";"f";"2014-05-26 22:15:12.319";"f";"";"0";"CONSOLIDADA";"";"Presencial";
"1222199";"09";"37281";"";"";"54722";"GRADUAÇÃO";"Campus Central";"HUOL";"2014";"1";"2014-03-14";"2014-04-28";"234567M123456  2345T12345 (14/03/2014 - 28/04/2014)";"4";"4";"REGULAR";"f";"2014-05-26 22:15:12.319";"f";"";"0";"CONSOLIDADA";"";"Presencial";
"1222199";"09";"5754351";"";"";"54722";"GRADUAÇÃO";"Campus Central";"HUOL";"2014";"1";"2014-03-14";"2014-04-28";"234567M123456  2345T12345 (14/03/2014 - 28/04/2014)";"4";"4";"REGULAR";"f";"2014-05-26 22:15:12.319";"f";"";"0";"CONSOLIDADA";"";"Presencial";
"1222199";"09";"22907";"";"";"54722";"GRADUAÇÃO";"Campus Central";"HUOL";"2014";"1";"2014-03-14";"2014-04-28";"234567M123456  2345T12345 (14/03/2014 - 28/04/2014)";"4";"4";"REGULAR";"f";"2014-05-26 22:15:12.319";"f";"";"0";"CONSOLIDADA";"";"Presencial";
"1222199";"09";"22061";"";"";"54722";"GRADUAÇÃO";"Campus Central";"HUOL";"2014";"1";"2014-03-14";"2014-04-28";"234567M123456  2345T12345 (14/03/2014 - 28/04/2014)";"4";"4";"REGULAR";"f";"2014-05-26 22:15:12.319";"f";"";"0";"CONSOLIDADA";"";"Presencial";
"1222199";"09";"5756393";"";"";"54722";"GRADUAÇÃO";"Campus Central";"HUOL";"2014";"1";"2014-03-14";"2014-04-28";"234567M123456  2345T12345 (14/03/2014 - 28/04/2014)";"4";"4";"REGULAR";"f";"2014-05-26 22:15:12.319";"f";"";"0";"CONSOLIDADA";"";"Presencial";
"1222199";"09";"5755560";"";"";"54722";"GRADUAÇÃO";"Campus Central";"HUOL";"2014";"1";"2014-03-14";"2014-04-28";"234567M123456  2345T12345 (14/03/2014 - 28/04/2014)";"4";"4";"REGULAR";"f";"2014-05-26 22:15:12.319";"f";"";"0";"CONSOLIDADA";"";"Presencial";
"1222199";"09";"5754331";"";"";"54722";"GRADUAÇÃO";"Campus Central";"HUOL";"2014";"1";"2014-03-14";"2014-04-28";"234567M123456  2345T12345 (14/03/2014 - 28/04/2014)";"4";"4";"REGULAR";"f";"2014-05-26 22:15:12.319";"f";"";"0";"CONSOLIDADA";"";"Presencial";
"1222199";"09";"5751929";"";"";"54722";"GRADUAÇÃO";"Campus Central";"HUOL";"2014";"1";"2014-03-14";"2014-04-28";"234567M123456  2345T12345 (14/03/2014 - 28/04/2014)";"4";"4";"REGULAR";"f";"2014-05-26 22:15:12.319";"f";"";"0";"CONSOLIDADA";"";"Presencial";
"1222199";"09";"5753808";"";"";"54722";"GRADUAÇÃO";"Campus Central";"HUOL";"2014";"1";"2014-03-14";"2014-04-28";"234567M123456  2345T12345 (14/03/2014 - 28/04/2014)";"4";"4";"REGULAR";"f";"2014-05-26 22:15:12.319";"f";"";"0";"CONSOLIDADA";"";"Presencial";
"1222199";"09";"5752029";"";"";"54722";"GRADUAÇÃO";"Campus Central";"HUOL";"2014";"1";"2014-03-14";"2014-04-28";"234567M123456  2345T12345 (14/03/2014 - 28/04/2014)";"4";"4";"REGULAR";"f";"2014-05-26 22:15:12.319";"f";"";"0";"CONSOLIDADA";"";"Presencial";
"1222199";"09";"5754345";"";"";"54722";"GRADUAÇÃO";"Campus Central";"HUOL";"2014";"1";"2014-03-14";"2014-04-28";"234567M123456  2345T12345 (14/03/2014 - 28/04/2014)";"4";"4";"REGULAR";"f";"2014-05-26 22:15:12.319";"f";"";"0";"CONSOLIDADA";"";"Presencial";
"1222199";"09";"5753714";"";"";"54722";"GRADUAÇÃO";"Campus Central";"HUOL";"2014";"1";"2014-03-14";"2014-04-28";"234567M123456  2345T12345 (14/03/2014 - 28/04/2014)";"4";"4";"REGULAR";"f";"2014-05-26 22:15:12.319";"f";"";"0";"CONSOLIDADA";"";"Presencial";
"1222199";"09";"64106";"";"";"54722";"GRADUAÇÃO";"Campus Central";"HUOL";"2014";"1";"2014-03-14";"2014-04-28";"234567M123456  2345T12345 (14/03/2014 - 28/04/2014)";"4";"4";"REGULAR";"f";"2014-05-26 22:15:12.319";"f";"";"0";"CONSOLIDADA";"";"Presencial";
"1222200";"01";"5755255";"";"";"2044150";"GRADUAÇÃO";"Campus Central";"2A3";"2014";"1";"2014-01-27";"2014-06-14";"3T34 5T45";"25";"40";"REGULAR";"f";"2014-06-11 22:17:22.916";"f";"";"66";"CONSOLIDADA";"";"Presencial";
"1222201";"10";"5755560";"";"";"54722";"GRADUAÇÃO";"Campus Central";"HUOL";"2014";"1";"2014-03-14";"2014-04-28";"234567M123456  2345T12345 (14/03/2014 - 28/04/2014)";"2";"4";"REGULAR";"f";"2014-05-26 22:17:27.336";"f";"";"0";"CONSOLIDADA";"";"Presencial";
"1222201";"10";"5754331";"";"";"54722";"GRADUAÇÃO";"Campus Central";"HUOL";"2014";"1";"2014-03-14";"2014-04-28";"234567M123456  2345T12345 (14/03/2014 - 28/04/2014)";"2";"4";"REGULAR";"f";"2014-05-26 22:17:27.336";"f";"";"0";"CONSOLIDADA";"";"Presencial";
"1222201";"10";"5751929";"";"";"54722";"GRADUAÇÃO";"Campus Central";"HUOL";"2014";"1";"2014-03-14";"2014-04-28";"234567M123456  2345T12345 (14/03/2014 - 28/04/2014)";"2";"4";"REGULAR";"f";"2014-05-26 22:17:27.336";"f";"";"0";"CONSOLIDADA";"";"Presencial";
"1222201";"10";"5754345";"";"";"54722";"GRADUAÇÃO";"Campus Central";"HUOL";"2014";"1";"2014-03-14";"2014-04-28";"234567M123456  2345T12345 (14/03/2014 - 28/04/2014)";"2";"4";"REGULAR";"f";"2014-05-26 22:17:27.336";"f";"";"0";"CONSOLIDADA";"";"Presencial";
"1222201";"10";"22061";"";"";"54722";"GRADUAÇÃO";"Campus Central";"HUOL";"2014";"1";"2014-03-14";"2014-04-28";"234567M123456  2345T12345 (14/03/2014 - 28/04/2014)";"2";"4";"REGULAR";"f";"2014-05-26 22:17:27.336";"f";"";"0";"CONSOLIDADA";"";"Presencial";
"1222201";"10";"5753714";"";"";"54722";"GRADUAÇÃO";"Campus Central";"HUOL";"2014";"1";"2014-03-14";"2014-04-28";"234567M123456  2345T12345 (14/03/2014 - 28/04/2014)";"2";"4";"REGULAR";"f";"2014-05-26 22:17:27.336";"f";"";"0";"CONSOLIDADA";"";"Presencial";
"1222201";"10";"5756393";"";"";"54722";"GRADUAÇÃO";"Campus Central";"HUOL";"2014";"1";"2014-03-14";"2014-04-28";"234567M123456  2345T12345 (14/03/2014 - 28/04/2014)";"2";"4";"REGULAR";"f";"2014-05-26 22:17:27.336";"f";"";"0";"CONSOLIDADA";"";"Presencial";
"1222201";"10";"5755909";"";"";"54722";"GRADUAÇÃO";"Campus Central";"HUOL";"2014";"1";"2014-03-14";"2014-04-28";"234567M123456  2345T12345 (14/03/2014 - 28/04/2014)";"2";"4";"REGULAR";"f";"2014-05-26 22:17:27.336";"f";"";"0";"CONSOLIDADA";"";"Presencial";
"1222201";"10";"37281";"";"";"54722";"GRADUAÇÃO";"Campus Central";"HUOL";"2014";"1";"2014-03-14";"2014-04-28";"234567M123456  2345T12345 (14/03/2014 - 28/04/2014)";"2";"4";"REGULAR";"f";"2014-05-26 22:17:27.336";"f";"";"0";"CONSOLIDADA";"";"Presencial";
"1222201";"10";"5754351";"";"";"54722";"GRADUAÇÃO";"Campus Central";"HUOL";"2014";"1";"2014-03-14";"2014-04-28";"234567M123456  2345T12345 (14/03/2014 - 28/04/2014)";"2";"4";"REGULAR";"f";"2014-05-26 22:17:27.336";"f";"";"0";"CONSOLIDADA";"";"Presencial";
"1222201";"10";"5752029";"";"";"54722";"GRADUAÇÃO";"Campus Central";"HUOL";"2014";"1";"2014-03-14";"2014-04-28";"234567M123456  2345T12345 (14/03/2014 - 28/04/2014)";"2";"4";"REGULAR";"f";"2014-05-26 22:17:27.336";"f";"";"0";"CONSOLIDADA";"";"Presencial";
"1222201";"10";"5752550";"";"";"54722";"GRADUAÇÃO";"Campus Central";"HUOL";"2014";"1";"2014-03-14";"2014-04-28";"234567M123456  2345T12345 (14/03/2014 - 28/04/2014)";"2";"4";"REGULAR";"f";"2014-05-26 22:17:27.336";"f";"";"0";"CONSOLIDADA";"";"Presencial";
"1222201";"10";"64106";"";"";"54722";"GRADUAÇÃO";"Campus Central";"HUOL";"2014";"1";"2014-03-14";"2014-04-28";"234567M123456  2345T12345 (14/03/2014 - 28/04/2014)";"2";"4";"REGULAR";"f";"2014-05-26 22:17:27.336";"f";"";"0";"CONSOLIDADA";"";"Presencial";
"1222201";"10";"22907";"";"";"54722";"GRADUAÇÃO";"Campus Central";"HUOL";"2014";"1";"2014-03-14";"2014-04-28";"234567M123456  2345T12345 (14/03/2014 - 28/04/2014)";"2";"4";"REGULAR";"f";"2014-05-26 22:17:27.336";"f";"";"0";"CONSOLIDADA";"";"Presencial";
"1222201";"10";"5753808";"";"";"54722";"GRADUAÇÃO";"Campus Central";"HUOL";"2014";"1";"2014-03-14";"2014-04-28";"234567M123456  2345T12345 (14/03/2014 - 28/04/2014)";"2";"4";"REGULAR";"f";"2014-05-26 22:17:27.336";"f";"";"0";"CONSOLIDADA";"";"Presencial";
"1222202";"01";"5753519";"";"";"27552";"GRADUAÇÃO";"Campus Central";"2F3";"2014";"1";"2014-01-27";"2014-06-14";"35N12";"43";"80";"REGULAR";"f";"2014-06-20 00:56:56.045";"f";"";"72";"CONSOLIDADA";"";"Presencial";
"1222203";"01";"23828";"";"";"20905";"GRADUAÇÃO";"Campus Central";"2E4";"2014";"1";"2014-01-27";"2014-06-14";"5M3456";"38";"50";"REGULAR";"f";"2014-07-09 09:22:03.755";"f";"";"76";"CONSOLIDADA";"";"Presencial";
"1222204";"AS01";"5751560";"";"";"48676";"TÉCNICO";"";"Sala Agropecuária 3";"2014";"1";"2014-01-27";"2014-06-13";"4M1234";"";"35";"REGULAR";"f";"";"f";"";"";"EXCLUÍDA";"";"Presencial";
"1222206";"02A";"26227";"";"";"2050503";"GRADUAÇÃO";"Campus Central";"Anfiteatro DBF";"2014";"1";"2014-01-27";"2014-06-14";"24M56";"33";"28";"REGULAR";"f";"2014-06-13 13:40:37.764";"f";"1222205";"72";"CONSOLIDADA";"";"Presencial";
"1222206";"02A";"26270";"";"";"2050503";"GRADUAÇÃO";"Campus Central";"Anfiteatro DBF";"2014";"1";"2014-01-27";"2014-06-14";"24M56";"33";"28";"REGULAR";"f";"2014-06-13 13:40:37.764";"f";"1222205";"72";"CONSOLIDADA";"";"Presencial";
"1222206";"02A";"17729";"";"";"2050503";"GRADUAÇÃO";"Campus Central";"Anfiteatro DBF";"2014";"1";"2014-01-27";"2014-06-14";"24M56";"33";"28";"REGULAR";"f";"2014-06-13 13:40:37.764";"f";"1222205";"72";"CONSOLIDADA";"";"Presencial";
"1222207";"01";"20803";"";"";"20906";"GRADUAÇÃO";"Campus Central";"2E3";"2014";"1";"2014-01-27";"2014-06-14";"46N12";"25";"50";"REGULAR";"f";"2014-06-11 11:29:03.387";"f";"";"66";"CONSOLIDADA";"";"Presencial";
"1222208";"11";"22061";"";"";"54722";"GRADUAÇÃO";"Campus Central";"HUOL";"2014";"1";"2014-04-29";"2014-06-13";"234567M123456  2345T12345 (29/04/2014 - 13/06/2014)";"4";"4";"REGULAR";"f";"2014-06-11 23:32:16.387";"f";"";"0";"CONSOLIDADA";"";"Presencial";
"1222208";"11";"5752550";"";"";"54722";"GRADUAÇÃO";"Campus Central";"HUOL";"2014";"1";"2014-04-29";"2014-06-13";"234567M123456  2345T12345 (29/04/2014 - 13/06/2014)";"4";"4";"REGULAR";"f";"2014-06-11 23:32:16.387";"f";"";"0";"CONSOLIDADA";"";"Presencial";
"1222208";"11";"5755909";"";"";"54722";"GRADUAÇÃO";"Campus Central";"HUOL";"2014";"1";"2014-04-29";"2014-06-13";"234567M123456  2345T12345 (29/04/2014 - 13/06/2014)";"4";"4";"REGULAR";"f";"2014-06-11 23:32:16.387";"f";"";"0";"CONSOLIDADA";"";"Presencial";
"1222208";"11";"5753714";"";"";"54722";"GRADUAÇÃO";"Campus Central";"HUOL";"2014";"1";"2014-04-29";"2014-06-13";"234567M123456  2345T12345 (29/04/2014 - 13/06/2014)";"4";"4";"REGULAR";"f";"2014-06-11 23:32:16.387";"f";"";"0";"CONSOLIDADA";"";"Presencial";
"1222208";"11";"5754331";"";"";"54722";"GRADUAÇÃO";"Campus Central";"HUOL";"2014";"1";"2014-04-29";"2014-06-13";"234567M123456  2345T12345 (29/04/2014 - 13/06/2014)";"4";"4";"REGULAR";"f";"2014-06-11 23:32:16.387";"f";"";"0";"CONSOLIDADA";"";"Presencial";
"1222208";"11";"5753808";"";"";"54722";"GRADUAÇÃO";"Campus Central";"HUOL";"2014";"1";"2014-04-29";"2014-06-13";"234567M123456  2345T12345 (29/04/2014 - 13/06/2014)";"4";"4";"REGULAR";"f";"2014-06-11 23:32:16.387";"f";"";"0";"CONSOLIDADA";"";"Presencial";
"1222208";"11";"5755560";"";"";"54722";"GRADUAÇÃO";"Campus Central";"HUOL";"2014";"1";"2014-04-29";"2014-06-13";"234567M123456  2345T12345 (29/04/2014 - 13/06/2014)";"4";"4";"REGULAR";"f";"2014-06-11 23:32:16.387";"f";"";"0";"CONSOLIDADA";"";"Presencial";
"1222208";"11";"64106";"";"";"54722";"GRADUAÇÃO";"Campus Central";"HUOL";"2014";"1";"2014-04-29";"2014-06-13";"234567M123456  2345T12345 (29/04/2014 - 13/06/2014)";"4";"4";"REGULAR";"f";"2014-06-11 23:32:16.387";"f";"";"0";"CONSOLIDADA";"";"Presencial";
"1222208";"11";"5756393";"";"";"54722";"GRADUAÇÃO";"Campus Central";"HUOL";"2014";"1";"2014-04-29";"2014-06-13";"234567M123456  2345T12345 (29/04/2014 - 13/06/2014)";"4";"4";"REGULAR";"f";"2014-06-11 23:32:16.387";"f";"";"0";"CONSOLIDADA";"";"Presencial";
"1222208";"11";"5754351";"";"";"54722";"GRADUAÇÃO";"Campus Central";"HUOL";"2014";"1";"2014-04-29";"2014-06-13";"234567M123456  2345T12345 (29/04/2014 - 13/06/2014)";"4";"4";"REGULAR";"f";"2014-06-11 23:32:16.387";"f";"";"0";"CONSOLIDADA";"";"Presencial";
"1222208";"11";"5754345";"";"";"54722";"GRADUAÇÃO";"Campus Central";"HUOL";"2014";"1";"2014-04-29";"2014-06-13";"234567M123456  2345T12345 (29/04/2014 - 13/06/2014)";"4";"4";"REGULAR";"f";"2014-06-11 23:32:16.387";"f";"";"0";"CONSOLIDADA";"";"Presencial";
"1222208";"11";"22907";"";"";"54722";"GRADUAÇÃO";"Campus Central";"HUOL";"2014";"1";"2014-04-29";"2014-06-13";"234567M123456  2345T12345 (29/04/2014 - 13/06/2014)";"4";"4";"REGULAR";"f";"2014-06-11 23:32:16.387";"f";"";"0";"CONSOLIDADA";"";"Presencial";
"1222208";"11";"5752029";"";"";"54722";"GRADUAÇÃO";"Campus Central";"HUOL";"2014";"1";"2014-04-29";"2014-06-13";"234567M123456  2345T12345 (29/04/2014 - 13/06/2014)";"4";"4";"REGULAR";"f";"2014-06-11 23:32:16.387";"f";"";"0";"CONSOLIDADA";"";"Presencial";
"1222208";"11";"37281";"";"";"54722";"GRADUAÇÃO";"Campus Central";"HUOL";"2014";"1";"2014-04-29";"2014-06-13";"234567M123456  2345T12345 (29/04/2014 - 13/06/2014)";"4";"4";"REGULAR";"f";"2014-06-11 23:32:16.387";"f";"";"0";"CONSOLIDADA";"";"Presencial";
"1222208";"11";"5751929";"";"";"54722";"GRADUAÇÃO";"Campus Central";"HUOL";"2014";"1";"2014-04-29";"2014-06-13";"234567M123456  2345T12345 (29/04/2014 - 13/06/2014)";"4";"4";"REGULAR";"f";"2014-06-11 23:32:16.387";"f";"";"0";"CONSOLIDADA";"";"Presencial";
"1222209";"AS01";"22146";"";"";"48746";"TÉCNICO";"";"Sala Agropecuária 3";"2014";"1";"2014-01-27";"2014-06-13";"4T2345";"";"35";"REGULAR";"f";"";"f";"";"";"EXCLUÍDA";"";"Presencial";
"1222210";"01";"5755087";"";"";"27558";"GRADUAÇÃO";"Campus Central";"2F1";"2014";"1";"2014-01-27";"2014-06-14";"46T34 (27/01/2014 - 14/06/2014)";"12";"55";"REGULAR";"f";"2014-06-06 19:05:52.331";"f";"";"68";"CONSOLIDADA";"";"Presencial";
"1222211";"12";"5755560";"";"";"54722";"GRADUAÇÃO";"Campus Central";"HUOL";"2014";"1";"2014-04-29";"2014-06-13";"234567M123456  2345T12345 (29/04/2014 - 13/06/2014)";"3";"4";"REGULAR";"f";"2014-06-11 23:33:21.122";"f";"";"0";"CONSOLIDADA";"";"Presencial";
"1222211";"12";"5751929";"";"";"54722";"GRADUAÇÃO";"Campus Central";"HUOL";"2014";"1";"2014-04-29";"2014-06-13";"234567M123456  2345T12345 (29/04/2014 - 13/06/2014)";"3";"4";"REGULAR";"f";"2014-06-11 23:33:21.122";"f";"";"0";"CONSOLIDADA";"";"Presencial";
"1222211";"12";"5755909";"";"";"54722";"GRADUAÇÃO";"Campus Central";"HUOL";"2014";"1";"2014-04-29";"2014-06-13";"234567M123456  2345T12345 (29/04/2014 - 13/06/2014)";"3";"4";"REGULAR";"f";"2014-06-11 23:33:21.122";"f";"";"0";"CONSOLIDADA";"";"Presencial";
"1222211";"12";"5754331";"";"";"54722";"GRADUAÇÃO";"Campus Central";"HUOL";"2014";"1";"2014-04-29";"2014-06-13";"234567M123456  2345T12345 (29/04/2014 - 13/06/2014)";"3";"4";"REGULAR";"f";"2014-06-11 23:33:21.122";"f";"";"0";"CONSOLIDADA";"";"Presencial";
"1222211";"12";"37281";"";"";"54722";"GRADUAÇÃO";"Campus Central";"HUOL";"2014";"1";"2014-04-29";"2014-06-13";"234567M123456  2345T12345 (29/04/2014 - 13/06/2014)";"3";"4";"REGULAR";"f";"2014-06-11 23:33:21.122";"f";"";"0";"CONSOLIDADA";"";"Presencial";
"1222211";"12";"22907";"";"";"54722";"GRADUAÇÃO";"Campus Central";"HUOL";"2014";"1";"2014-04-29";"2014-06-13";"234567M123456  2345T12345 (29/04/2014 - 13/06/2014)";"3";"4";"REGULAR";"f";"2014-06-11 23:33:21.122";"f";"";"0";"CONSOLIDADA";"";"Presencial";
"1222211";"12";"5754351";"";"";"54722";"GRADUAÇÃO";"Campus Central";"HUOL";"2014";"1";"2014-04-29";"2014-06-13";"234567M123456  2345T12345 (29/04/2014 - 13/06/2014)";"3";"4";"REGULAR";"f";"2014-06-11 23:33:21.122";"f";"";"0";"CONSOLIDADA";"";"Presencial";
"1222211";"12";"5752550";"";"";"54722";"GRADUAÇÃO";"Campus Central";"HUOL";"2014";"1";"2014-04-29";"2014-06-13";"234567M123456  2345T12345 (29/04/2014 - 13/06/2014)";"3";"4";"REGULAR";"f";"2014-06-11 23:33:21.122";"f";"";"0";"CONSOLIDADA";"";"Presencial";
"1222211";"12";"5753714";"";"";"54722";"GRADUAÇÃO";"Campus Central";"HUOL";"2014";"1";"2014-04-29";"2014-06-13";"234567M123456  2345T12345 (29/04/2014 - 13/06/2014)";"3";"4";"REGULAR";"f";"2014-06-11 23:33:21.122";"f";"";"0";"CONSOLIDADA";"";"Presencial";
"1222211";"12";"5753808";"";"";"54722";"GRADUAÇÃO";"Campus Central";"HUOL";"2014";"1";"2014-04-29";"2014-06-13";"234567M123456  2345T12345 (29/04/2014 - 13/06/2014)";"3";"4";"REGULAR";"f";"2014-06-11 23:33:21.122";"f";"";"0";"CONSOLIDADA";"";"Presencial";
"1222211";"12";"64106";"";"";"54722";"GRADUAÇÃO";"Campus Central";"HUOL";"2014";"1";"2014-04-29";"2014-06-13";"234567M123456  2345T12345 (29/04/2014 - 13/06/2014)";"3";"4";"REGULAR";"f";"2014-06-11 23:33:21.122";"f";"";"0";"CONSOLIDADA";"";"Presencial";
"1222211";"12";"5756393";"";"";"54722";"GRADUAÇÃO";"Campus Central";"HUOL";"2014";"1";"2014-04-29";"2014-06-13";"234567M123456  2345T12345 (29/04/2014 - 13/06/2014)";"3";"4";"REGULAR";"f";"2014-06-11 23:33:21.122";"f";"";"0";"CONSOLIDADA";"";"Presencial";
"1222211";"12";"22061";"";"";"54722";"GRADUAÇÃO";"Campus Central";"HUOL";"2014";"1";"2014-04-29";"2014-06-13";"234567M123456  2345T12345 (29/04/2014 - 13/06/2014)";"3";"4";"REGULAR";"f";"2014-06-11 23:33:21.122";"f";"";"0";"CONSOLIDADA";"";"Presencial";
"1222211";"12";"5754345";"";"";"54722";"GRADUAÇÃO";"Campus Central";"HUOL";"2014";"1";"2014-04-29";"2014-06-13";"234567M123456  2345T12345 (29/04/2014 - 13/06/2014)";"3";"4";"REGULAR";"f";"2014-06-11 23:33:21.122";"f";"";"0";"CONSOLIDADA";"";"Presencial";
"1222211";"12";"5752029";"";"";"54722";"GRADUAÇÃO";"Campus Central";"HUOL";"2014";"1";"2014-04-29";"2014-06-13";"234567M123456  2345T12345 (29/04/2014 - 13/06/2014)";"3";"4";"REGULAR";"f";"2014-06-11 23:33:21.122";"f";"";"0";"CONSOLIDADA";"";"Presencial";
"1222212";"13";"5754331";"";"";"54722";"GRADUAÇÃO";"Campus Central";"HUOL";"2014";"1";"2014-04-29";"2014-06-13";"234567M123456  2345T12345 (29/04/2014 - 13/06/2014)";"3";"3";"REGULAR";"f";"2014-06-11 23:34:35.974";"f";"";"0";"CONSOLIDADA";"";"Presencial";
"1222212";"13";"37281";"";"";"54722";"GRADUAÇÃO";"Campus Central";"HUOL";"2014";"1";"2014-04-29";"2014-06-13";"234567M123456  2345T12345 (29/04/2014 - 13/06/2014)";"3";"3";"REGULAR";"f";"2014-06-11 23:34:35.974";"f";"";"0";"CONSOLIDADA";"";"Presencial";
"1222212";"13";"5756393";"";"";"54722";"GRADUAÇÃO";"Campus Central";"HUOL";"2014";"1";"2014-04-29";"2014-06-13";"234567M123456  2345T12345 (29/04/2014 - 13/06/2014)";"3";"3";"REGULAR";"f";"2014-06-11 23:34:35.974";"f";"";"0";"CONSOLIDADA";"";"Presencial";
"1222212";"13";"22061";"";"";"54722";"GRADUAÇÃO";"Campus Central";"HUOL";"2014";"1";"2014-04-29";"2014-06-13";"234567M123456  2345T12345 (29/04/2014 - 13/06/2014)";"3";"3";"REGULAR";"f";"2014-06-11 23:34:35.974";"f";"";"0";"CONSOLIDADA";"";"Presencial";
"1222212";"13";"5753714";"";"";"54722";"GRADUAÇÃO";"Campus Central";"HUOL";"2014";"1";"2014-04-29";"2014-06-13";"234567M123456  2345T12345 (29/04/2014 - 13/06/2014)";"3";"3";"REGULAR";"f";"2014-06-11 23:34:35.974";"f";"";"0";"CONSOLIDADA";"";"Presencial";
"1222212";"13";"5754345";"";"";"54722";"GRADUAÇÃO";"Campus Central";"HUOL";"2014";"1";"2014-04-29";"2014-06-13";"234567M123456  2345T12345 (29/04/2014 - 13/06/2014)";"3";"3";"REGULAR";"f";"2014-06-11 23:34:35.974";"f";"";"0";"CONSOLIDADA";"";"Presencial";
"1222212";"13";"5755560";"";"";"54722";"GRADUAÇÃO";"Campus Central";"HUOL";"2014";"1";"2014-04-29";"2014-06-13";"234567M123456  2345T12345 (29/04/2014 - 13/06/2014)";"3";"3";"REGULAR";"f";"2014-06-11 23:34:35.974";"f";"";"0";"CONSOLIDADA";"";"Presencial";
"1222212";"13";"22907";"";"";"54722";"GRADUAÇÃO";"Campus Central";"HUOL";"2014";"1";"2014-04-29";"2014-06-13";"234567M123456  2345T12345 (29/04/2014 - 13/06/2014)";"3";"3";"REGULAR";"f";"2014-06-11 23:34:35.974";"f";"";"0";"CONSOLIDADA";"";"Presencial";
"1222212";"13";"5752550";"";"";"54722";"GRADUAÇÃO";"Campus Central";"HUOL";"2014";"1";"2014-04-29";"2014-06-13";"234567M123456  2345T12345 (29/04/2014 - 13/06/2014)";"3";"3";"REGULAR";"f";"2014-06-11 23:34:35.974";"f";"";"0";"CONSOLIDADA";"";"Presencial";
"1222212";"13";"5755909";"";"";"54722";"GRADUAÇÃO";"Campus Central";"HUOL";"2014";"1";"2014-04-29";"2014-06-13";"234567M123456  2345T12345 (29/04/2014 - 13/06/2014)";"3";"3";"REGULAR";"f";"2014-06-11 23:34:35.974";"f";"";"0";"CONSOLIDADA";"";"Presencial";
"1222212";"13";"5753808";"";"";"54722";"GRADUAÇÃO";"Campus Central";"HUOL";"2014";"1";"2014-04-29";"2014-06-13";"234567M123456  2345T12345 (29/04/2014 - 13/06/2014)";"3";"3";"REGULAR";"f";"2014-06-11 23:34:35.974";"f";"";"0";"CONSOLIDADA";"";"Presencial";
"1222212";"13";"5752029";"";"";"54722";"GRADUAÇÃO";"Campus Central";"HUOL";"2014";"1";"2014-04-29";"2014-06-13";"234567M123456  2345T12345 (29/04/2014 - 13/06/2014)";"3";"3";"REGULAR";"f";"2014-06-11 23:34:35.974";"f";"";"0";"CONSOLIDADA";"";"Presencial";
"1222212";"13";"64106";"";"";"54722";"GRADUAÇÃO";"Campus Central";"HUOL";"2014";"1";"2014-04-29";"2014-06-13";"234567M123456  2345T12345 (29/04/2014 - 13/06/2014)";"3";"3";"REGULAR";"f";"2014-06-11 23:34:35.974";"f";"";"0";"CONSOLIDADA";"";"Presencial";
"1222212";"13";"5754351";"";"";"54722";"GRADUAÇÃO";"Campus Central";"HUOL";"2014";"1";"2014-04-29";"2014-06-13";"234567M123456  2345T12345 (29/04/2014 - 13/06/2014)";"3";"3";"REGULAR";"f";"2014-06-11 23:34:35.974";"f";"";"0";"CONSOLIDADA";"";"Presencial";
"1222212";"13";"5751929";"";"";"54722";"GRADUAÇÃO";"Campus Central";"HUOL";"2014";"1";"2014-04-29";"2014-06-13";"234567M123456  2345T12345 (29/04/2014 - 13/06/2014)";"3";"3";"REGULAR";"f";"2014-06-11 23:34:35.974";"f";"";"0";"CONSOLIDADA";"";"Presencial";
"1222213";"01";"22937";"";"";"27559";"GRADUAÇÃO";"Campus Central";"2F1";"2014";"1";"2014-01-27";"2014-06-14";"35N12";"15";"90";"REGULAR";"f";"2014-06-09 16:38:53.198";"f";"";"68";"CONSOLIDADA";"";"Presencial";
"1222214";"01";"22722";"";"";"53659";"GRADUAÇÃO";"Campus Central";"2H8";"2014";"1";"2014-01-27";"2014-06-14";"2M34 3M12";"21";"45";"REGULAR";"f";"2014-06-06 08:14:59.989";"f";"";"68";"CONSOLIDADA";"";"Presencial";
"1222215";"14";"5752550";"";"";"54722";"GRADUAÇÃO";"Campus Central";"HUOL";"2014";"1";"2014-04-29";"2014-06-13";"234567M123456  2345T12345 (29/04/2014 - 13/06/2014)";"3";"4";"REGULAR";"f";"2014-06-11 23:35:48.087";"f";"";"0";"CONSOLIDADA";"";"Presencial";
"1222215";"14";"5753808";"";"";"54722";"GRADUAÇÃO";"Campus Central";"HUOL";"2014";"1";"2014-04-29";"2014-06-13";"234567M123456  2345T12345 (29/04/2014 - 13/06/2014)";"3";"4";"REGULAR";"f";"2014-06-11 23:35:48.087";"f";"";"0";"CONSOLIDADA";"";"Presencial";
"1222215";"14";"5754345";"";"";"54722";"GRADUAÇÃO";"Campus Central";"HUOL";"2014";"1";"2014-04-29";"2014-06-13";"234567M123456  2345T12345 (29/04/2014 - 13/06/2014)";"3";"4";"REGULAR";"f";"2014-06-11 23:35:48.087";"f";"";"0";"CONSOLIDADA";"";"Presencial";
"1222215";"14";"5756393";"";"";"54722";"GRADUAÇÃO";"Campus Central";"HUOL";"2014";"1";"2014-04-29";"2014-06-13";"234567M123456  2345T12345 (29/04/2014 - 13/06/2014)";"3";"4";"REGULAR";"f";"2014-06-11 23:35:48.087";"f";"";"0";"CONSOLIDADA";"";"Presencial";
"1222215";"14";"5755909";"";"";"54722";"GRADUAÇÃO";"Campus Central";"HUOL";"2014";"1";"2014-04-29";"2014-06-13";"234567M123456  2345T12345 (29/04/2014 - 13/06/2014)";"3";"4";"REGULAR";"f";"2014-06-11 23:35:48.087";"f";"";"0";"CONSOLIDADA";"";"Presencial";
"1222215";"14";"5752029";"";"";"54722";"GRADUAÇÃO";"Campus Central";"HUOL";"2014";"1";"2014-04-29";"2014-06-13";"234567M123456  2345T12345 (29/04/2014 - 13/06/2014)";"3";"4";"REGULAR";"f";"2014-06-11 23:35:48.087";"f";"";"0";"CONSOLIDADA";"";"Presencial";
"1222215";"14";"5753714";"";"";"54722";"GRADUAÇÃO";"Campus Central";"HUOL";"2014";"1";"2014-04-29";"2014-06-13";"234567M123456  2345T12345 (29/04/2014 - 13/06/2014)";"3";"4";"REGULAR";"f";"2014-06-11 23:35:48.087";"f";"";"0";"CONSOLIDADA";"";"Presencial";
"1222215";"14";"5751929";"";"";"54722";"GRADUAÇÃO";"Campus Central";"HUOL";"2014";"1";"2014-04-29";"2014-06-13";"234567M123456  2345T12345 (29/04/2014 - 13/06/2014)";"3";"4";"REGULAR";"f";"2014-06-11 23:35:48.087";"f";"";"0";"CONSOLIDADA";"";"Presencial";
"1222215";"14";"37281";"";"";"54722";"GRADUAÇÃO";"Campus Central";"HUOL";"2014";"1";"2014-04-29";"2014-06-13";"234567M123456  2345T12345 (29/04/2014 - 13/06/2014)";"3";"4";"REGULAR";"f";"2014-06-11 23:35:48.087";"f";"";"0";"CONSOLIDADA";"";"Presencial";
"1222215";"14";"22907";"";"";"54722";"GRADUAÇÃO";"Campus Central";"HUOL";"2014";"1";"2014-04-29";"2014-06-13";"234567M123456  2345T12345 (29/04/2014 - 13/06/2014)";"3";"4";"REGULAR";"f";"2014-06-11 23:35:48.087";"f";"";"0";"CONSOLIDADA";"";"Presencial";
"1222215";"14";"5755560";"";"";"54722";"GRADUAÇÃO";"Campus Central";"HUOL";"2014";"1";"2014-04-29";"2014-06-13";"234567M123456  2345T12345 (29/04/2014 - 13/06/2014)";"3";"4";"REGULAR";"f";"2014-06-11 23:35:48.087";"f";"";"0";"CONSOLIDADA";"";"Presencial";
"1222215";"14";"5754351";"";"";"54722";"GRADUAÇÃO";"Campus Central";"HUOL";"2014";"1";"2014-04-29";"2014-06-13";"234567M123456  2345T12345 (29/04/2014 - 13/06/2014)";"3";"4";"REGULAR";"f";"2014-06-11 23:35:48.087";"f";"";"0";"CONSOLIDADA";"";"Presencial";
"1222215";"14";"5754331";"";"";"54722";"GRADUAÇÃO";"Campus Central";"HUOL";"2014";"1";"2014-04-29";"2014-06-13";"234567M123456  2345T12345 (29/04/2014 - 13/06/2014)";"3";"4";"REGULAR";"f";"2014-06-11 23:35:48.087";"f";"";"0";"CONSOLIDADA";"";"Presencial";
"1222215";"14";"22061";"";"";"54722";"GRADUAÇÃO";"Campus Central";"HUOL";"2014";"1";"2014-04-29";"2014-06-13";"234567M123456  2345T12345 (29/04/2014 - 13/06/2014)";"3";"4";"REGULAR";"f";"2014-06-11 23:35:48.087";"f";"";"0";"CONSOLIDADA";"";"Presencial";
"1222215";"14";"64106";"";"";"54722";"GRADUAÇÃO";"Campus Central";"HUOL";"2014";"1";"2014-04-29";"2014-06-13";"234567M123456  2345T12345 (29/04/2014 - 13/06/2014)";"3";"4";"REGULAR";"f";"2014-06-11 23:35:48.087";"f";"";"0";"CONSOLIDADA";"";"Presencial";
"1222216";"01";"5753612";"";"";"53660";"GRADUAÇÃO";"Campus Central";"2I5";"2014";"1";"2014-01-27";"2014-06-14";"3M34 5M56";"32";"45";"REGULAR";"f";"2014-06-23 11:38:47.682";"f";"";"76";"CONSOLIDADA";"";"Presencial";
"1222217";"15";"5755909";"";"";"54722";"GRADUAÇÃO";"Campus Central";"HUOL";"2014";"1";"2014-04-29";"2014-06-13";"234567M123456  2345T12345 (29/04/2014 - 13/06/2014)";"1";"3";"REGULAR";"f";"2014-06-20 07:53:56.189";"f";"";"0";"CONSOLIDADA";"";"Presencial";
"1222217";"15";"5754351";"";"";"54722";"GRADUAÇÃO";"Campus Central";"HUOL";"2014";"1";"2014-04-29";"2014-06-13";"234567M123456  2345T12345 (29/04/2014 - 13/06/2014)";"1";"3";"REGULAR";"f";"2014-06-20 07:53:56.189";"f";"";"0";"CONSOLIDADA";"";"Presencial";
"1222217";"15";"64106";"";"";"54722";"GRADUAÇÃO";"Campus Central";"HUOL";"2014";"1";"2014-04-29";"2014-06-13";"234567M123456  2345T12345 (29/04/2014 - 13/06/2014)";"1";"3";"REGULAR";"f";"2014-06-20 07:53:56.189";"f";"";"0";"CONSOLIDADA";"";"Presencial";
"1222217";"15";"5754345";"";"";"54722";"GRADUAÇÃO";"Campus Central";"HUOL";"2014";"1";"2014-04-29";"2014-06-13";"234567M123456  2345T12345 (29/04/2014 - 13/06/2014)";"1";"3";"REGULAR";"f";"2014-06-20 07:53:56.189";"f";"";"0";"CONSOLIDADA";"";"Presencial";
"1222217";"15";"5751929";"";"";"54722";"GRADUAÇÃO";"Campus Central";"HUOL";"2014";"1";"2014-04-29";"2014-06-13";"234567M123456  2345T12345 (29/04/2014 - 13/06/2014)";"1";"3";"REGULAR";"f";"2014-06-20 07:53:56.189";"f";"";"0";"CONSOLIDADA";"";"Presencial";
"1222217";"15";"5754331";"";"";"54722";"GRADUAÇÃO";"Campus Central";"HUOL";"2014";"1";"2014-04-29";"2014-06-13";"234567M123456  2345T12345 (29/04/2014 - 13/06/2014)";"1";"3";"REGULAR";"f";"2014-06-20 07:53:56.189";"f";"";"0";"CONSOLIDADA";"";"Presencial";
"1222217";"15";"22061";"";"";"54722";"GRADUAÇÃO";"Campus Central";"HUOL";"2014";"1";"2014-04-29";"2014-06-13";"234567M123456  2345T12345 (29/04/2014 - 13/06/2014)";"1";"3";"REGULAR";"f";"2014-06-20 07:53:56.189";"f";"";"0";"CONSOLIDADA";"";"Presencial";
"1222217";"15";"22907";"";"";"54722";"GRADUAÇÃO";"Campus Central";"HUOL";"2014";"1";"2014-04-29";"2014-06-13";"234567M123456  2345T12345 (29/04/2014 - 13/06/2014)";"1";"3";"REGULAR";"f";"2014-06-20 07:53:56.189";"f";"";"0";"CONSOLIDADA";"";"Presencial";
"1222217";"15";"5753714";"";"";"54722";"GRADUAÇÃO";"Campus Central";"HUOL";"2014";"1";"2014-04-29";"2014-06-13";"234567M123456  2345T12345 (29/04/2014 - 13/06/2014)";"1";"3";"REGULAR";"f";"2014-06-20 07:53:56.189";"f";"";"0";"CONSOLIDADA";"";"Presencial";
"1222217";"15";"5755560";"";"";"54722";"GRADUAÇÃO";"Campus Central";"HUOL";"2014";"1";"2014-04-29";"2014-06-13";"234567M123456  2345T12345 (29/04/2014 - 13/06/2014)";"1";"3";"REGULAR";"f";"2014-06-20 07:53:56.189";"f";"";"0";"CONSOLIDADA";"";"Presencial";
"1222217";"15";"5752029";"";"";"54722";"GRADUAÇÃO";"Campus Central";"HUOL";"2014";"1";"2014-04-29";"2014-06-13";"234567M123456  2345T12345 (29/04/2014 - 13/06/2014)";"1";"3";"REGULAR";"f";"2014-06-20 07:53:56.189";"f";"";"0";"CONSOLIDADA";"";"Presencial";
"1222217";"15";"5752550";"";"";"54722";"GRADUAÇÃO";"Campus Central";"HUOL";"2014";"1";"2014-04-29";"2014-06-13";"234567M123456  2345T12345 (29/04/2014 - 13/06/2014)";"1";"3";"REGULAR";"f";"2014-06-20 07:53:56.189";"f";"";"0";"CONSOLIDADA";"";"Presencial";
"1222217";"15";"5753808";"";"";"54722";"GRADUAÇÃO";"Campus Central";"HUOL";"2014";"1";"2014-04-29";"2014-06-13";"234567M123456  2345T12345 (29/04/2014 - 13/06/2014)";"1";"3";"REGULAR";"f";"2014-06-20 07:53:56.189";"f";"";"0";"CONSOLIDADA";"";"Presencial";
"1222217";"15";"5756393";"";"";"54722";"GRADUAÇÃO";"Campus Central";"HUOL";"2014";"1";"2014-04-29";"2014-06-13";"234567M123456  2345T12345 (29/04/2014 - 13/06/2014)";"1";"3";"REGULAR";"f";"2014-06-20 07:53:56.189";"f";"";"0";"CONSOLIDADA";"";"Presencial";
"1222217";"15";"37281";"";"";"54722";"GRADUAÇÃO";"Campus Central";"HUOL";"2014";"1";"2014-04-29";"2014-06-13";"234567M123456  2345T12345 (29/04/2014 - 13/06/2014)";"1";"3";"REGULAR";"f";"2014-06-20 07:53:56.189";"f";"";"0";"CONSOLIDADA";"";"Presencial";
"1222218";"01";"15370";"";"";"53661";"GRADUAÇÃO";"Campus Central";"2H10";"2014";"1";"2014-01-27";"2014-06-14";"6M1234";"19";"57";"REGULAR";"f";"2014-06-18 22:23:54.778";"f";"";"68";"CONSOLIDADA";"";"Presencial";
"1222219";"01";"5755598";"";"";"54724";"GRADUAÇÃO";"Campus Central";"HUOL";"2014";"1";"2014-01-27";"2014-03-13";"234567M123456  2345T1234 (27/01/2014 - 13/03/2014)";"3";"3";"REGULAR";"f";"2014-05-05 15:37:55.56";"f";"";"0";"CONSOLIDADA";"";"Presencial";
"1222219";"01";"5752647";"";"";"54724";"GRADUAÇÃO";"Campus Central";"HUOL";"2014";"1";"2014-01-27";"2014-03-13";"234567M123456  2345T1234 (27/01/2014 - 13/03/2014)";"3";"3";"REGULAR";"f";"2014-05-05 15:37:55.56";"f";"";"0";"CONSOLIDADA";"";"Presencial";
"1222219";"01";"5754331";"";"";"54724";"GRADUAÇÃO";"Campus Central";"HUOL";"2014";"1";"2014-01-27";"2014-03-13";"234567M123456  2345T1234 (27/01/2014 - 13/03/2014)";"3";"3";"REGULAR";"f";"2014-05-05 15:37:55.56";"f";"";"0";"CONSOLIDADA";"";"Presencial";
"1222219";"01";"5753062";"";"";"54724";"GRADUAÇÃO";"Campus Central";"HUOL";"2014";"1";"2014-01-27";"2014-03-13";"234567M123456  2345T1234 (27/01/2014 - 13/03/2014)";"3";"3";"REGULAR";"f";"2014-05-05 15:37:55.56";"f";"";"0";"CONSOLIDADA";"";"Presencial";
"1222219";"01";"5755844";"";"";"54724";"GRADUAÇÃO";"Campus Central";"HUOL";"2014";"1";"2014-01-27";"2014-03-13";"234567M123456  2345T1234 (27/01/2014 - 13/03/2014)";"3";"3";"REGULAR";"f";"2014-05-05 15:37:55.56";"f";"";"0";"CONSOLIDADA";"";"Presencial";
"1222219";"01";"22076";"";"";"54724";"GRADUAÇÃO";"Campus Central";"HUOL";"2014";"1";"2014-01-27";"2014-03-13";"234567M123456  2345T1234 (27/01/2014 - 13/03/2014)";"3";"3";"REGULAR";"f";"2014-05-05 15:37:55.56";"f";"";"0";"CONSOLIDADA";"";"Presencial";
"1222219";"01";"5752190";"";"";"54724";"GRADUAÇÃO";"Campus Central";"HUOL";"2014";"1";"2014-01-27";"2014-03-13";"234567M123456  2345T1234 (27/01/2014 - 13/03/2014)";"3";"3";"REGULAR";"f";"2014-05-05 15:37:55.56";"f";"";"0";"CONSOLIDADA";"";"Presencial";
"1222219";"01";"5753588";"";"";"54724";"GRADUAÇÃO";"Campus Central";"HUOL";"2014";"1";"2014-01-27";"2014-03-13";"234567M123456  2345T1234 (27/01/2014 - 13/03/2014)";"3";"3";"REGULAR";"f";"2014-05-05 15:37:55.56";"f";"";"0";"CONSOLIDADA";"";"Presencial";
"1222219";"01";"18036";"";"";"54724";"GRADUAÇÃO";"Campus Central";"HUOL";"2014";"1";"2014-01-27";"2014-03-13";"234567M123456  2345T1234 (27/01/2014 - 13/03/2014)";"3";"3";"REGULAR";"f";"2014-05-05 15:37:55.56";"f";"";"0";"CONSOLIDADA";"";"Presencial";
"1222219";"01";"5754591";"";"";"54724";"GRADUAÇÃO";"Campus Central";"HUOL";"2014";"1";"2014-01-27";"2014-03-13";"234567M123456  2345T1234 (27/01/2014 - 13/03/2014)";"3";"3";"REGULAR";"f";"2014-05-05 15:37:55.56";"f";"";"0";"CONSOLIDADA";"";"Presencial";
"1222219";"01";"22053";"";"";"54724";"GRADUAÇÃO";"Campus Central";"HUOL";"2014";"1";"2014-01-27";"2014-03-13";"234567M123456  2345T1234 (27/01/2014 - 13/03/2014)";"3";"3";"REGULAR";"f";"2014-05-05 15:37:55.56";"f";"";"0";"CONSOLIDADA";"";"Presencial";
"1222219";"01";"5751842";"";"";"54724";"GRADUAÇÃO";"Campus Central";"HUOL";"2014";"1";"2014-01-27";"2014-03-13";"234567M123456  2345T1234 (27/01/2014 - 13/03/2014)";"3";"3";"REGULAR";"f";"2014-05-05 15:37:55.56";"f";"";"0";"CONSOLIDADA";"";"Presencial";
"1222219";"01";"5755909";"";"";"54724";"GRADUAÇÃO";"Campus Central";"HUOL";"2014";"1";"2014-01-27";"2014-03-13";"234567M123456  2345T1234 (27/01/2014 - 13/03/2014)";"3";"3";"REGULAR";"f";"2014-05-05 15:37:55.56";"f";"";"0";"CONSOLIDADA";"";"Presencial";
"1222219";"01";"5755374";"";"";"54724";"GRADUAÇÃO";"Campus Central";"HUOL";"2014";"1";"2014-01-27";"2014-03-13";"234567M123456  2345T1234 (27/01/2014 - 13/03/2014)";"3";"3";"REGULAR";"f";"2014-05-05 15:37:55.56";"f";"";"0";"CONSOLIDADA";"";"Presencial";
"1222219";"01";"5752557";"";"";"54724";"GRADUAÇÃO";"Campus Central";"HUOL";"2014";"1";"2014-01-27";"2014-03-13";"234567M123456  2345T1234 (27/01/2014 - 13/03/2014)";"3";"3";"REGULAR";"f";"2014-05-05 15:37:55.56";"f";"";"0";"CONSOLIDADA";"";"Presencial";
"1222219";"01";"26521";"";"";"54724";"GRADUAÇÃO";"Campus Central";"HUOL";"2014";"1";"2014-01-27";"2014-03-13";"234567M123456  2345T1234 (27/01/2014 - 13/03/2014)";"3";"3";"REGULAR";"f";"2014-05-05 15:37:55.56";"f";"";"0";"CONSOLIDADA";"";"Presencial";
"1222219";"01";"5753004";"";"";"54724";"GRADUAÇÃO";"Campus Central";"HUOL";"2014";"1";"2014-01-27";"2014-03-13";"234567M123456  2345T1234 (27/01/2014 - 13/03/2014)";"3";"3";"REGULAR";"f";"2014-05-05 15:37:55.56";"f";"";"0";"CONSOLIDADA";"";"Presencial";
"1222219";"01";"63327";"";"";"54724";"GRADUAÇÃO";"Campus Central";"HUOL";"2014";"1";"2014-01-27";"2014-03-13";"234567M123456  2345T1234 (27/01/2014 - 13/03/2014)";"3";"3";"REGULAR";"f";"2014-05-05 15:37:55.56";"f";"";"0";"CONSOLIDADA";"";"Presencial";
"1222219";"01";"5755848";"";"";"54724";"GRADUAÇÃO";"Campus Central";"HUOL";"2014";"1";"2014-01-27";"2014-03-13";"234567M123456  2345T1234 (27/01/2014 - 13/03/2014)";"3";"3";"REGULAR";"f";"2014-05-05 15:37:55.56";"f";"";"0";"CONSOLIDADA";"";"Presencial";
"1222219";"01";"5753380";"";"";"54724";"GRADUAÇÃO";"Campus Central";"HUOL";"2014";"1";"2014-01-27";"2014-03-13";"234567M123456  2345T1234 (27/01/2014 - 13/03/2014)";"3";"3";"REGULAR";"f";"2014-05-05 15:37:55.56";"f";"";"0";"CONSOLIDADA";"";"Presencial";
"1222219";"01";"5753102";"";"";"54724";"GRADUAÇÃO";"Campus Central";"HUOL";"2014";"1";"2014-01-27";"2014-03-13";"234567M123456  2345T1234 (27/01/2014 - 13/03/2014)";"3";"3";"REGULAR";"f";"2014-05-05 15:37:55.56";"f";"";"0";"CONSOLIDADA";"";"Presencial";
"1222219";"01";"26598";"";"";"54724";"GRADUAÇÃO";"Campus Central";"HUOL";"2014";"1";"2014-01-27";"2014-03-13";"234567M123456  2345T1234 (27/01/2014 - 13/03/2014)";"3";"3";"REGULAR";"f";"2014-05-05 15:37:55.56";"f";"";"0";"CONSOLIDADA";"";"Presencial";
"1222219";"01";"5753705";"";"";"54724";"GRADUAÇÃO";"Campus Central";"HUOL";"2014";"1";"2014-01-27";"2014-03-13";"234567M123456  2345T1234 (27/01/2014 - 13/03/2014)";"3";"3";"REGULAR";"f";"2014-05-05 15:37:55.56";"f";"";"0";"CONSOLIDADA";"";"Presencial";
"1222219";"01";"5751929";"";"";"54724";"GRADUAÇÃO";"Campus Central";"HUOL";"2014";"1";"2014-01-27";"2014-03-13";"234567M123456  2345T1234 (27/01/2014 - 13/03/2014)";"3";"3";"REGULAR";"f";"2014-05-05 15:37:55.56";"f";"";"0";"CONSOLIDADA";"";"Presencial";
"1222219";"01";"25441";"";"";"54724";"GRADUAÇÃO";"Campus Central";"HUOL";"2014";"1";"2014-01-27";"2014-03-13";"234567M123456  2345T1234 (27/01/2014 - 13/03/2014)";"3";"3";"REGULAR";"f";"2014-05-05 15:37:55.56";"f";"";"0";"CONSOLIDADA";"";"Presencial";
"1222219";"01";"22757";"";"";"54724";"GRADUAÇÃO";"Campus Central";"HUOL";"2014";"1";"2014-01-27";"2014-03-13";"234567M123456  2345T1234 (27/01/2014 - 13/03/2014)";"3";"3";"REGULAR";"f";"2014-05-05 15:37:55.56";"f";"";"0";"CONSOLIDADA";"";"Presencial";
"1222219";"01";"5751750";"";"";"54724";"GRADUAÇÃO";"Campus Central";"HUOL";"2014";"1";"2014-01-27";"2014-03-13";"234567M123456  2345T1234 (27/01/2014 - 13/03/2014)";"3";"3";"REGULAR";"f";"2014-05-05 15:37:55.56";"f";"";"0";"CONSOLIDADA";"";"Presencial";
"1222219";"01";"5753913";"";"";"54724";"GRADUAÇÃO";"Campus Central";"HUOL";"2014";"1";"2014-01-27";"2014-03-13";"234567M123456  2345T1234 (27/01/2014 - 13/03/2014)";"3";"3";"REGULAR";"f";"2014-05-05 15:37:55.56";"f";"";"0";"CONSOLIDADA";"";"Presencial";
"1222219";"01";"25946";"";"";"54724";"GRADUAÇÃO";"Campus Central";"HUOL";"2014";"1";"2014-01-27";"2014-03-13";"234567M123456  2345T1234 (27/01/2014 - 13/03/2014)";"3";"3";"REGULAR";"f";"2014-05-05 15:37:55.56";"f";"";"0";"CONSOLIDADA";"";"Presencial";
"1222220";"01";"22722";"";"";"53662";"GRADUAÇÃO";"Campus Central";"2H9";"2014";"1";"2014-01-27";"2014-06-14";"3N34 6N12";"26";"45";"REGULAR";"f";"2014-06-06 08:10:21.178";"f";"";"72";"CONSOLIDADA";"";"Presencial";
"1222221";"01";"5756709";"";"";"25536";"GRADUAÇÃO";"Campus Central";"2H1";"2014";"1";"2014-01-27";"2014-06-14";"46T34";"21";"45";"REGULAR";"f";"2014-06-14 19:22:17.966";"f";"";"66";"CONSOLIDADA";"";"Presencial";
"1222222";"02";"18036";"";"";"54724";"GRADUAÇÃO";"Campus Central";"HUOL";"2014";"1";"2014-01-27";"2014-03-13";"234567M123456  2345T1234 (27/01/2014 - 13/03/2014)";"4";"4";"REGULAR";"f";"2014-05-05 15:39:25.032";"f";"";"0";"CONSOLIDADA";"";"Presencial";
"1222222";"02";"5755909";"";"";"54724";"GRADUAÇÃO";"Campus Central";"HUOL";"2014";"1";"2014-01-27";"2014-03-13";"234567M123456  2345T1234 (27/01/2014 - 13/03/2014)";"4";"4";"REGULAR";"f";"2014-05-05 15:39:25.032";"f";"";"0";"CONSOLIDADA";"";"Presencial";
"1222222";"02";"25441";"";"";"54724";"GRADUAÇÃO";"Campus Central";"HUOL";"2014";"1";"2014-01-27";"2014-03-13";"234567M123456  2345T1234 (27/01/2014 - 13/03/2014)";"4";"4";"REGULAR";"f";"2014-05-05 15:39:25.032";"f";"";"0";"CONSOLIDADA";"";"Presencial";
"1222222";"02";"5753102";"";"";"54724";"GRADUAÇÃO";"Campus Central";"HUOL";"2014";"1";"2014-01-27";"2014-03-13";"234567M123456  2345T1234 (27/01/2014 - 13/03/2014)";"4";"4";"REGULAR";"f";"2014-05-05 15:39:25.032";"f";"";"0";"CONSOLIDADA";"";"Presencial";
"1222222";"02";"5753062";"";"";"54724";"GRADUAÇÃO";"Campus Central";"HUOL";"2014";"1";"2014-01-27";"2014-03-13";"234567M123456  2345T1234 (27/01/2014 - 13/03/2014)";"4";"4";"REGULAR";"f";"2014-05-05 15:39:25.032";"f";"";"0";"CONSOLIDADA";"";"Presencial";
"1222222";"02";"26598";"";"";"54724";"GRADUAÇÃO";"Campus Central";"HUOL";"2014";"1";"2014-01-27";"2014-03-13";"234567M123456  2345T1234 (27/01/2014 - 13/03/2014)";"4";"4";"REGULAR";"f";"2014-05-05 15:39:25.032";"f";"";"0";"CONSOLIDADA";"";"Presencial";
"1222222";"02";"5753705";"";"";"54724";"GRADUAÇÃO";"Campus Central";"HUOL";"2014";"1";"2014-01-27";"2014-03-13";"234567M123456  2345T1234 (27/01/2014 - 13/03/2014)";"4";"4";"REGULAR";"f";"2014-05-05 15:39:25.032";"f";"";"0";"CONSOLIDADA";"";"Presencial";
"1222222";"02";"5754331";"";"";"54724";"GRADUAÇÃO";"Campus Central";"HUOL";"2014";"1";"2014-01-27";"2014-03-13";"234567M123456  2345T1234 (27/01/2014 - 13/03/2014)";"4";"4";"REGULAR";"f";"2014-05-05 15:39:25.032";"f";"";"0";"CONSOLIDADA";"";"Presencial";
"1222222";"02";"5751842";"";"";"54724";"GRADUAÇÃO";"Campus Central";"HUOL";"2014";"1";"2014-01-27";"2014-03-13";"234567M123456  2345T1234 (27/01/2014 - 13/03/2014)";"4";"4";"REGULAR";"f";"2014-05-05 15:39:25.032";"f";"";"0";"CONSOLIDADA";"";"Presencial";
"1222222";"02";"25946";"";"";"54724";"GRADUAÇÃO";"Campus Central";"HUOL";"2014";"1";"2014-01-27";"2014-03-13";"234567M123456  2345T1234 (27/01/2014 - 13/03/2014)";"4";"4";"REGULAR";"f";"2014-05-05 15:39:25.032";"f";"";"0";"CONSOLIDADA";"";"Presencial";
"1222222";"02";"5754591";"";"";"54724";"GRADUAÇÃO";"Campus Central";"HUOL";"2014";"1";"2014-01-27";"2014-03-13";"234567M123456  2345T1234 (27/01/2014 - 13/03/2014)";"4";"4";"REGULAR";"f";"2014-05-05 15:39:25.032";"f";"";"0";"CONSOLIDADA";"";"Presencial";
"1222222";"02";"5752557";"";"";"54724";"GRADUAÇÃO";"Campus Central";"HUOL";"2014";"1";"2014-01-27";"2014-03-13";"234567M123456  2345T1234 (27/01/2014 - 13/03/2014)";"4";"4";"REGULAR";"f";"2014-05-05 15:39:25.032";"f";"";"0";"CONSOLIDADA";"";"Presencial";
"1222222";"02";"63327";"";"";"54724";"GRADUAÇÃO";"Campus Central";"HUOL";"2014";"1";"2014-01-27";"2014-03-13";"234567M123456  2345T1234 (27/01/2014 - 13/03/2014)";"4";"4";"REGULAR";"f";"2014-05-05 15:39:25.032";"f";"";"0";"CONSOLIDADA";"";"Presencial";
"1222222";"02";"5753004";"";"";"54724";"GRADUAÇÃO";"Campus Central";"HUOL";"2014";"1";"2014-01-27";"2014-03-13";"234567M123456  2345T1234 (27/01/2014 - 13/03/2014)";"4";"4";"REGULAR";"f";"2014-05-05 15:39:25.032";"f";"";"0";"CONSOLIDADA";"";"Presencial";
"1222222";"02";"5752647";"";"";"54724";"GRADUAÇÃO";"Campus Central";"HUOL";"2014";"1";"2014-01-27";"2014-03-13";"234567M123456  2345T1234 (27/01/2014 - 13/03/2014)";"4";"4";"REGULAR";"f";"2014-05-05 15:39:25.032";"f";"";"0";"CONSOLIDADA";"";"Presencial";
"1222222";"02";"5755844";"";"";"54724";"GRADUAÇÃO";"Campus Central";"HUOL";"2014";"1";"2014-01-27";"2014-03-13";"234567M123456  2345T1234 (27/01/2014 - 13/03/2014)";"4";"4";"REGULAR";"f";"2014-05-05 15:39:25.032";"f";"";"0";"CONSOLIDADA";"";"Presencial";
"1222222";"02";"26521";"";"";"54724";"GRADUAÇÃO";"Campus Central";"HUOL";"2014";"1";"2014-01-27";"2014-03-13";"234567M123456  2345T1234 (27/01/2014 - 13/03/2014)";"4";"4";"REGULAR";"f";"2014-05-05 15:39:25.032";"f";"";"0";"CONSOLIDADA";"";"Presencial";
"1222222";"02";"5753913";"";"";"54724";"GRADUAÇÃO";"Campus Central";"HUOL";"2014";"1";"2014-01-27";"2014-03-13";"234567M123456  2345T1234 (27/01/2014 - 13/03/2014)";"4";"4";"REGULAR";"f";"2014-05-05 15:39:25.032";"f";"";"0";"CONSOLIDADA";"";"Presencial";
"1222222";"02";"5753380";"";"";"54724";"GRADUAÇÃO";"Campus Central";"HUOL";"2014";"1";"2014-01-27";"2014-03-13";"234567M123456  2345T1234 (27/01/2014 - 13/03/2014)";"4";"4";"REGULAR";"f";"2014-05-05 15:39:25.032";"f";"";"0";"CONSOLIDADA";"";"Presencial";
"1222222";"02";"22076";"";"";"54724";"GRADUAÇÃO";"Campus Central";"HUOL";"2014";"1";"2014-01-27";"2014-03-13";"234567M123456  2345T1234 (27/01/2014 - 13/03/2014)";"4";"4";"REGULAR";"f";"2014-05-05 15:39:25.032";"f";"";"0";"CONSOLIDADA";"";"Presencial";
"1222222";"02";"5751750";"";"";"54724";"GRADUAÇÃO";"Campus Central";"HUOL";"2014";"1";"2014-01-27";"2014-03-13";"234567M123456  2345T1234 (27/01/2014 - 13/03/2014)";"4";"4";"REGULAR";"f";"2014-05-05 15:39:25.032";"f";"";"0";"CONSOLIDADA";"";"Presencial";
"1222222";"02";"5752190";"";"";"54724";"GRADUAÇÃO";"Campus Central";"HUOL";"2014";"1";"2014-01-27";"2014-03-13";"234567M123456  2345T1234 (27/01/2014 - 13/03/2014)";"4";"4";"REGULAR";"f";"2014-05-05 15:39:25.032";"f";"";"0";"CONSOLIDADA";"";"Presencial";
"1222222";"02";"5753588";"";"";"54724";"GRADUAÇÃO";"Campus Central";"HUOL";"2014";"1";"2014-01-27";"2014-03-13";"234567M123456  2345T1234 (27/01/2014 - 13/03/2014)";"4";"4";"REGULAR";"f";"2014-05-05 15:39:25.032";"f";"";"0";"CONSOLIDADA";"";"Presencial";
"1222222";"02";"22757";"";"";"54724";"GRADUAÇÃO";"Campus Central";"HUOL";"2014";"1";"2014-01-27";"2014-03-13";"234567M123456  2345T1234 (27/01/2014 - 13/03/2014)";"4";"4";"REGULAR";"f";"2014-05-05 15:39:25.032";"f";"";"0";"CONSOLIDADA";"";"Presencial";
"1222222";"02";"5755848";"";"";"54724";"GRADUAÇÃO";"Campus Central";"HUOL";"2014";"1";"2014-01-27";"2014-03-13";"234567M123456  2345T1234 (27/01/2014 - 13/03/2014)";"4";"4";"REGULAR";"f";"2014-05-05 15:39:25.032";"f";"";"0";"CONSOLIDADA";"";"Presencial";
"1222222";"02";"5755374";"";"";"54724";"GRADUAÇÃO";"Campus Central";"HUOL";"2014";"1";"2014-01-27";"2014-03-13";"234567M123456  2345T1234 (27/01/2014 - 13/03/2014)";"4";"4";"REGULAR";"f";"2014-05-05 15:39:25.032";"f";"";"0";"CONSOLIDADA";"";"Presencial";
"1222222";"02";"5751929";"";"";"54724";"GRADUAÇÃO";"Campus Central";"HUOL";"2014";"1";"2014-01-27";"2014-03-13";"234567M123456  2345T1234 (27/01/2014 - 13/03/2014)";"4";"4";"REGULAR";"f";"2014-05-05 15:39:25.032";"f";"";"0";"CONSOLIDADA";"";"Presencial";
"1222222";"02";"5755598";"";"";"54724";"GRADUAÇÃO";"Campus Central";"HUOL";"2014";"1";"2014-01-27";"2014-03-13";"234567M123456  2345T1234 (27/01/2014 - 13/03/2014)";"4";"4";"REGULAR";"f";"2014-05-05 15:39:25.032";"f";"";"0";"CONSOLIDADA";"";"Presencial";
"1222222";"02";"22053";"";"";"54724";"GRADUAÇÃO";"Campus Central";"HUOL";"2014";"1";"2014-01-27";"2014-03-13";"234567M123456  2345T1234 (27/01/2014 - 13/03/2014)";"4";"4";"REGULAR";"f";"2014-05-05 15:39:25.032";"f";"";"0";"CONSOLIDADA";"";"Presencial";
"1222223";"02B";"17729";"";"";"2050503";"GRADUAÇÃO";"Campus Central";"Anfiteatro DBF";"2014";"1";"2014-01-27";"2014-06-14";"24M56";"26";"25";"REGULAR";"f";"2014-06-13 13:40:36.953";"f";"1222205";"72";"CONSOLIDADA";"";"Presencial";
"1222223";"02B";"26270";"";"";"2050503";"GRADUAÇÃO";"Campus Central";"Anfiteatro DBF";"2014";"1";"2014-01-27";"2014-06-14";"24M56";"26";"25";"REGULAR";"f";"2014-06-13 13:40:36.953";"f";"1222205";"72";"CONSOLIDADA";"";"Presencial";
"1222223";"02B";"26227";"";"";"2050503";"GRADUAÇÃO";"Campus Central";"Anfiteatro DBF";"2014";"1";"2014-01-27";"2014-06-14";"24M56";"26";"25";"REGULAR";"f";"2014-06-13 13:40:36.953";"f";"1222205";"72";"CONSOLIDADA";"";"Presencial";
"1222224";"03";"5753588";"";"";"54724";"GRADUAÇÃO";"Campus Central";"HUOL";"2014";"1";"2014-01-27";"2014-03-13";"234567M123456  2345T1234 (27/01/2014 - 13/03/2014)";"3";"3";"REGULAR";"f";"2014-05-05 15:40:32.483";"f";"";"0";"CONSOLIDADA";"";"Presencial";
"1222224";"03";"22053";"";"";"54724";"GRADUAÇÃO";"Campus Central";"HUOL";"2014";"1";"2014-01-27";"2014-03-13";"234567M123456  2345T1234 (27/01/2014 - 13/03/2014)";"3";"3";"REGULAR";"f";"2014-05-05 15:40:32.483";"f";"";"0";"CONSOLIDADA";"";"Presencial";
"1222224";"03";"5751929";"";"";"54724";"GRADUAÇÃO";"Campus Central";"HUOL";"2014";"1";"2014-01-27";"2014-03-13";"234567M123456  2345T1234 (27/01/2014 - 13/03/2014)";"3";"3";"REGULAR";"f";"2014-05-05 15:40:32.483";"f";"";"0";"CONSOLIDADA";"";"Presencial";
"1222224";"03";"63327";"";"";"54724";"GRADUAÇÃO";"Campus Central";"HUOL";"2014";"1";"2014-01-27";"2014-03-13";"234567M123456  2345T1234 (27/01/2014 - 13/03/2014)";"3";"3";"REGULAR";"f";"2014-05-05 15:40:32.483";"f";"";"0";"CONSOLIDADA";"";"Presencial";
"1222224";"03";"5753102";"";"";"54724";"GRADUAÇÃO";"Campus Central";"HUOL";"2014";"1";"2014-01-27";"2014-03-13";"234567M123456  2345T1234 (27/01/2014 - 13/03/2014)";"3";"3";"REGULAR";"f";"2014-05-05 15:40:32.483";"f";"";"0";"CONSOLIDADA";"";"Presencial";
"1222224";"03";"22076";"";"";"54724";"GRADUAÇÃO";"Campus Central";"HUOL";"2014";"1";"2014-01-27";"2014-03-13";"234567M123456  2345T1234 (27/01/2014 - 13/03/2014)";"3";"3";"REGULAR";"f";"2014-05-05 15:40:32.483";"f";"";"0";"CONSOLIDADA";"";"Presencial";
"1222224";"03";"5753380";"";"";"54724";"GRADUAÇÃO";"Campus Central";"HUOL";"2014";"1";"2014-01-27";"2014-03-13";"234567M123456  2345T1234 (27/01/2014 - 13/03/2014)";"3";"3";"REGULAR";"f";"2014-05-05 15:40:32.483";"f";"";"0";"CONSOLIDADA";"";"Presencial";
"1222224";"03";"25946";"";"";"54724";"GRADUAÇÃO";"Campus Central";"HUOL";"2014";"1";"2014-01-27";"2014-03-13";"234567M123456  2345T1234 (27/01/2014 - 13/03/2014)";"3";"3";"REGULAR";"f";"2014-05-05 15:40:32.483";"f";"";"0";"CONSOLIDADA";"";"Presencial";
"1222224";"03";"5755374";"";"";"54724";"GRADUAÇÃO";"Campus Central";"HUOL";"2014";"1";"2014-01-27";"2014-03-13";"234567M123456  2345T1234 (27/01/2014 - 13/03/2014)";"3";"3";"REGULAR";"f";"2014-05-05 15:40:32.483";"f";"";"0";"CONSOLIDADA";"";"Presencial";
"1222224";"03";"5755909";"";"";"54724";"GRADUAÇÃO";"Campus Central";"HUOL";"2014";"1";"2014-01-27";"2014-03-13";"234567M123456  2345T1234 (27/01/2014 - 13/03/2014)";"3";"3";"REGULAR";"f";"2014-05-05 15:40:32.483";"f";"";"0";"CONSOLIDADA";"";"Presencial";
"1222224";"03";"5751750";"";"";"54724";"GRADUAÇÃO";"Campus Central";"HUOL";"2014";"1";"2014-01-27";"2014-03-13";"234567M123456  2345T1234 (27/01/2014 - 13/03/2014)";"3";"3";"REGULAR";"f";"2014-05-05 15:40:32.483";"f";"";"0";"CONSOLIDADA";"";"Presencial";
"1222224";"03";"5752557";"";"";"54724";"GRADUAÇÃO";"Campus Central";"HUOL";"2014";"1";"2014-01-27";"2014-03-13";"234567M123456  2345T1234 (27/01/2014 - 13/03/2014)";"3";"3";"REGULAR";"f";"2014-05-05 15:40:32.483";"f";"";"0";"CONSOLIDADA";"";"Presencial";
"1222224";"03";"5751842";"";"";"54724";"GRADUAÇÃO";"Campus Central";"HUOL";"2014";"1";"2014-01-27";"2014-03-13";"234567M123456  2345T1234 (27/01/2014 - 13/03/2014)";"3";"3";"REGULAR";"f";"2014-05-05 15:40:32.483";"f";"";"0";"CONSOLIDADA";"";"Presencial";
"1222224";"03";"5753004";"";"";"54724";"GRADUAÇÃO";"Campus Central";"HUOL";"2014";"1";"2014-01-27";"2014-03-13";"234567M123456  2345T1234 (27/01/2014 - 13/03/2014)";"3";"3";"REGULAR";"f";"2014-05-05 15:40:32.483";"f";"";"0";"CONSOLIDADA";"";"Presencial";
"1222224";"03";"26598";"";"";"54724";"GRADUAÇÃO";"Campus Central";"HUOL";"2014";"1";"2014-01-27";"2014-03-13";"234567M123456  2345T1234 (27/01/2014 - 13/03/2014)";"3";"3";"REGULAR";"f";"2014-05-05 15:40:32.483";"f";"";"0";"CONSOLIDADA";"";"Presencial";
"1222224";"03";"18036";"";"";"54724";"GRADUAÇÃO";"Campus Central";"HUOL";"2014";"1";"2014-01-27";"2014-03-13";"234567M123456  2345T1234 (27/01/2014 - 13/03/2014)";"3";"3";"REGULAR";"f";"2014-05-05 15:40:32.483";"f";"";"0";"CONSOLIDADA";"";"Presencial";
"1222224";"03";"5755848";"";"";"54724";"GRADUAÇÃO";"Campus Central";"HUOL";"2014";"1";"2014-01-27";"2014-03-13";"234567M123456  2345T1234 (27/01/2014 - 13/03/2014)";"3";"3";"REGULAR";"f";"2014-05-05 15:40:32.483";"f";"";"0";"CONSOLIDADA";"";"Presencial";
"1222224";"03";"5754331";"";"";"54724";"GRADUAÇÃO";"Campus Central";"HUOL";"2014";"1";"2014-01-27";"2014-03-13";"234567M123456  2345T1234 (27/01/2014 - 13/03/2014)";"3";"3";"REGULAR";"f";"2014-05-05 15:40:32.483";"f";"";"0";"CONSOLIDADA";"";"Presencial";
"1222224";"03";"5753062";"";"";"54724";"GRADUAÇÃO";"Campus Central";"HUOL";"2014";"1";"2014-01-27";"2014-03-13";"234567M123456  2345T1234 (27/01/2014 - 13/03/2014)";"3";"3";"REGULAR";"f";"2014-05-05 15:40:32.483";"f";"";"0";"CONSOLIDADA";"";"Presencial";
"1222224";"03";"26521";"";"";"54724";"GRADUAÇÃO";"Campus Central";"HUOL";"2014";"1";"2014-01-27";"2014-03-13";"234567M123456  2345T1234 (27/01/2014 - 13/03/2014)";"3";"3";"REGULAR";"f";"2014-05-05 15:40:32.483";"f";"";"0";"CONSOLIDADA";"";"Presencial";
"1222224";"03";"5755598";"";"";"54724";"GRADUAÇÃO";"Campus Central";"HUOL";"2014";"1";"2014-01-27";"2014-03-13";"234567M123456  2345T1234 (27/01/2014 - 13/03/2014)";"3";"3";"REGULAR";"f";"2014-05-05 15:40:32.483";"f";"";"0";"CONSOLIDADA";"";"Presencial";
"1222224";"03";"5752190";"";"";"54724";"GRADUAÇÃO";"Campus Central";"HUOL";"2014";"1";"2014-01-27";"2014-03-13";"234567M123456  2345T1234 (27/01/2014 - 13/03/2014)";"3";"3";"REGULAR";"f";"2014-05-05 15:40:32.483";"f";"";"0";"CONSOLIDADA";"";"Presencial";
"1222224";"03";"5753705";"";"";"54724";"GRADUAÇÃO";"Campus Central";"HUOL";"2014";"1";"2014-01-27";"2014-03-13";"234567M123456  2345T1234 (27/01/2014 - 13/03/2014)";"3";"3";"REGULAR";"f";"2014-05-05 15:40:32.483";"f";"";"0";"CONSOLIDADA";"";"Presencial";
"1222224";"03";"5754591";"";"";"54724";"GRADUAÇÃO";"Campus Central";"HUOL";"2014";"1";"2014-01-27";"2014-03-13";"234567M123456  2345T1234 (27/01/2014 - 13/03/2014)";"3";"3";"REGULAR";"f";"2014-05-05 15:40:32.483";"f";"";"0";"CONSOLIDADA";"";"Presencial";
"1222224";"03";"5753913";"";"";"54724";"GRADUAÇÃO";"Campus Central";"HUOL";"2014";"1";"2014-01-27";"2014-03-13";"234567M123456  2345T1234 (27/01/2014 - 13/03/2014)";"3";"3";"REGULAR";"f";"2014-05-05 15:40:32.483";"f";"";"0";"CONSOLIDADA";"";"Presencial";
"1222224";"03";"22757";"";"";"54724";"GRADUAÇÃO";"Campus Central";"HUOL";"2014";"1";"2014-01-27";"2014-03-13";"234567M123456  2345T1234 (27/01/2014 - 13/03/2014)";"3";"3";"REGULAR";"f";"2014-05-05 15:40:32.483";"f";"";"0";"CONSOLIDADA";"";"Presencial";
"1222224";"03";"5755844";"";"";"54724";"GRADUAÇÃO";"Campus Central";"HUOL";"2014";"1";"2014-01-27";"2014-03-13";"234567M123456  2345T1234 (27/01/2014 - 13/03/2014)";"3";"3";"REGULAR";"f";"2014-05-05 15:40:32.483";"f";"";"0";"CONSOLIDADA";"";"Presencial";
"1222224";"03";"25441";"";"";"54724";"GRADUAÇÃO";"Campus Central";"HUOL";"2014";"1";"2014-01-27";"2014-03-13";"234567M123456  2345T1234 (27/01/2014 - 13/03/2014)";"3";"3";"REGULAR";"f";"2014-05-05 15:40:32.483";"f";"";"0";"CONSOLIDADA";"";"Presencial";
"1222224";"03";"5752647";"";"";"54724";"GRADUAÇÃO";"Campus Central";"HUOL";"2014";"1";"2014-01-27";"2014-03-13";"234567M123456  2345T1234 (27/01/2014 - 13/03/2014)";"3";"3";"REGULAR";"f";"2014-05-05 15:40:32.483";"f";"";"0";"CONSOLIDADA";"";"Presencial";
"1222225";"04";"22757";"";"";"54724";"GRADUAÇÃO";"Campus Central";"HUOL";"2014";"1";"2014-01-27";"2014-03-13";"234567M123456  2345T1234 (27/01/2014 - 13/03/2014)";"4";"4";"REGULAR";"f";"2014-05-05 15:42:16.649";"f";"";"0";"CONSOLIDADA";"";"Presencial";
"1222225";"04";"5752557";"";"";"54724";"GRADUAÇÃO";"Campus Central";"HUOL";"2014";"1";"2014-01-27";"2014-03-13";"234567M123456  2345T1234 (27/01/2014 - 13/03/2014)";"4";"4";"REGULAR";"f";"2014-05-05 15:42:16.649";"f";"";"0";"CONSOLIDADA";"";"Presencial";
"1222225";"04";"5751750";"";"";"54724";"GRADUAÇÃO";"Campus Central";"HUOL";"2014";"1";"2014-01-27";"2014-03-13";"234567M123456  2345T1234 (27/01/2014 - 13/03/2014)";"4";"4";"REGULAR";"f";"2014-05-05 15:42:16.649";"f";"";"0";"CONSOLIDADA";"";"Presencial";
"1222225";"04";"25946";"";"";"54724";"GRADUAÇÃO";"Campus Central";"HUOL";"2014";"1";"2014-01-27";"2014-03-13";"234567M123456  2345T1234 (27/01/2014 - 13/03/2014)";"4";"4";"REGULAR";"f";"2014-05-05 15:42:16.649";"f";"";"0";"CONSOLIDADA";"";"Presencial";
"1222225";"04";"26521";"";"";"54724";"GRADUAÇÃO";"Campus Central";"HUOL";"2014";"1";"2014-01-27";"2014-03-13";"234567M123456  2345T1234 (27/01/2014 - 13/03/2014)";"4";"4";"REGULAR";"f";"2014-05-05 15:42:16.649";"f";"";"0";"CONSOLIDADA";"";"Presencial";
"1222225";"04";"5751842";"";"";"54724";"GRADUAÇÃO";"Campus Central";"HUOL";"2014";"1";"2014-01-27";"2014-03-13";"234567M123456  2345T1234 (27/01/2014 - 13/03/2014)";"4";"4";"REGULAR";"f";"2014-05-05 15:42:16.649";"f";"";"0";"CONSOLIDADA";"";"Presencial";
"1222225";"04";"5753062";"";"";"54724";"GRADUAÇÃO";"Campus Central";"HUOL";"2014";"1";"2014-01-27";"2014-03-13";"234567M123456  2345T1234 (27/01/2014 - 13/03/2014)";"4";"4";"REGULAR";"f";"2014-05-05 15:42:16.649";"f";"";"0";"CONSOLIDADA";"";"Presencial";
"1222225";"04";"5755848";"";"";"54724";"GRADUAÇÃO";"Campus Central";"HUOL";"2014";"1";"2014-01-27";"2014-03-13";"234567M123456  2345T1234 (27/01/2014 - 13/03/2014)";"4";"4";"REGULAR";"f";"2014-05-05 15:42:16.649";"f";"";"0";"CONSOLIDADA";"";"Presencial";
"1222225";"04";"5755844";"";"";"54724";"GRADUAÇÃO";"Campus Central";"HUOL";"2014";"1";"2014-01-27";"2014-03-13";"234567M123456  2345T1234 (27/01/2014 - 13/03/2014)";"4";"4";"REGULAR";"f";"2014-05-05 15:42:16.649";"f";"";"0";"CONSOLIDADA";"";"Presencial";
"1222225";"04";"25441";"";"";"54724";"GRADUAÇÃO";"Campus Central";"HUOL";"2014";"1";"2014-01-27";"2014-03-13";"234567M123456  2345T1234 (27/01/2014 - 13/03/2014)";"4";"4";"REGULAR";"f";"2014-05-05 15:42:16.649";"f";"";"0";"CONSOLIDADA";"";"Presencial";
"1222225";"04";"5754331";"";"";"54724";"GRADUAÇÃO";"Campus Central";"HUOL";"2014";"1";"2014-01-27";"2014-03-13";"234567M123456  2345T1234 (27/01/2014 - 13/03/2014)";"4";"4";"REGULAR";"f";"2014-05-05 15:42:16.649";"f";"";"0";"CONSOLIDADA";"";"Presencial";
"1222225";"04";"5753588";"";"";"54724";"GRADUAÇÃO";"Campus Central";"HUOL";"2014";"1";"2014-01-27";"2014-03-13";"234567M123456  2345T1234 (27/01/2014 - 13/03/2014)";"4";"4";"REGULAR";"f";"2014-05-05 15:42:16.649";"f";"";"0";"CONSOLIDADA";"";"Presencial";
"1222225";"04";"22076";"";"";"54724";"GRADUAÇÃO";"Campus Central";"HUOL";"2014";"1";"2014-01-27";"2014-03-13";"234567M123456  2345T1234 (27/01/2014 - 13/03/2014)";"4";"4";"REGULAR";"f";"2014-05-05 15:42:16.649";"f";"";"0";"CONSOLIDADA";"";"Presencial";
"1222225";"04";"63327";"";"";"54724";"GRADUAÇÃO";"Campus Central";"HUOL";"2014";"1";"2014-01-27";"2014-03-13";"234567M123456  2345T1234 (27/01/2014 - 13/03/2014)";"4";"4";"REGULAR";"f";"2014-05-05 15:42:16.649";"f";"";"0";"CONSOLIDADA";"";"Presencial";
"1222225";"04";"5753380";"";"";"54724";"GRADUAÇÃO";"Campus Central";"HUOL";"2014";"1";"2014-01-27";"2014-03-13";"234567M123456  2345T1234 (27/01/2014 - 13/03/2014)";"4";"4";"REGULAR";"f";"2014-05-05 15:42:16.649";"f";"";"0";"CONSOLIDADA";"";"Presencial";
"1222225";"04";"18036";"";"";"54724";"GRADUAÇÃO";"Campus Central";"HUOL";"2014";"1";"2014-01-27";"2014-03-13";"234567M123456  2345T1234 (27/01/2014 - 13/03/2014)";"4";"4";"REGULAR";"f";"2014-05-05 15:42:16.649";"f";"";"0";"CONSOLIDADA";"";"Presencial";
"1222225";"04";"5753705";"";"";"54724";"GRADUAÇÃO";"Campus Central";"HUOL";"2014";"1";"2014-01-27";"2014-03-13";"234567M123456  2345T1234 (27/01/2014 - 13/03/2014)";"4";"4";"REGULAR";"f";"2014-05-05 15:42:16.649";"f";"";"0";"CONSOLIDADA";"";"Presencial";
"1222225";"04";"5755374";"";"";"54724";"GRADUAÇÃO";"Campus Central";"HUOL";"2014";"1";"2014-01-27";"2014-03-13";"234567M123456  2345T1234 (27/01/2014 - 13/03/2014)";"4";"4";"REGULAR";"f";"2014-05-05 15:42:16.649";"f";"";"0";"CONSOLIDADA";"";"Presencial";
"1222225";"04";"22053";"";"";"54724";"GRADUAÇÃO";"Campus Central";"HUOL";"2014";"1";"2014-01-27";"2014-03-13";"234567M123456  2345T1234 (27/01/2014 - 13/03/2014)";"4";"4";"REGULAR";"f";"2014-05-05 15:42:16.649";"f";"";"0";"CONSOLIDADA";"";"Presencial";
"1222225";"04";"5752647";"";"";"54724";"GRADUAÇÃO";"Campus Central";"HUOL";"2014";"1";"2014-01-27";"2014-03-13";"234567M123456  2345T1234 (27/01/2014 - 13/03/2014)";"4";"4";"REGULAR";"f";"2014-05-05 15:42:16.649";"f";"";"0";"CONSOLIDADA";"";"Presencial";
"1222225";"04";"5752190";"";"";"54724";"GRADUAÇÃO";"Campus Central";"HUOL";"2014";"1";"2014-01-27";"2014-03-13";"234567M123456  2345T1234 (27/01/2014 - 13/03/2014)";"4";"4";"REGULAR";"f";"2014-05-05 15:42:16.649";"f";"";"0";"CONSOLIDADA";"";"Presencial";
"1222225";"04";"5753004";"";"";"54724";"GRADUAÇÃO";"Campus Central";"HUOL";"2014";"1";"2014-01-27";"2014-03-13";"234567M123456  2345T1234 (27/01/2014 - 13/03/2014)";"4";"4";"REGULAR";"f";"2014-05-05 15:42:16.649";"f";"";"0";"CONSOLIDADA";"";"Presencial";
"1222225";"04";"5755598";"";"";"54724";"GRADUAÇÃO";"Campus Central";"HUOL";"2014";"1";"2014-01-27";"2014-03-13";"234567M123456  2345T1234 (27/01/2014 - 13/03/2014)";"4";"4";"REGULAR";"f";"2014-05-05 15:42:16.649";"f";"";"0";"CONSOLIDADA";"";"Presencial";
"1222225";"04";"26598";"";"";"54724";"GRADUAÇÃO";"Campus Central";"HUOL";"2014";"1";"2014-01-27";"2014-03-13";"234567M123456  2345T1234 (27/01/2014 - 13/03/2014)";"4";"4";"REGULAR";"f";"2014-05-05 15:42:16.649";"f";"";"0";"CONSOLIDADA";"";"Presencial";
"1222225";"04";"5755909";"";"";"54724";"GRADUAÇÃO";"Campus Central";"HUOL";"2014";"1";"2014-01-27";"2014-03-13";"234567M123456  2345T1234 (27/01/2014 - 13/03/2014)";"4";"4";"REGULAR";"f";"2014-05-05 15:42:16.649";"f";"";"0";"CONSOLIDADA";"";"Presencial";
"1222225";"04";"5754591";"";"";"54724";"GRADUAÇÃO";"Campus Central";"HUOL";"2014";"1";"2014-01-27";"2014-03-13";"234567M123456  2345T1234 (27/01/2014 - 13/03/2014)";"4";"4";"REGULAR";"f";"2014-05-05 15:42:16.649";"f";"";"0";"CONSOLIDADA";"";"Presencial";
"1222225";"04";"5751929";"";"";"54724";"GRADUAÇÃO";"Campus Central";"HUOL";"2014";"1";"2014-01-27";"2014-03-13";"234567M123456  2345T1234 (27/01/2014 - 13/03/2014)";"4";"4";"REGULAR";"f";"2014-05-05 15:42:16.649";"f";"";"0";"CONSOLIDADA";"";"Presencial";
"1222225";"04";"5753913";"";"";"54724";"GRADUAÇÃO";"Campus Central";"HUOL";"2014";"1";"2014-01-27";"2014-03-13";"234567M123456  2345T1234 (27/01/2014 - 13/03/2014)";"4";"4";"REGULAR";"f";"2014-05-05 15:42:16.649";"f";"";"0";"CONSOLIDADA";"";"Presencial";
"1222225";"04";"5753102";"";"";"54724";"GRADUAÇÃO";"Campus Central";"HUOL";"2014";"1";"2014-01-27";"2014-03-13";"234567M123456  2345T1234 (27/01/2014 - 13/03/2014)";"4";"4";"REGULAR";"f";"2014-05-05 15:42:16.649";"f";"";"0";"CONSOLIDADA";"";"Presencial";
"1222226";"02";"5756709";"";"";"25536";"GRADUAÇÃO";"Campus Central";"2B1";"2014";"1";"2014-01-27";"2014-06-14";"46T12";"5";"45";"REGULAR";"f";"2014-06-12 20:17:21.025";"f";"";"68";"CONSOLIDADA";"";"Presencial";
"1222227";"05";"5751750";"";"";"54724";"GRADUAÇÃO";"Campus Central";"HUOL";"2014";"1";"2014-01-27";"2014-03-13";"234567M123456  2345T1234 (27/01/2014 - 13/03/2014)";"";"4";"REGULAR";"f";"2014-06-11 23:39:20.178";"f";"";"0";"CONSOLIDADA";"";"Presencial";
"1222227";"05";"5753380";"";"";"54724";"GRADUAÇÃO";"Campus Central";"HUOL";"2014";"1";"2014-01-27";"2014-03-13";"234567M123456  2345T1234 (27/01/2014 - 13/03/2014)";"";"4";"REGULAR";"f";"2014-06-11 23:39:20.178";"f";"";"0";"CONSOLIDADA";"";"Presencial";
"1222227";"05";"5754591";"";"";"54724";"GRADUAÇÃO";"Campus Central";"HUOL";"2014";"1";"2014-01-27";"2014-03-13";"234567M123456  2345T1234 (27/01/2014 - 13/03/2014)";"";"4";"REGULAR";"f";"2014-06-11 23:39:20.178";"f";"";"0";"CONSOLIDADA";"";"Presencial";
"1222227";"05";"5751842";"";"";"54724";"GRADUAÇÃO";"Campus Central";"HUOL";"2014";"1";"2014-01-27";"2014-03-13";"234567M123456  2345T1234 (27/01/2014 - 13/03/2014)";"";"4";"REGULAR";"f";"2014-06-11 23:39:20.178";"f";"";"0";"CONSOLIDADA";"";"Presencial";
"1222227";"05";"25946";"";"";"54724";"GRADUAÇÃO";"Campus Central";"HUOL";"2014";"1";"2014-01-27";"2014-03-13";"234567M123456  2345T1234 (27/01/2014 - 13/03/2014)";"";"4";"REGULAR";"f";"2014-06-11 23:39:20.178";"f";"";"0";"CONSOLIDADA";"";"Presencial";
"1222227";"05";"26598";"";"";"54724";"GRADUAÇÃO";"Campus Central";"HUOL";"2014";"1";"2014-01-27";"2014-03-13";"234567M123456  2345T1234 (27/01/2014 - 13/03/2014)";"";"4";"REGULAR";"f";"2014-06-11 23:39:20.178";"f";"";"0";"CONSOLIDADA";"";"Presencial";
"1222227";"05";"63327";"";"";"54724";"GRADUAÇÃO";"Campus Central";"HUOL";"2014";"1";"2014-01-27";"2014-03-13";"234567M123456  2345T1234 (27/01/2014 - 13/03/2014)";"";"4";"REGULAR";"f";"2014-06-11 23:39:20.178";"f";"";"0";"CONSOLIDADA";"";"Presencial";
"1222227";"05";"5755598";"";"";"54724";"GRADUAÇÃO";"Campus Central";"HUOL";"2014";"1";"2014-01-27";"2014-03-13";"234567M123456  2345T1234 (27/01/2014 - 13/03/2014)";"";"4";"REGULAR";"f";"2014-06-11 23:39:20.178";"f";"";"0";"CONSOLIDADA";"";"Presencial";
"1222227";"05";"5751929";"";"";"54724";"GRADUAÇÃO";"Campus Central";"HUOL";"2014";"1";"2014-01-27";"2014-03-13";"234567M123456  2345T1234 (27/01/2014 - 13/03/2014)";"";"4";"REGULAR";"f";"2014-06-11 23:39:20.178";"f";"";"0";"CONSOLIDADA";"";"Presencial";
"1222227";"05";"5755844";"";"";"54724";"GRADUAÇÃO";"Campus Central";"HUOL";"2014";"1";"2014-01-27";"2014-03-13";"234567M123456  2345T1234 (27/01/2014 - 13/03/2014)";"";"4";"REGULAR";"f";"2014-06-11 23:39:20.178";"f";"";"0";"CONSOLIDADA";"";"Presencial";
"1222227";"05";"5753102";"";"";"54724";"GRADUAÇÃO";"Campus Central";"HUOL";"2014";"1";"2014-01-27";"2014-03-13";"234567M123456  2345T1234 (27/01/2014 - 13/03/2014)";"";"4";"REGULAR";"f";"2014-06-11 23:39:20.178";"f";"";"0";"CONSOLIDADA";"";"Presencial";
"1222227";"05";"18036";"";"";"54724";"GRADUAÇÃO";"Campus Central";"HUOL";"2014";"1";"2014-01-27";"2014-03-13";"234567M123456  2345T1234 (27/01/2014 - 13/03/2014)";"";"4";"REGULAR";"f";"2014-06-11 23:39:20.178";"f";"";"0";"CONSOLIDADA";"";"Presencial";
"1222227";"05";"26521";"";"";"54724";"GRADUAÇÃO";"Campus Central";"HUOL";"2014";"1";"2014-01-27";"2014-03-13";"234567M123456  2345T1234 (27/01/2014 - 13/03/2014)";"";"4";"REGULAR";"f";"2014-06-11 23:39:20.178";"f";"";"0";"CONSOLIDADA";"";"Presencial";
"1222227";"05";"5755374";"";"";"54724";"GRADUAÇÃO";"Campus Central";"HUOL";"2014";"1";"2014-01-27";"2014-03-13";"234567M123456  2345T1234 (27/01/2014 - 13/03/2014)";"";"4";"REGULAR";"f";"2014-06-11 23:39:20.178";"f";"";"0";"CONSOLIDADA";"";"Presencial";
"1222227";"05";"22053";"";"";"54724";"GRADUAÇÃO";"Campus Central";"HUOL";"2014";"1";"2014-01-27";"2014-03-13";"234567M123456  2345T1234 (27/01/2014 - 13/03/2014)";"";"4";"REGULAR";"f";"2014-06-11 23:39:20.178";"f";"";"0";"CONSOLIDADA";"";"Presencial";
"1222227";"05";"5753062";"";"";"54724";"GRADUAÇÃO";"Campus Central";"HUOL";"2014";"1";"2014-01-27";"2014-03-13";"234567M123456  2345T1234 (27/01/2014 - 13/03/2014)";"";"4";"REGULAR";"f";"2014-06-11 23:39:20.178";"f";"";"0";"CONSOLIDADA";"";"Presencial";
"1222227";"05";"5752647";"";"";"54724";"GRADUAÇÃO";"Campus Central";"HUOL";"2014";"1";"2014-01-27";"2014-03-13";"234567M123456  2345T1234 (27/01/2014 - 13/03/2014)";"";"4";"REGULAR";"f";"2014-06-11 23:39:20.178";"f";"";"0";"CONSOLIDADA";"";"Presencial";
"1222227";"05";"5753004";"";"";"54724";"GRADUAÇÃO";"Campus Central";"HUOL";"2014";"1";"2014-01-27";"2014-03-13";"234567M123456  2345T1234 (27/01/2014 - 13/03/2014)";"";"4";"REGULAR";"f";"2014-06-11 23:39:20.178";"f";"";"0";"CONSOLIDADA";"";"Presencial";
"1222227";"05";"5755848";"";"";"54724";"GRADUAÇÃO";"Campus Central";"HUOL";"2014";"1";"2014-01-27";"2014-03-13";"234567M123456  2345T1234 (27/01/2014 - 13/03/2014)";"";"4";"REGULAR";"f";"2014-06-11 23:39:20.178";"f";"";"0";"CONSOLIDADA";"";"Presencial";
"1222227";"05";"5753705";"";"";"54724";"GRADUAÇÃO";"Campus Central";"HUOL";"2014";"1";"2014-01-27";"2014-03-13";"234567M123456  2345T1234 (27/01/2014 - 13/03/2014)";"";"4";"REGULAR";"f";"2014-06-11 23:39:20.178";"f";"";"0";"CONSOLIDADA";"";"Presencial";
"1222227";"05";"25441";"";"";"54724";"GRADUAÇÃO";"Campus Central";"HUOL";"2014";"1";"2014-01-27";"2014-03-13";"234567M123456  2345T1234 (27/01/2014 - 13/03/2014)";"";"4";"REGULAR";"f";"2014-06-11 23:39:20.178";"f";"";"0";"CONSOLIDADA";"";"Presencial";
"1222227";"05";"5754331";"";"";"54724";"GRADUAÇÃO";"Campus Central";"HUOL";"2014";"1";"2014-01-27";"2014-03-13";"234567M123456  2345T1234 (27/01/2014 - 13/03/2014)";"";"4";"REGULAR";"f";"2014-06-11 23:39:20.178";"f";"";"0";"CONSOLIDADA";"";"Presencial";
"1222227";"05";"5752557";"";"";"54724";"GRADUAÇÃO";"Campus Central";"HUOL";"2014";"1";"2014-01-27";"2014-03-13";"234567M123456  2345T1234 (27/01/2014 - 13/03/2014)";"";"4";"REGULAR";"f";"2014-06-11 23:39:20.178";"f";"";"0";"CONSOLIDADA";"";"Presencial";
"1222227";"05";"22076";"";"";"54724";"GRADUAÇÃO";"Campus Central";"HUOL";"2014";"1";"2014-01-27";"2014-03-13";"234567M123456  2345T1234 (27/01/2014 - 13/03/2014)";"";"4";"REGULAR";"f";"2014-06-11 23:39:20.178";"f";"";"0";"CONSOLIDADA";"";"Presencial";
"1222227";"05";"22757";"";"";"54724";"GRADUAÇÃO";"Campus Central";"HUOL";"2014";"1";"2014-01-27";"2014-03-13";"234567M123456  2345T1234 (27/01/2014 - 13/03/2014)";"";"4";"REGULAR";"f";"2014-06-11 23:39:20.178";"f";"";"0";"CONSOLIDADA";"";"Presencial";
"1222227";"05";"5752190";"";"";"54724";"GRADUAÇÃO";"Campus Central";"HUOL";"2014";"1";"2014-01-27";"2014-03-13";"234567M123456  2345T1234 (27/01/2014 - 13/03/2014)";"";"4";"REGULAR";"f";"2014-06-11 23:39:20.178";"f";"";"0";"CONSOLIDADA";"";"Presencial";
"1222227";"05";"5753913";"";"";"54724";"GRADUAÇÃO";"Campus Central";"HUOL";"2014";"1";"2014-01-27";"2014-03-13";"234567M123456  2345T1234 (27/01/2014 - 13/03/2014)";"";"4";"REGULAR";"f";"2014-06-11 23:39:20.178";"f";"";"0";"CONSOLIDADA";"";"Presencial";
"1222227";"05";"5753588";"";"";"54724";"GRADUAÇÃO";"Campus Central";"HUOL";"2014";"1";"2014-01-27";"2014-03-13";"234567M123456  2345T1234 (27/01/2014 - 13/03/2014)";"";"4";"REGULAR";"f";"2014-06-11 23:39:20.178";"f";"";"0";"CONSOLIDADA";"";"Presencial";
"1222227";"05";"5755909";"";"";"54724";"GRADUAÇÃO";"Campus Central";"HUOL";"2014";"1";"2014-01-27";"2014-03-13";"234567M123456  2345T1234 (27/01/2014 - 13/03/2014)";"";"4";"REGULAR";"f";"2014-06-11 23:39:20.178";"f";"";"0";"CONSOLIDADA";"";"Presencial";
"1222228";"06";"5753004";"";"";"54724";"GRADUAÇÃO";"Campus Central";"HUOL";"2014";"1";"2014-03-14";"2014-04-28";"234567M123456  2345T1234 (14/03/2014 - 28/04/2014)";"4";"4";"REGULAR";"f";"2014-05-26 22:24:58.929";"f";"";"0";"CONSOLIDADA";"";"Presencial";
"1222228";"06";"5752647";"";"";"54724";"GRADUAÇÃO";"Campus Central";"HUOL";"2014";"1";"2014-03-14";"2014-04-28";"234567M123456  2345T1234 (14/03/2014 - 28/04/2014)";"4";"4";"REGULAR";"f";"2014-05-26 22:24:58.929";"f";"";"0";"CONSOLIDADA";"";"Presencial";
"1222228";"06";"5753588";"";"";"54724";"GRADUAÇÃO";"Campus Central";"HUOL";"2014";"1";"2014-03-14";"2014-04-28";"234567M123456  2345T1234 (14/03/2014 - 28/04/2014)";"4";"4";"REGULAR";"f";"2014-05-26 22:24:58.929";"f";"";"0";"CONSOLIDADA";"";"Presencial";
"1222228";"06";"5755844";"";"";"54724";"GRADUAÇÃO";"Campus Central";"HUOL";"2014";"1";"2014-03-14";"2014-04-28";"234567M123456  2345T1234 (14/03/2014 - 28/04/2014)";"4";"4";"REGULAR";"f";"2014-05-26 22:24:58.929";"f";"";"0";"CONSOLIDADA";"";"Presencial";
"1222228";"06";"5753380";"";"";"54724";"GRADUAÇÃO";"Campus Central";"HUOL";"2014";"1";"2014-03-14";"2014-04-28";"234567M123456  2345T1234 (14/03/2014 - 28/04/2014)";"4";"4";"REGULAR";"f";"2014-05-26 22:24:58.929";"f";"";"0";"CONSOLIDADA";"";"Presencial";
"1222228";"06";"5755848";"";"";"54724";"GRADUAÇÃO";"Campus Central";"HUOL";"2014";"1";"2014-03-14";"2014-04-28";"234567M123456  2345T1234 (14/03/2014 - 28/04/2014)";"4";"4";"REGULAR";"f";"2014-05-26 22:24:58.929";"f";"";"0";"CONSOLIDADA";"";"Presencial";
"1222228";"06";"5755374";"";"";"54724";"GRADUAÇÃO";"Campus Central";"HUOL";"2014";"1";"2014-03-14";"2014-04-28";"234567M123456  2345T1234 (14/03/2014 - 28/04/2014)";"4";"4";"REGULAR";"f";"2014-05-26 22:24:58.929";"f";"";"0";"CONSOLIDADA";"";"Presencial";
"1222228";"06";"5751842";"";"";"54724";"GRADUAÇÃO";"Campus Central";"HUOL";"2014";"1";"2014-03-14";"2014-04-28";"234567M123456  2345T1234 (14/03/2014 - 28/04/2014)";"4";"4";"REGULAR";"f";"2014-05-26 22:24:58.929";"f";"";"0";"CONSOLIDADA";"";"Presencial";
"1222228";"06";"26521";"";"";"54724";"GRADUAÇÃO";"Campus Central";"HUOL";"2014";"1";"2014-03-14";"2014-04-28";"234567M123456  2345T1234 (14/03/2014 - 28/04/2014)";"4";"4";"REGULAR";"f";"2014-05-26 22:24:58.929";"f";"";"0";"CONSOLIDADA";"";"Presencial";
"1222228";"06";"63327";"";"";"54724";"GRADUAÇÃO";"Campus Central";"HUOL";"2014";"1";"2014-03-14";"2014-04-28";"234567M123456  2345T1234 (14/03/2014 - 28/04/2014)";"4";"4";"REGULAR";"f";"2014-05-26 22:24:58.929";"f";"";"0";"CONSOLIDADA";"";"Presencial";
"1222228";"06";"25946";"";"";"54724";"GRADUAÇÃO";"Campus Central";"HUOL";"2014";"1";"2014-03-14";"2014-04-28";"234567M123456  2345T1234 (14/03/2014 - 28/04/2014)";"4";"4";"REGULAR";"f";"2014-05-26 22:24:58.929";"f";"";"0";"CONSOLIDADA";"";"Presencial";
"1222228";"06";"5751750";"";"";"54724";"GRADUAÇÃO";"Campus Central";"HUOL";"2014";"1";"2014-03-14";"2014-04-28";"234567M123456  2345T1234 (14/03/2014 - 28/04/2014)";"4";"4";"REGULAR";"f";"2014-05-26 22:24:58.929";"f";"";"0";"CONSOLIDADA";"";"Presencial";
"1222228";"06";"18036";"";"";"54724";"GRADUAÇÃO";"Campus Central";"HUOL";"2014";"1";"2014-03-14";"2014-04-28";"234567M123456  2345T1234 (14/03/2014 - 28/04/2014)";"4";"4";"REGULAR";"f";"2014-05-26 22:24:58.929";"f";"";"0";"CONSOLIDADA";"";"Presencial";
"1222228";"06";"5752190";"";"";"54724";"GRADUAÇÃO";"Campus Central";"HUOL";"2014";"1";"2014-03-14";"2014-04-28";"234567M123456  2345T1234 (14/03/2014 - 28/04/2014)";"4";"4";"REGULAR";"f";"2014-05-26 22:24:58.929";"f";"";"0";"CONSOLIDADA";"";"Presencial";
"1222228";"06";"22053";"";"";"54724";"GRADUAÇÃO";"Campus Central";"HUOL";"2014";"1";"2014-03-14";"2014-04-28";"234567M123456  2345T1234 (14/03/2014 - 28/04/2014)";"4";"4";"REGULAR";"f";"2014-05-26 22:24:58.929";"f";"";"0";"CONSOLIDADA";"";"Presencial";
"1222228";"06";"5753705";"";"";"54724";"GRADUAÇÃO";"Campus Central";"HUOL";"2014";"1";"2014-03-14";"2014-04-28";"234567M123456  2345T1234 (14/03/2014 - 28/04/2014)";"4";"4";"REGULAR";"f";"2014-05-26 22:24:58.929";"f";"";"0";"CONSOLIDADA";"";"Presencial";
"1222228";"06";"5755909";"";"";"54724";"GRADUAÇÃO";"Campus Central";"HUOL";"2014";"1";"2014-03-14";"2014-04-28";"234567M123456  2345T1234 (14/03/2014 - 28/04/2014)";"4";"4";"REGULAR";"f";"2014-05-26 22:24:58.929";"f";"";"0";"CONSOLIDADA";"";"Presencial";
"1222228";"06";"22757";"";"";"54724";"GRADUAÇÃO";"Campus Central";"HUOL";"2014";"1";"2014-03-14";"2014-04-28";"234567M123456  2345T1234 (14/03/2014 - 28/04/2014)";"4";"4";"REGULAR";"f";"2014-05-26 22:24:58.929";"f";"";"0";"CONSOLIDADA";"";"Presencial";
"1222228";"06";"5754591";"";"";"54724";"GRADUAÇÃO";"Campus Central";"HUOL";"2014";"1";"2014-03-14";"2014-04-28";"234567M123456  2345T1234 (14/03/2014 - 28/04/2014)";"4";"4";"REGULAR";"f";"2014-05-26 22:24:58.929";"f";"";"0";"CONSOLIDADA";"";"Presencial";
"1222228";"06";"5754331";"";"";"54724";"GRADUAÇÃO";"Campus Central";"HUOL";"2014";"1";"2014-03-14";"2014-04-28";"234567M123456  2345T1234 (14/03/2014 - 28/04/2014)";"4";"4";"REGULAR";"f";"2014-05-26 22:24:58.929";"f";"";"0";"CONSOLIDADA";"";"Presencial";
"1222228";"06";"22076";"";"";"54724";"GRADUAÇÃO";"Campus Central";"HUOL";"2014";"1";"2014-03-14";"2014-04-28";"234567M123456  2345T1234 (14/03/2014 - 28/04/2014)";"4";"4";"REGULAR";"f";"2014-05-26 22:24:58.929";"f";"";"0";"CONSOLIDADA";"";"Presencial";
"1222228";"06";"5753062";"";"";"54724";"GRADUAÇÃO";"Campus Central";"HUOL";"2014";"1";"2014-03-14";"2014-04-28";"234567M123456  2345T1234 (14/03/2014 - 28/04/2014)";"4";"4";"REGULAR";"f";"2014-05-26 22:24:58.929";"f";"";"0";"CONSOLIDADA";"";"Presencial";
"1222228";"06";"25441";"";"";"54724";"GRADUAÇÃO";"Campus Central";"HUOL";"2014";"1";"2014-03-14";"2014-04-28";"234567M123456  2345T1234 (14/03/2014 - 28/04/2014)";"4";"4";"REGULAR";"f";"2014-05-26 22:24:58.929";"f";"";"0";"CONSOLIDADA";"";"Presencial";
"1222228";"06";"5755598";"";"";"54724";"GRADUAÇÃO";"Campus Central";"HUOL";"2014";"1";"2014-03-14";"2014-04-28";"234567M123456  2345T1234 (14/03/2014 - 28/04/2014)";"4";"4";"REGULAR";"f";"2014-05-26 22:24:58.929";"f";"";"0";"CONSOLIDADA";"";"Presencial";
"1222228";"06";"5752557";"";"";"54724";"GRADUAÇÃO";"Campus Central";"HUOL";"2014";"1";"2014-03-14";"2014-04-28";"234567M123456  2345T1234 (14/03/2014 - 28/04/2014)";"4";"4";"REGULAR";"f";"2014-05-26 22:24:58.929";"f";"";"0";"CONSOLIDADA";"";"Presencial";
"1222228";"06";"5753102";"";"";"54724";"GRADUAÇÃO";"Campus Central";"HUOL";"2014";"1";"2014-03-14";"2014-04-28";"234567M123456  2345T1234 (14/03/2014 - 28/04/2014)";"4";"4";"REGULAR";"f";"2014-05-26 22:24:58.929";"f";"";"0";"CONSOLIDADA";"";"Presencial";
"1222228";"06";"5751929";"";"";"54724";"GRADUAÇÃO";"Campus Central";"HUOL";"2014";"1";"2014-03-14";"2014-04-28";"234567M123456  2345T1234 (14/03/2014 - 28/04/2014)";"4";"4";"REGULAR";"f";"2014-05-26 22:24:58.929";"f";"";"0";"CONSOLIDADA";"";"Presencial";
"1222228";"06";"5753913";"";"";"54724";"GRADUAÇÃO";"Campus Central";"HUOL";"2014";"1";"2014-03-14";"2014-04-28";"234567M123456  2345T1234 (14/03/2014 - 28/04/2014)";"4";"4";"REGULAR";"f";"2014-05-26 22:24:58.929";"f";"";"0";"CONSOLIDADA";"";"Presencial";
"1222228";"06";"26598";"";"";"54724";"GRADUAÇÃO";"Campus Central";"HUOL";"2014";"1";"2014-03-14";"2014-04-28";"234567M123456  2345T1234 (14/03/2014 - 28/04/2014)";"4";"4";"REGULAR";"f";"2014-05-26 22:24:58.929";"f";"";"0";"CONSOLIDADA";"";"Presencial";
"1222229";"03";"5756709";"";"";"25536";"GRADUAÇÃO";"Campus Central";"Terça 2H7; Quinta 2H2";"2014";"1";"2014-01-27";"2014-06-14";"35N12";"46";"45";"REGULAR";"f";"2014-06-14 22:56:09.783";"f";"";"70";"CONSOLIDADA";"";"Presencial";
"1222230";"07";"5753588";"";"";"54724";"GRADUAÇÃO";"Campus Central";"HUOL";"2014";"1";"2014-03-14";"2014-04-28";"234567M123456  2345T1234 (14/03/2014 - 28/04/2014)";"3";"3";"REGULAR";"f";"2014-04-28 14:03:24.944";"f";"";"0";"CONSOLIDADA";"";"Presencial";
"1222230";"07";"63327";"";"";"54724";"GRADUAÇÃO";"Campus Central";"HUOL";"2014";"1";"2014-03-14";"2014-04-28";"234567M123456  2345T1234 (14/03/2014 - 28/04/2014)";"3";"3";"REGULAR";"f";"2014-04-28 14:03:24.944";"f";"";"0";"CONSOLIDADA";"";"Presencial";
"1222230";"07";"5755909";"";"";"54724";"GRADUAÇÃO";"Campus Central";"HUOL";"2014";"1";"2014-03-14";"2014-04-28";"234567M123456  2345T1234 (14/03/2014 - 28/04/2014)";"3";"3";"REGULAR";"f";"2014-04-28 14:03:24.944";"f";"";"0";"CONSOLIDADA";"";"Presencial";
"1222230";"07";"25946";"";"";"54724";"GRADUAÇÃO";"Campus Central";"HUOL";"2014";"1";"2014-03-14";"2014-04-28";"234567M123456  2345T1234 (14/03/2014 - 28/04/2014)";"3";"3";"REGULAR";"f";"2014-04-28 14:03:24.944";"f";"";"0";"CONSOLIDADA";"";"Presencial";
"1222230";"07";"5754331";"";"";"54724";"GRADUAÇÃO";"Campus Central";"HUOL";"2014";"1";"2014-03-14";"2014-04-28";"234567M123456  2345T1234 (14/03/2014 - 28/04/2014)";"3";"3";"REGULAR";"f";"2014-04-28 14:03:24.944";"f";"";"0";"CONSOLIDADA";"";"Presencial";
"1222230";"07";"18036";"";"";"54724";"GRADUAÇÃO";"Campus Central";"HUOL";"2014";"1";"2014-03-14";"2014-04-28";"234567M123456  2345T1234 (14/03/2014 - 28/04/2014)";"3";"3";"REGULAR";"f";"2014-04-28 14:03:24.944";"f";"";"0";"CONSOLIDADA";"";"Presencial";
"1222230";"07";"26521";"";"";"54724";"GRADUAÇÃO";"Campus Central";"HUOL";"2014";"1";"2014-03-14";"2014-04-28";"234567M123456  2345T1234 (14/03/2014 - 28/04/2014)";"3";"3";"REGULAR";"f";"2014-04-28 14:03:24.944";"f";"";"0";"CONSOLIDADA";"";"Presencial";
"1222230";"07";"5753102";"";"";"54724";"GRADUAÇÃO";"Campus Central";"HUOL";"2014";"1";"2014-03-14";"2014-04-28";"234567M123456  2345T1234 (14/03/2014 - 28/04/2014)";"3";"3";"REGULAR";"f";"2014-04-28 14:03:24.944";"f";"";"0";"CONSOLIDADA";"";"Presencial";
"1222230";"07";"5752190";"";"";"54724";"GRADUAÇÃO";"Campus Central";"HUOL";"2014";"1";"2014-03-14";"2014-04-28";"234567M123456  2345T1234 (14/03/2014 - 28/04/2014)";"3";"3";"REGULAR";"f";"2014-04-28 14:03:24.944";"f";"";"0";"CONSOLIDADA";"";"Presencial";
"1222230";"07";"22053";"";"";"54724";"GRADUAÇÃO";"Campus Central";"HUOL";"2014";"1";"2014-03-14";"2014-04-28";"234567M123456  2345T1234 (14/03/2014 - 28/04/2014)";"3";"3";"REGULAR";"f";"2014-04-28 14:03:24.944";"f";"";"0";"CONSOLIDADA";"";"Presencial";
"1222230";"07";"5755598";"";"";"54724";"GRADUAÇÃO";"Campus Central";"HUOL";"2014";"1";"2014-03-14";"2014-04-28";"234567M123456  2345T1234 (14/03/2014 - 28/04/2014)";"3";"3";"REGULAR";"f";"2014-04-28 14:03:24.944";"f";"";"0";"CONSOLIDADA";"";"Presencial";
"1222230";"07";"5751842";"";"";"54724";"GRADUAÇÃO";"Campus Central";"HUOL";"2014";"1";"2014-03-14";"2014-04-28";"234567M123456  2345T1234 (14/03/2014 - 28/04/2014)";"3";"3";"REGULAR";"f";"2014-04-28 14:03:24.944";"f";"";"0";"CONSOLIDADA";"";"Presencial";
"1222230";"07";"5751750";"";"";"54724";"GRADUAÇÃO";"Campus Central";"HUOL";"2014";"1";"2014-03-14";"2014-04-28";"234567M123456  2345T1234 (14/03/2014 - 28/04/2014)";"3";"3";"REGULAR";"f";"2014-04-28 14:03:24.944";"f";"";"0";"CONSOLIDADA";"";"Presencial";
"1222230";"07";"5755844";"";"";"54724";"GRADUAÇÃO";"Campus Central";"HUOL";"2014";"1";"2014-03-14";"2014-04-28";"234567M123456  2345T1234 (14/03/2014 - 28/04/2014)";"3";"3";"REGULAR";"f";"2014-04-28 14:03:24.944";"f";"";"0";"CONSOLIDADA";"";"Presencial";
"1222230";"07";"5755848";"";"";"54724";"GRADUAÇÃO";"Campus Central";"HUOL";"2014";"1";"2014-03-14";"2014-04-28";"234567M123456  2345T1234 (14/03/2014 - 28/04/2014)";"3";"3";"REGULAR";"f";"2014-04-28 14:03:24.944";"f";"";"0";"CONSOLIDADA";"";"Presencial";
"1222230";"07";"22757";"";"";"54724";"GRADUAÇÃO";"Campus Central";"HUOL";"2014";"1";"2014-03-14";"2014-04-28";"234567M123456  2345T1234 (14/03/2014 - 28/04/2014)";"3";"3";"REGULAR";"f";"2014-04-28 14:03:24.944";"f";"";"0";"CONSOLIDADA";"";"Presencial";
"1222230";"07";"5751929";"";"";"54724";"GRADUAÇÃO";"Campus Central";"HUOL";"2014";"1";"2014-03-14";"2014-04-28";"234567M123456  2345T1234 (14/03/2014 - 28/04/2014)";"3";"3";"REGULAR";"f";"2014-04-28 14:03:24.944";"f";"";"0";"CONSOLIDADA";"";"Presencial";
"1222230";"07";"5753705";"";"";"54724";"GRADUAÇÃO";"Campus Central";"HUOL";"2014";"1";"2014-03-14";"2014-04-28";"234567M123456  2345T1234 (14/03/2014 - 28/04/2014)";"3";"3";"REGULAR";"f";"2014-04-28 14:03:24.944";"f";"";"0";"CONSOLIDADA";"";"Presencial";
"1222230";"07";"5752647";"";"";"54724";"GRADUAÇÃO";"Campus Central";"HUOL";"2014";"1";"2014-03-14";"2014-04-28";"234567M123456  2345T1234 (14/03/2014 - 28/04/2014)";"3";"3";"REGULAR";"f";"2014-04-28 14:03:24.944";"f";"";"0";"CONSOLIDADA";"";"Presencial";
"1222230";"07";"5753062";"";"";"54724";"GRADUAÇÃO";"Campus Central";"HUOL";"2014";"1";"2014-03-14";"2014-04-28";"234567M123456  2345T1234 (14/03/2014 - 28/04/2014)";"3";"3";"REGULAR";"f";"2014-04-28 14:03:24.944";"f";"";"0";"CONSOLIDADA";"";"Presencial";
"1222230";"07";"5753004";"";"";"54724";"GRADUAÇÃO";"Campus Central";"HUOL";"2014";"1";"2014-03-14";"2014-04-28";"234567M123456  2345T1234 (14/03/2014 - 28/04/2014)";"3";"3";"REGULAR";"f";"2014-04-28 14:03:24.944";"f";"";"0";"CONSOLIDADA";"";"Presencial";
"1222230";"07";"26598";"";"";"54724";"GRADUAÇÃO";"Campus Central";"HUOL";"2014";"1";"2014-03-14";"2014-04-28";"234567M123456  2345T1234 (14/03/2014 - 28/04/2014)";"3";"3";"REGULAR";"f";"2014-04-28 14:03:24.944";"f";"";"0";"CONSOLIDADA";"";"Presencial";
"1222230";"07";"25441";"";"";"54724";"GRADUAÇÃO";"Campus Central";"HUOL";"2014";"1";"2014-03-14";"2014-04-28";"234567M123456  2345T1234 (14/03/2014 - 28/04/2014)";"3";"3";"REGULAR";"f";"2014-04-28 14:03:24.944";"f";"";"0";"CONSOLIDADA";"";"Presencial";
"1222230";"07";"5753380";"";"";"54724";"GRADUAÇÃO";"Campus Central";"HUOL";"2014";"1";"2014-03-14";"2014-04-28";"234567M123456  2345T1234 (14/03/2014 - 28/04/2014)";"3";"3";"REGULAR";"f";"2014-04-28 14:03:24.944";"f";"";"0";"CONSOLIDADA";"";"Presencial";
"1222230";"07";"5754591";"";"";"54724";"GRADUAÇÃO";"Campus Central";"HUOL";"2014";"1";"2014-03-14";"2014-04-28";"234567M123456  2345T1234 (14/03/2014 - 28/04/2014)";"3";"3";"REGULAR";"f";"2014-04-28 14:03:24.944";"f";"";"0";"CONSOLIDADA";"";"Presencial";
"1222230";"07";"5752557";"";"";"54724";"GRADUAÇÃO";"Campus Central";"HUOL";"2014";"1";"2014-03-14";"2014-04-28";"234567M123456  2345T1234 (14/03/2014 - 28/04/2014)";"3";"3";"REGULAR";"f";"2014-04-28 14:03:24.944";"f";"";"0";"CONSOLIDADA";"";"Presencial";
"1222230";"07";"22076";"";"";"54724";"GRADUAÇÃO";"Campus Central";"HUOL";"2014";"1";"2014-03-14";"2014-04-28";"234567M123456  2345T1234 (14/03/2014 - 28/04/2014)";"3";"3";"REGULAR";"f";"2014-04-28 14:03:24.944";"f";"";"0";"CONSOLIDADA";"";"Presencial";
"1222230";"07";"5755374";"";"";"54724";"GRADUAÇÃO";"Campus Central";"HUOL";"2014";"1";"2014-03-14";"2014-04-28";"234567M123456  2345T1234 (14/03/2014 - 28/04/2014)";"3";"3";"REGULAR";"f";"2014-04-28 14:03:24.944";"f";"";"0";"CONSOLIDADA";"";"Presencial";
"1222230";"07";"5753913";"";"";"54724";"GRADUAÇÃO";"Campus Central";"HUOL";"2014";"1";"2014-03-14";"2014-04-28";"234567M123456  2345T1234 (14/03/2014 - 28/04/2014)";"3";"3";"REGULAR";"f";"2014-04-28 14:03:24.944";"f";"";"0";"CONSOLIDADA";"";"Presencial";
"1222231";"02";"5752753";"";"";"27570";"GRADUAÇÃO";"Campus Central";"2F3";"2014";"1";"2014-01-27";"2014-06-14";"24N34";"42";"80";"REGULAR";"f";"2014-06-16 06:34:52.45";"f";"";"70";"CONSOLIDADA";"";"Presencial";
"1222232";"08";"22053";"";"";"54724";"GRADUAÇÃO";"Campus Central";"HUOL";"2014";"1";"2014-03-14";"2014-04-28";"234567M123456  2345T1234 (14/03/2014 - 28/04/2014)";"4";"4";"REGULAR";"f";"2014-04-28 14:07:38.702";"f";"";"0";"CONSOLIDADA";"";"Presencial";
"1222232";"08";"5755909";"";"";"54724";"GRADUAÇÃO";"Campus Central";"HUOL";"2014";"1";"2014-03-14";"2014-04-28";"234567M123456  2345T1234 (14/03/2014 - 28/04/2014)";"4";"4";"REGULAR";"f";"2014-04-28 14:07:38.702";"f";"";"0";"CONSOLIDADA";"";"Presencial";
"1222232";"08";"5751929";"";"";"54724";"GRADUAÇÃO";"Campus Central";"HUOL";"2014";"1";"2014-03-14";"2014-04-28";"234567M123456  2345T1234 (14/03/2014 - 28/04/2014)";"4";"4";"REGULAR";"f";"2014-04-28 14:07:38.702";"f";"";"0";"CONSOLIDADA";"";"Presencial";
"1222232";"08";"25946";"";"";"54724";"GRADUAÇÃO";"Campus Central";"HUOL";"2014";"1";"2014-03-14";"2014-04-28";"234567M123456  2345T1234 (14/03/2014 - 28/04/2014)";"4";"4";"REGULAR";"f";"2014-04-28 14:07:38.702";"f";"";"0";"CONSOLIDADA";"";"Presencial";
"1222232";"08";"25441";"";"";"54724";"GRADUAÇÃO";"Campus Central";"HUOL";"2014";"1";"2014-03-14";"2014-04-28";"234567M123456  2345T1234 (14/03/2014 - 28/04/2014)";"4";"4";"REGULAR";"f";"2014-04-28 14:07:38.702";"f";"";"0";"CONSOLIDADA";"";"Presencial";
"1222232";"08";"5754591";"";"";"54724";"GRADUAÇÃO";"Campus Central";"HUOL";"2014";"1";"2014-03-14";"2014-04-28";"234567M123456  2345T1234 (14/03/2014 - 28/04/2014)";"4";"4";"REGULAR";"f";"2014-04-28 14:07:38.702";"f";"";"0";"CONSOLIDADA";"";"Presencial";
"1222232";"08";"5752557";"";"";"54724";"GRADUAÇÃO";"Campus Central";"HUOL";"2014";"1";"2014-03-14";"2014-04-28";"234567M123456  2345T1234 (14/03/2014 - 28/04/2014)";"4";"4";"REGULAR";"f";"2014-04-28 14:07:38.702";"f";"";"0";"CONSOLIDADA";"";"Presencial";
"1222232";"08";"5755848";"";"";"54724";"GRADUAÇÃO";"Campus Central";"HUOL";"2014";"1";"2014-03-14";"2014-04-28";"234567M123456  2345T1234 (14/03/2014 - 28/04/2014)";"4";"4";"REGULAR";"f";"2014-04-28 14:07:38.702";"f";"";"0";"CONSOLIDADA";"";"Presencial";
"1222232";"08";"5755374";"";"";"54724";"GRADUAÇÃO";"Campus Central";"HUOL";"2014";"1";"2014-03-14";"2014-04-28";"234567M123456  2345T1234 (14/03/2014 - 28/04/2014)";"4";"4";"REGULAR";"f";"2014-04-28 14:07:38.702";"f";"";"0";"CONSOLIDADA";"";"Presencial";
"1222232";"08";"22757";"";"";"54724";"GRADUAÇÃO";"Campus Central";"HUOL";"2014";"1";"2014-03-14";"2014-04-28";"234567M123456  2345T1234 (14/03/2014 - 28/04/2014)";"4";"4";"REGULAR";"f";"2014-04-28 14:07:38.702";"f";"";"0";"CONSOLIDADA";"";"Presencial";
"1222232";"08";"5753705";"";"";"54724";"GRADUAÇÃO";"Campus Central";"HUOL";"2014";"1";"2014-03-14";"2014-04-28";"234567M123456  2345T1234 (14/03/2014 - 28/04/2014)";"4";"4";"REGULAR";"f";"2014-04-28 14:07:38.702";"f";"";"0";"CONSOLIDADA";"";"Presencial";
"1222232";"08";"26521";"";"";"54724";"GRADUAÇÃO";"Campus Central";"HUOL";"2014";"1";"2014-03-14";"2014-04-28";"234567M123456  2345T1234 (14/03/2014 - 28/04/2014)";"4";"4";"REGULAR";"f";"2014-04-28 14:07:38.702";"f";"";"0";"CONSOLIDADA";"";"Presencial";
"1222232";"08";"5752647";"";"";"54724";"GRADUAÇÃO";"Campus Central";"HUOL";"2014";"1";"2014-03-14";"2014-04-28";"234567M123456  2345T1234 (14/03/2014 - 28/04/2014)";"4";"4";"REGULAR";"f";"2014-04-28 14:07:38.702";"f";"";"0";"CONSOLIDADA";"";"Presencial";
"1222232";"08";"63327";"";"";"54724";"GRADUAÇÃO";"Campus Central";"HUOL";"2014";"1";"2014-03-14";"2014-04-28";"234567M123456  2345T1234 (14/03/2014 - 28/04/2014)";"4";"4";"REGULAR";"f";"2014-04-28 14:07:38.702";"f";"";"0";"CONSOLIDADA";"";"Presencial";
"1222232";"08";"5751842";"";"";"54724";"GRADUAÇÃO";"Campus Central";"HUOL";"2014";"1";"2014-03-14";"2014-04-28";"234567M123456  2345T1234 (14/03/2014 - 28/04/2014)";"4";"4";"REGULAR";"f";"2014-04-28 14:07:38.702";"f";"";"0";"CONSOLIDADA";"";"Presencial";
"1222232";"08";"5753588";"";"";"54724";"GRADUAÇÃO";"Campus Central";"HUOL";"2014";"1";"2014-03-14";"2014-04-28";"234567M123456  2345T1234 (14/03/2014 - 28/04/2014)";"4";"4";"REGULAR";"f";"2014-04-28 14:07:38.702";"f";"";"0";"CONSOLIDADA";"";"Presencial";
"1222232";"08";"5753004";"";"";"54724";"GRADUAÇÃO";"Campus Central";"HUOL";"2014";"1";"2014-03-14";"2014-04-28";"234567M123456  2345T1234 (14/03/2014 - 28/04/2014)";"4";"4";"REGULAR";"f";"2014-04-28 14:07:38.702";"f";"";"0";"CONSOLIDADA";"";"Presencial";
"1222232";"08";"5754331";"";"";"54724";"GRADUAÇÃO";"Campus Central";"HUOL";"2014";"1";"2014-03-14";"2014-04-28";"234567M123456  2345T1234 (14/03/2014 - 28/04/2014)";"4";"4";"REGULAR";"f";"2014-04-28 14:07:38.702";"f";"";"0";"CONSOLIDADA";"";"Presencial";
"1222232";"08";"18036";"";"";"54724";"GRADUAÇÃO";"Campus Central";"HUOL";"2014";"1";"2014-03-14";"2014-04-28";"234567M123456  2345T1234 (14/03/2014 - 28/04/2014)";"4";"4";"REGULAR";"f";"2014-04-28 14:07:38.702";"f";"";"0";"CONSOLIDADA";"";"Presencial";
"1222232";"08";"5752190";"";"";"54724";"GRADUAÇÃO";"Campus Central";"HUOL";"2014";"1";"2014-03-14";"2014-04-28";"234567M123456  2345T1234 (14/03/2014 - 28/04/2014)";"4";"4";"REGULAR";"f";"2014-04-28 14:07:38.702";"f";"";"0";"CONSOLIDADA";"";"Presencial";
"1222232";"08";"5755598";"";"";"54724";"GRADUAÇÃO";"Campus Central";"HUOL";"2014";"1";"2014-03-14";"2014-04-28";"234567M123456  2345T1234 (14/03/2014 - 28/04/2014)";"4";"4";"REGULAR";"f";"2014-04-28 14:07:38.702";"f";"";"0";"CONSOLIDADA";"";"Presencial";
"1222232";"08";"5753102";"";"";"54724";"GRADUAÇÃO";"Campus Central";"HUOL";"2014";"1";"2014-03-14";"2014-04-28";"234567M123456  2345T1234 (14/03/2014 - 28/04/2014)";"4";"4";"REGULAR";"f";"2014-04-28 14:07:38.702";"f";"";"0";"CONSOLIDADA";"";"Presencial";
"1222232";"08";"5755844";"";"";"54724";"GRADUAÇÃO";"Campus Central";"HUOL";"2014";"1";"2014-03-14";"2014-04-28";"234567M123456  2345T1234 (14/03/2014 - 28/04/2014)";"4";"4";"REGULAR";"f";"2014-04-28 14:07:38.702";"f";"";"0";"CONSOLIDADA";"";"Presencial";
"1222232";"08";"5753380";"";"";"54724";"GRADUAÇÃO";"Campus Central";"HUOL";"2014";"1";"2014-03-14";"2014-04-28";"234567M123456  2345T1234 (14/03/2014 - 28/04/2014)";"4";"4";"REGULAR";"f";"2014-04-28 14:07:38.702";"f";"";"0";"CONSOLIDADA";"";"Presencial";
"1222232";"08";"5753913";"";"";"54724";"GRADUAÇÃO";"Campus Central";"HUOL";"2014";"1";"2014-03-14";"2014-04-28";"234567M123456  2345T1234 (14/03/2014 - 28/04/2014)";"4";"4";"REGULAR";"f";"2014-04-28 14:07:38.702";"f";"";"0";"CONSOLIDADA";"";"Presencial";
"1222232";"08";"5751750";"";"";"54724";"GRADUAÇÃO";"Campus Central";"HUOL";"2014";"1";"2014-03-14";"2014-04-28";"234567M123456  2345T1234 (14/03/2014 - 28/04/2014)";"4";"4";"REGULAR";"f";"2014-04-28 14:07:38.702";"f";"";"0";"CONSOLIDADA";"";"Presencial";
"1222232";"08";"5753062";"";"";"54724";"GRADUAÇÃO";"Campus Central";"HUOL";"2014";"1";"2014-03-14";"2014-04-28";"234567M123456  2345T1234 (14/03/2014 - 28/04/2014)";"4";"4";"REGULAR";"f";"2014-04-28 14:07:38.702";"f";"";"0";"CONSOLIDADA";"";"Presencial";
"1222232";"08";"22076";"";"";"54724";"GRADUAÇÃO";"Campus Central";"HUOL";"2014";"1";"2014-03-14";"2014-04-28";"234567M123456  2345T1234 (14/03/2014 - 28/04/2014)";"4";"4";"REGULAR";"f";"2014-04-28 14:07:38.702";"f";"";"0";"CONSOLIDADA";"";"Presencial";
"1222232";"08";"26598";"";"";"54724";"GRADUAÇÃO";"Campus Central";"HUOL";"2014";"1";"2014-03-14";"2014-04-28";"234567M123456  2345T1234 (14/03/2014 - 28/04/2014)";"4";"4";"REGULAR";"f";"2014-04-28 14:07:38.702";"f";"";"0";"CONSOLIDADA";"";"Presencial";
"1222233";"09";"5753588";"";"";"54724";"GRADUAÇÃO";"Campus Central";"HUOL";"2014";"1";"2014-03-14";"2014-04-28";"234567M123456  2345T1234 (14/03/2014 - 28/04/2014)";"3";"3";"REGULAR";"f";"2014-05-05 15:48:54.997";"f";"";"0";"CONSOLIDADA";"";"Presencial";
"1222233";"09";"5755909";"";"";"54724";"GRADUAÇÃO";"Campus Central";"HUOL";"2014";"1";"2014-03-14";"2014-04-28";"234567M123456  2345T1234 (14/03/2014 - 28/04/2014)";"3";"3";"REGULAR";"f";"2014-05-05 15:48:54.997";"f";"";"0";"CONSOLIDADA";"";"Presencial";
"1222233";"09";"5755598";"";"";"54724";"GRADUAÇÃO";"Campus Central";"HUOL";"2014";"1";"2014-03-14";"2014-04-28";"234567M123456  2345T1234 (14/03/2014 - 28/04/2014)";"3";"3";"REGULAR";"f";"2014-05-05 15:48:54.997";"f";"";"0";"CONSOLIDADA";"";"Presencial";
"1222233";"09";"63327";"";"";"54724";"GRADUAÇÃO";"Campus Central";"HUOL";"2014";"1";"2014-03-14";"2014-04-28";"234567M123456  2345T1234 (14/03/2014 - 28/04/2014)";"3";"3";"REGULAR";"f";"2014-05-05 15:48:54.997";"f";"";"0";"CONSOLIDADA";"";"Presencial";
"1222233";"09";"5751750";"";"";"54724";"GRADUAÇÃO";"Campus Central";"HUOL";"2014";"1";"2014-03-14";"2014-04-28";"234567M123456  2345T1234 (14/03/2014 - 28/04/2014)";"3";"3";"REGULAR";"f";"2014-05-05 15:48:54.997";"f";"";"0";"CONSOLIDADA";"";"Presencial";
"1222233";"09";"5751842";"";"";"54724";"GRADUAÇÃO";"Campus Central";"HUOL";"2014";"1";"2014-03-14";"2014-04-28";"234567M123456  2345T1234 (14/03/2014 - 28/04/2014)";"3";"3";"REGULAR";"f";"2014-05-05 15:48:54.997";"f";"";"0";"CONSOLIDADA";"";"Presencial";
"1222233";"09";"25946";"";"";"54724";"GRADUAÇÃO";"Campus Central";"HUOL";"2014";"1";"2014-03-14";"2014-04-28";"234567M123456  2345T1234 (14/03/2014 - 28/04/2014)";"3";"3";"REGULAR";"f";"2014-05-05 15:48:54.997";"f";"";"0";"CONSOLIDADA";"";"Presencial";
"1222233";"09";"5753004";"";"";"54724";"GRADUAÇÃO";"Campus Central";"HUOL";"2014";"1";"2014-03-14";"2014-04-28";"234567M123456  2345T1234 (14/03/2014 - 28/04/2014)";"3";"3";"REGULAR";"f";"2014-05-05 15:48:54.997";"f";"";"0";"CONSOLIDADA";"";"Presencial";
"1222233";"09";"26598";"";"";"54724";"GRADUAÇÃO";"Campus Central";"HUOL";"2014";"1";"2014-03-14";"2014-04-28";"234567M123456  2345T1234 (14/03/2014 - 28/04/2014)";"3";"3";"REGULAR";"f";"2014-05-05 15:48:54.997";"f";"";"0";"CONSOLIDADA";"";"Presencial";
"1222233";"09";"5752557";"";"";"54724";"GRADUAÇÃO";"Campus Central";"HUOL";"2014";"1";"2014-03-14";"2014-04-28";"234567M123456  2345T1234 (14/03/2014 - 28/04/2014)";"3";"3";"REGULAR";"f";"2014-05-05 15:48:54.997";"f";"";"0";"CONSOLIDADA";"";"Presencial";
"1222233";"09";"18036";"";"";"54724";"GRADUAÇÃO";"Campus Central";"HUOL";"2014";"1";"2014-03-14";"2014-04-28";"234567M123456  2345T1234 (14/03/2014 - 28/04/2014)";"3";"3";"REGULAR";"f";"2014-05-05 15:48:54.997";"f";"";"0";"CONSOLIDADA";"";"Presencial";
"1222233";"09";"22757";"";"";"54724";"GRADUAÇÃO";"Campus Central";"HUOL";"2014";"1";"2014-03-14";"2014-04-28";"234567M123456  2345T1234 (14/03/2014 - 28/04/2014)";"3";"3";"REGULAR";"f";"2014-05-05 15:48:54.997";"f";"";"0";"CONSOLIDADA";"";"Presencial";
"1222233";"09";"26521";"";"";"54724";"GRADUAÇÃO";"Campus Central";"HUOL";"2014";"1";"2014-03-14";"2014-04-28";"234567M123456  2345T1234 (14/03/2014 - 28/04/2014)";"3";"3";"REGULAR";"f";"2014-05-05 15:48:54.997";"f";"";"0";"CONSOLIDADA";"";"Presencial";
"1222233";"09";"5753705";"";"";"54724";"GRADUAÇÃO";"Campus Central";"HUOL";"2014";"1";"2014-03-14";"2014-04-28";"234567M123456  2345T1234 (14/03/2014 - 28/04/2014)";"3";"3";"REGULAR";"f";"2014-05-05 15:48:54.997";"f";"";"0";"CONSOLIDADA";"";"Presencial";
"1222233";"09";"25441";"";"";"54724";"GRADUAÇÃO";"Campus Central";"HUOL";"2014";"1";"2014-03-14";"2014-04-28";"234567M123456  2345T1234 (14/03/2014 - 28/04/2014)";"3";"3";"REGULAR";"f";"2014-05-05 15:48:54.997";"f";"";"0";"CONSOLIDADA";"";"Presencial";
"1222233";"09";"5755848";"";"";"54724";"GRADUAÇÃO";"Campus Central";"HUOL";"2014";"1";"2014-03-14";"2014-04-28";"234567M123456  2345T1234 (14/03/2014 - 28/04/2014)";"3";"3";"REGULAR";"f";"2014-05-05 15:48:54.997";"f";"";"0";"CONSOLIDADA";"";"Presencial";
"1222233";"09";"22076";"";"";"54724";"GRADUAÇÃO";"Campus Central";"HUOL";"2014";"1";"2014-03-14";"2014-04-28";"234567M123456  2345T1234 (14/03/2014 - 28/04/2014)";"3";"3";"REGULAR";"f";"2014-05-05 15:48:54.997";"f";"";"0";"CONSOLIDADA";"";"Presencial";
"1222233";"09";"5752190";"";"";"54724";"GRADUAÇÃO";"Campus Central";"HUOL";"2014";"1";"2014-03-14";"2014-04-28";"234567M123456  2345T1234 (14/03/2014 - 28/04/2014)";"3";"3";"REGULAR";"f";"2014-05-05 15:48:54.997";"f";"";"0";"CONSOLIDADA";"";"Presencial";
"1222233";"09";"5753102";"";"";"54724";"GRADUAÇÃO";"Campus Central";"HUOL";"2014";"1";"2014-03-14";"2014-04-28";"234567M123456  2345T1234 (14/03/2014 - 28/04/2014)";"3";"3";"REGULAR";"f";"2014-05-05 15:48:54.997";"f";"";"0";"CONSOLIDADA";"";"Presencial";
"1222233";"09";"22053";"";"";"54724";"GRADUAÇÃO";"Campus Central";"HUOL";"2014";"1";"2014-03-14";"2014-04-28";"234567M123456  2345T1234 (14/03/2014 - 28/04/2014)";"3";"3";"REGULAR";"f";"2014-05-05 15:48:54.997";"f";"";"0";"CONSOLIDADA";"";"Presencial";
"1222233";"09";"5752647";"";"";"54724";"GRADUAÇÃO";"Campus Central";"HUOL";"2014";"1";"2014-03-14";"2014-04-28";"234567M123456  2345T1234 (14/03/2014 - 28/04/2014)";"3";"3";"REGULAR";"f";"2014-05-05 15:48:54.997";"f";"";"0";"CONSOLIDADA";"";"Presencial";
"1222233";"09";"5754591";"";"";"54724";"GRADUAÇÃO";"Campus Central";"HUOL";"2014";"1";"2014-03-14";"2014-04-28";"234567M123456  2345T1234 (14/03/2014 - 28/04/2014)";"3";"3";"REGULAR";"f";"2014-05-05 15:48:54.997";"f";"";"0";"CONSOLIDADA";"";"Presencial";
"1222233";"09";"5753380";"";"";"54724";"GRADUAÇÃO";"Campus Central";"HUOL";"2014";"1";"2014-03-14";"2014-04-28";"234567M123456  2345T1234 (14/03/2014 - 28/04/2014)";"3";"3";"REGULAR";"f";"2014-05-05 15:48:54.997";"f";"";"0";"CONSOLIDADA";"";"Presencial";
"1222233";"09";"5754331";"";"";"54724";"GRADUAÇÃO";"Campus Central";"HUOL";"2014";"1";"2014-03-14";"2014-04-28";"234567M123456  2345T1234 (14/03/2014 - 28/04/2014)";"3";"3";"REGULAR";"f";"2014-05-05 15:48:54.997";"f";"";"0";"CONSOLIDADA";"";"Presencial";
"1222233";"09";"5755844";"";"";"54724";"GRADUAÇÃO";"Campus Central";"HUOL";"2014";"1";"2014-03-14";"2014-04-28";"234567M123456  2345T1234 (14/03/2014 - 28/04/2014)";"3";"3";"REGULAR";"f";"2014-05-05 15:48:54.997";"f";"";"0";"CONSOLIDADA";"";"Presencial";
"1222233";"09";"5753913";"";"";"54724";"GRADUAÇÃO";"Campus Central";"HUOL";"2014";"1";"2014-03-14";"2014-04-28";"234567M123456  2345T1234 (14/03/2014 - 28/04/2014)";"3";"3";"REGULAR";"f";"2014-05-05 15:48:54.997";"f";"";"0";"CONSOLIDADA";"";"Presencial";
"1222233";"09";"5753062";"";"";"54724";"GRADUAÇÃO";"Campus Central";"HUOL";"2014";"1";"2014-03-14";"2014-04-28";"234567M123456  2345T1234 (14/03/2014 - 28/04/2014)";"3";"3";"REGULAR";"f";"2014-05-05 15:48:54.997";"f";"";"0";"CONSOLIDADA";"";"Presencial";
"1222233";"09";"5751929";"";"";"54724";"GRADUAÇÃO";"Campus Central";"HUOL";"2014";"1";"2014-03-14";"2014-04-28";"234567M123456  2345T1234 (14/03/2014 - 28/04/2014)";"3";"3";"REGULAR";"f";"2014-05-05 15:48:54.997";"f";"";"0";"CONSOLIDADA";"";"Presencial";
"1222233";"09";"5755374";"";"";"54724";"GRADUAÇÃO";"Campus Central";"HUOL";"2014";"1";"2014-03-14";"2014-04-28";"234567M123456  2345T1234 (14/03/2014 - 28/04/2014)";"3";"3";"REGULAR";"f";"2014-05-05 15:48:54.997";"f";"";"0";"CONSOLIDADA";"";"Presencial";
"1222234";"10";"5753102";"";"";"54724";"GRADUAÇÃO";"Campus Central";"HUOL";"2014";"1";"2014-03-14";"2014-04-28";"234567M123456  2345T1234 (14/03/2014 - 28/04/2014)";"2";"4";"REGULAR";"f";"2014-05-26 22:27:18.341";"f";"";"0";"CONSOLIDADA";"";"Presencial";
"1222234";"10";"63327";"";"";"54724";"GRADUAÇÃO";"Campus Central";"HUOL";"2014";"1";"2014-03-14";"2014-04-28";"234567M123456  2345T1234 (14/03/2014 - 28/04/2014)";"2";"4";"REGULAR";"f";"2014-05-26 22:27:18.341";"f";"";"0";"CONSOLIDADA";"";"Presencial";
"1222234";"10";"5754591";"";"";"54724";"GRADUAÇÃO";"Campus Central";"HUOL";"2014";"1";"2014-03-14";"2014-04-28";"234567M123456  2345T1234 (14/03/2014 - 28/04/2014)";"2";"4";"REGULAR";"f";"2014-05-26 22:27:18.341";"f";"";"0";"CONSOLIDADA";"";"Presencial";
"1222234";"10";"5752190";"";"";"54724";"GRADUAÇÃO";"Campus Central";"HUOL";"2014";"1";"2014-03-14";"2014-04-28";"234567M123456  2345T1234 (14/03/2014 - 28/04/2014)";"2";"4";"REGULAR";"f";"2014-05-26 22:27:18.341";"f";"";"0";"CONSOLIDADA";"";"Presencial";
"1222234";"10";"5754331";"";"";"54724";"GRADUAÇÃO";"Campus Central";"HUOL";"2014";"1";"2014-03-14";"2014-04-28";"234567M123456  2345T1234 (14/03/2014 - 28/04/2014)";"2";"4";"REGULAR";"f";"2014-05-26 22:27:18.341";"f";"";"0";"CONSOLIDADA";"";"Presencial";
"1222234";"10";"5753913";"";"";"54724";"GRADUAÇÃO";"Campus Central";"HUOL";"2014";"1";"2014-03-14";"2014-04-28";"234567M123456  2345T1234 (14/03/2014 - 28/04/2014)";"2";"4";"REGULAR";"f";"2014-05-26 22:27:18.341";"f";"";"0";"CONSOLIDADA";"";"Presencial";
"1222234";"10";"5753062";"";"";"54724";"GRADUAÇÃO";"Campus Central";"HUOL";"2014";"1";"2014-03-14";"2014-04-28";"234567M123456  2345T1234 (14/03/2014 - 28/04/2014)";"2";"4";"REGULAR";"f";"2014-05-26 22:27:18.341";"f";"";"0";"CONSOLIDADA";"";"Presencial";
"1222234";"10";"5751929";"";"";"54724";"GRADUAÇÃO";"Campus Central";"HUOL";"2014";"1";"2014-03-14";"2014-04-28";"234567M123456  2345T1234 (14/03/2014 - 28/04/2014)";"2";"4";"REGULAR";"f";"2014-05-26 22:27:18.341";"f";"";"0";"CONSOLIDADA";"";"Presencial";
"1222234";"10";"5753705";"";"";"54724";"GRADUAÇÃO";"Campus Central";"HUOL";"2014";"1";"2014-03-14";"2014-04-28";"234567M123456  2345T1234 (14/03/2014 - 28/04/2014)";"2";"4";"REGULAR";"f";"2014-05-26 22:27:18.341";"f";"";"0";"CONSOLIDADA";"";"Presencial";
"1222234";"10";"26521";"";"";"54724";"GRADUAÇÃO";"Campus Central";"HUOL";"2014";"1";"2014-03-14";"2014-04-28";"234567M123456  2345T1234 (14/03/2014 - 28/04/2014)";"2";"4";"REGULAR";"f";"2014-05-26 22:27:18.341";"f";"";"0";"CONSOLIDADA";"";"Presencial";
"1222234";"10";"5753588";"";"";"54724";"GRADUAÇÃO";"Campus Central";"HUOL";"2014";"1";"2014-03-14";"2014-04-28";"234567M123456  2345T1234 (14/03/2014 - 28/04/2014)";"2";"4";"REGULAR";"f";"2014-05-26 22:27:18.341";"f";"";"0";"CONSOLIDADA";"";"Presencial";
"1222234";"10";"26598";"";"";"54724";"GRADUAÇÃO";"Campus Central";"HUOL";"2014";"1";"2014-03-14";"2014-04-28";"234567M123456  2345T1234 (14/03/2014 - 28/04/2014)";"2";"4";"REGULAR";"f";"2014-05-26 22:27:18.341";"f";"";"0";"CONSOLIDADA";"";"Presencial";
"1222234";"10";"5752647";"";"";"54724";"GRADUAÇÃO";"Campus Central";"HUOL";"2014";"1";"2014-03-14";"2014-04-28";"234567M123456  2345T1234 (14/03/2014 - 28/04/2014)";"2";"4";"REGULAR";"f";"2014-05-26 22:27:18.341";"f";"";"0";"CONSOLIDADA";"";"Presencial";
"1222234";"10";"5751842";"";"";"54724";"GRADUAÇÃO";"Campus Central";"HUOL";"2014";"1";"2014-03-14";"2014-04-28";"234567M123456  2345T1234 (14/03/2014 - 28/04/2014)";"2";"4";"REGULAR";"f";"2014-05-26 22:27:18.341";"f";"";"0";"CONSOLIDADA";"";"Presencial";
"1222234";"10";"5755844";"";"";"54724";"GRADUAÇÃO";"Campus Central";"HUOL";"2014";"1";"2014-03-14";"2014-04-28";"234567M123456  2345T1234 (14/03/2014 - 28/04/2014)";"2";"4";"REGULAR";"f";"2014-05-26 22:27:18.341";"f";"";"0";"CONSOLIDADA";"";"Presencial";
"1222234";"10";"25441";"";"";"54724";"GRADUAÇÃO";"Campus Central";"HUOL";"2014";"1";"2014-03-14";"2014-04-28";"234567M123456  2345T1234 (14/03/2014 - 28/04/2014)";"2";"4";"REGULAR";"f";"2014-05-26 22:27:18.341";"f";"";"0";"CONSOLIDADA";"";"Presencial";
"1222234";"10";"22053";"";"";"54724";"GRADUAÇÃO";"Campus Central";"HUOL";"2014";"1";"2014-03-14";"2014-04-28";"234567M123456  2345T1234 (14/03/2014 - 28/04/2014)";"2";"4";"REGULAR";"f";"2014-05-26 22:27:18.341";"f";"";"0";"CONSOLIDADA";"";"Presencial";
"1222234";"10";"5753380";"";"";"54724";"GRADUAÇÃO";"Campus Central";"HUOL";"2014";"1";"2014-03-14";"2014-04-28";"234567M123456  2345T1234 (14/03/2014 - 28/04/2014)";"2";"4";"REGULAR";"f";"2014-05-26 22:27:18.341";"f";"";"0";"CONSOLIDADA";"";"Presencial";
"1222234";"10";"5755909";"";"";"54724";"GRADUAÇÃO";"Campus Central";"HUOL";"2014";"1";"2014-03-14";"2014-04-28";"234567M123456  2345T1234 (14/03/2014 - 28/04/2014)";"2";"4";"REGULAR";"f";"2014-05-26 22:27:18.341";"f";"";"0";"CONSOLIDADA";"";"Presencial";
"1222234";"10";"18036";"";"";"54724";"GRADUAÇÃO";"Campus Central";"HUOL";"2014";"1";"2014-03-14";"2014-04-28";"234567M123456  2345T1234 (14/03/2014 - 28/04/2014)";"2";"4";"REGULAR";"f";"2014-05-26 22:27:18.341";"f";"";"0";"CONSOLIDADA";"";"Presencial";
"1222234";"10";"5755374";"";"";"54724";"GRADUAÇÃO";"Campus Central";"HUOL";"2014";"1";"2014-03-14";"2014-04-28";"234567M123456  2345T1234 (14/03/2014 - 28/04/2014)";"2";"4";"REGULAR";"f";"2014-05-26 22:27:18.341";"f";"";"0";"CONSOLIDADA";"";"Presencial";
"1222234";"10";"5753004";"";"";"54724";"GRADUAÇÃO";"Campus Central";"HUOL";"2014";"1";"2014-03-14";"2014-04-28";"234567M123456  2345T1234 (14/03/2014 - 28/04/2014)";"2";"4";"REGULAR";"f";"2014-05-26 22:27:18.341";"f";"";"0";"CONSOLIDADA";"";"Presencial";
"1222234";"10";"22757";"";"";"54724";"GRADUAÇÃO";"Campus Central";"HUOL";"2014";"1";"2014-03-14";"2014-04-28";"234567M123456  2345T1234 (14/03/2014 - 28/04/2014)";"2";"4";"REGULAR";"f";"2014-05-26 22:27:18.341";"f";"";"0";"CONSOLIDADA";"";"Presencial";
"1222234";"10";"22076";"";"";"54724";"GRADUAÇÃO";"Campus Central";"HUOL";"2014";"1";"2014-03-14";"2014-04-28";"234567M123456  2345T1234 (14/03/2014 - 28/04/2014)";"2";"4";"REGULAR";"f";"2014-05-26 22:27:18.341";"f";"";"0";"CONSOLIDADA";"";"Presencial";
"1222234";"10";"5755848";"";"";"54724";"GRADUAÇÃO";"Campus Central";"HUOL";"2014";"1";"2014-03-14";"2014-04-28";"234567M123456  2345T1234 (14/03/2014 - 28/04/2014)";"2";"4";"REGULAR";"f";"2014-05-26 22:27:18.341";"f";"";"0";"CONSOLIDADA";"";"Presencial";
"1222234";"10";"5751750";"";"";"54724";"GRADUAÇÃO";"Campus Central";"HUOL";"2014";"1";"2014-03-14";"2014-04-28";"234567M123456  2345T1234 (14/03/2014 - 28/04/2014)";"2";"4";"REGULAR";"f";"2014-05-26 22:27:18.341";"f";"";"0";"CONSOLIDADA";"";"Presencial";
"1222234";"10";"5752557";"";"";"54724";"GRADUAÇÃO";"Campus Central";"HUOL";"2014";"1";"2014-03-14";"2014-04-28";"234567M123456  2345T1234 (14/03/2014 - 28/04/2014)";"2";"4";"REGULAR";"f";"2014-05-26 22:27:18.341";"f";"";"0";"CONSOLIDADA";"";"Presencial";
"1222234";"10";"5755598";"";"";"54724";"GRADUAÇÃO";"Campus Central";"HUOL";"2014";"1";"2014-03-14";"2014-04-28";"234567M123456  2345T1234 (14/03/2014 - 28/04/2014)";"2";"4";"REGULAR";"f";"2014-05-26 22:27:18.341";"f";"";"0";"CONSOLIDADA";"";"Presencial";
"1222235";"11";"5751750";"";"";"54724";"GRADUAÇÃO";"Campus Central";"HUOL";"2014";"1";"2014-04-29";"2014-06-13";"234567M123456  2345T1234 (29/04/2014 - 13/06/2014)";"4";"4";"REGULAR";"f";"2014-06-11 23:41:19.019";"f";"";"0";"CONSOLIDADA";"";"Presencial";
"1222235";"11";"22076";"";"";"54724";"GRADUAÇÃO";"Campus Central";"HUOL";"2014";"1";"2014-04-29";"2014-06-13";"234567M123456  2345T1234 (29/04/2014 - 13/06/2014)";"4";"4";"REGULAR";"f";"2014-06-11 23:41:19.019";"f";"";"0";"CONSOLIDADA";"";"Presencial";
"1222235";"11";"5754591";"";"";"54724";"GRADUAÇÃO";"Campus Central";"HUOL";"2014";"1";"2014-04-29";"2014-06-13";"234567M123456  2345T1234 (29/04/2014 - 13/06/2014)";"4";"4";"REGULAR";"f";"2014-06-11 23:41:19.019";"f";"";"0";"CONSOLIDADA";"";"Presencial";
"1222235";"11";"25441";"";"";"54724";"GRADUAÇÃO";"Campus Central";"HUOL";"2014";"1";"2014-04-29";"2014-06-13";"234567M123456  2345T1234 (29/04/2014 - 13/06/2014)";"4";"4";"REGULAR";"f";"2014-06-11 23:41:19.019";"f";"";"0";"CONSOLIDADA";"";"Presencial";
"1222235";"11";"63327";"";"";"54724";"GRADUAÇÃO";"Campus Central";"HUOL";"2014";"1";"2014-04-29";"2014-06-13";"234567M123456  2345T1234 (29/04/2014 - 13/06/2014)";"4";"4";"REGULAR";"f";"2014-06-11 23:41:19.019";"f";"";"0";"CONSOLIDADA";"";"Presencial";
"1222235";"11";"5753913";"";"";"54724";"GRADUAÇÃO";"Campus Central";"HUOL";"2014";"1";"2014-04-29";"2014-06-13";"234567M123456  2345T1234 (29/04/2014 - 13/06/2014)";"4";"4";"REGULAR";"f";"2014-06-11 23:41:19.019";"f";"";"0";"CONSOLIDADA";"";"Presencial";
"1222235";"11";"26598";"";"";"54724";"GRADUAÇÃO";"Campus Central";"HUOL";"2014";"1";"2014-04-29";"2014-06-13";"234567M123456  2345T1234 (29/04/2014 - 13/06/2014)";"4";"4";"REGULAR";"f";"2014-06-11 23:41:19.019";"f";"";"0";"CONSOLIDADA";"";"Presencial";
"1222235";"11";"5753380";"";"";"54724";"GRADUAÇÃO";"Campus Central";"HUOL";"2014";"1";"2014-04-29";"2014-06-13";"234567M123456  2345T1234 (29/04/2014 - 13/06/2014)";"4";"4";"REGULAR";"f";"2014-06-11 23:41:19.019";"f";"";"0";"CONSOLIDADA";"";"Presencial";
"1222235";"11";"22757";"";"";"54724";"GRADUAÇÃO";"Campus Central";"HUOL";"2014";"1";"2014-04-29";"2014-06-13";"234567M123456  2345T1234 (29/04/2014 - 13/06/2014)";"4";"4";"REGULAR";"f";"2014-06-11 23:41:19.019";"f";"";"0";"CONSOLIDADA";"";"Presencial";
"1222235";"11";"5751929";"";"";"54724";"GRADUAÇÃO";"Campus Central";"HUOL";"2014";"1";"2014-04-29";"2014-06-13";"234567M123456  2345T1234 (29/04/2014 - 13/06/2014)";"4";"4";"REGULAR";"f";"2014-06-11 23:41:19.019";"f";"";"0";"CONSOLIDADA";"";"Presencial";
"1222235";"11";"5755844";"";"";"54724";"GRADUAÇÃO";"Campus Central";"HUOL";"2014";"1";"2014-04-29";"2014-06-13";"234567M123456  2345T1234 (29/04/2014 - 13/06/2014)";"4";"4";"REGULAR";"f";"2014-06-11 23:41:19.019";"f";"";"0";"CONSOLIDADA";"";"Presencial";
"1222235";"11";"5753062";"";"";"54724";"GRADUAÇÃO";"Campus Central";"HUOL";"2014";"1";"2014-04-29";"2014-06-13";"234567M123456  2345T1234 (29/04/2014 - 13/06/2014)";"4";"4";"REGULAR";"f";"2014-06-11 23:41:19.019";"f";"";"0";"CONSOLIDADA";"";"Presencial";
"1222235";"11";"18036";"";"";"54724";"GRADUAÇÃO";"Campus Central";"HUOL";"2014";"1";"2014-04-29";"2014-06-13";"234567M123456  2345T1234 (29/04/2014 - 13/06/2014)";"4";"4";"REGULAR";"f";"2014-06-11 23:41:19.019";"f";"";"0";"CONSOLIDADA";"";"Presencial";
"1222235";"11";"26521";"";"";"54724";"GRADUAÇÃO";"Campus Central";"HUOL";"2014";"1";"2014-04-29";"2014-06-13";"234567M123456  2345T1234 (29/04/2014 - 13/06/2014)";"4";"4";"REGULAR";"f";"2014-06-11 23:41:19.019";"f";"";"0";"CONSOLIDADA";"";"Presencial";
"1222235";"11";"5752647";"";"";"54724";"GRADUAÇÃO";"Campus Central";"HUOL";"2014";"1";"2014-04-29";"2014-06-13";"234567M123456  2345T1234 (29/04/2014 - 13/06/2014)";"4";"4";"REGULAR";"f";"2014-06-11 23:41:19.019";"f";"";"0";"CONSOLIDADA";"";"Presencial";
"1222235";"11";"5754331";"";"";"54724";"GRADUAÇÃO";"Campus Central";"HUOL";"2014";"1";"2014-04-29";"2014-06-13";"234567M123456  2345T1234 (29/04/2014 - 13/06/2014)";"4";"4";"REGULAR";"f";"2014-06-11 23:41:19.019";"f";"";"0";"CONSOLIDADA";"";"Presencial";
"1222235";"11";"5755848";"";"";"54724";"GRADUAÇÃO";"Campus Central";"HUOL";"2014";"1";"2014-04-29";"2014-06-13";"234567M123456  2345T1234 (29/04/2014 - 13/06/2014)";"4";"4";"REGULAR";"f";"2014-06-11 23:41:19.019";"f";"";"0";"CONSOLIDADA";"";"Presencial";
"1222235";"11";"5755374";"";"";"54724";"GRADUAÇÃO";"Campus Central";"HUOL";"2014";"1";"2014-04-29";"2014-06-13";"234567M123456  2345T1234 (29/04/2014 - 13/06/2014)";"4";"4";"REGULAR";"f";"2014-06-11 23:41:19.019";"f";"";"0";"CONSOLIDADA";"";"Presencial";
"1222235";"11";"5752190";"";"";"54724";"GRADUAÇÃO";"Campus Central";"HUOL";"2014";"1";"2014-04-29";"2014-06-13";"234567M123456  2345T1234 (29/04/2014 - 13/06/2014)";"4";"4";"REGULAR";"f";"2014-06-11 23:41:19.019";"f";"";"0";"CONSOLIDADA";"";"Presencial";
"1222235";"11";"5753588";"";"";"54724";"GRADUAÇÃO";"Campus Central";"HUOL";"2014";"1";"2014-04-29";"2014-06-13";"234567M123456  2345T1234 (29/04/2014 - 13/06/2014)";"4";"4";"REGULAR";"f";"2014-06-11 23:41:19.019";"f";"";"0";"CONSOLIDADA";"";"Presencial";
"1222235";"11";"5751842";"";"";"54724";"GRADUAÇÃO";"Campus Central";"HUOL";"2014";"1";"2014-04-29";"2014-06-13";"234567M123456  2345T1234 (29/04/2014 - 13/06/2014)";"4";"4";"REGULAR";"f";"2014-06-11 23:41:19.019";"f";"";"0";"CONSOLIDADA";"";"Presencial";
"1222235";"11";"25946";"";"";"54724";"GRADUAÇÃO";"Campus Central";"HUOL";"2014";"1";"2014-04-29";"2014-06-13";"234567M123456  2345T1234 (29/04/2014 - 13/06/2014)";"4";"4";"REGULAR";"f";"2014-06-11 23:41:19.019";"f";"";"0";"CONSOLIDADA";"";"Presencial";
"1222235";"11";"22053";"";"";"54724";"GRADUAÇÃO";"Campus Central";"HUOL";"2014";"1";"2014-04-29";"2014-06-13";"234567M123456  2345T1234 (29/04/2014 - 13/06/2014)";"4";"4";"REGULAR";"f";"2014-06-11 23:41:19.019";"f";"";"0";"CONSOLIDADA";"";"Presencial";
"1222235";"11";"5753004";"";"";"54724";"GRADUAÇÃO";"Campus Central";"HUOL";"2014";"1";"2014-04-29";"2014-06-13";"234567M123456  2345T1234 (29/04/2014 - 13/06/2014)";"4";"4";"REGULAR";"f";"2014-06-11 23:41:19.019";"f";"";"0";"CONSOLIDADA";"";"Presencial";
"1222235";"11";"5753102";"";"";"54724";"GRADUAÇÃO";"Campus Central";"HUOL";"2014";"1";"2014-04-29";"2014-06-13";"234567M123456  2345T1234 (29/04/2014 - 13/06/2014)";"4";"4";"REGULAR";"f";"2014-06-11 23:41:19.019";"f";"";"0";"CONSOLIDADA";"";"Presencial";
"1222235";"11";"5755909";"";"";"54724";"GRADUAÇÃO";"Campus Central";"HUOL";"2014";"1";"2014-04-29";"2014-06-13";"234567M123456  2345T1234 (29/04/2014 - 13/06/2014)";"4";"4";"REGULAR";"f";"2014-06-11 23:41:19.019";"f";"";"0";"CONSOLIDADA";"";"Presencial";
"1222235";"11";"5752557";"";"";"54724";"GRADUAÇÃO";"Campus Central";"HUOL";"2014";"1";"2014-04-29";"2014-06-13";"234567M123456  2345T1234 (29/04/2014 - 13/06/2014)";"4";"4";"REGULAR";"f";"2014-06-11 23:41:19.019";"f";"";"0";"CONSOLIDADA";"";"Presencial";
"1222235";"11";"5753705";"";"";"54724";"GRADUAÇÃO";"Campus Central";"HUOL";"2014";"1";"2014-04-29";"2014-06-13";"234567M123456  2345T1234 (29/04/2014 - 13/06/2014)";"4";"4";"REGULAR";"f";"2014-06-11 23:41:19.019";"f";"";"0";"CONSOLIDADA";"";"Presencial";
"1222235";"11";"5755598";"";"";"54724";"GRADUAÇÃO";"Campus Central";"HUOL";"2014";"1";"2014-04-29";"2014-06-13";"234567M123456  2345T1234 (29/04/2014 - 13/06/2014)";"4";"4";"REGULAR";"f";"2014-06-11 23:41:19.019";"f";"";"0";"CONSOLIDADA";"";"Presencial";
"1222236";"12";"22757";"";"";"54724";"GRADUAÇÃO";"Campus Central";"HUOL";"2014";"1";"2014-04-29";"2014-06-13";"234567M123456  2345T1234 (29/04/2014 - 13/06/2014)";"4";"4";"REGULAR";"f";"2014-06-11 23:43:09.179";"f";"";"0";"CONSOLIDADA";"";"Presencial";
"1222236";"12";"25441";"";"";"54724";"GRADUAÇÃO";"Campus Central";"HUOL";"2014";"1";"2014-04-29";"2014-06-13";"234567M123456  2345T1234 (29/04/2014 - 13/06/2014)";"4";"4";"REGULAR";"f";"2014-06-11 23:43:09.179";"f";"";"0";"CONSOLIDADA";"";"Presencial";
"1222236";"12";"5753705";"";"";"54724";"GRADUAÇÃO";"Campus Central";"HUOL";"2014";"1";"2014-04-29";"2014-06-13";"234567M123456  2345T1234 (29/04/2014 - 13/06/2014)";"4";"4";"REGULAR";"f";"2014-06-11 23:43:09.179";"f";"";"0";"CONSOLIDADA";"";"Presencial";
"1222236";"12";"26598";"";"";"54724";"GRADUAÇÃO";"Campus Central";"HUOL";"2014";"1";"2014-04-29";"2014-06-13";"234567M123456  2345T1234 (29/04/2014 - 13/06/2014)";"4";"4";"REGULAR";"f";"2014-06-11 23:43:09.179";"f";"";"0";"CONSOLIDADA";"";"Presencial";
"1222236";"12";"26521";"";"";"54724";"GRADUAÇÃO";"Campus Central";"HUOL";"2014";"1";"2014-04-29";"2014-06-13";"234567M123456  2345T1234 (29/04/2014 - 13/06/2014)";"4";"4";"REGULAR";"f";"2014-06-11 23:43:09.179";"f";"";"0";"CONSOLIDADA";"";"Presencial";
"1222236";"12";"22053";"";"";"54724";"GRADUAÇÃO";"Campus Central";"HUOL";"2014";"1";"2014-04-29";"2014-06-13";"234567M123456  2345T1234 (29/04/2014 - 13/06/2014)";"4";"4";"REGULAR";"f";"2014-06-11 23:43:09.179";"f";"";"0";"CONSOLIDADA";"";"Presencial";
"1222236";"12";"5755844";"";"";"54724";"GRADUAÇÃO";"Campus Central";"HUOL";"2014";"1";"2014-04-29";"2014-06-13";"234567M123456  2345T1234 (29/04/2014 - 13/06/2014)";"4";"4";"REGULAR";"f";"2014-06-11 23:43:09.179";"f";"";"0";"CONSOLIDADA";"";"Presencial";
"1222236";"12";"5754591";"";"";"54724";"GRADUAÇÃO";"Campus Central";"HUOL";"2014";"1";"2014-04-29";"2014-06-13";"234567M123456  2345T1234 (29/04/2014 - 13/06/2014)";"4";"4";"REGULAR";"f";"2014-06-11 23:43:09.179";"f";"";"0";"CONSOLIDADA";"";"Presencial";
"1222236";"12";"5754331";"";"";"54724";"GRADUAÇÃO";"Campus Central";"HUOL";"2014";"1";"2014-04-29";"2014-06-13";"234567M123456  2345T1234 (29/04/2014 - 13/06/2014)";"4";"4";"REGULAR";"f";"2014-06-11 23:43:09.179";"f";"";"0";"CONSOLIDADA";"";"Presencial";
"1222236";"12";"5752557";"";"";"54724";"GRADUAÇÃO";"Campus Central";"HUOL";"2014";"1";"2014-04-29";"2014-06-13";"234567M123456  2345T1234 (29/04/2014 - 13/06/2014)";"4";"4";"REGULAR";"f";"2014-06-11 23:43:09.179";"f";"";"0";"CONSOLIDADA";"";"Presencial";
"1222236";"12";"5755598";"";"";"54724";"GRADUAÇÃO";"Campus Central";"HUOL";"2014";"1";"2014-04-29";"2014-06-13";"234567M123456  2345T1234 (29/04/2014 - 13/06/2014)";"4";"4";"REGULAR";"f";"2014-06-11 23:43:09.179";"f";"";"0";"CONSOLIDADA";"";"Presencial";
"1222236";"12";"5753913";"";"";"54724";"GRADUAÇÃO";"Campus Central";"HUOL";"2014";"1";"2014-04-29";"2014-06-13";"234567M123456  2345T1234 (29/04/2014 - 13/06/2014)";"4";"4";"REGULAR";"f";"2014-06-11 23:43:09.179";"f";"";"0";"CONSOLIDADA";"";"Presencial";
"1222236";"12";"5753588";"";"";"54724";"GRADUAÇÃO";"Campus Central";"HUOL";"2014";"1";"2014-04-29";"2014-06-13";"234567M123456  2345T1234 (29/04/2014 - 13/06/2014)";"4";"4";"REGULAR";"f";"2014-06-11 23:43:09.179";"f";"";"0";"CONSOLIDADA";"";"Presencial";
"1222236";"12";"5751750";"";"";"54724";"GRADUAÇÃO";"Campus Central";"HUOL";"2014";"1";"2014-04-29";"2014-06-13";"234567M123456  2345T1234 (29/04/2014 - 13/06/2014)";"4";"4";"REGULAR";"f";"2014-06-11 23:43:09.179";"f";"";"0";"CONSOLIDADA";"";"Presencial";
"1222236";"12";"5753380";"";"";"54724";"GRADUAÇÃO";"Campus Central";"HUOL";"2014";"1";"2014-04-29";"2014-06-13";"234567M123456  2345T1234 (29/04/2014 - 13/06/2014)";"4";"4";"REGULAR";"f";"2014-06-11 23:43:09.179";"f";"";"0";"CONSOLIDADA";"";"Presencial";
"1222236";"12";"5751842";"";"";"54724";"GRADUAÇÃO";"Campus Central";"HUOL";"2014";"1";"2014-04-29";"2014-06-13";"234567M123456  2345T1234 (29/04/2014 - 13/06/2014)";"4";"4";"REGULAR";"f";"2014-06-11 23:43:09.179";"f";"";"0";"CONSOLIDADA";"";"Presencial";
"1222236";"12";"5753004";"";"";"54724";"GRADUAÇÃO";"Campus Central";"HUOL";"2014";"1";"2014-04-29";"2014-06-13";"234567M123456  2345T1234 (29/04/2014 - 13/06/2014)";"4";"4";"REGULAR";"f";"2014-06-11 23:43:09.179";"f";"";"0";"CONSOLIDADA";"";"Presencial";
"1222236";"12";"25946";"";"";"54724";"GRADUAÇÃO";"Campus Central";"HUOL";"2014";"1";"2014-04-29";"2014-06-13";"234567M123456  2345T1234 (29/04/2014 - 13/06/2014)";"4";"4";"REGULAR";"f";"2014-06-11 23:43:09.179";"f";"";"0";"CONSOLIDADA";"";"Presencial";
"1222236";"12";"5752190";"";"";"54724";"GRADUAÇÃO";"Campus Central";"HUOL";"2014";"1";"2014-04-29";"2014-06-13";"234567M123456  2345T1234 (29/04/2014 - 13/06/2014)";"4";"4";"REGULAR";"f";"2014-06-11 23:43:09.179";"f";"";"0";"CONSOLIDADA";"";"Presencial";
"1222236";"12";"5755909";"";"";"54724";"GRADUAÇÃO";"Campus Central";"HUOL";"2014";"1";"2014-04-29";"2014-06-13";"234567M123456  2345T1234 (29/04/2014 - 13/06/2014)";"4";"4";"REGULAR";"f";"2014-06-11 23:43:09.179";"f";"";"0";"CONSOLIDADA";"";"Presencial";
"1222236";"12";"18036";"";"";"54724";"GRADUAÇÃO";"Campus Central";"HUOL";"2014";"1";"2014-04-29";"2014-06-13";"234567M123456  2345T1234 (29/04/2014 - 13/06/2014)";"4";"4";"REGULAR";"f";"2014-06-11 23:43:09.179";"f";"";"0";"CONSOLIDADA";"";"Presencial";
"1222236";"12";"5752647";"";"";"54724";"GRADUAÇÃO";"Campus Central";"HUOL";"2014";"1";"2014-04-29";"2014-06-13";"234567M123456  2345T1234 (29/04/2014 - 13/06/2014)";"4";"4";"REGULAR";"f";"2014-06-11 23:43:09.179";"f";"";"0";"CONSOLIDADA";"";"Presencial";
"1222236";"12";"5755848";"";"";"54724";"GRADUAÇÃO";"Campus Central";"HUOL";"2014";"1";"2014-04-29";"2014-06-13";"234567M123456  2345T1234 (29/04/2014 - 13/06/2014)";"4";"4";"REGULAR";"f";"2014-06-11 23:43:09.179";"f";"";"0";"CONSOLIDADA";"";"Presencial";
"1222236";"12";"5753062";"";"";"54724";"GRADUAÇÃO";"Campus Central";"HUOL";"2014";"1";"2014-04-29";"2014-06-13";"234567M123456  2345T1234 (29/04/2014 - 13/06/2014)";"4";"4";"REGULAR";"f";"2014-06-11 23:43:09.179";"f";"";"0";"CONSOLIDADA";"";"Presencial";
"1222236";"12";"5753102";"";"";"54724";"GRADUAÇÃO";"Campus Central";"HUOL";"2014";"1";"2014-04-29";"2014-06-13";"234567M123456  2345T1234 (29/04/2014 - 13/06/2014)";"4";"4";"REGULAR";"f";"2014-06-11 23:43:09.179";"f";"";"0";"CONSOLIDADA";"";"Presencial";
"1222236";"12";"63327";"";"";"54724";"GRADUAÇÃO";"Campus Central";"HUOL";"2014";"1";"2014-04-29";"2014-06-13";"234567M123456  2345T1234 (29/04/2014 - 13/06/2014)";"4";"4";"REGULAR";"f";"2014-06-11 23:43:09.179";"f";"";"0";"CONSOLIDADA";"";"Presencial";
"1222236";"12";"22076";"";"";"54724";"GRADUAÇÃO";"Campus Central";"HUOL";"2014";"1";"2014-04-29";"2014-06-13";"234567M123456  2345T1234 (29/04/2014 - 13/06/2014)";"4";"4";"REGULAR";"f";"2014-06-11 23:43:09.179";"f";"";"0";"CONSOLIDADA";"";"Presencial";
"1222236";"12";"5751929";"";"";"54724";"GRADUAÇÃO";"Campus Central";"HUOL";"2014";"1";"2014-04-29";"2014-06-13";"234567M123456  2345T1234 (29/04/2014 - 13/06/2014)";"4";"4";"REGULAR";"f";"2014-06-11 23:43:09.179";"f";"";"0";"CONSOLIDADA";"";"Presencial";
"1222236";"12";"5755374";"";"";"54724";"GRADUAÇÃO";"Campus Central";"HUOL";"2014";"1";"2014-04-29";"2014-06-13";"234567M123456  2345T1234 (29/04/2014 - 13/06/2014)";"4";"4";"REGULAR";"f";"2014-06-11 23:43:09.179";"f";"";"0";"CONSOLIDADA";"";"Presencial";
"1222237";"13";"22076";"";"";"54724";"GRADUAÇÃO";"Campus Central";"HUOL";"2014";"1";"2014-04-29";"2014-06-13";"234567M123456  2345T1234 (29/04/2014 - 13/06/2014)";"3";"3";"REGULAR";"f";"2014-06-11 23:44:35.247";"f";"";"0";"CONSOLIDADA";"";"Presencial";
"1222237";"13";"22757";"";"";"54724";"GRADUAÇÃO";"Campus Central";"HUOL";"2014";"1";"2014-04-29";"2014-06-13";"234567M123456  2345T1234 (29/04/2014 - 13/06/2014)";"3";"3";"REGULAR";"f";"2014-06-11 23:44:35.247";"f";"";"0";"CONSOLIDADA";"";"Presencial";
"1222237";"13";"22053";"";"";"54724";"GRADUAÇÃO";"Campus Central";"HUOL";"2014";"1";"2014-04-29";"2014-06-13";"234567M123456  2345T1234 (29/04/2014 - 13/06/2014)";"3";"3";"REGULAR";"f";"2014-06-11 23:44:35.247";"f";"";"0";"CONSOLIDADA";"";"Presencial";
"1222237";"13";"5753102";"";"";"54724";"GRADUAÇÃO";"Campus Central";"HUOL";"2014";"1";"2014-04-29";"2014-06-13";"234567M123456  2345T1234 (29/04/2014 - 13/06/2014)";"3";"3";"REGULAR";"f";"2014-06-11 23:44:35.247";"f";"";"0";"CONSOLIDADA";"";"Presencial";
"1222237";"13";"5752647";"";"";"54724";"GRADUAÇÃO";"Campus Central";"HUOL";"2014";"1";"2014-04-29";"2014-06-13";"234567M123456  2345T1234 (29/04/2014 - 13/06/2014)";"3";"3";"REGULAR";"f";"2014-06-11 23:44:35.247";"f";"";"0";"CONSOLIDADA";"";"Presencial";
"1222237";"13";"5754591";"";"";"54724";"GRADUAÇÃO";"Campus Central";"HUOL";"2014";"1";"2014-04-29";"2014-06-13";"234567M123456  2345T1234 (29/04/2014 - 13/06/2014)";"3";"3";"REGULAR";"f";"2014-06-11 23:44:35.247";"f";"";"0";"CONSOLIDADA";"";"Presencial";
"1222237";"13";"5755909";"";"";"54724";"GRADUAÇÃO";"Campus Central";"HUOL";"2014";"1";"2014-04-29";"2014-06-13";"234567M123456  2345T1234 (29/04/2014 - 13/06/2014)";"3";"3";"REGULAR";"f";"2014-06-11 23:44:35.247";"f";"";"0";"CONSOLIDADA";"";"Presencial";
"1222237";"13";"5751929";"";"";"54724";"GRADUAÇÃO";"Campus Central";"HUOL";"2014";"1";"2014-04-29";"2014-06-13";"234567M123456  2345T1234 (29/04/2014 - 13/06/2014)";"3";"3";"REGULAR";"f";"2014-06-11 23:44:35.247";"f";"";"0";"CONSOLIDADA";"";"Presencial";
"1222237";"13";"25441";"";"";"54724";"GRADUAÇÃO";"Campus Central";"HUOL";"2014";"1";"2014-04-29";"2014-06-13";"234567M123456  2345T1234 (29/04/2014 - 13/06/2014)";"3";"3";"REGULAR";"f";"2014-06-11 23:44:35.247";"f";"";"0";"CONSOLIDADA";"";"Presencial";
"1222237";"13";"5753588";"";"";"54724";"GRADUAÇÃO";"Campus Central";"HUOL";"2014";"1";"2014-04-29";"2014-06-13";"234567M123456  2345T1234 (29/04/2014 - 13/06/2014)";"3";"3";"REGULAR";"f";"2014-06-11 23:44:35.247";"f";"";"0";"CONSOLIDADA";"";"Presencial";
"1222237";"13";"26598";"";"";"54724";"GRADUAÇÃO";"Campus Central";"HUOL";"2014";"1";"2014-04-29";"2014-06-13";"234567M123456  2345T1234 (29/04/2014 - 13/06/2014)";"3";"3";"REGULAR";"f";"2014-06-11 23:44:35.247";"f";"";"0";"CONSOLIDADA";"";"Presencial";
"1222237";"13";"18036";"";"";"54724";"GRADUAÇÃO";"Campus Central";"HUOL";"2014";"1";"2014-04-29";"2014-06-13";"234567M123456  2345T1234 (29/04/2014 - 13/06/2014)";"3";"3";"REGULAR";"f";"2014-06-11 23:44:35.247";"f";"";"0";"CONSOLIDADA";"";"Presencial";
"1222237";"13";"5755374";"";"";"54724";"GRADUAÇÃO";"Campus Central";"HUOL";"2014";"1";"2014-04-29";"2014-06-13";"234567M123456  2345T1234 (29/04/2014 - 13/06/2014)";"3";"3";"REGULAR";"f";"2014-06-11 23:44:35.247";"f";"";"0";"CONSOLIDADA";"";"Presencial";
"1222237";"13";"5753913";"";"";"54724";"GRADUAÇÃO";"Campus Central";"HUOL";"2014";"1";"2014-04-29";"2014-06-13";"234567M123456  2345T1234 (29/04/2014 - 13/06/2014)";"3";"3";"REGULAR";"f";"2014-06-11 23:44:35.247";"f";"";"0";"CONSOLIDADA";"";"Presencial";
"1222237";"13";"5751750";"";"";"54724";"GRADUAÇÃO";"Campus Central";"HUOL";"2014";"1";"2014-04-29";"2014-06-13";"234567M123456  2345T1234 (29/04/2014 - 13/06/2014)";"3";"3";"REGULAR";"f";"2014-06-11 23:44:35.247";"f";"";"0";"CONSOLIDADA";"";"Presencial";
"1222237";"13";"5753705";"";"";"54724";"GRADUAÇÃO";"Campus Central";"HUOL";"2014";"1";"2014-04-29";"2014-06-13";"234567M123456  2345T1234 (29/04/2014 - 13/06/2014)";"3";"3";"REGULAR";"f";"2014-06-11 23:44:35.247";"f";"";"0";"CONSOLIDADA";"";"Presencial";
"1222237";"13";"5754331";"";"";"54724";"GRADUAÇÃO";"Campus Central";"HUOL";"2014";"1";"2014-04-29";"2014-06-13";"234567M123456  2345T1234 (29/04/2014 - 13/06/2014)";"3";"3";"REGULAR";"f";"2014-06-11 23:44:35.247";"f";"";"0";"CONSOLIDADA";"";"Presencial";
"1222237";"13";"5755844";"";"";"54724";"GRADUAÇÃO";"Campus Central";"HUOL";"2014";"1";"2014-04-29";"2014-06-13";"234567M123456  2345T1234 (29/04/2014 - 13/06/2014)";"3";"3";"REGULAR";"f";"2014-06-11 23:44:35.247";"f";"";"0";"CONSOLIDADA";"";"Presencial";
"1222237";"13";"5753380";"";"";"54724";"GRADUAÇÃO";"Campus Central";"HUOL";"2014";"1";"2014-04-29";"2014-06-13";"234567M123456  2345T1234 (29/04/2014 - 13/06/2014)";"3";"3";"REGULAR";"f";"2014-06-11 23:44:35.247";"f";"";"0";"CONSOLIDADA";"";"Presencial";
"1222237";"13";"5751842";"";"";"54724";"GRADUAÇÃO";"Campus Central";"HUOL";"2014";"1";"2014-04-29";"2014-06-13";"234567M123456  2345T1234 (29/04/2014 - 13/06/2014)";"3";"3";"REGULAR";"f";"2014-06-11 23:44:35.247";"f";"";"0";"CONSOLIDADA";"";"Presencial";
"1222237";"13";"25946";"";"";"54724";"GRADUAÇÃO";"Campus Central";"HUOL";"2014";"1";"2014-04-29";"2014-06-13";"234567M123456  2345T1234 (29/04/2014 - 13/06/2014)";"3";"3";"REGULAR";"f";"2014-06-11 23:44:35.247";"f";"";"0";"CONSOLIDADA";"";"Presencial";
"1222237";"13";"5755848";"";"";"54724";"GRADUAÇÃO";"Campus Central";"HUOL";"2014";"1";"2014-04-29";"2014-06-13";"234567M123456  2345T1234 (29/04/2014 - 13/06/2014)";"3";"3";"REGULAR";"f";"2014-06-11 23:44:35.247";"f";"";"0";"CONSOLIDADA";"";"Presencial";
"1222237";"13";"5755598";"";"";"54724";"GRADUAÇÃO";"Campus Central";"HUOL";"2014";"1";"2014-04-29";"2014-06-13";"234567M123456  2345T1234 (29/04/2014 - 13/06/2014)";"3";"3";"REGULAR";"f";"2014-06-11 23:44:35.247";"f";"";"0";"CONSOLIDADA";"";"Presencial";
"1222237";"13";"5752557";"";"";"54724";"GRADUAÇÃO";"Campus Central";"HUOL";"2014";"1";"2014-04-29";"2014-06-13";"234567M123456  2345T1234 (29/04/2014 - 13/06/2014)";"3";"3";"REGULAR";"f";"2014-06-11 23:44:35.247";"f";"";"0";"CONSOLIDADA";"";"Presencial";
"1222237";"13";"5753004";"";"";"54724";"GRADUAÇÃO";"Campus Central";"HUOL";"2014";"1";"2014-04-29";"2014-06-13";"234567M123456  2345T1234 (29/04/2014 - 13/06/2014)";"3";"3";"REGULAR";"f";"2014-06-11 23:44:35.247";"f";"";"0";"CONSOLIDADA";"";"Presencial";
"1222237";"13";"5752190";"";"";"54724";"GRADUAÇÃO";"Campus Central";"HUOL";"2014";"1";"2014-04-29";"2014-06-13";"234567M123456  2345T1234 (29/04/2014 - 13/06/2014)";"3";"3";"REGULAR";"f";"2014-06-11 23:44:35.247";"f";"";"0";"CONSOLIDADA";"";"Presencial";
"1222237";"13";"26521";"";"";"54724";"GRADUAÇÃO";"Campus Central";"HUOL";"2014";"1";"2014-04-29";"2014-06-13";"234567M123456  2345T1234 (29/04/2014 - 13/06/2014)";"3";"3";"REGULAR";"f";"2014-06-11 23:44:35.247";"f";"";"0";"CONSOLIDADA";"";"Presencial";
"1222237";"13";"5753062";"";"";"54724";"GRADUAÇÃO";"Campus Central";"HUOL";"2014";"1";"2014-04-29";"2014-06-13";"234567M123456  2345T1234 (29/04/2014 - 13/06/2014)";"3";"3";"REGULAR";"f";"2014-06-11 23:44:35.247";"f";"";"0";"CONSOLIDADA";"";"Presencial";
"1222237";"13";"63327";"";"";"54724";"GRADUAÇÃO";"Campus Central";"HUOL";"2014";"1";"2014-04-29";"2014-06-13";"234567M123456  2345T1234 (29/04/2014 - 13/06/2014)";"3";"3";"REGULAR";"f";"2014-06-11 23:44:35.247";"f";"";"0";"CONSOLIDADA";"";"Presencial";
"1222238";"14";"5753062";"";"";"54724";"GRADUAÇÃO";"Campus Central";"HUOL";"2014";"1";"2014-04-29";"2014-06-13";"234567M123456  2345T1234 (29/04/2014 - 13/06/2014)";"4";"4";"REGULAR";"f";"2014-06-11 23:46:24.457";"f";"";"0";"CONSOLIDADA";"";"Presencial";
"1222238";"14";"26521";"";"";"54724";"GRADUAÇÃO";"Campus Central";"HUOL";"2014";"1";"2014-04-29";"2014-06-13";"234567M123456  2345T1234 (29/04/2014 - 13/06/2014)";"4";"4";"REGULAR";"f";"2014-06-11 23:46:24.457";"f";"";"0";"CONSOLIDADA";"";"Presencial";
"1222238";"14";"5755848";"";"";"54724";"GRADUAÇÃO";"Campus Central";"HUOL";"2014";"1";"2014-04-29";"2014-06-13";"234567M123456  2345T1234 (29/04/2014 - 13/06/2014)";"4";"4";"REGULAR";"f";"2014-06-11 23:46:24.457";"f";"";"0";"CONSOLIDADA";"";"Presencial";
"1222238";"14";"22053";"";"";"54724";"GRADUAÇÃO";"Campus Central";"HUOL";"2014";"1";"2014-04-29";"2014-06-13";"234567M123456  2345T1234 (29/04/2014 - 13/06/2014)";"4";"4";"REGULAR";"f";"2014-06-11 23:46:24.457";"f";"";"0";"CONSOLIDADA";"";"Presencial";
"1222238";"14";"5752647";"";"";"54724";"GRADUAÇÃO";"Campus Central";"HUOL";"2014";"1";"2014-04-29";"2014-06-13";"234567M123456  2345T1234 (29/04/2014 - 13/06/2014)";"4";"4";"REGULAR";"f";"2014-06-11 23:46:24.457";"f";"";"0";"CONSOLIDADA";"";"Presencial";
"1222238";"14";"22757";"";"";"54724";"GRADUAÇÃO";"Campus Central";"HUOL";"2014";"1";"2014-04-29";"2014-06-13";"234567M123456  2345T1234 (29/04/2014 - 13/06/2014)";"4";"4";"REGULAR";"f";"2014-06-11 23:46:24.457";"f";"";"0";"CONSOLIDADA";"";"Presencial";
"1222238";"14";"5753004";"";"";"54724";"GRADUAÇÃO";"Campus Central";"HUOL";"2014";"1";"2014-04-29";"2014-06-13";"234567M123456  2345T1234 (29/04/2014 - 13/06/2014)";"4";"4";"REGULAR";"f";"2014-06-11 23:46:24.457";"f";"";"0";"CONSOLIDADA";"";"Presencial";
"1222238";"14";"22076";"";"";"54724";"GRADUAÇÃO";"Campus Central";"HUOL";"2014";"1";"2014-04-29";"2014-06-13";"234567M123456  2345T1234 (29/04/2014 - 13/06/2014)";"4";"4";"REGULAR";"f";"2014-06-11 23:46:24.457";"f";"";"0";"CONSOLIDADA";"";"Presencial";
"1222238";"14";"18036";"";"";"54724";"GRADUAÇÃO";"Campus Central";"HUOL";"2014";"1";"2014-04-29";"2014-06-13";"234567M123456  2345T1234 (29/04/2014 - 13/06/2014)";"4";"4";"REGULAR";"f";"2014-06-11 23:46:24.457";"f";"";"0";"CONSOLIDADA";"";"Presencial";
"1222238";"14";"5753913";"";"";"54724";"GRADUAÇÃO";"Campus Central";"HUOL";"2014";"1";"2014-04-29";"2014-06-13";"234567M123456  2345T1234 (29/04/2014 - 13/06/2014)";"4";"4";"REGULAR";"f";"2014-06-11 23:46:24.457";"f";"";"0";"CONSOLIDADA";"";"Presencial";
"1222238";"14";"5755374";"";"";"54724";"GRADUAÇÃO";"Campus Central";"HUOL";"2014";"1";"2014-04-29";"2014-06-13";"234567M123456  2345T1234 (29/04/2014 - 13/06/2014)";"4";"4";"REGULAR";"f";"2014-06-11 23:46:24.457";"f";"";"0";"CONSOLIDADA";"";"Presencial";
"1222238";"14";"5753380";"";"";"54724";"GRADUAÇÃO";"Campus Central";"HUOL";"2014";"1";"2014-04-29";"2014-06-13";"234567M123456  2345T1234 (29/04/2014 - 13/06/2014)";"4";"4";"REGULAR";"f";"2014-06-11 23:46:24.457";"f";"";"0";"CONSOLIDADA";"";"Presencial";
"1222238";"14";"5755909";"";"";"54724";"GRADUAÇÃO";"Campus Central";"HUOL";"2014";"1";"2014-04-29";"2014-06-13";"234567M123456  2345T1234 (29/04/2014 - 13/06/2014)";"4";"4";"REGULAR";"f";"2014-06-11 23:46:24.457";"f";"";"0";"CONSOLIDADA";"";"Presencial";
"1222238";"14";"5753588";"";"";"54724";"GRADUAÇÃO";"Campus Central";"HUOL";"2014";"1";"2014-04-29";"2014-06-13";"234567M123456  2345T1234 (29/04/2014 - 13/06/2014)";"4";"4";"REGULAR";"f";"2014-06-11 23:46:24.457";"f";"";"0";"CONSOLIDADA";"";"Presencial";
"1222238";"14";"5754331";"";"";"54724";"GRADUAÇÃO";"Campus Central";"HUOL";"2014";"1";"2014-04-29";"2014-06-13";"234567M123456  2345T1234 (29/04/2014 - 13/06/2014)";"4";"4";"REGULAR";"f";"2014-06-11 23:46:24.457";"f";"";"0";"CONSOLIDADA";"";"Presencial";
"1222238";"14";"26598";"";"";"54724";"GRADUAÇÃO";"Campus Central";"HUOL";"2014";"1";"2014-04-29";"2014-06-13";"234567M123456  2345T1234 (29/04/2014 - 13/06/2014)";"4";"4";"REGULAR";"f";"2014-06-11 23:46:24.457";"f";"";"0";"CONSOLIDADA";"";"Presencial";
"1222238";"14";"5754591";"";"";"54724";"GRADUAÇÃO";"Campus Central";"HUOL";"2014";"1";"2014-04-29";"2014-06-13";"234567M123456  2345T1234 (29/04/2014 - 13/06/2014)";"4";"4";"REGULAR";"f";"2014-06-11 23:46:24.457";"f";"";"0";"CONSOLIDADA";"";"Presencial";
"1222238";"14";"25441";"";"";"54724";"GRADUAÇÃO";"Campus Central";"HUOL";"2014";"1";"2014-04-29";"2014-06-13";"234567M123456  2345T1234 (29/04/2014 - 13/06/2014)";"4";"4";"REGULAR";"f";"2014-06-11 23:46:24.457";"f";"";"0";"CONSOLIDADA";"";"Presencial";
"1222238";"14";"5753705";"";"";"54724";"GRADUAÇÃO";"Campus Central";"HUOL";"2014";"1";"2014-04-29";"2014-06-13";"234567M123456  2345T1234 (29/04/2014 - 13/06/2014)";"4";"4";"REGULAR";"f";"2014-06-11 23:46:24.457";"f";"";"0";"CONSOLIDADA";"";"Presencial";
"1222238";"14";"63327";"";"";"54724";"GRADUAÇÃO";"Campus Central";"HUOL";"2014";"1";"2014-04-29";"2014-06-13";"234567M123456  2345T1234 (29/04/2014 - 13/06/2014)";"4";"4";"REGULAR";"f";"2014-06-11 23:46:24.457";"f";"";"0";"CONSOLIDADA";"";"Presencial";
"1222238";"14";"25946";"";"";"54724";"GRADUAÇÃO";"Campus Central";"HUOL";"2014";"1";"2014-04-29";"2014-06-13";"234567M123456  2345T1234 (29/04/2014 - 13/06/2014)";"4";"4";"REGULAR";"f";"2014-06-11 23:46:24.457";"f";"";"0";"CONSOLIDADA";"";"Presencial";
"1222238";"14";"5755844";"";"";"54724";"GRADUAÇÃO";"Campus Central";"HUOL";"2014";"1";"2014-04-29";"2014-06-13";"234567M123456  2345T1234 (29/04/2014 - 13/06/2014)";"4";"4";"REGULAR";"f";"2014-06-11 23:46:24.457";"f";"";"0";"CONSOLIDADA";"";"Presencial";
"1222238";"14";"5752557";"";"";"54724";"GRADUAÇÃO";"Campus Central";"HUOL";"2014";"1";"2014-04-29";"2014-06-13";"234567M123456  2345T1234 (29/04/2014 - 13/06/2014)";"4";"4";"REGULAR";"f";"2014-06-11 23:46:24.457";"f";"";"0";"CONSOLIDADA";"";"Presencial";
"1222238";"14";"5751929";"";"";"54724";"GRADUAÇÃO";"Campus Central";"HUOL";"2014";"1";"2014-04-29";"2014-06-13";"234567M123456  2345T1234 (29/04/2014 - 13/06/2014)";"4";"4";"REGULAR";"f";"2014-06-11 23:46:24.457";"f";"";"0";"CONSOLIDADA";"";"Presencial";
"1222238";"14";"5751842";"";"";"54724";"GRADUAÇÃO";"Campus Central";"HUOL";"2014";"1";"2014-04-29";"2014-06-13";"234567M123456  2345T1234 (29/04/2014 - 13/06/2014)";"4";"4";"REGULAR";"f";"2014-06-11 23:46:24.457";"f";"";"0";"CONSOLIDADA";"";"Presencial";
"1222238";"14";"5752190";"";"";"54724";"GRADUAÇÃO";"Campus Central";"HUOL";"2014";"1";"2014-04-29";"2014-06-13";"234567M123456  2345T1234 (29/04/2014 - 13/06/2014)";"4";"4";"REGULAR";"f";"2014-06-11 23:46:24.457";"f";"";"0";"CONSOLIDADA";"";"Presencial";
"1222238";"14";"5751750";"";"";"54724";"GRADUAÇÃO";"Campus Central";"HUOL";"2014";"1";"2014-04-29";"2014-06-13";"234567M123456  2345T1234 (29/04/2014 - 13/06/2014)";"4";"4";"REGULAR";"f";"2014-06-11 23:46:24.457";"f";"";"0";"CONSOLIDADA";"";"Presencial";
"1222238";"14";"5753102";"";"";"54724";"GRADUAÇÃO";"Campus Central";"HUOL";"2014";"1";"2014-04-29";"2014-06-13";"234567M123456  2345T1234 (29/04/2014 - 13/06/2014)";"4";"4";"REGULAR";"f";"2014-06-11 23:46:24.457";"f";"";"0";"CONSOLIDADA";"";"Presencial";
"1222238";"14";"5755598";"";"";"54724";"GRADUAÇÃO";"Campus Central";"HUOL";"2014";"1";"2014-04-29";"2014-06-13";"234567M123456  2345T1234 (29/04/2014 - 13/06/2014)";"4";"4";"REGULAR";"f";"2014-06-11 23:46:24.457";"f";"";"0";"CONSOLIDADA";"";"Presencial";
"1222239";"01";"5756264";"";"";"27604";"GRADUAÇÃO";"Campus Central";"2F2";"2014";"1";"2014-01-27";"2014-06-14";"6N1234";"40";"60";"REGULAR";"f";"2014-06-13 10:12:48.577";"f";"";"72";"CONSOLIDADA";"";"Presencial";
"1222240";"01";"5755991";"";"";"46189";"GRADUAÇÃO";"Campus Central";"Sala K - DEART (Prédio Anexo)";"2014";"1";"2014-01-27";"2014-06-14";"3M3456";"32";"45";"REGULAR";"f";"2014-06-11 00:01:58.745";"f";"";"80";"CONSOLIDADA";"";"Presencial";
"1222241";"15";"25946";"";"";"54724";"GRADUAÇÃO";"Campus Central";"HUOL";"2014";"1";"2014-04-29";"2014-06-13";"234567M123456  2345T1234 (29/04/2014 - 13/06/2014)";"2";"3";"REGULAR";"f";"2014-06-11 23:47:41.095";"f";"";"0";"CONSOLIDADA";"";"Presencial";
"1222241";"15";"5751842";"";"";"54724";"GRADUAÇÃO";"Campus Central";"HUOL";"2014";"1";"2014-04-29";"2014-06-13";"234567M123456  2345T1234 (29/04/2014 - 13/06/2014)";"2";"3";"REGULAR";"f";"2014-06-11 23:47:41.095";"f";"";"0";"CONSOLIDADA";"";"Presencial";
"1222241";"15";"5753062";"";"";"54724";"GRADUAÇÃO";"Campus Central";"HUOL";"2014";"1";"2014-04-29";"2014-06-13";"234567M123456  2345T1234 (29/04/2014 - 13/06/2014)";"2";"3";"REGULAR";"f";"2014-06-11 23:47:41.095";"f";"";"0";"CONSOLIDADA";"";"Presencial";
"1222241";"15";"22757";"";"";"54724";"GRADUAÇÃO";"Campus Central";"HUOL";"2014";"1";"2014-04-29";"2014-06-13";"234567M123456  2345T1234 (29/04/2014 - 13/06/2014)";"2";"3";"REGULAR";"f";"2014-06-11 23:47:41.095";"f";"";"0";"CONSOLIDADA";"";"Presencial";
"1222241";"15";"5755374";"";"";"54724";"GRADUAÇÃO";"Campus Central";"HUOL";"2014";"1";"2014-04-29";"2014-06-13";"234567M123456  2345T1234 (29/04/2014 - 13/06/2014)";"2";"3";"REGULAR";"f";"2014-06-11 23:47:41.095";"f";"";"0";"CONSOLIDADA";"";"Presencial";
"1222241";"15";"22076";"";"";"54724";"GRADUAÇÃO";"Campus Central";"HUOL";"2014";"1";"2014-04-29";"2014-06-13";"234567M123456  2345T1234 (29/04/2014 - 13/06/2014)";"2";"3";"REGULAR";"f";"2014-06-11 23:47:41.095";"f";"";"0";"CONSOLIDADA";"";"Presencial";
"1222241";"15";"5754591";"";"";"54724";"GRADUAÇÃO";"Campus Central";"HUOL";"2014";"1";"2014-04-29";"2014-06-13";"234567M123456  2345T1234 (29/04/2014 - 13/06/2014)";"2";"3";"REGULAR";"f";"2014-06-11 23:47:41.095";"f";"";"0";"CONSOLIDADA";"";"Presencial";
"1222241";"15";"5754331";"";"";"54724";"GRADUAÇÃO";"Campus Central";"HUOL";"2014";"1";"2014-04-29";"2014-06-13";"234567M123456  2345T1234 (29/04/2014 - 13/06/2014)";"2";"3";"REGULAR";"f";"2014-06-11 23:47:41.095";"f";"";"0";"CONSOLIDADA";"";"Presencial";
"1222241";"15";"5751750";"";"";"54724";"GRADUAÇÃO";"Campus Central";"HUOL";"2014";"1";"2014-04-29";"2014-06-13";"234567M123456  2345T1234 (29/04/2014 - 13/06/2014)";"2";"3";"REGULAR";"f";"2014-06-11 23:47:41.095";"f";"";"0";"CONSOLIDADA";"";"Presencial";
"1222241";"15";"25441";"";"";"54724";"GRADUAÇÃO";"Campus Central";"HUOL";"2014";"1";"2014-04-29";"2014-06-13";"234567M123456  2345T1234 (29/04/2014 - 13/06/2014)";"2";"3";"REGULAR";"f";"2014-06-11 23:47:41.095";"f";"";"0";"CONSOLIDADA";"";"Presencial";
"1222241";"15";"5753380";"";"";"54724";"GRADUAÇÃO";"Campus Central";"HUOL";"2014";"1";"2014-04-29";"2014-06-13";"234567M123456  2345T1234 (29/04/2014 - 13/06/2014)";"2";"3";"REGULAR";"f";"2014-06-11 23:47:41.095";"f";"";"0";"CONSOLIDADA";"";"Presencial";
"1222241";"15";"5752647";"";"";"54724";"GRADUAÇÃO";"Campus Central";"HUOL";"2014";"1";"2014-04-29";"2014-06-13";"234567M123456  2345T1234 (29/04/2014 - 13/06/2014)";"2";"3";"REGULAR";"f";"2014-06-11 23:47:41.095";"f";"";"0";"CONSOLIDADA";"";"Presencial";
"1222241";"15";"26598";"";"";"54724";"GRADUAÇÃO";"Campus Central";"HUOL";"2014";"1";"2014-04-29";"2014-06-13";"234567M123456  2345T1234 (29/04/2014 - 13/06/2014)";"2";"3";"REGULAR";"f";"2014-06-11 23:47:41.095";"f";"";"0";"CONSOLIDADA";"";"Presencial";
"1222241";"15";"5753102";"";"";"54724";"GRADUAÇÃO";"Campus Central";"HUOL";"2014";"1";"2014-04-29";"2014-06-13";"234567M123456  2345T1234 (29/04/2014 - 13/06/2014)";"2";"3";"REGULAR";"f";"2014-06-11 23:47:41.095";"f";"";"0";"CONSOLIDADA";"";"Presencial";
"1222241";"15";"5752557";"";"";"54724";"GRADUAÇÃO";"Campus Central";"HUOL";"2014";"1";"2014-04-29";"2014-06-13";"234567M123456  2345T1234 (29/04/2014 - 13/06/2014)";"2";"3";"REGULAR";"f";"2014-06-11 23:47:41.095";"f";"";"0";"CONSOLIDADA";"";"Presencial";
"1222241";"15";"5753588";"";"";"54724";"GRADUAÇÃO";"Campus Central";"HUOL";"2014";"1";"2014-04-29";"2014-06-13";"234567M123456  2345T1234 (29/04/2014 - 13/06/2014)";"2";"3";"REGULAR";"f";"2014-06-11 23:47:41.095";"f";"";"0";"CONSOLIDADA";"";"Presencial";
"1222241";"15";"5753004";"";"";"54724";"GRADUAÇÃO";"Campus Central";"HUOL";"2014";"1";"2014-04-29";"2014-06-13";"234567M123456  2345T1234 (29/04/2014 - 13/06/2014)";"2";"3";"REGULAR";"f";"2014-06-11 23:47:41.095";"f";"";"0";"CONSOLIDADA";"";"Presencial";
"1222241";"15";"26521";"";"";"54724";"GRADUAÇÃO";"Campus Central";"HUOL";"2014";"1";"2014-04-29";"2014-06-13";"234567M123456  2345T1234 (29/04/2014 - 13/06/2014)";"2";"3";"REGULAR";"f";"2014-06-11 23:47:41.095";"f";"";"0";"CONSOLIDADA";"";"Presencial";
"1222241";"15";"5753913";"";"";"54724";"GRADUAÇÃO";"Campus Central";"HUOL";"2014";"1";"2014-04-29";"2014-06-13";"234567M123456  2345T1234 (29/04/2014 - 13/06/2014)";"2";"3";"REGULAR";"f";"2014-06-11 23:47:41.095";"f";"";"0";"CONSOLIDADA";"";"Presencial";
"1222241";"15";"5751929";"";"";"54724";"GRADUAÇÃO";"Campus Central";"HUOL";"2014";"1";"2014-04-29";"2014-06-13";"234567M123456  2345T1234 (29/04/2014 - 13/06/2014)";"2";"3";"REGULAR";"f";"2014-06-11 23:47:41.095";"f";"";"0";"CONSOLIDADA";"";"Presencial";
"1222241";"15";"18036";"";"";"54724";"GRADUAÇÃO";"Campus Central";"HUOL";"2014";"1";"2014-04-29";"2014-06-13";"234567M123456  2345T1234 (29/04/2014 - 13/06/2014)";"2";"3";"REGULAR";"f";"2014-06-11 23:47:41.095";"f";"";"0";"CONSOLIDADA";"";"Presencial";
"1222241";"15";"5755844";"";"";"54724";"GRADUAÇÃO";"Campus Central";"HUOL";"2014";"1";"2014-04-29";"2014-06-13";"234567M123456  2345T1234 (29/04/2014 - 13/06/2014)";"2";"3";"REGULAR";"f";"2014-06-11 23:47:41.095";"f";"";"0";"CONSOLIDADA";"";"Presencial";
"1222241";"15";"5755598";"";"";"54724";"GRADUAÇÃO";"Campus Central";"HUOL";"2014";"1";"2014-04-29";"2014-06-13";"234567M123456  2345T1234 (29/04/2014 - 13/06/2014)";"2";"3";"REGULAR";"f";"2014-06-11 23:47:41.095";"f";"";"0";"CONSOLIDADA";"";"Presencial";
"1222241";"15";"5755909";"";"";"54724";"GRADUAÇÃO";"Campus Central";"HUOL";"2014";"1";"2014-04-29";"2014-06-13";"234567M123456  2345T1234 (29/04/2014 - 13/06/2014)";"2";"3";"REGULAR";"f";"2014-06-11 23:47:41.095";"f";"";"0";"CONSOLIDADA";"";"Presencial";
"1222241";"15";"63327";"";"";"54724";"GRADUAÇÃO";"Campus Central";"HUOL";"2014";"1";"2014-04-29";"2014-06-13";"234567M123456  2345T1234 (29/04/2014 - 13/06/2014)";"2";"3";"REGULAR";"f";"2014-06-11 23:47:41.095";"f";"";"0";"CONSOLIDADA";"";"Presencial";
"1222241";"15";"5755848";"";"";"54724";"GRADUAÇÃO";"Campus Central";"HUOL";"2014";"1";"2014-04-29";"2014-06-13";"234567M123456  2345T1234 (29/04/2014 - 13/06/2014)";"2";"3";"REGULAR";"f";"2014-06-11 23:47:41.095";"f";"";"0";"CONSOLIDADA";"";"Presencial";
"1222241";"15";"5753705";"";"";"54724";"GRADUAÇÃO";"Campus Central";"HUOL";"2014";"1";"2014-04-29";"2014-06-13";"234567M123456  2345T1234 (29/04/2014 - 13/06/2014)";"2";"3";"REGULAR";"f";"2014-06-11 23:47:41.095";"f";"";"0";"CONSOLIDADA";"";"Presencial";
"1222241";"15";"22053";"";"";"54724";"GRADUAÇÃO";"Campus Central";"HUOL";"2014";"1";"2014-04-29";"2014-06-13";"234567M123456  2345T1234 (29/04/2014 - 13/06/2014)";"2";"3";"REGULAR";"f";"2014-06-11 23:47:41.095";"f";"";"0";"CONSOLIDADA";"";"Presencial";
"1222241";"15";"5752190";"";"";"54724";"GRADUAÇÃO";"Campus Central";"HUOL";"2014";"1";"2014-04-29";"2014-06-13";"234567M123456  2345T1234 (29/04/2014 - 13/06/2014)";"2";"3";"REGULAR";"f";"2014-06-11 23:47:41.095";"f";"";"0";"CONSOLIDADA";"";"Presencial";
"1222242";"02";"5756455";"";"";"46189";"GRADUAÇÃO";"Campus Central";"3E4";"2014";"1";"2014-01-27";"2014-06-14";"35N12";"50";"55";"REGULAR";"f";"2014-06-12 08:34:56.679";"f";"";"74";"CONSOLIDADA";"";"Presencial";
"1222243";"01";"5753101";"";"";"54799";"GRADUAÇÃO";"Campus Central";"HUOL";"2014";"1";"2014-01-27";"2014-03-13";"23456M123456  2345T12345 (27/01/2014 - 13/03/2014)";"6";"6";"REGULAR";"f";"2014-06-20 16:39:15.275";"f";"";"0";"CONSOLIDADA";"";"Presencial";
"1222243";"01";"5753104";"";"";"54799";"GRADUAÇÃO";"Campus Central";"HUOL";"2014";"1";"2014-01-27";"2014-03-13";"23456M123456  2345T12345 (27/01/2014 - 13/03/2014)";"6";"6";"REGULAR";"f";"2014-06-20 16:39:15.275";"f";"";"0";"CONSOLIDADA";"";"Presencial";
"1222243";"01";"5753031";"";"";"54799";"GRADUAÇÃO";"Campus Central";"HUOL";"2014";"1";"2014-01-27";"2014-03-13";"23456M123456  2345T12345 (27/01/2014 - 13/03/2014)";"6";"6";"REGULAR";"f";"2014-06-20 16:39:15.275";"f";"";"0";"CONSOLIDADA";"";"Presencial";
"1222243";"01";"5756393";"";"";"54799";"GRADUAÇÃO";"Campus Central";"HUOL";"2014";"1";"2014-01-27";"2014-03-13";"23456M123456  2345T12345 (27/01/2014 - 13/03/2014)";"6";"6";"REGULAR";"f";"2014-06-20 16:39:15.275";"f";"";"0";"CONSOLIDADA";"";"Presencial";
"1222243";"01";"5753755";"";"";"54799";"GRADUAÇÃO";"Campus Central";"HUOL";"2014";"1";"2014-01-27";"2014-03-13";"23456M123456  2345T12345 (27/01/2014 - 13/03/2014)";"6";"6";"REGULAR";"f";"2014-06-20 16:39:15.275";"f";"";"0";"CONSOLIDADA";"";"Presencial";
"1222243";"01";"5753670";"";"";"54799";"GRADUAÇÃO";"Campus Central";"HUOL";"2014";"1";"2014-01-27";"2014-03-13";"23456M123456  2345T12345 (27/01/2014 - 13/03/2014)";"6";"6";"REGULAR";"f";"2014-06-20 16:39:15.275";"f";"";"0";"CONSOLIDADA";"";"Presencial";
"1222243";"01";"5753083";"";"";"54799";"GRADUAÇÃO";"Campus Central";"HUOL";"2014";"1";"2014-01-27";"2014-03-13";"23456M123456  2345T12345 (27/01/2014 - 13/03/2014)";"6";"6";"REGULAR";"f";"2014-06-20 16:39:15.275";"f";"";"0";"CONSOLIDADA";"";"Presencial";
"1222244";"02";"5756393";"";"";"54799";"GRADUAÇÃO";"Campus Central";"HUOL";"2014";"1";"2014-01-27";"2014-03-13";"23456M123456  2345T12345 (27/01/2014 - 13/03/2014)";"6";"6";"REGULAR";"f";"2014-06-20 16:46:12.482";"f";"";"0";"CONSOLIDADA";"";"Presencial";
"1222244";"02";"5753031";"";"";"54799";"GRADUAÇÃO";"Campus Central";"HUOL";"2014";"1";"2014-01-27";"2014-03-13";"23456M123456  2345T12345 (27/01/2014 - 13/03/2014)";"6";"6";"REGULAR";"f";"2014-06-20 16:46:12.482";"f";"";"0";"CONSOLIDADA";"";"Presencial";
"1222244";"02";"5753670";"";"";"54799";"GRADUAÇÃO";"Campus Central";"HUOL";"2014";"1";"2014-01-27";"2014-03-13";"23456M123456  2345T12345 (27/01/2014 - 13/03/2014)";"6";"6";"REGULAR";"f";"2014-06-20 16:46:12.482";"f";"";"0";"CONSOLIDADA";"";"Presencial";
"1222244";"02";"5753083";"";"";"54799";"GRADUAÇÃO";"Campus Central";"HUOL";"2014";"1";"2014-01-27";"2014-03-13";"23456M123456  2345T12345 (27/01/2014 - 13/03/2014)";"6";"6";"REGULAR";"f";"2014-06-20 16:46:12.482";"f";"";"0";"CONSOLIDADA";"";"Presencial";
"1222244";"02";"5753104";"";"";"54799";"GRADUAÇÃO";"Campus Central";"HUOL";"2014";"1";"2014-01-27";"2014-03-13";"23456M123456  2345T12345 (27/01/2014 - 13/03/2014)";"6";"6";"REGULAR";"f";"2014-06-20 16:46:12.482";"f";"";"0";"CONSOLIDADA";"";"Presencial";
"1222244";"02";"5753755";"";"";"54799";"GRADUAÇÃO";"Campus Central";"HUOL";"2014";"1";"2014-01-27";"2014-03-13";"23456M123456  2345T12345 (27/01/2014 - 13/03/2014)";"6";"6";"REGULAR";"f";"2014-06-20 16:46:12.482";"f";"";"0";"CONSOLIDADA";"";"Presencial";
"1222244";"02";"5753101";"";"";"54799";"GRADUAÇÃO";"Campus Central";"HUOL";"2014";"1";"2014-01-27";"2014-03-13";"23456M123456  2345T12345 (27/01/2014 - 13/03/2014)";"6";"6";"REGULAR";"f";"2014-06-20 16:46:12.482";"f";"";"0";"CONSOLIDADA";"";"Presencial";
"1222245";"03";"5756420";"";"";"46189";"GRADUAÇÃO";"Campus Central";"2H8";"2014";"1";"2014-01-27";"2014-06-14";"35N34";"31";"50";"REGULAR";"f";"2014-06-16 12:16:00.43";"f";"";"74";"CONSOLIDADA";"";"Presencial";
"1222246";"03";"5753101";"";"";"54799";"GRADUAÇÃO";"Campus Central";"HUOL";"2014";"1";"2014-01-27";"2014-03-13";"23456M123456  2345T12345 (27/01/2014 - 13/03/2014)";"6";"6";"REGULAR";"f";"2014-06-20 16:50:56.998";"f";"";"0";"CONSOLIDADA";"";"Presencial";
"1222246";"03";"5753670";"";"";"54799";"GRADUAÇÃO";"Campus Central";"HUOL";"2014";"1";"2014-01-27";"2014-03-13";"23456M123456  2345T12345 (27/01/2014 - 13/03/2014)";"6";"6";"REGULAR";"f";"2014-06-20 16:50:56.998";"f";"";"0";"CONSOLIDADA";"";"Presencial";
"1222246";"03";"5756393";"";"";"54799";"GRADUAÇÃO";"Campus Central";"HUOL";"2014";"1";"2014-01-27";"2014-03-13";"23456M123456  2345T12345 (27/01/2014 - 13/03/2014)";"6";"6";"REGULAR";"f";"2014-06-20 16:50:56.998";"f";"";"0";"CONSOLIDADA";"";"Presencial";
"1222246";"03";"5753031";"";"";"54799";"GRADUAÇÃO";"Campus Central";"HUOL";"2014";"1";"2014-01-27";"2014-03-13";"23456M123456  2345T12345 (27/01/2014 - 13/03/2014)";"6";"6";"REGULAR";"f";"2014-06-20 16:50:56.998";"f";"";"0";"CONSOLIDADA";"";"Presencial";
"1222246";"03";"5753104";"";"";"54799";"GRADUAÇÃO";"Campus Central";"HUOL";"2014";"1";"2014-01-27";"2014-03-13";"23456M123456  2345T12345 (27/01/2014 - 13/03/2014)";"6";"6";"REGULAR";"f";"2014-06-20 16:50:56.998";"f";"";"0";"CONSOLIDADA";"";"Presencial";
"1222246";"03";"5753083";"";"";"54799";"GRADUAÇÃO";"Campus Central";"HUOL";"2014";"1";"2014-01-27";"2014-03-13";"23456M123456  2345T12345 (27/01/2014 - 13/03/2014)";"6";"6";"REGULAR";"f";"2014-06-20 16:50:56.998";"f";"";"0";"CONSOLIDADA";"";"Presencial";
"1222246";"03";"5753755";"";"";"54799";"GRADUAÇÃO";"Campus Central";"HUOL";"2014";"1";"2014-01-27";"2014-03-13";"23456M123456  2345T12345 (27/01/2014 - 13/03/2014)";"6";"6";"REGULAR";"f";"2014-06-20 16:50:56.998";"f";"";"0";"CONSOLIDADA";"";"Presencial";
"1222247";"04";"5753101";"";"";"54799";"GRADUAÇÃO";"Campus Central";"HUOL";"2014";"1";"2014-03-14";"2014-04-28";"23456M123456  2345T12345 (14/03/2014 - 28/04/2014)";"6";"6";"REGULAR";"f";"2014-06-20 16:52:50.222";"f";"";"0";"CONSOLIDADA";"";"Presencial";
"1222247";"04";"5753755";"";"";"54799";"GRADUAÇÃO";"Campus Central";"HUOL";"2014";"1";"2014-03-14";"2014-04-28";"23456M123456  2345T12345 (14/03/2014 - 28/04/2014)";"6";"6";"REGULAR";"f";"2014-06-20 16:52:50.222";"f";"";"0";"CONSOLIDADA";"";"Presencial";
"1222247";"04";"5753670";"";"";"54799";"GRADUAÇÃO";"Campus Central";"HUOL";"2014";"1";"2014-03-14";"2014-04-28";"23456M123456  2345T12345 (14/03/2014 - 28/04/2014)";"6";"6";"REGULAR";"f";"2014-06-20 16:52:50.222";"f";"";"0";"CONSOLIDADA";"";"Presencial";
"1222247";"04";"5753083";"";"";"54799";"GRADUAÇÃO";"Campus Central";"HUOL";"2014";"1";"2014-03-14";"2014-04-28";"23456M123456  2345T12345 (14/03/2014 - 28/04/2014)";"6";"6";"REGULAR";"f";"2014-06-20 16:52:50.222";"f";"";"0";"CONSOLIDADA";"";"Presencial";
"1222247";"04";"5756393";"";"";"54799";"GRADUAÇÃO";"Campus Central";"HUOL";"2014";"1";"2014-03-14";"2014-04-28";"23456M123456  2345T12345 (14/03/2014 - 28/04/2014)";"6";"6";"REGULAR";"f";"2014-06-20 16:52:50.222";"f";"";"0";"CONSOLIDADA";"";"Presencial";
"1222247";"04";"5753104";"";"";"54799";"GRADUAÇÃO";"Campus Central";"HUOL";"2014";"1";"2014-03-14";"2014-04-28";"23456M123456  2345T12345 (14/03/2014 - 28/04/2014)";"6";"6";"REGULAR";"f";"2014-06-20 16:52:50.222";"f";"";"0";"CONSOLIDADA";"";"Presencial";
"1222247";"04";"5753031";"";"";"54799";"GRADUAÇÃO";"Campus Central";"HUOL";"2014";"1";"2014-03-14";"2014-04-28";"23456M123456  2345T12345 (14/03/2014 - 28/04/2014)";"6";"6";"REGULAR";"f";"2014-06-20 16:52:50.222";"f";"";"0";"CONSOLIDADA";"";"Presencial";
"1222248";"04";"5756455";"";"";"46189";"GRADUAÇÃO";"Campus Central";"2D2";"2014";"1";"2014-01-27";"2014-06-14";"24N12";"39";"50";"REGULAR";"f";"2014-06-11 19:11:47.761";"f";"";"74";"CONSOLIDADA";"";"Presencial";
"1222249";"05";"5753104";"";"";"54799";"GRADUAÇÃO";"Campus Central";"HUOL";"2014";"1";"2014-03-14";"2014-04-28";"23456M123456  2345T12345 (14/03/2014 - 28/04/2014)";"6";"6";"REGULAR";"f";"2014-06-20 16:55:13.055";"f";"";"0";"CONSOLIDADA";"";"Presencial";
"1222249";"05";"5753670";"";"";"54799";"GRADUAÇÃO";"Campus Central";"HUOL";"2014";"1";"2014-03-14";"2014-04-28";"23456M123456  2345T12345 (14/03/2014 - 28/04/2014)";"6";"6";"REGULAR";"f";"2014-06-20 16:55:13.055";"f";"";"0";"CONSOLIDADA";"";"Presencial";
"1222249";"05";"5756393";"";"";"54799";"GRADUAÇÃO";"Campus Central";"HUOL";"2014";"1";"2014-03-14";"2014-04-28";"23456M123456  2345T12345 (14/03/2014 - 28/04/2014)";"6";"6";"REGULAR";"f";"2014-06-20 16:55:13.055";"f";"";"0";"CONSOLIDADA";"";"Presencial";
"1222249";"05";"5753101";"";"";"54799";"GRADUAÇÃO";"Campus Central";"HUOL";"2014";"1";"2014-03-14";"2014-04-28";"23456M123456  2345T12345 (14/03/2014 - 28/04/2014)";"6";"6";"REGULAR";"f";"2014-06-20 16:55:13.055";"f";"";"0";"CONSOLIDADA";"";"Presencial";
"1222249";"05";"5753083";"";"";"54799";"GRADUAÇÃO";"Campus Central";"HUOL";"2014";"1";"2014-03-14";"2014-04-28";"23456M123456  2345T12345 (14/03/2014 - 28/04/2014)";"6";"6";"REGULAR";"f";"2014-06-20 16:55:13.055";"f";"";"0";"CONSOLIDADA";"";"Presencial";
"1222249";"05";"5753755";"";"";"54799";"GRADUAÇÃO";"Campus Central";"HUOL";"2014";"1";"2014-03-14";"2014-04-28";"23456M123456  2345T12345 (14/03/2014 - 28/04/2014)";"6";"6";"REGULAR";"f";"2014-06-20 16:55:13.055";"f";"";"0";"CONSOLIDADA";"";"Presencial";
"1222249";"05";"5753031";"";"";"54799";"GRADUAÇÃO";"Campus Central";"HUOL";"2014";"1";"2014-03-14";"2014-04-28";"23456M123456  2345T12345 (14/03/2014 - 28/04/2014)";"6";"6";"REGULAR";"f";"2014-06-20 16:55:13.055";"f";"";"0";"CONSOLIDADA";"";"Presencial";
"1222250";"05";"5753547";"";"";"46189";"GRADUAÇÃO";"Campus Central";"2I12";"2014";"1";"2014-01-27";"2014-06-14";"24N34";"29";"50";"REGULAR";"f";"2014-06-17 18:12:11.041";"f";"";"68";"CONSOLIDADA";"";"Presencial";
"1222251";"06";"5753670";"";"";"54799";"GRADUAÇÃO";"Campus Central";"HUOL";"2014";"1";"2014-03-14";"2014-04-28";"23456M123456  2345T12345 (14/03/2014 - 28/04/2014)";"6";"6";"REGULAR";"f";"2014-06-20 17:04:10.38";"f";"";"0";"CONSOLIDADA";"";"Presencial";
"1222251";"06";"5753031";"";"";"54799";"GRADUAÇÃO";"Campus Central";"HUOL";"2014";"1";"2014-03-14";"2014-04-28";"23456M123456  2345T12345 (14/03/2014 - 28/04/2014)";"6";"6";"REGULAR";"f";"2014-06-20 17:04:10.38";"f";"";"0";"CONSOLIDADA";"";"Presencial";
"1222251";"06";"5753104";"";"";"54799";"GRADUAÇÃO";"Campus Central";"HUOL";"2014";"1";"2014-03-14";"2014-04-28";"23456M123456  2345T12345 (14/03/2014 - 28/04/2014)";"6";"6";"REGULAR";"f";"2014-06-20 17:04:10.38";"f";"";"0";"CONSOLIDADA";"";"Presencial";
"1222251";"06";"5753101";"";"";"54799";"GRADUAÇÃO";"Campus Central";"HUOL";"2014";"1";"2014-03-14";"2014-04-28";"23456M123456  2345T12345 (14/03/2014 - 28/04/2014)";"6";"6";"REGULAR";"f";"2014-06-20 17:04:10.38";"f";"";"0";"CONSOLIDADA";"";"Presencial";
"1222251";"06";"5753755";"";"";"54799";"GRADUAÇÃO";"Campus Central";"HUOL";"2014";"1";"2014-03-14";"2014-04-28";"23456M123456  2345T12345 (14/03/2014 - 28/04/2014)";"6";"6";"REGULAR";"f";"2014-06-20 17:04:10.38";"f";"";"0";"CONSOLIDADA";"";"Presencial";
"1222251";"06";"5756393";"";"";"54799";"GRADUAÇÃO";"Campus Central";"HUOL";"2014";"1";"2014-03-14";"2014-04-28";"23456M123456  2345T12345 (14/03/2014 - 28/04/2014)";"6";"6";"REGULAR";"f";"2014-06-20 17:04:10.38";"f";"";"0";"CONSOLIDADA";"";"Presencial";
"1222251";"06";"5753083";"";"";"54799";"GRADUAÇÃO";"Campus Central";"HUOL";"2014";"1";"2014-03-14";"2014-04-28";"23456M123456  2345T12345 (14/03/2014 - 28/04/2014)";"6";"6";"REGULAR";"f";"2014-06-20 17:04:10.38";"f";"";"0";"CONSOLIDADA";"";"Presencial";
"1222252";"06";"5755991";"";"";"46189";"GRADUAÇÃO";"Campus Central";"3B4";"2014";"1";"2014-01-27";"2014-06-14";"35T56";"32";"50";"REGULAR";"f";"2014-06-11 00:08:37.251";"f";"";"74";"CONSOLIDADA";"";"Presencial";
"1222253";"07";"5756420";"";"";"46189";"GRADUAÇÃO";"Campus Central";"sala 23 da Escola de Música";"2014";"1";"2014-01-27";"2014-06-14";"24N12";"8";"50";"REGULAR";"f";"2014-06-11 17:23:09.499";"f";"";"74";"CONSOLIDADA";"";"Presencial";
"1222254";"01";"5756425";"";"";"53064";"GRADUAÇÃO";"Campus Central";"2-I-10";"2014";"1";"2014-01-27";"2014-06-14";"24T56";"6";"25";"REGULAR";"f";"2014-06-21 00:24:34.939";"f";"";"72";"CONSOLIDADA";"";"Presencial";
"1222255";"07";"5753755";"";"";"54799";"GRADUAÇÃO";"Campus Central";"HUOL";"2014";"1";"2014-04-29";"2014-06-13";"23456M123456  2345T12345 (29/04/2014 - 13/06/2014)";"6";"6";"REGULAR";"f";"2014-06-20 17:07:39.023";"f";"";"0";"CONSOLIDADA";"";"Presencial";
"1222255";"07";"5753083";"";"";"54799";"GRADUAÇÃO";"Campus Central";"HUOL";"2014";"1";"2014-04-29";"2014-06-13";"23456M123456  2345T12345 (29/04/2014 - 13/06/2014)";"6";"6";"REGULAR";"f";"2014-06-20 17:07:39.023";"f";"";"0";"CONSOLIDADA";"";"Presencial";
"1222255";"07";"5753101";"";"";"54799";"GRADUAÇÃO";"Campus Central";"HUOL";"2014";"1";"2014-04-29";"2014-06-13";"23456M123456  2345T12345 (29/04/2014 - 13/06/2014)";"6";"6";"REGULAR";"f";"2014-06-20 17:07:39.023";"f";"";"0";"CONSOLIDADA";"";"Presencial";
"1222255";"07";"5753670";"";"";"54799";"GRADUAÇÃO";"Campus Central";"HUOL";"2014";"1";"2014-04-29";"2014-06-13";"23456M123456  2345T12345 (29/04/2014 - 13/06/2014)";"6";"6";"REGULAR";"f";"2014-06-20 17:07:39.023";"f";"";"0";"CONSOLIDADA";"";"Presencial";
"1222255";"07";"5753031";"";"";"54799";"GRADUAÇÃO";"Campus Central";"HUOL";"2014";"1";"2014-04-29";"2014-06-13";"23456M123456  2345T12345 (29/04/2014 - 13/06/2014)";"6";"6";"REGULAR";"f";"2014-06-20 17:07:39.023";"f";"";"0";"CONSOLIDADA";"";"Presencial";
"1222255";"07";"5753104";"";"";"54799";"GRADUAÇÃO";"Campus Central";"HUOL";"2014";"1";"2014-04-29";"2014-06-13";"23456M123456  2345T12345 (29/04/2014 - 13/06/2014)";"6";"6";"REGULAR";"f";"2014-06-20 17:07:39.023";"f";"";"0";"CONSOLIDADA";"";"Presencial";
"1222255";"07";"5756393";"";"";"54799";"GRADUAÇÃO";"Campus Central";"HUOL";"2014";"1";"2014-04-29";"2014-06-13";"23456M123456  2345T12345 (29/04/2014 - 13/06/2014)";"6";"6";"REGULAR";"f";"2014-06-20 17:07:39.023";"f";"";"0";"CONSOLIDADA";"";"Presencial";
"1222256";"08";"5756420";"";"";"46189";"GRADUAÇÃO";"Campus Central";"3B5";"2014";"1";"2014-01-27";"2014-06-14";"35M34";"24";"55";"REGULAR";"f";"2014-07-14 15:58:49.686";"f";"";"74";"CONSOLIDADA";"";"Presencial";
"1222257";"08";"5753083";"";"";"54799";"GRADUAÇÃO";"Campus Central";"HUOL";"2014";"1";"2014-04-29";"2014-06-13";"23456M123456  2345T12345 (29/04/2014 - 13/06/2014)";"6";"6";"REGULAR";"f";"2014-06-20 17:09:27.974";"f";"";"0";"CONSOLIDADA";"";"Presencial";
"1222257";"08";"5756393";"";"";"54799";"GRADUAÇÃO";"Campus Central";"HUOL";"2014";"1";"2014-04-29";"2014-06-13";"23456M123456  2345T12345 (29/04/2014 - 13/06/2014)";"6";"6";"REGULAR";"f";"2014-06-20 17:09:27.974";"f";"";"0";"CONSOLIDADA";"";"Presencial";
"1222257";"08";"5753101";"";"";"54799";"GRADUAÇÃO";"Campus Central";"HUOL";"2014";"1";"2014-04-29";"2014-06-13";"23456M123456  2345T12345 (29/04/2014 - 13/06/2014)";"6";"6";"REGULAR";"f";"2014-06-20 17:09:27.974";"f";"";"0";"CONSOLIDADA";"";"Presencial";
"1222257";"08";"5753031";"";"";"54799";"GRADUAÇÃO";"Campus Central";"HUOL";"2014";"1";"2014-04-29";"2014-06-13";"23456M123456  2345T12345 (29/04/2014 - 13/06/2014)";"6";"6";"REGULAR";"f";"2014-06-20 17:09:27.974";"f";"";"0";"CONSOLIDADA";"";"Presencial";
"1222257";"08";"5753670";"";"";"54799";"GRADUAÇÃO";"Campus Central";"HUOL";"2014";"1";"2014-04-29";"2014-06-13";"23456M123456  2345T12345 (29/04/2014 - 13/06/2014)";"6";"6";"REGULAR";"f";"2014-06-20 17:09:27.974";"f";"";"0";"CONSOLIDADA";"";"Presencial";
"1222257";"08";"5753755";"";"";"54799";"GRADUAÇÃO";"Campus Central";"HUOL";"2014";"1";"2014-04-29";"2014-06-13";"23456M123456  2345T12345 (29/04/2014 - 13/06/2014)";"6";"6";"REGULAR";"f";"2014-06-20 17:09:27.974";"f";"";"0";"CONSOLIDADA";"";"Presencial";
"1222257";"08";"5753104";"";"";"54799";"GRADUAÇÃO";"Campus Central";"HUOL";"2014";"1";"2014-04-29";"2014-06-13";"23456M123456  2345T12345 (29/04/2014 - 13/06/2014)";"6";"6";"REGULAR";"f";"2014-06-20 17:09:27.974";"f";"";"0";"CONSOLIDADA";"";"Presencial";
"1222258";"09";"5756455";"";"";"46189";"GRADUAÇÃO";"Campus Central";"3C3";"2014";"1";"2014-01-27";"2014-06-14";"35N34";"24";"50";"REGULAR";"f";"2014-06-12 08:37:46.478";"f";"";"74";"CONSOLIDADA";"";"Presencial";
"1222259";"09";"5753670";"";"";"54799";"GRADUAÇÃO";"Campus Central";"HUOL";"2014";"1";"2014-04-29";"2014-06-13";"23456M123456  2345T12345 (29/04/2014 - 13/06/2014)";"5";"6";"REGULAR";"f";"2014-06-20 17:11:06.034";"f";"";"0";"CONSOLIDADA";"";"Presencial";
"1222259";"09";"5753101";"";"";"54799";"GRADUAÇÃO";"Campus Central";"HUOL";"2014";"1";"2014-04-29";"2014-06-13";"23456M123456  2345T12345 (29/04/2014 - 13/06/2014)";"5";"6";"REGULAR";"f";"2014-06-20 17:11:06.034";"f";"";"0";"CONSOLIDADA";"";"Presencial";
"1222259";"09";"5753031";"";"";"54799";"GRADUAÇÃO";"Campus Central";"HUOL";"2014";"1";"2014-04-29";"2014-06-13";"23456M123456  2345T12345 (29/04/2014 - 13/06/2014)";"5";"6";"REGULAR";"f";"2014-06-20 17:11:06.034";"f";"";"0";"CONSOLIDADA";"";"Presencial";
"1222259";"09";"5753083";"";"";"54799";"GRADUAÇÃO";"Campus Central";"HUOL";"2014";"1";"2014-04-29";"2014-06-13";"23456M123456  2345T12345 (29/04/2014 - 13/06/2014)";"5";"6";"REGULAR";"f";"2014-06-20 17:11:06.034";"f";"";"0";"CONSOLIDADA";"";"Presencial";
"1222259";"09";"5756393";"";"";"54799";"GRADUAÇÃO";"Campus Central";"HUOL";"2014";"1";"2014-04-29";"2014-06-13";"23456M123456  2345T12345 (29/04/2014 - 13/06/2014)";"5";"6";"REGULAR";"f";"2014-06-20 17:11:06.034";"f";"";"0";"CONSOLIDADA";"";"Presencial";
"1222259";"09";"5753104";"";"";"54799";"GRADUAÇÃO";"Campus Central";"HUOL";"2014";"1";"2014-04-29";"2014-06-13";"23456M123456  2345T12345 (29/04/2014 - 13/06/2014)";"5";"6";"REGULAR";"f";"2014-06-20 17:11:06.034";"f";"";"0";"CONSOLIDADA";"";"Presencial";
"1222259";"09";"5753755";"";"";"54799";"GRADUAÇÃO";"Campus Central";"HUOL";"2014";"1";"2014-04-29";"2014-06-13";"23456M123456  2345T12345 (29/04/2014 - 13/06/2014)";"5";"6";"REGULAR";"f";"2014-06-20 17:11:06.034";"f";"";"0";"CONSOLIDADA";"";"Presencial";
"1222260";"10";"5756455";"";"";"46189";"GRADUAÇÃO";"Campus Central";"Sala 20-DEART";"2014";"1";"2014-01-27";"2014-06-14";"35M34";"10";"50";"REGULAR";"f";"2014-06-12 08:41:58.651";"f";"";"74";"CONSOLIDADA";"";"Presencial";
"1222261";"01";"26315";"";"";"41936";"GRADUAÇÃO";"Campus Central";"2-I-11";"2014";"1";"2014-01-27";"2014-06-14";"24M56";"25";"24";"REGULAR";"f";"2014-06-14 06:46:23.258";"f";"";"72";"CONSOLIDADA";"";"Presencial";
"1222262";"01";"26007";"";"";"41937";"GRADUAÇÃO";"Campus Central";"2-I-11";"2014";"1";"2014-01-27";"2014-06-14";"24M34";"14";"24";"REGULAR";"f";"2014-06-10 19:36:33.05";"f";"";"66";"CONSOLIDADA";"";"Presencial";
"1222263";"01";"26007";"";"";"41941";"GRADUAÇÃO";"Campus Central";"2-I-13";"2014";"1";"2014-01-27";"2014-06-14";"24M12";"11";"20";"REGULAR";"f";"2014-06-10 19:24:05.123";"f";"";"70";"CONSOLIDADA";"";"Presencial";
"1222264";"11";"5756420";"";"";"46189";"GRADUAÇÃO";"Campus Central";"3E3";"2014";"1";"2014-01-27";"2014-06-14";"35N12";"8";"71";"REGULAR";"f";"2014-06-16 12:59:50.192";"f";"";"74";"CONSOLIDADA";"";"Presencial";
"1222265";"01";"26315";"";"";"41955";"GRADUAÇÃO";"Campus Central";"2-I-13";"2014";"1";"2014-01-27";"2014-06-14";"24M34 6M3";"10";"20";"REGULAR";"f";"2014-06-14 06:38:28.528";"f";"";"92";"CONSOLIDADA";"";"Presencial";
"1222266";"01";"23164";"";"";"41956";"GRADUAÇÃO";"Campus Central";"2-I-13";"2014";"1";"2014-01-27";"2014-06-14";"35M12";"18";"20";"REGULAR";"f";"2014-06-20 16:01:52.396";"f";"";"72";"CONSOLIDADA";"";"Presencial";
"1222267";"13";"5753638";"";"";"46256";"GRADUAÇÃO";"Campus Central";"a definir";"2014";"1";"2014-01-27";"2014-06-14";"35N12";"";"35";"REGULAR";"f";"";"f";"";"";"EXCLUÍDA";"";"Presencial";
"1222268";"01";"23164";"";"";"41957";"GRADUAÇÃO";"Campus Central";"2-I-13";"2014";"1";"2014-01-27";"2014-06-14";"35M34";"14";"20";"REGULAR";"f";"2014-06-18 12:55:30.671";"f";"";"70";"CONSOLIDADA";"";"Presencial";
"1222269";"01";"5756371";"";"";"41961";"GRADUAÇÃO";"Campus Central";"2-I-11";"2014";"1";"2014-01-27";"2014-06-14";"35M12";"21";"21";"REGULAR";"f";"2014-06-11 13:12:16.702";"f";"";"70";"CONSOLIDADA";"";"Presencial";
"1222270";"01";"5753070";"";"";"41962";"GRADUAÇÃO";"Campus Central";"2-I-21";"2014";"1";"2014-01-27";"2014-06-14";"4M3412 6M34";"19";"20";"REGULAR";"f";"2014-06-13 12:26:19.242";"f";"";"106";"CONSOLIDADA";"";"Presencial";
"1222271";"01";"5756371";"";"";"41963";"GRADUAÇÃO";"Campus Central";"2-I-11";"2014";"1";"2014-01-27";"2014-06-14";"35M34";"15";"20";"REGULAR";"f";"2014-06-15 07:25:13.216";"f";"";"68";"CONSOLIDADA";"";"Presencial";
"1222273";"01A";"17729";"";"";"25854";"GRADUAÇÃO";"Campus Central";"sala II do DBF";"2014";"1";"2014-01-27";"2014-06-14";"3T12 5T123";"24";"21";"REGULAR";"f";"2014-06-17 12:27:37.791";"f";"1222272";"84";"CONSOLIDADA";"";"Presencial";
"1222273";"01A";"26227";"";"";"25854";"GRADUAÇÃO";"Campus Central";"sala II do DBF";"2014";"1";"2014-01-27";"2014-06-14";"3T12 5T123";"24";"21";"REGULAR";"f";"2014-06-17 12:27:37.791";"f";"1222272";"84";"CONSOLIDADA";"";"Presencial";
"1222273";"01A";"26270";"";"";"25854";"GRADUAÇÃO";"Campus Central";"sala II do DBF";"2014";"1";"2014-01-27";"2014-06-14";"3T12 5T123";"24";"21";"REGULAR";"f";"2014-06-17 12:27:37.791";"f";"1222272";"84";"CONSOLIDADA";"";"Presencial";
"1222274";"01";"5753070";"";"";"41972";"GRADUAÇÃO";"Campus Central";"2-I-21";"2014";"1";"2014-01-27";"2014-06-14";"46M56";"13";"20";"REGULAR";"f";"2014-06-13 12:03:45.859";"f";"";"72";"CONSOLIDADA";"";"Presencial";
"1222275";"01B";"26227";"";"";"25854";"GRADUAÇÃO";"Campus Central";"sala II do DBF";"2014";"1";"2014-01-27";"2014-06-14";"3T12 5T123";"21";"22";"REGULAR";"f";"2014-06-17 12:27:36.857";"f";"1222272";"84";"CONSOLIDADA";"";"Presencial";
"1222275";"01B";"17729";"";"";"25854";"GRADUAÇÃO";"Campus Central";"sala II do DBF";"2014";"1";"2014-01-27";"2014-06-14";"3T12 5T123";"21";"22";"REGULAR";"f";"2014-06-17 12:27:36.857";"f";"1222272";"84";"CONSOLIDADA";"";"Presencial";
"1222275";"01B";"26270";"";"";"25854";"GRADUAÇÃO";"Campus Central";"sala II do DBF";"2014";"1";"2014-01-27";"2014-06-14";"3T12 5T123";"21";"22";"REGULAR";"f";"2014-06-17 12:27:36.857";"f";"1222272";"84";"CONSOLIDADA";"";"Presencial";
"1222276";"14";"5753638";"";"";"46256";"GRADUAÇÃO";"Campus Central";"3B5";"2014";"1";"2014-01-27";"2014-06-14";"35N12";"96";"35";"REGULAR";"f";"2014-06-13 12:29:16.978";"f";"";"72";"CONSOLIDADA";"";"Presencial";
"1222277";"15";"5755929";"";"";"46256";"GRADUAÇÃO";"Campus Central";"3F6";"2014";"1";"2014-01-27";"2014-06-14";"35N34";"103";"40";"REGULAR";"f";"2014-06-19 23:50:30.121";"f";"";"68";"CONSOLIDADA";"";"Presencial";
"1222278";"01";"17137";"";"";"46192";"GRADUAÇÃO";"Campus Central";"CB - PAU DARCO";"2014";"1";"2014-01-27";"2014-06-14";"35T56";"42";"50";"REGULAR";"f";"2014-06-20 17:48:24.595";"f";"";"74";"CONSOLIDADA";"";"Presencial";
"1222279";"02";"5756079";"";"";"46192";"GRADUAÇÃO";"Campus Central";"CB - PAU-BRASIL";"2014";"1";"2014-01-27";"2014-06-14";"35N34";"47";"50";"REGULAR";"f";"2014-06-21 00:06:13.027";"f";"";"74";"CONSOLIDADA";"";"Presencial";
"1222280";"03";"5756079";"";"";"46192";"GRADUAÇÃO";"Campus Central";"2F2";"2014";"1";"2014-01-27";"2014-06-14";"35N12";"42";"50";"REGULAR";"f";"2014-06-21 00:47:11.265";"f";"";"74";"CONSOLIDADA";"";"Presencial";
"1222281";"04";"17137";"";"";"46192";"GRADUAÇÃO";"Campus Central";"SALA 4 - DEF";"2014";"1";"2014-01-27";"2014-06-14";"35M34";"37";"50";"REGULAR";"f";"2014-06-20 18:02:26.258";"f";"";"74";"CONSOLIDADA";"";"Presencial";
"1222282";"01";"5755914";"";"";"41878";"GRADUAÇÃO";"Campus Central";"Sala Umbuzeiro, térreo, 4ª sala, anexo novo CB";"2014";"1";"2014-01-27";"2014-06-14";"246T56";"17";"56";"REGULAR";"f";"2014-06-13 23:53:42.204";"f";"";"106";"CONSOLIDADA";"";"Presencial";
"1222282";"01";"22728";"";"";"41878";"GRADUAÇÃO";"Campus Central";"Sala Umbuzeiro, térreo, 4ª sala, anexo novo CB";"2014";"1";"2014-01-27";"2014-06-14";"246T56";"17";"56";"REGULAR";"f";"2014-06-13 23:53:42.204";"f";"";"106";"CONSOLIDADA";"";"Presencial";
"1222283";"05";"5756018";"";"";"46192";"GRADUAÇÃO";"Campus Central";"2H9";"2014";"1";"2014-01-27";"2014-06-14";"24N12";"43";"50";"REGULAR";"f";"2014-06-02 13:51:59.585";"f";"";"68";"CONSOLIDADA";"";"Presencial";
"1222284";"01";"5756371";"";"";"42108";"GRADUAÇÃO";"Campus Central";"2-B-4";"2014";"1";"2014-01-27";"2014-06-14";"46M34";"11";"20";"REGULAR";"f";"2014-06-15 05:34:14.257";"f";"";"72";"CONSOLIDADA";"";"Presencial";
"1222285";"01";"5754981";"";"";"42001";"GRADUAÇÃO";"Campus Central";"2-I-10";"2014";"1";"2014-01-27";"2014-06-14";"24M56";"51";"27";"REGULAR";"f";"2014-06-13 14:29:22.028";"f";"";"78";"CONSOLIDADA";"";"Presencial";
"1222286";"01";"5754981";"";"";"42007";"GRADUAÇÃO";"Campus Central";"2-I-12";"2014";"1";"2014-01-27";"2014-06-14";"24M34";"13";"20";"REGULAR";"f";"2014-06-13 14:31:23.289";"f";"";"72";"CONSOLIDADA";"";"Presencial";
"1222287";"01";"5753873";"";"";"42011";"GRADUAÇÃO";"Campus Central";"2-H-4";"2014";"1";"2014-01-27";"2014-06-14";"35M56";"11";"20";"REGULAR";"f";"2014-06-12 06:24:30.717";"f";"";"74";"CONSOLIDADA";"";"Presencial";
"1222288";"01";"5753873";"";"";"42015";"GRADUAÇÃO";"Campus Central";"2-H-4";"2014";"1";"2014-01-27";"2014-06-14";"35M12";"6";"20";"REGULAR";"f";"2014-06-12 06:23:42.706";"f";"";"74";"CONSOLIDADA";"";"Presencial";
"1222289";"01";"62667";"";"";"42019";"GRADUAÇÃO";"Campus Central";"2-I-12";"2014";"1";"2014-01-27";"2014-06-14";"35M12";"8";"20";"REGULAR";"f";"2014-06-20 13:53:13.403";"f";"";"72";"CONSOLIDADA";"";"Presencial";
"1222290";"01";"15389";"";"";"42029";"GRADUAÇÃO";"Campus Central";"2-B-1";"2014";"1";"2014-01-27";"2014-06-14";"46M56";"7";"20";"REGULAR";"f";"2014-06-20 00:09:47.291";"f";"";"72";"CONSOLIDADA";"";"Presencial";
"1222291";"01";"5753648";"";"";"41981";"GRADUAÇÃO";"Campus Central";"2-i-12";"2014";"1";"2014-01-27";"2014-06-14";"35N12";"27";"25";"REGULAR";"f";"2014-06-10 16:40:48.663";"f";"";"70";"CONSOLIDADA";"";"Presencial";
"1222292";"01";"5756039";"";"";"41984";"GRADUAÇÃO";"Campus Central";"2-i-11";"2014";"1";"2014-01-27";"2014-06-14";"35N12";"20";"25";"REGULAR";"f";"2014-06-13 09:38:16.922";"f";"";"72";"CONSOLIDADA";"";"Presencial";
"1222293";"01";"5753690";"";"";"41985";"GRADUAÇÃO";"Campus Central";"2-i-13";"2014";"1";"2014-01-27";"2014-06-14";"35N34";"17";"25";"REGULAR";"f";"2014-06-18 10:18:40.648";"f";"";"68";"CONSOLIDADA";"";"Presencial";
"1222294";"01";"5752763";"";"";"41986";"GRADUAÇÃO";"Campus Central";"2-i-13";"2014";"1";"2014-01-27";"2014-06-14";"35N12";"18";"25";"REGULAR";"f";"2014-06-14 20:16:24.063";"f";"";"72";"CONSOLIDADA";"";"Presencial";
"1222295";"01";"5756430";"";"";"42047";"GRADUAÇÃO";"Campus Central";"2-I-10";"2014";"1";"2014-01-27";"2014-06-14";"24T34";"41";"20";"REGULAR";"f";"2014-06-13 11:28:53.887";"f";"";"74";"CONSOLIDADA";"";"Presencial";
"1222296";"04";"17458";"";"";"25330";"GRADUAÇÃO";"Campus Central";"III F5";"2014";"1";"2014-01-27";"2014-06-14";"35T56";"44";"41";"REGULAR";"f";"2014-06-20 09:12:58.903";"f";"";"70";"CONSOLIDADA";"";"Presencial";
"1222297";"01";"5753605";"";"";"42049";"GRADUAÇÃO";"Campus Central";"2-B-3";"2014";"1";"2014-01-27";"2014-06-14";"35M56";"3";"20";"REGULAR";"f";"2014-06-13 10:08:50.104";"f";"";"72";"CONSOLIDADA";"";"Presencial";
"1222298";"01";"5756430";"";"";"42050";"GRADUAÇÃO";"Campus Central";"2-B-4";"2014";"1";"2014-01-27";"2014-06-14";"35M34";"";"20";"REGULAR";"f";"";"f";"";"";"EXCLUÍDA";"";"Presencial";
"1222299";"01";"5755533";"";"";"2042700";"GRADUAÇÃO";"Campus Central";"IE2";"2014";"1";"2014-01-27";"2014-06-14";"24M56";"87";"57";"REGULAR";"f";"2014-06-21 18:14:13.561";"f";"";"74";"CONSOLIDADA";"";"Presencial";
"1222300";"01";"5753605";"";"";"53066";"GRADUAÇÃO";"Campus Central";"2-B-3";"2014";"1";"2014-01-27";"2014-06-14";"35M34";"";"20";"REGULAR";"f";"";"f";"";"";"EXCLUÍDA";"";"Presencial";
"1222301";"02";"5756317";"";"";"2042700";"GRADUAÇÃO";"Campus Central";"IE2";"2014";"1";"2014-01-27";"2014-06-14";"46N34";"53";"55";"REGULAR";"f";"2014-06-23 10:26:35.873";"f";"";"70";"CONSOLIDADA";"";"Presencial";
"1222302";"01";"5752165";"";"";"42036";"GRADUAÇÃO";"Campus Central";"2-i-21";"2014";"1";"2014-01-27";"2014-06-14";"5N1234";"11";"25";"REGULAR";"f";"2014-06-18 19:37:54.484";"f";"";"68";"CONSOLIDADA";"";"Presencial";
"1222303";"01";"5755533";"";"";"25326";"GRADUAÇÃO";"Campus Central";"IE1";"2014";"1";"2014-01-27";"2014-06-14";"24M34";"24";"60";"REGULAR";"f";"2014-06-21 18:30:06.697";"f";"";"74";"CONSOLIDADA";"";"Presencial";
"1222304";"02";"5756396";"";"";"25326";"GRADUAÇÃO";"Campus Central";"IE1";"2014";"1";"2014-01-27";"2014-06-14";"2N34 4N12";"19";"62";"REGULAR";"f";"2014-06-11 10:29:30.008";"f";"";"66";"CONSOLIDADA";"";"Presencial";
"1222305";"01";"5752763";"";"";"48619";"GRADUAÇÃO";"Campus Central";"2-i-10";"2014";"1";"2014-01-27";"2014-06-14";"35N34";"14";"27";"REGULAR";"f";"2014-06-14 20:15:04.905";"f";"";"72";"CONSOLIDADA";"";"Presencial";
"1222306";"01";"22993";"";"";"27097";"GRADUAÇÃO";"Campus Central";"CB SALA ARUEIRA";"2014";"1";"2014-01-27";"2014-06-14";"24T12";"35";"50";"REGULAR";"f";"2014-06-16 17:35:14.372";"f";"";"66";"CONSOLIDADA";"";"Presencial";
"1222307";"01";"5752763";"";"";"42022";"GRADUAÇÃO";"Campus Central";"2-i-20";"2014";"1";"2014-01-27";"2014-06-14";"24N12";"12";"25";"REGULAR";"f";"2014-06-10 10:33:20.258";"f";"";"72";"CONSOLIDADA";"";"Presencial";
"1222308";"01";"5752763";"";"";"41990";"GRADUAÇÃO";"Campus Central";"2-i-14";"2014";"1";"2014-01-27";"2014-06-14";"24N34";"20";"25";"REGULAR";"f";"2014-06-14 20:17:15.473";"f";"";"72";"CONSOLIDADA";"";"Presencial";
"1222309";"02";"17458";"";"";"25319";"GRADUAÇÃO";"Campus Central";"IVI5";"2014";"1";"2014-01-27";"2014-06-14";"24N34";"35";"40";"REGULAR";"f";"2014-06-18 15:52:11.167";"f";"";"70";"CONSOLIDADA";"";"Presencial";
"1222310";"01";"2273348";"";"";"42041";"GRADUAÇÃO";"Campus Central";"2-I-12";"2014";"1";"2014-01-27";"2014-06-14";"24M12";"12";"20";"REGULAR";"f";"2014-06-02 08:09:38.741";"f";"";"68";"CONSOLIDADA";"";"Presencial";
"1222311";"01";"5753873";"";"";"42045";"GRADUAÇÃO";"Campus Central";"2-H-4";"2014";"1";"2014-01-27";"2014-06-14";"35M34";"13";"20";"REGULAR";"f";"2014-06-12 06:25:20.762";"f";"";"74";"CONSOLIDADA";"";"Presencial";
"1222312";"01";"2273348";"";"";"42046";"GRADUAÇÃO";"Campus Central";"2-B-1";"2014";"1";"2014-01-27";"2014-06-14";"24M34";"3";"20";"REGULAR";"f";"2014-06-02 08:08:41.629";"f";"";"68";"CONSOLIDADA";"";"Presencial";
"1222313";"01";"22990";"";"";"42152";"GRADUAÇÃO";"Campus Central";"2-I-14";"2014";"1";"2014-01-27";"2014-06-14";"35M12";"12";"20";"REGULAR";"f";"2014-06-11 09:32:25.963";"f";"";"72";"CONSOLIDADA";"";"Presencial";
"1222314";"01";"5755056";"";"";"42002";"GRADUAÇÃO";"Campus Central";"2-i-11";"2014";"1";"2014-01-27";"2014-06-14";"35N34";"22";"25";"REGULAR";"f";"2014-06-13 15:32:41.692";"f";"";"72";"CONSOLIDADA";"";"Presencial";
"1222315";"01";"5753690";"";"";"42009";"GRADUAÇÃO";"Campus Central";"2-i-15";"2014";"1";"2014-01-27";"2014-06-14";"35N12";"16";"25";"REGULAR";"f";"2014-06-18 10:15:39.804";"f";"";"68";"CONSOLIDADA";"";"Presencial";
"1222315";"01";"5752297";"";"";"42009";"GRADUAÇÃO";"Campus Central";"2-i-15";"2014";"1";"2014-01-27";"2014-06-14";"35N12";"16";"25";"REGULAR";"f";"2014-06-18 10:15:39.804";"f";"";"68";"CONSOLIDADA";"";"Presencial";
"1222316";"01";"5755056";"";"";"48620";"GRADUAÇÃO";"Campus Central";"2-i-10";"2014";"1";"2014-01-27";"2014-06-14";"35N12";"11";"27";"REGULAR";"f";"2014-06-13 15:51:10.219";"f";"";"72";"CONSOLIDADA";"";"Presencial";
"1222317";"01";"5753648";"";"";"42025";"GRADUAÇÃO";"Campus Central";"2-i-21";"2014";"1";"2014-01-27";"2014-06-14";"24N12";"10";"25";"REGULAR";"f";"2014-06-10 19:04:00.446";"f";"";"72";"CONSOLIDADA";"";"Presencial";
"1222318";"01";"5756039";"";"";"42234";"GRADUAÇÃO";"Campus Central";"2-i-15";"2014";"1";"2014-01-27";"2014-06-14";"24N12";"4";"25";"REGULAR";"f";"2014-06-13 09:34:29.198";"f";"";"72";"CONSOLIDADA";"";"Presencial";
"1222319";"01";"5753648";"";"";"42023";"GRADUAÇÃO";"Campus Central";"2-i-10";"2014";"1";"2014-01-27";"2014-06-14";"24N34";"12";"25";"REGULAR";"f";"2014-06-09 22:36:14.086";"f";"";"72";"CONSOLIDADA";"";"Presencial";
"1222319";"01";"5752297";"";"";"42023";"GRADUAÇÃO";"Campus Central";"2-i-10";"2014";"1";"2014-01-27";"2014-06-14";"24N34";"12";"25";"REGULAR";"f";"2014-06-09 22:36:14.086";"f";"";"72";"CONSOLIDADA";"";"Presencial";
"1222320";"01";"5753690";"";"";"42024";"GRADUAÇÃO";"Campus Central";"2-i-21";"2014";"1";"2014-01-27";"2014-06-14";"24N34";"8";"25";"REGULAR";"f";"2014-06-18 10:16:51.519";"f";"";"70";"CONSOLIDADA";"";"Presencial";
"1222321";"01";"5756039";"";"";"48621";"GRADUAÇÃO";"Campus Central";"2-i-12";"2014";"1";"2014-01-27";"2014-06-14";"35N34";"24";"25";"REGULAR";"f";"2014-06-13 09:40:05.272";"f";"";"72";"CONSOLIDADA";"";"Presencial";
"1222322";"01";"5753704";"";"";"48622";"GRADUAÇÃO";"Campus Central";"2-i-14";"2014";"1";"2014-01-27";"2014-06-14";"3N1234";"19";"50";"REGULAR";"f";"2014-06-19 15:58:35.811";"f";"";"72";"CONSOLIDADA";"";"Presencial";
"1222323";"01";"20812";"";"";"46078";"GRADUAÇÃO";"Campus Caicó";"B-10";"2014";"1";"2014-01-27";"2014-06-14";"23N12 4N34";"12";"40";"REGULAR";"f";"2014-06-20 11:13:42.497";"f";"";"106";"CONSOLIDADA";"";"Presencial";
"1222324";"01";"5755582";"";"";"46141";"GRADUAÇÃO";"Campus Caicó";"LEM";"2014";"1";"2014-01-27";"2014-06-14";"3N12 4N34";"17";"40";"REGULAR";"f";"2014-06-16 03:20:11.195";"f";"";"76";"CONSOLIDADA";"";"Presencial";
"1222325";"02";"5755935";"";"";"25691";"GRADUAÇÃO";"Campus Central";"3A3";"2014";"1";"2014-01-27";"2014-06-14";"246M12";"8";"60";"REGULAR";"f";"2014-06-18 11:59:26.623";"f";"";"98";"CONSOLIDADA";"";"Presencial";
"1222326";"02";"5752625";"";"";"23582";"GRADUAÇÃO";"Campus Central";"3A2";"2014";"1";"2014-01-27";"2014-06-14";"246T12";"6";"40";"REGULAR";"f";"2014-06-14 18:48:27.877";"f";"";"110";"CONSOLIDADA";"";"Presencial";
"1222327";"02";"5751826";"";"";"23583";"GRADUAÇÃO";"Campus Central";"3H8";"2014";"1";"2014-01-27";"2014-06-14";"246M12";"17";"41";"REGULAR";"f";"2014-06-19 13:36:09.113";"f";"";"108";"CONSOLIDADA";"";"Presencial";
"1222328";"04";"20848";"";"";"25694";"GRADUAÇÃO";"Campus Central";"SETOR III";"2014";"1";"2014-01-27";"2014-06-14";"246M56";"";"40";"REGULAR";"f";"";"f";"";"";"EXCLUÍDA";"";"Presencial";
"1222329";"01";"5753568";"";"";"54220";"GRADUAÇÃO";"Campus Central";"5º Subsolo do HUOL";"2014";"1";"2014-01-27";"2014-06-14";"2T12";"6";"55";"REGULAR";"f";"2014-06-10 14:49:54.721";"f";"";"36";"CONSOLIDADA";"";"Presencial";
"1222329";"01";"5752293";"";"";"54220";"GRADUAÇÃO";"Campus Central";"5º Subsolo do HUOL";"2014";"1";"2014-01-27";"2014-06-14";"2T12";"6";"55";"REGULAR";"f";"2014-06-10 14:49:54.721";"f";"";"36";"CONSOLIDADA";"";"Presencial";
"1222330";"01";"5756400";"";"";"2048396";"GRADUAÇÃO";"Campus Caicó";"SALA A5";"2014";"1";"2014-01-27";"2014-06-14";"4M1234";"4";"44";"REGULAR";"f";"2014-06-04 11:33:47.61";"f";"";"68";"CONSOLIDADA";"";"Presencial";
"1222331";"02";"5756318";"";"";"2048396";"GRADUAÇÃO";"Campus Caicó";"SALA A6";"2014";"1";"2014-01-27";"2014-06-14";"2N1234";"7";"45";"REGULAR";"f";"2014-06-11 19:04:05.642";"f";"";"68";"CONSOLIDADA";"";"Presencial";
"1222332";"01";"5756475";"";"";"2047403";"GRADUAÇÃO";"Campus Currais Novos";"a definir";"2014";"1";"2014-01-27";"2014-06-14";"4T6  4N1234";"21";"45";"REGULAR";"f";"2014-06-13 15:32:11.013";"f";"";"110";"CONSOLIDADA";"";"Presencial";
"1222333";"01";"5754350";"";"";"48108";"GRADUAÇÃO";"Campus Caicó";"a definir";"2014";"1";"2014-01-27";"2014-06-14";"3M12 4M34";"20";"40";"REGULAR";"f";"2014-06-13 00:23:47.536";"f";"";"76";"CONSOLIDADA";"";"Presencial";
"1222334";"01";"5755571";"";"";"2048091";"GRADUAÇÃO";"Campus Caicó";"SALA A3";"2014";"1";"2014-01-27";"2014-06-14";"4M1234";"37";"50";"REGULAR";"f";"2014-06-14 15:01:42.621";"f";"";"68";"CONSOLIDADA";"";"Presencial";
"1222335";"03";"2298994";"";"";"39169";"STRICTO SENSU";"";"Centro de Educação";"2014";"1";"2014-02-10";"2014-06-11";"3M1";"3";"3";"REGULAR";"f";"2014-06-08 20:50:10.207";"f";"";"16";"CONSOLIDADA";"";"Presencial";
"1222335";"03";"24897";"";"";"39169";"STRICTO SENSU";"";"Centro de Educação";"2014";"1";"2014-02-10";"2014-06-11";"3M1";"3";"3";"REGULAR";"f";"2014-06-08 20:50:10.207";"f";"";"16";"CONSOLIDADA";"";"Presencial";
"1222336";"01";"2298994";"";"";"2036863";"STRICTO SENSU";"";"A definir";"2014";"1";"2014-02-10";"2014-06-11";"2N23";"1";"1";"REGULAR";"f";"2015-02-04 16:30:24.864";"f";"";"32";"CONSOLIDADA";"";"Presencial";
"1222337";"01";"5755936";"";"";"46327";"GRADUAÇÃO";"Campus Central";"Setor I Sala A-1";"2014";"1";"2014-01-27";"2014-06-14";"6T34 (27/01/2014 - 14/06/2014)";"25";"60";"REGULAR";"f";"2014-07-09 09:37:06.05";"f";"";"36";"CONSOLIDADA";"";"Presencial";
"1222338";"01";"21947";"";"";"2048085";"GRADUAÇÃO";"Campus Caicó";"SALA A2";"2014";"1";"2014-01-27";"2014-06-14";"2M1234";"35";"50";"REGULAR";"f";"2014-06-16 15:14:21.007";"f";"";"68";"CONSOLIDADA";"";"Presencial";
"1222339";"01";"5756399";"";"";"46342";"GRADUAÇÃO";"Campus Central";"Setor I Sala E-2";"2014";"1";"2014-01-27";"2014-06-14";"35T456";"46";"50";"REGULAR";"f";"2014-06-10 15:55:12.831";"f";"";"105";"CONSOLIDADA";"";"Presencial";
"1222340";"04";"24897";"";"";"39171";"STRICTO SENSU";"";"Centro de Educação";"2014";"1";"2014-02-10";"2014-06-11";"4M1";"1";"1";"REGULAR";"f";"2014-06-08 20:41:01.978";"f";"";"16";"CONSOLIDADA";"";"Presencial";
"1222341";"01";"5756398";"";"";"46339";"GRADUAÇÃO";"Campus Central";"Setor I Sala A-2";"2014";"1";"2014-01-27";"2014-06-14";"6T56 (27/01/2014 - 14/06/2014)";"41";"50";"REGULAR";"f";"2014-06-13 11:24:15.208";"f";"";"38";"CONSOLIDADA";"";"Presencial";
"1222342";"01";"5756398";"";"";"46344";"GRADUAÇÃO";"Campus Central";"Setor I Sala E-2";"2014";"1";"2014-01-27";"2014-06-14";"6T12 (27/01/2014 - 14/06/2014)";"39";"50";"REGULAR";"f";"2014-06-13 11:26:56.613";"f";"";"38";"CONSOLIDADA";"";"Presencial";
"1222343";"04";"24897";"";"";"39175";"STRICTO SENSU";"";"Centro de Educação";"2014";"1";"2014-02-10";"2014-06-11";"5M1";"1";"1";"REGULAR";"f";"2014-06-08 21:12:50.382";"f";"";"15";"CONSOLIDADA";"";"Presencial";
"1222344";"01";"5756098";"";"";"46346";"GRADUAÇÃO";"Campus Central";"Setor I Sala C-1";"2014";"1";"2014-01-27";"2014-06-14";"5T3456";"42";"50";"REGULAR";"f";"2014-06-19 16:26:53.864";"f";"";"72";"CONSOLIDADA";"";"Presencial";
"1222345";"01";"26567";"";"";"2048093";"GRADUAÇÃO";"Campus Caicó";"SALA A3";"2014";"1";"2014-01-27";"2014-06-14";"3M12345  3T1";"38";"50";"REGULAR";"f";"2014-06-21 19:52:43.806";"f";"";"114";"CONSOLIDADA";"";"Presencial";
"1222346";"05";"2298994";"";"";"39171";"STRICTO SENSU";"";"Centro de Educação";"2014";"1";"2014-02-10";"2014-06-11";"4M1";"1";"1";"REGULAR";"f";"2015-02-04 16:50:33.051";"f";"";"17";"CONSOLIDADA";"";"Presencial";
"1222347";"01";"22948";"";"";"46348";"GRADUAÇÃO";"Campus Central";"Setor I Sala C-1";"2014";"1";"2014-01-27";"2014-06-14";"2T1234";"43";"50";"REGULAR";"f";"2014-06-21 07:47:17.434";"f";"";"68";"CONSOLIDADA";"";"Presencial";
"1222348";"05";"2298994";"";"";"39175";"STRICTO SENSU";"";"Centro de Educação";"2014";"1";"2014-02-10";"2014-06-11";"5M1";"1";"1";"REGULAR";"f";"2015-02-04 16:39:35.634";"f";"";"15";"CONSOLIDADA";"";"Presencial";
"1222349";"01";"5754935";"";"";"46349";"GRADUAÇÃO";"Campus Central";"Setor I Sala C-1";"2014";"1";"2014-01-27";"2014-06-14";"4T1234 (27/01/2014 - 14/06/2014)";"43";"50";"REGULAR";"f";"2014-06-23 09:58:23.556";"f";"";"72";"CONSOLIDADA";"";"Presencial";
"1222350";"01";"5756399";"";"";"46351";"GRADUAÇÃO";"Campus Central";"Setor I Sala C-2";"2014";"1";"2014-01-27";"2014-06-14";"35T12";"41";"50";"REGULAR";"f";"2014-06-10 15:52:47.999";"f";"";"70";"CONSOLIDADA";"";"Presencial";
"1222351";"14";"5752554";"";"";"52056";"GRADUAÇÃO";"";"CAICÓ/RN";"2014";"1";"2014-01-27";"2014-06-14";"";"23";"";"REGULAR";"t";"2014-06-18 18:22:58.729";"f";"";"0";"CONSOLIDADA";"";"A Distância";
"1222352";"26";"5752554";"";"";"52056";"GRADUAÇÃO";"";"CURRAIS NOVOS/RN";"2014";"1";"2014-01-27";"2014-06-14";"";"29";"";"REGULAR";"t";"2014-06-18 18:34:20.84";"f";"";"0";"CONSOLIDADA";"";"A Distância";
"1222353";"17";"5752554";"";"";"52056";"GRADUAÇÃO";"";"MOSSORÓ/RN";"2014";"1";"2014-01-27";"2014-06-14";"";"29";"";"REGULAR";"t";"2014-06-18 18:37:24.316";"f";"";"0";"CONSOLIDADA";"";"A Distância";
"1222354";"25";"5752554";"";"";"52056";"GRADUAÇÃO";"";"NATAL/RN";"2014";"1";"2014-01-27";"2014-06-14";"";"39";"";"REGULAR";"t";"2014-06-18 18:35:53.012";"f";"";"0";"CONSOLIDADA";"";"A Distância";
"1222355";"03";"24897";"";"";"39172";"STRICTO SENSU";"";"Centro de Educação";"2014";"1";"2014-02-10";"2014-06-11";"6M1";"";"1";"REGULAR";"f";"";"f";"";"";"EXCLUÍDA";"";"Presencial";
"1222356";"24";"5752554";"";"";"52056";"GRADUAÇÃO";"";"NATAL/RN";"2014";"1";"2014-01-27";"2014-06-14";"";"310";"";"REGULAR";"t";"2014-06-18 18:31:11.235";"f";"";"0";"CONSOLIDADA";"";"A Distância";
"1222357";"01";"5755536";"";"";"46354";"GRADUAÇÃO";"Campus Central";"Setor I Sala C-2";"2014";"1";"2014-01-27";"2014-06-14";"35T56";"52";"51";"REGULAR";"f";"2014-06-12 12:17:14.556";"f";"";"74";"CONSOLIDADA";"";"Presencial";
"1222358";"04";"24897";"";"";"39181";"STRICTO SENSU";"";"Centro de Educação";"2014";"1";"2014-02-10";"2014-06-11";"2T1";"1";"1";"REGULAR";"f";"2014-06-08 20:45:29.856";"f";"";"15";"CONSOLIDADA";"";"Presencial";
"1222359";"01";"5755959";"";"";"2047401";"GRADUAÇÃO";"Campus Caicó";"SALA B1";"2014";"1";"2014-01-27";"2014-06-14";"2M1234";"3";"65";"REGULAR";"f";"2014-06-13 11:33:34.609";"f";"";"72";"CONSOLIDADA";"";"Presencial";
"1222360";"02";"24897";"";"";"39176";"STRICTO SENSU";"";"Centro de Educação";"2014";"1";"2014-02-10";"2014-06-11";"3T1";"1";"1";"REGULAR";"f";"2014-06-08 21:06:19.254";"f";"";"16";"CONSOLIDADA";"";"Presencial";
"1222361";"03";"25429";"";"";"39173";"STRICTO SENSU";"";"Centro de Educação";"2014";"1";"2014-02-10";"2014-06-11";"4T1";"1";"1";"REGULAR";"f";"2014-07-25 07:06:34.978";"f";"";"17";"CONSOLIDADA";"";"Presencial";
"1222362";"05";"25429";"";"";"39181";"STRICTO SENSU";"";"Centro de Educação";"2014";"1";"2014-02-10";"2014-06-11";"5T1";"1";"1";"REGULAR";"f";"2014-12-02 16:20:02.816";"f";"";"15";"CONSOLIDADA";"";"Presencial";
"1222363";"01";"5755985";"";"";"47977";"GRADUAÇÃO";"Campus Caicó";"SALA B1";"2014";"1";"2014-01-27";"2014-06-14";"23N34";"21";"52";"REGULAR";"f";"2014-06-20 18:01:37.653";"f";"";"66";"CONSOLIDADA";"";"Presencial";
"1222364";"04";"25429";"";"";"39177";"STRICTO SENSU";"";"Centro de Educação";"2014";"1";"2014-02-10";"2014-06-11";"5M1";"2";"2";"REGULAR";"f";"2014-07-25 07:02:44.398";"f";"";"15";"CONSOLIDADA";"";"Presencial";
"1222365";"01";"5756475";"";"";"2047400";"GRADUAÇÃO";"Campus Caicó";"SALA F1";"2014";"1";"2014-01-27";"2014-06-14";"3N1234";"5";"52";"REGULAR";"f";"2014-06-13 21:44:47.605";"f";"";"84";"CONSOLIDADA";"";"Presencial";
"1222366";"04";"23205";"";"";"39172";"STRICTO SENSU";"";"Centro de Educação";"2014";"1";"2014-02-10";"2014-06-11";"2M1";"1";"1";"REGULAR";"f";"2014-12-19 19:03:18.936";"f";"";"16";"CONSOLIDADA";"";"Presencial";
"1222367";"01";"5753712";"";"";"20931";"GRADUAÇÃO";"Campus Central";"Departamento de Tocoginecologia";"2014";"1";"2014-01-27";"2014-06-14";"3M56 5M5";"1";"30";"REGULAR";"f";"2014-06-20 09:22:23.228";"f";"";"56";"CONSOLIDADA";"";"Presencial";
"1222367";"01";"22765";"";"";"20931";"GRADUAÇÃO";"Campus Central";"Departamento de Tocoginecologia";"2014";"1";"2014-01-27";"2014-06-14";"3M56 5M5";"1";"30";"REGULAR";"f";"2014-06-20 09:22:23.228";"f";"";"56";"CONSOLIDADA";"";"Presencial";
"1222367";"01";"16331";"";"";"20931";"GRADUAÇÃO";"Campus Central";"Departamento de Tocoginecologia";"2014";"1";"2014-01-27";"2014-06-14";"3M56 5M5";"1";"30";"REGULAR";"f";"2014-06-20 09:22:23.228";"f";"";"56";"CONSOLIDADA";"";"Presencial";
"1222367";"01";"23673";"";"";"20931";"GRADUAÇÃO";"Campus Central";"Departamento de Tocoginecologia";"2014";"1";"2014-01-27";"2014-06-14";"3M56 5M5";"1";"30";"REGULAR";"f";"2014-06-20 09:22:23.228";"f";"";"56";"CONSOLIDADA";"";"Presencial";
"1222367";"01";"5752793";"";"";"20931";"GRADUAÇÃO";"Campus Central";"Departamento de Tocoginecologia";"2014";"1";"2014-01-27";"2014-06-14";"3M56 5M5";"1";"30";"REGULAR";"f";"2014-06-20 09:22:23.228";"f";"";"56";"CONSOLIDADA";"";"Presencial";
"1222367";"01";"23411";"";"";"20931";"GRADUAÇÃO";"Campus Central";"Departamento de Tocoginecologia";"2014";"1";"2014-01-27";"2014-06-14";"3M56 5M5";"1";"30";"REGULAR";"f";"2014-06-20 09:22:23.228";"f";"";"56";"CONSOLIDADA";"";"Presencial";
"1222367";"01";"22753";"";"";"20931";"GRADUAÇÃO";"Campus Central";"Departamento de Tocoginecologia";"2014";"1";"2014-01-27";"2014-06-14";"3M56 5M5";"1";"30";"REGULAR";"f";"2014-06-20 09:22:23.228";"f";"";"56";"CONSOLIDADA";"";"Presencial";
"1222367";"01";"5753807";"";"";"20931";"GRADUAÇÃO";"Campus Central";"Departamento de Tocoginecologia";"2014";"1";"2014-01-27";"2014-06-14";"3M56 5M5";"1";"30";"REGULAR";"f";"2014-06-20 09:22:23.228";"f";"";"56";"CONSOLIDADA";"";"Presencial";
"1222367";"01";"25915";"";"";"20931";"GRADUAÇÃO";"Campus Central";"Departamento de Tocoginecologia";"2014";"1";"2014-01-27";"2014-06-14";"3M56 5M5";"1";"30";"REGULAR";"f";"2014-06-20 09:22:23.228";"f";"";"56";"CONSOLIDADA";"";"Presencial";
"1222367";"01";"25943";"";"";"20931";"GRADUAÇÃO";"Campus Central";"Departamento de Tocoginecologia";"2014";"1";"2014-01-27";"2014-06-14";"3M56 5M5";"1";"30";"REGULAR";"f";"2014-06-20 09:22:23.228";"f";"";"56";"CONSOLIDADA";"";"Presencial";
"1222368";"05";"23205";"";"";"39177";"STRICTO SENSU";"";"Centro de Educação";"2014";"1";"2014-02-10";"2014-06-11";"5M1";"1";"1";"REGULAR";"f";"2014-07-21 18:35:06.744";"f";"";"15";"CONSOLIDADA";"";"Presencial";
"1222369";"05";"24897";"";"";"39172";"STRICTO SENSU";"";"Centro de Educação";"2014";"1";"2014-02-10";"2014-06-11";"2T6";"1";"1";"REGULAR";"f";"2014-06-08 20:34:59.855";"f";"";"15";"CONSOLIDADA";"";"Presencial";
"1222370";"06";"24897";"";"";"39177";"STRICTO SENSU";"";"Centro de Educação";"2014";"1";"2014-02-10";"2014-06-11";"3T6";"1";"1";"REGULAR";"f";"2014-06-08 21:00:16.702";"f";"";"16";"CONSOLIDADA";"";"Presencial";
"1222371";"01";"22753";"";"";"2052304";"GRADUAÇÃO";"Campus Central";"DTGO, Ambulatórios,MEJC, LabHab, Mat.Leide Morais";"2014";"1";"2014-01-27";"2014-03-13";"234567M123456  234567T23456  234567N234 (27/01/2014 - 13/03/2014)";"14";"18";"REGULAR";"f";"2014-05-22 13:25:35.586";"f";"";"0";"CONSOLIDADA";"";"Presencial";
"1222371";"01";"25943";"";"";"2052304";"GRADUAÇÃO";"Campus Central";"DTGO, Ambulatórios,MEJC, LabHab, Mat.Leide Morais";"2014";"1";"2014-01-27";"2014-03-13";"234567M123456  234567T23456  234567N234 (27/01/2014 - 13/03/2014)";"14";"18";"REGULAR";"f";"2014-05-22 13:25:35.586";"f";"";"0";"CONSOLIDADA";"";"Presencial";
"1222371";"01";"5753071";"";"";"2052304";"GRADUAÇÃO";"Campus Central";"DTGO, Ambulatórios,MEJC, LabHab, Mat.Leide Morais";"2014";"1";"2014-01-27";"2014-03-13";"234567M123456  234567T23456  234567N234 (27/01/2014 - 13/03/2014)";"14";"18";"REGULAR";"f";"2014-05-22 13:25:35.586";"f";"";"0";"CONSOLIDADA";"";"Presencial";
"1222371";"01";"26319";"";"";"2052304";"GRADUAÇÃO";"Campus Central";"DTGO, Ambulatórios,MEJC, LabHab, Mat.Leide Morais";"2014";"1";"2014-01-27";"2014-03-13";"234567M123456  234567T23456  234567N234 (27/01/2014 - 13/03/2014)";"14";"18";"REGULAR";"f";"2014-05-22 13:25:35.586";"f";"";"0";"CONSOLIDADA";"";"Presencial";
"1222371";"01";"19096";"";"";"2052304";"GRADUAÇÃO";"Campus Central";"DTGO, Ambulatórios,MEJC, LabHab, Mat.Leide Morais";"2014";"1";"2014-01-27";"2014-03-13";"234567M123456  234567T23456  234567N234 (27/01/2014 - 13/03/2014)";"14";"18";"REGULAR";"f";"2014-05-22 13:25:35.586";"f";"";"0";"CONSOLIDADA";"";"Presencial";
"1222371";"01";"25915";"";"";"2052304";"GRADUAÇÃO";"Campus Central";"DTGO, Ambulatórios,MEJC, LabHab, Mat.Leide Morais";"2014";"1";"2014-01-27";"2014-03-13";"234567M123456  234567T23456  234567N234 (27/01/2014 - 13/03/2014)";"14";"18";"REGULAR";"f";"2014-05-22 13:25:35.586";"f";"";"0";"CONSOLIDADA";"";"Presencial";
"1222371";"01";"22765";"";"";"2052304";"GRADUAÇÃO";"Campus Central";"DTGO, Ambulatórios,MEJC, LabHab, Mat.Leide Morais";"2014";"1";"2014-01-27";"2014-03-13";"234567M123456  234567T23456  234567N234 (27/01/2014 - 13/03/2014)";"14";"18";"REGULAR";"f";"2014-05-22 13:25:35.586";"f";"";"0";"CONSOLIDADA";"";"Presencial";
"1222371";"01";"16331";"";"";"2052304";"GRADUAÇÃO";"Campus Central";"DTGO, Ambulatórios,MEJC, LabHab, Mat.Leide Morais";"2014";"1";"2014-01-27";"2014-03-13";"234567M123456  234567T23456  234567N234 (27/01/2014 - 13/03/2014)";"14";"18";"REGULAR";"f";"2014-05-22 13:25:35.586";"f";"";"0";"CONSOLIDADA";"";"Presencial";
"1222371";"01";"5753807";"";"";"2052304";"GRADUAÇÃO";"Campus Central";"DTGO, Ambulatórios,MEJC, LabHab, Mat.Leide Morais";"2014";"1";"2014-01-27";"2014-03-13";"234567M123456  234567T23456  234567N234 (27/01/2014 - 13/03/2014)";"14";"18";"REGULAR";"f";"2014-05-22 13:25:35.586";"f";"";"0";"CONSOLIDADA";"";"Presencial";
"1222371";"01";"23411";"";"";"2052304";"GRADUAÇÃO";"Campus Central";"DTGO, Ambulatórios,MEJC, LabHab, Mat.Leide Morais";"2014";"1";"2014-01-27";"2014-03-13";"234567M123456  234567T23456  234567N234 (27/01/2014 - 13/03/2014)";"14";"18";"REGULAR";"f";"2014-05-22 13:25:35.586";"f";"";"0";"CONSOLIDADA";"";"Presencial";
"1222371";"01";"5753712";"";"";"2052304";"GRADUAÇÃO";"Campus Central";"DTGO, Ambulatórios,MEJC, LabHab, Mat.Leide Morais";"2014";"1";"2014-01-27";"2014-03-13";"234567M123456  234567T23456  234567N234 (27/01/2014 - 13/03/2014)";"14";"18";"REGULAR";"f";"2014-05-22 13:25:35.586";"f";"";"0";"CONSOLIDADA";"";"Presencial";
"1222371";"01";"5753770";"";"";"2052304";"GRADUAÇÃO";"Campus Central";"DTGO, Ambulatórios,MEJC, LabHab, Mat.Leide Morais";"2014";"1";"2014-01-27";"2014-03-13";"234567M123456  234567T23456  234567N234 (27/01/2014 - 13/03/2014)";"14";"18";"REGULAR";"f";"2014-05-22 13:25:35.586";"f";"";"0";"CONSOLIDADA";"";"Presencial";
"1222371";"01";"5752793";"";"";"2052304";"GRADUAÇÃO";"Campus Central";"DTGO, Ambulatórios,MEJC, LabHab, Mat.Leide Morais";"2014";"1";"2014-01-27";"2014-03-13";"234567M123456  234567T23456  234567N234 (27/01/2014 - 13/03/2014)";"14";"18";"REGULAR";"f";"2014-05-22 13:25:35.586";"f";"";"0";"CONSOLIDADA";"";"Presencial";
"1222372";"06";"17694";"";"";"39172";"STRICTO SENSU";"";"Centro de Educação";"2014";"1";"2014-02-10";"2014-06-11";"2M1";"2";"2";"REGULAR";"f";"2014-07-10 21:43:14.588";"f";"";"15";"CONSOLIDADA";"";"Presencial";
"1222373";"02";"5753770";"";"";"2052304";"GRADUAÇÃO";"Campus Central";"DTGO, Ambulatórios,MEJC, LabHab, Mat.Leide Morais";"2014";"1";"2014-03-14";"2014-04-28";"23456M123456  23456T23456  23456N2 (14/03/2014 - 28/04/2014)";"15";"18";"REGULAR";"f";"2014-06-20 11:25:46.838";"f";"";"0";"CONSOLIDADA";"";"Presencial";
"1222373";"02";"16331";"";"";"2052304";"GRADUAÇÃO";"Campus Central";"DTGO, Ambulatórios,MEJC, LabHab, Mat.Leide Morais";"2014";"1";"2014-03-14";"2014-04-28";"23456M123456  23456T23456  23456N2 (14/03/2014 - 28/04/2014)";"15";"18";"REGULAR";"f";"2014-06-20 11:25:46.838";"f";"";"0";"CONSOLIDADA";"";"Presencial";
"1222373";"02";"5753712";"";"";"2052304";"GRADUAÇÃO";"Campus Central";"DTGO, Ambulatórios,MEJC, LabHab, Mat.Leide Morais";"2014";"1";"2014-03-14";"2014-04-28";"23456M123456  23456T23456  23456N2 (14/03/2014 - 28/04/2014)";"15";"18";"REGULAR";"f";"2014-06-20 11:25:46.838";"f";"";"0";"CONSOLIDADA";"";"Presencial";
"1222373";"02";"5752793";"";"";"2052304";"GRADUAÇÃO";"Campus Central";"DTGO, Ambulatórios,MEJC, LabHab, Mat.Leide Morais";"2014";"1";"2014-03-14";"2014-04-28";"23456M123456  23456T23456  23456N2 (14/03/2014 - 28/04/2014)";"15";"18";"REGULAR";"f";"2014-06-20 11:25:46.838";"f";"";"0";"CONSOLIDADA";"";"Presencial";
"1222373";"02";"22765";"";"";"2052304";"GRADUAÇÃO";"Campus Central";"DTGO, Ambulatórios,MEJC, LabHab, Mat.Leide Morais";"2014";"1";"2014-03-14";"2014-04-28";"23456M123456  23456T23456  23456N2 (14/03/2014 - 28/04/2014)";"15";"18";"REGULAR";"f";"2014-06-20 11:25:46.838";"f";"";"0";"CONSOLIDADA";"";"Presencial";
"1222373";"02";"22753";"";"";"2052304";"GRADUAÇÃO";"Campus Central";"DTGO, Ambulatórios,MEJC, LabHab, Mat.Leide Morais";"2014";"1";"2014-03-14";"2014-04-28";"23456M123456  23456T23456  23456N2 (14/03/2014 - 28/04/2014)";"15";"18";"REGULAR";"f";"2014-06-20 11:25:46.838";"f";"";"0";"CONSOLIDADA";"";"Presencial";
"1222373";"02";"23411";"";"";"2052304";"GRADUAÇÃO";"Campus Central";"DTGO, Ambulatórios,MEJC, LabHab, Mat.Leide Morais";"2014";"1";"2014-03-14";"2014-04-28";"23456M123456  23456T23456  23456N2 (14/03/2014 - 28/04/2014)";"15";"18";"REGULAR";"f";"2014-06-20 11:25:46.838";"f";"";"0";"CONSOLIDADA";"";"Presencial";
"1222373";"02";"5753807";"";"";"2052304";"GRADUAÇÃO";"Campus Central";"DTGO, Ambulatórios,MEJC, LabHab, Mat.Leide Morais";"2014";"1";"2014-03-14";"2014-04-28";"23456M123456  23456T23456  23456N2 (14/03/2014 - 28/04/2014)";"15";"18";"REGULAR";"f";"2014-06-20 11:25:46.838";"f";"";"0";"CONSOLIDADA";"";"Presencial";
"1222373";"02";"19096";"";"";"2052304";"GRADUAÇÃO";"Campus Central";"DTGO, Ambulatórios,MEJC, LabHab, Mat.Leide Morais";"2014";"1";"2014-03-14";"2014-04-28";"23456M123456  23456T23456  23456N2 (14/03/2014 - 28/04/2014)";"15";"18";"REGULAR";"f";"2014-06-20 11:25:46.838";"f";"";"0";"CONSOLIDADA";"";"Presencial";
"1222373";"02";"26319";"";"";"2052304";"GRADUAÇÃO";"Campus Central";"DTGO, Ambulatórios,MEJC, LabHab, Mat.Leide Morais";"2014";"1";"2014-03-14";"2014-04-28";"23456M123456  23456T23456  23456N2 (14/03/2014 - 28/04/2014)";"15";"18";"REGULAR";"f";"2014-06-20 11:25:46.838";"f";"";"0";"CONSOLIDADA";"";"Presencial";
"1222373";"02";"25915";"";"";"2052304";"GRADUAÇÃO";"Campus Central";"DTGO, Ambulatórios,MEJC, LabHab, Mat.Leide Morais";"2014";"1";"2014-03-14";"2014-04-28";"23456M123456  23456T23456  23456N2 (14/03/2014 - 28/04/2014)";"15";"18";"REGULAR";"f";"2014-06-20 11:25:46.838";"f";"";"0";"CONSOLIDADA";"";"Presencial";
"1222373";"02";"25943";"";"";"2052304";"GRADUAÇÃO";"Campus Central";"DTGO, Ambulatórios,MEJC, LabHab, Mat.Leide Morais";"2014";"1";"2014-03-14";"2014-04-28";"23456M123456  23456T23456  23456N2 (14/03/2014 - 28/04/2014)";"15";"18";"REGULAR";"f";"2014-06-20 11:25:46.838";"f";"";"0";"CONSOLIDADA";"";"Presencial";
"1222373";"02";"5753071";"";"";"2052304";"GRADUAÇÃO";"Campus Central";"DTGO, Ambulatórios,MEJC, LabHab, Mat.Leide Morais";"2014";"1";"2014-03-14";"2014-04-28";"23456M123456  23456T23456  23456N2 (14/03/2014 - 28/04/2014)";"15";"18";"REGULAR";"f";"2014-06-20 11:25:46.838";"f";"";"0";"CONSOLIDADA";"";"Presencial";
"1222374";"04";"17694";"";"";"39173";"STRICTO SENSU";"";"Centro de Educação";"2014";"1";"2014-02-10";"2014-06-11";"4M1";"";"1";"REGULAR";"f";"";"f";"";"";"EXCLUÍDA";"";"Presencial";
"1222375";"03";"5753807";"";"";"2052304";"GRADUAÇÃO";"Campus Central";"DTGO, Ambulatórios,MEJC, LabHab, Mat.Leide Morais";"2014";"1";"2014-04-29";"2014-06-13";"23456M123456  23456T23456 (29/04/2014 - 13/06/2014)";"14";"18";"REGULAR";"f";"2014-07-01 12:47:36.667";"f";"";"0";"CONSOLIDADA";"";"Presencial";
"1222375";"03";"5753712";"";"";"2052304";"GRADUAÇÃO";"Campus Central";"DTGO, Ambulatórios,MEJC, LabHab, Mat.Leide Morais";"2014";"1";"2014-04-29";"2014-06-13";"23456M123456  23456T23456 (29/04/2014 - 13/06/2014)";"14";"18";"REGULAR";"f";"2014-07-01 12:47:36.667";"f";"";"0";"CONSOLIDADA";"";"Presencial";
"1222375";"03";"5752793";"";"";"2052304";"GRADUAÇÃO";"Campus Central";"DTGO, Ambulatórios,MEJC, LabHab, Mat.Leide Morais";"2014";"1";"2014-04-29";"2014-06-13";"23456M123456  23456T23456 (29/04/2014 - 13/06/2014)";"14";"18";"REGULAR";"f";"2014-07-01 12:47:36.667";"f";"";"0";"CONSOLIDADA";"";"Presencial";
"1222375";"03";"23411";"";"";"2052304";"GRADUAÇÃO";"Campus Central";"DTGO, Ambulatórios,MEJC, LabHab, Mat.Leide Morais";"2014";"1";"2014-04-29";"2014-06-13";"23456M123456  23456T23456 (29/04/2014 - 13/06/2014)";"14";"18";"REGULAR";"f";"2014-07-01 12:47:36.667";"f";"";"0";"CONSOLIDADA";"";"Presencial";
"1222375";"03";"22753";"";"";"2052304";"GRADUAÇÃO";"Campus Central";"DTGO, Ambulatórios,MEJC, LabHab, Mat.Leide Morais";"2014";"1";"2014-04-29";"2014-06-13";"23456M123456  23456T23456 (29/04/2014 - 13/06/2014)";"14";"18";"REGULAR";"f";"2014-07-01 12:47:36.667";"f";"";"0";"CONSOLIDADA";"";"Presencial";
"1222375";"03";"25943";"";"";"2052304";"GRADUAÇÃO";"Campus Central";"DTGO, Ambulatórios,MEJC, LabHab, Mat.Leide Morais";"2014";"1";"2014-04-29";"2014-06-13";"23456M123456  23456T23456 (29/04/2014 - 13/06/2014)";"14";"18";"REGULAR";"f";"2014-07-01 12:47:36.667";"f";"";"0";"CONSOLIDADA";"";"Presencial";
"1222375";"03";"19096";"";"";"2052304";"GRADUAÇÃO";"Campus Central";"DTGO, Ambulatórios,MEJC, LabHab, Mat.Leide Morais";"2014";"1";"2014-04-29";"2014-06-13";"23456M123456  23456T23456 (29/04/2014 - 13/06/2014)";"14";"18";"REGULAR";"f";"2014-07-01 12:47:36.667";"f";"";"0";"CONSOLIDADA";"";"Presencial";
"1222375";"03";"25915";"";"";"2052304";"GRADUAÇÃO";"Campus Central";"DTGO, Ambulatórios,MEJC, LabHab, Mat.Leide Morais";"2014";"1";"2014-04-29";"2014-06-13";"23456M123456  23456T23456 (29/04/2014 - 13/06/2014)";"14";"18";"REGULAR";"f";"2014-07-01 12:47:36.667";"f";"";"0";"CONSOLIDADA";"";"Presencial";
"1222375";"03";"5753071";"";"";"2052304";"GRADUAÇÃO";"Campus Central";"DTGO, Ambulatórios,MEJC, LabHab, Mat.Leide Morais";"2014";"1";"2014-04-29";"2014-06-13";"23456M123456  23456T23456 (29/04/2014 - 13/06/2014)";"14";"18";"REGULAR";"f";"2014-07-01 12:47:36.667";"f";"";"0";"CONSOLIDADA";"";"Presencial";
"1222375";"03";"22765";"";"";"2052304";"GRADUAÇÃO";"Campus Central";"DTGO, Ambulatórios,MEJC, LabHab, Mat.Leide Morais";"2014";"1";"2014-04-29";"2014-06-13";"23456M123456  23456T23456 (29/04/2014 - 13/06/2014)";"14";"18";"REGULAR";"f";"2014-07-01 12:47:36.667";"f";"";"0";"CONSOLIDADA";"";"Presencial";
"1222375";"03";"5753770";"";"";"2052304";"GRADUAÇÃO";"Campus Central";"DTGO, Ambulatórios,MEJC, LabHab, Mat.Leide Morais";"2014";"1";"2014-04-29";"2014-06-13";"23456M123456  23456T23456 (29/04/2014 - 13/06/2014)";"14";"18";"REGULAR";"f";"2014-07-01 12:47:36.667";"f";"";"0";"CONSOLIDADA";"";"Presencial";
"1222375";"03";"16331";"";"";"2052304";"GRADUAÇÃO";"Campus Central";"DTGO, Ambulatórios,MEJC, LabHab, Mat.Leide Morais";"2014";"1";"2014-04-29";"2014-06-13";"23456M123456  23456T23456 (29/04/2014 - 13/06/2014)";"14";"18";"REGULAR";"f";"2014-07-01 12:47:36.667";"f";"";"0";"CONSOLIDADA";"";"Presencial";
"1222375";"03";"26319";"";"";"2052304";"GRADUAÇÃO";"Campus Central";"DTGO, Ambulatórios,MEJC, LabHab, Mat.Leide Morais";"2014";"1";"2014-04-29";"2014-06-13";"23456M123456  23456T23456 (29/04/2014 - 13/06/2014)";"14";"18";"REGULAR";"f";"2014-07-01 12:47:36.667";"f";"";"0";"CONSOLIDADA";"";"Presencial";
"1222376";"06";"17694";"";"";"39181";"STRICTO SENSU";"";"Centro de Educação";"2014";"1";"2014-02-10";"2014-06-11";"6M1";"2";"2";"REGULAR";"f";"2014-07-10 21:33:19.495";"f";"";"15";"CONSOLIDADA";"";"Presencial";
"1222377";"01";"5752379";"";"";"2048080";"GRADUAÇÃO";"Campus Caicó";"a definir";"2014";"1";"2014-01-27";"2014-06-14";"6M1234";"";"50";"REGULAR";"f";"";"f";"";"";"EXCLUÍDA";"";"Presencial";
"1222378";"07";"17694";"";"";"39177";"STRICTO SENSU";"";"Centro de Educação";"2014";"1";"2014-02-10";"2014-06-11";"2T1";"3";"3";"REGULAR";"f";"2014-07-10 21:13:56.509";"f";"";"15";"CONSOLIDADA";"";"Presencial";
"1222379";"01";"23673";"";"";"2052351";"GRADUAÇÃO";"Campus Central";"DTGO, Ambulatórios,MEJC, LabHab, CSAnita Garibaldi";"2014";"1";"2014-01-27";"2014-03-13";"234567M123456  23467T23456 5T2345  234567N234 (27/01/2014 - 13/03/2014)";"14";"18";"REGULAR";"f";"2014-05-22 13:20:38.501";"f";"";"0";"CONSOLIDADA";"";"Presencial";
"1222379";"01";"5753071";"";"";"2052351";"GRADUAÇÃO";"Campus Central";"DTGO, Ambulatórios,MEJC, LabHab, CSAnita Garibaldi";"2014";"1";"2014-01-27";"2014-03-13";"234567M123456  23467T23456 5T2345  234567N234 (27/01/2014 - 13/03/2014)";"14";"18";"REGULAR";"f";"2014-05-22 13:20:38.501";"f";"";"0";"CONSOLIDADA";"";"Presencial";
"1222379";"01";"25915";"";"";"2052351";"GRADUAÇÃO";"Campus Central";"DTGO, Ambulatórios,MEJC, LabHab, CSAnita Garibaldi";"2014";"1";"2014-01-27";"2014-03-13";"234567M123456  23467T23456 5T2345  234567N234 (27/01/2014 - 13/03/2014)";"14";"18";"REGULAR";"f";"2014-05-22 13:20:38.501";"f";"";"0";"CONSOLIDADA";"";"Presencial";
"1222379";"01";"22765";"";"";"2052351";"GRADUAÇÃO";"Campus Central";"DTGO, Ambulatórios,MEJC, LabHab, CSAnita Garibaldi";"2014";"1";"2014-01-27";"2014-03-13";"234567M123456  23467T23456 5T2345  234567N234 (27/01/2014 - 13/03/2014)";"14";"18";"REGULAR";"f";"2014-05-22 13:20:38.501";"f";"";"0";"CONSOLIDADA";"";"Presencial";
"1222379";"01";"23411";"";"";"2052351";"GRADUAÇÃO";"Campus Central";"DTGO, Ambulatórios,MEJC, LabHab, CSAnita Garibaldi";"2014";"1";"2014-01-27";"2014-03-13";"234567M123456  23467T23456 5T2345  234567N234 (27/01/2014 - 13/03/2014)";"14";"18";"REGULAR";"f";"2014-05-22 13:20:38.501";"f";"";"0";"CONSOLIDADA";"";"Presencial";
"1222379";"01";"5756388";"";"";"2052351";"GRADUAÇÃO";"Campus Central";"DTGO, Ambulatórios,MEJC, LabHab, CSAnita Garibaldi";"2014";"1";"2014-01-27";"2014-03-13";"234567M123456  23467T23456 5T2345  234567N234 (27/01/2014 - 13/03/2014)";"14";"18";"REGULAR";"f";"2014-05-22 13:20:38.501";"f";"";"0";"CONSOLIDADA";"";"Presencial";
"1222379";"01";"5756397";"";"";"2052351";"GRADUAÇÃO";"Campus Central";"DTGO, Ambulatórios,MEJC, LabHab, CSAnita Garibaldi";"2014";"1";"2014-01-27";"2014-03-13";"234567M123456  23467T23456 5T2345  234567N234 (27/01/2014 - 13/03/2014)";"14";"18";"REGULAR";"f";"2014-05-22 13:20:38.501";"f";"";"0";"CONSOLIDADA";"";"Presencial";
"1222379";"01";"22753";"";"";"2052351";"GRADUAÇÃO";"Campus Central";"DTGO, Ambulatórios,MEJC, LabHab, CSAnita Garibaldi";"2014";"1";"2014-01-27";"2014-03-13";"234567M123456  23467T23456 5T2345  234567N234 (27/01/2014 - 13/03/2014)";"14";"18";"REGULAR";"f";"2014-05-22 13:20:38.501";"f";"";"0";"CONSOLIDADA";"";"Presencial";
"1222379";"01";"5752793";"";"";"2052351";"GRADUAÇÃO";"Campus Central";"DTGO, Ambulatórios,MEJC, LabHab, CSAnita Garibaldi";"2014";"1";"2014-01-27";"2014-03-13";"234567M123456  23467T23456 5T2345  234567N234 (27/01/2014 - 13/03/2014)";"14";"18";"REGULAR";"f";"2014-05-22 13:20:38.501";"f";"";"0";"CONSOLIDADA";"";"Presencial";
"1222379";"01";"5753807";"";"";"2052351";"GRADUAÇÃO";"Campus Central";"DTGO, Ambulatórios,MEJC, LabHab, CSAnita Garibaldi";"2014";"1";"2014-01-27";"2014-03-13";"234567M123456  23467T23456 5T2345  234567N234 (27/01/2014 - 13/03/2014)";"14";"18";"REGULAR";"f";"2014-05-22 13:20:38.501";"f";"";"0";"CONSOLIDADA";"";"Presencial";
"1222379";"01";"26310";"";"";"2052351";"GRADUAÇÃO";"Campus Central";"DTGO, Ambulatórios,MEJC, LabHab, CSAnita Garibaldi";"2014";"1";"2014-01-27";"2014-03-13";"234567M123456  23467T23456 5T2345  234567N234 (27/01/2014 - 13/03/2014)";"14";"18";"REGULAR";"f";"2014-05-22 13:20:38.501";"f";"";"0";"CONSOLIDADA";"";"Presencial";
"1222379";"01";"5753712";"";"";"2052351";"GRADUAÇÃO";"Campus Central";"DTGO, Ambulatórios,MEJC, LabHab, CSAnita Garibaldi";"2014";"1";"2014-01-27";"2014-03-13";"234567M123456  23467T23456 5T2345  234567N234 (27/01/2014 - 13/03/2014)";"14";"18";"REGULAR";"f";"2014-05-22 13:20:38.501";"f";"";"0";"CONSOLIDADA";"";"Presencial";
"1222380";"02";"23673";"";"";"2052351";"GRADUAÇÃO";"Campus Central";"DTGO, Ambulatórios,MEJC, LabHab, CSAnita Garibaldi";"2014";"1";"2014-03-14";"2014-04-28";"23456M123456  23456T23456  23456N2 (14/03/2014 - 28/04/2014)";"16";"18";"REGULAR";"f";"2014-06-20 11:15:47.262";"f";"";"0";"CONSOLIDADA";"";"Presencial";
"1222380";"02";"22765";"";"";"2052351";"GRADUAÇÃO";"Campus Central";"DTGO, Ambulatórios,MEJC, LabHab, CSAnita Garibaldi";"2014";"1";"2014-03-14";"2014-04-28";"23456M123456  23456T23456  23456N2 (14/03/2014 - 28/04/2014)";"16";"18";"REGULAR";"f";"2014-06-20 11:15:47.262";"f";"";"0";"CONSOLIDADA";"";"Presencial";
"1222380";"02";"23411";"";"";"2052351";"GRADUAÇÃO";"Campus Central";"DTGO, Ambulatórios,MEJC, LabHab, CSAnita Garibaldi";"2014";"1";"2014-03-14";"2014-04-28";"23456M123456  23456T23456  23456N2 (14/03/2014 - 28/04/2014)";"16";"18";"REGULAR";"f";"2014-06-20 11:15:47.262";"f";"";"0";"CONSOLIDADA";"";"Presencial";
"1222380";"02";"5756397";"";"";"2052351";"GRADUAÇÃO";"Campus Central";"DTGO, Ambulatórios,MEJC, LabHab, CSAnita Garibaldi";"2014";"1";"2014-03-14";"2014-04-28";"23456M123456  23456T23456  23456N2 (14/03/2014 - 28/04/2014)";"16";"18";"REGULAR";"f";"2014-06-20 11:15:47.262";"f";"";"0";"CONSOLIDADA";"";"Presencial";
"1222380";"02";"26310";"";"";"2052351";"GRADUAÇÃO";"Campus Central";"DTGO, Ambulatórios,MEJC, LabHab, CSAnita Garibaldi";"2014";"1";"2014-03-14";"2014-04-28";"23456M123456  23456T23456  23456N2 (14/03/2014 - 28/04/2014)";"16";"18";"REGULAR";"f";"2014-06-20 11:15:47.262";"f";"";"0";"CONSOLIDADA";"";"Presencial";
"1222380";"02";"5753807";"";"";"2052351";"GRADUAÇÃO";"Campus Central";"DTGO, Ambulatórios,MEJC, LabHab, CSAnita Garibaldi";"2014";"1";"2014-03-14";"2014-04-28";"23456M123456  23456T23456  23456N2 (14/03/2014 - 28/04/2014)";"16";"18";"REGULAR";"f";"2014-06-20 11:15:47.262";"f";"";"0";"CONSOLIDADA";"";"Presencial";
"1222380";"02";"25915";"";"";"2052351";"GRADUAÇÃO";"Campus Central";"DTGO, Ambulatórios,MEJC, LabHab, CSAnita Garibaldi";"2014";"1";"2014-03-14";"2014-04-28";"23456M123456  23456T23456  23456N2 (14/03/2014 - 28/04/2014)";"16";"18";"REGULAR";"f";"2014-06-20 11:15:47.262";"f";"";"0";"CONSOLIDADA";"";"Presencial";
"1222380";"02";"22753";"";"";"2052351";"GRADUAÇÃO";"Campus Central";"DTGO, Ambulatórios,MEJC, LabHab, CSAnita Garibaldi";"2014";"1";"2014-03-14";"2014-04-28";"23456M123456  23456T23456  23456N2 (14/03/2014 - 28/04/2014)";"16";"18";"REGULAR";"f";"2014-06-20 11:15:47.262";"f";"";"0";"CONSOLIDADA";"";"Presencial";
"1222380";"02";"5752793";"";"";"2052351";"GRADUAÇÃO";"Campus Central";"DTGO, Ambulatórios,MEJC, LabHab, CSAnita Garibaldi";"2014";"1";"2014-03-14";"2014-04-28";"23456M123456  23456T23456  23456N2 (14/03/2014 - 28/04/2014)";"16";"18";"REGULAR";"f";"2014-06-20 11:15:47.262";"f";"";"0";"CONSOLIDADA";"";"Presencial";
"1222380";"02";"5753712";"";"";"2052351";"GRADUAÇÃO";"Campus Central";"DTGO, Ambulatórios,MEJC, LabHab, CSAnita Garibaldi";"2014";"1";"2014-03-14";"2014-04-28";"23456M123456  23456T23456  23456N2 (14/03/2014 - 28/04/2014)";"16";"18";"REGULAR";"f";"2014-06-20 11:15:47.262";"f";"";"0";"CONSOLIDADA";"";"Presencial";
"1222380";"02";"5756388";"";"";"2052351";"GRADUAÇÃO";"Campus Central";"DTGO, Ambulatórios,MEJC, LabHab, CSAnita Garibaldi";"2014";"1";"2014-03-14";"2014-04-28";"23456M123456  23456T23456  23456N2 (14/03/2014 - 28/04/2014)";"16";"18";"REGULAR";"f";"2014-06-20 11:15:47.262";"f";"";"0";"CONSOLIDADA";"";"Presencial";
"1222380";"02";"5753071";"";"";"2052351";"GRADUAÇÃO";"Campus Central";"DTGO, Ambulatórios,MEJC, LabHab, CSAnita Garibaldi";"2014";"1";"2014-03-14";"2014-04-28";"23456M123456  23456T23456  23456N2 (14/03/2014 - 28/04/2014)";"16";"18";"REGULAR";"f";"2014-06-20 11:15:47.262";"f";"";"0";"CONSOLIDADA";"";"Presencial";
"1222381";"03";"23673";"";"";"2052351";"GRADUAÇÃO";"Campus Central";"DTGO, Ambulatórios,MEJC, LabHab, CSAnita Garibaldi";"2014";"1";"2014-04-29";"2014-06-13";"23456M123456  23456T23456 (29/04/2014 - 13/06/2014)";"14";"16";"REGULAR";"f";"2014-07-01 12:54:06.493";"f";"";"0";"CONSOLIDADA";"";"Presencial";
"1222381";"03";"5752793";"";"";"2052351";"GRADUAÇÃO";"Campus Central";"DTGO, Ambulatórios,MEJC, LabHab, CSAnita Garibaldi";"2014";"1";"2014-04-29";"2014-06-13";"23456M123456  23456T23456 (29/04/2014 - 13/06/2014)";"14";"16";"REGULAR";"f";"2014-07-01 12:54:06.493";"f";"";"0";"CONSOLIDADA";"";"Presencial";
"1222381";"03";"5756397";"";"";"2052351";"GRADUAÇÃO";"Campus Central";"DTGO, Ambulatórios,MEJC, LabHab, CSAnita Garibaldi";"2014";"1";"2014-04-29";"2014-06-13";"23456M123456  23456T23456 (29/04/2014 - 13/06/2014)";"14";"16";"REGULAR";"f";"2014-07-01 12:54:06.493";"f";"";"0";"CONSOLIDADA";"";"Presencial";
"1222381";"03";"5753071";"";"";"2052351";"GRADUAÇÃO";"Campus Central";"DTGO, Ambulatórios,MEJC, LabHab, CSAnita Garibaldi";"2014";"1";"2014-04-29";"2014-06-13";"23456M123456  23456T23456 (29/04/2014 - 13/06/2014)";"14";"16";"REGULAR";"f";"2014-07-01 12:54:06.493";"f";"";"0";"CONSOLIDADA";"";"Presencial";
"1222381";"03";"22753";"";"";"2052351";"GRADUAÇÃO";"Campus Central";"DTGO, Ambulatórios,MEJC, LabHab, CSAnita Garibaldi";"2014";"1";"2014-04-29";"2014-06-13";"23456M123456  23456T23456 (29/04/2014 - 13/06/2014)";"14";"16";"REGULAR";"f";"2014-07-01 12:54:06.493";"f";"";"0";"CONSOLIDADA";"";"Presencial";
"1222381";"03";"25915";"";"";"2052351";"GRADUAÇÃO";"Campus Central";"DTGO, Ambulatórios,MEJC, LabHab, CSAnita Garibaldi";"2014";"1";"2014-04-29";"2014-06-13";"23456M123456  23456T23456 (29/04/2014 - 13/06/2014)";"14";"16";"REGULAR";"f";"2014-07-01 12:54:06.493";"f";"";"0";"CONSOLIDADA";"";"Presencial";
"1222381";"03";"22765";"";"";"2052351";"GRADUAÇÃO";"Campus Central";"DTGO, Ambulatórios,MEJC, LabHab, CSAnita Garibaldi";"2014";"1";"2014-04-29";"2014-06-13";"23456M123456  23456T23456 (29/04/2014 - 13/06/2014)";"14";"16";"REGULAR";"f";"2014-07-01 12:54:06.493";"f";"";"0";"CONSOLIDADA";"";"Presencial";
"1222381";"03";"5753807";"";"";"2052351";"GRADUAÇÃO";"Campus Central";"DTGO, Ambulatórios,MEJC, LabHab, CSAnita Garibaldi";"2014";"1";"2014-04-29";"2014-06-13";"23456M123456  23456T23456 (29/04/2014 - 13/06/2014)";"14";"16";"REGULAR";"f";"2014-07-01 12:54:06.493";"f";"";"0";"CONSOLIDADA";"";"Presencial";
"1222381";"03";"23411";"";"";"2052351";"GRADUAÇÃO";"Campus Central";"DTGO, Ambulatórios,MEJC, LabHab, CSAnita Garibaldi";"2014";"1";"2014-04-29";"2014-06-13";"23456M123456  23456T23456 (29/04/2014 - 13/06/2014)";"14";"16";"REGULAR";"f";"2014-07-01 12:54:06.493";"f";"";"0";"CONSOLIDADA";"";"Presencial";
"1222381";"03";"5756388";"";"";"2052351";"GRADUAÇÃO";"Campus Central";"DTGO, Ambulatórios,MEJC, LabHab, CSAnita Garibaldi";"2014";"1";"2014-04-29";"2014-06-13";"23456M123456  23456T23456 (29/04/2014 - 13/06/2014)";"14";"16";"REGULAR";"f";"2014-07-01 12:54:06.493";"f";"";"0";"CONSOLIDADA";"";"Presencial";
"1222381";"03";"26310";"";"";"2052351";"GRADUAÇÃO";"Campus Central";"DTGO, Ambulatórios,MEJC, LabHab, CSAnita Garibaldi";"2014";"1";"2014-04-29";"2014-06-13";"23456M123456  23456T23456 (29/04/2014 - 13/06/2014)";"14";"16";"REGULAR";"f";"2014-07-01 12:54:06.493";"f";"";"0";"CONSOLIDADA";"";"Presencial";
"1222381";"03";"5753712";"";"";"2052351";"GRADUAÇÃO";"Campus Central";"DTGO, Ambulatórios,MEJC, LabHab, CSAnita Garibaldi";"2014";"1";"2014-04-29";"2014-06-13";"23456M123456  23456T23456 (29/04/2014 - 13/06/2014)";"14";"16";"REGULAR";"f";"2014-07-01 12:54:06.493";"f";"";"0";"CONSOLIDADA";"";"Presencial";
"1222382";"04";"23205";"";"";"39182";"STRICTO SENSU";"";"Centro de Educação";"2014";"1";"2014-02-10";"2014-06-11";"3M6";"1";"1";"REGULAR";"f";"";"f";"";"";"EXCLUÍDA";"";"Presencial";
"1222383";"02";"23205";"";"";"39180";"STRICTO SENSU";"";"Centro de Educação";"2014";"1";"2014-02-10";"2014-06-11";"4T1";"1";"1";"REGULAR";"f";"";"f";"";"";"EXCLUÍDA";"";"Presencial";
"1222384";"02";"24897";"";"";"39174";"STRICTO SENSU";"";"Centro de Educação";"2014";"1";"2014-02-10";"2014-06-11";"6T6";"3";"3";"REGULAR";"f";"2014-06-08 20:31:39.655";"f";"";"16";"CONSOLIDADA";"";"Presencial";
"1222385";"01";"5752379";"";"";"2048092";"GRADUAÇÃO";"Campus Caicó";"SALA A3";"2014";"1";"2014-01-27";"2014-06-14";"5M12345  5T1";"46";"50";"REGULAR";"f";"2014-06-21 15:36:26.428";"f";"";"102";"CONSOLIDADA";"";"Presencial";
"1222386";"03";"24897";"";"";"39180";"STRICTO SENSU";"";"Centro de Educação";"2014";"1";"2014-02-10";"2014-06-11";"5T6";"3";"3";"REGULAR";"f";"2014-06-08 20:54:11.458";"f";"";"15";"CONSOLIDADA";"";"Presencial";
"1222387";"01";"22742";"";"";"46981";"GRADUAÇÃO";"Campus Central";"4A1";"2014";"1";"2014-01-27";"2014-06-14";"24M56";"31";"50";"REGULAR";"f";"2014-06-20 23:29:15.861";"f";"";"68";"CONSOLIDADA";"";"Presencial";
"1222388";"07";"17694";"";"";"39181";"STRICTO SENSU";"";"Centro de Educação";"2014";"1";"2014-02-10";"2014-06-11";"4T1";"";"1";"REGULAR";"f";"";"f";"";"";"EXCLUÍDA";"";"Presencial";
"1222389";"01";"22742";"";"";"46986";"GRADUAÇÃO";"Campus Central";"4A1";"2014";"1";"2014-01-27";"2014-06-14";"24M34";"17";"40";"REGULAR";"f";"2014-06-20 23:42:10.844";"f";"";"66";"CONSOLIDADA";"";"Presencial";
"1222390";"03";"17694";"";"";"39179";"STRICTO SENSU";"";"Centro de Educação";"2014";"1";"2014-02-10";"2014-06-11";"5T1";"1";"1";"REGULAR";"f";"2014-07-10 21:20:52.881";"f";"";"15";"CONSOLIDADA";"";"Presencial";
"1222391";"02";"22742";"";"";"46986";"GRADUAÇÃO";"Campus Central";"4G4";"2014";"1";"2014-01-27";"2014-06-14";"35T56";"44";"42";"REGULAR";"f";"2014-06-21 14:18:28.194";"f";"";"72";"CONSOLIDADA";"";"Presencial";
"1222392";"03";"17694";"";"";"39174";"STRICTO SENSU";"";"Centro de Educação";"2014";"1";"2014-02-10";"2014-06-11";"3T6";"1";"1";"REGULAR";"f";"2014-07-10 21:48:17.19";"f";"";"15";"CONSOLIDADA";"";"Presencial";
"1222393";"01";"18374";"";"";"54225";"GRADUAÇÃO";"Campus Central";"5º Subsolo do HUOL";"2014";"1";"2014-01-27";"2014-06-14";"5M34";"57";"57";"REGULAR";"f";"2014-06-11 15:05:08.729";"f";"";"34";"CONSOLIDADA";"";"Presencial";
"1222393";"01";"26156";"";"";"54225";"GRADUAÇÃO";"Campus Central";"5º Subsolo do HUOL";"2014";"1";"2014-01-27";"2014-06-14";"5M34";"57";"57";"REGULAR";"f";"2014-06-11 15:05:08.729";"f";"";"34";"CONSOLIDADA";"";"Presencial";
"1222393";"01";"18250";"";"";"54225";"GRADUAÇÃO";"Campus Central";"5º Subsolo do HUOL";"2014";"1";"2014-01-27";"2014-06-14";"5M34";"57";"57";"REGULAR";"f";"2014-06-11 15:05:08.729";"f";"";"34";"CONSOLIDADA";"";"Presencial";
"1222394";"02";"5756280";"";"";"47024";"GRADUAÇÃO";"Campus Central";"4G5";"2014";"1";"2014-01-27";"2014-06-14";"35T56";"26";"40";"REGULAR";"f";"2014-06-05 16:55:25.656";"f";"";"66";"CONSOLIDADA";"";"Presencial";
"1222395";"05";"17694";"";"";"39182";"STRICTO SENSU";"";"Centro de Educação";"2014";"1";"2014-02-10";"2014-06-11";"4T6";"1";"1";"REGULAR";"f";"2014-07-10 21:38:33.752";"f";"";"15";"CONSOLIDADA";"";"Presencial";
"1222396";"04";"17694";"";"";"39180";"STRICTO SENSU";"";"Centro de Educação";"2014";"1";"2014-02-10";"2014-06-11";"5T6";"1";"1";"REGULAR";"f";"2014-07-10 21:25:51.443";"f";"";"15";"CONSOLIDADA";"";"Presencial";
"1222397";"01";"18250";"";"";"54228";"GRADUAÇÃO";"Campus Central";"5º Subsolo do HUOL";"2014";"1";"2014-01-27";"2014-06-14";"5M56 (27/01/2014 - 14/06/2014)";"25";"19";"REGULAR";"f";"2014-06-18 12:00:08.541";"f";"";"34";"CONSOLIDADA";"";"Presencial";
"1222397";"01";"26156";"";"";"54228";"GRADUAÇÃO";"Campus Central";"5º Subsolo do HUOL";"2014";"1";"2014-01-27";"2014-06-14";"5M56 (27/01/2014 - 14/06/2014)";"25";"19";"REGULAR";"f";"2014-06-18 12:00:08.541";"f";"";"34";"CONSOLIDADA";"";"Presencial";
"1222397";"01";"18374";"";"";"54228";"GRADUAÇÃO";"Campus Central";"5º Subsolo do HUOL";"2014";"1";"2014-01-27";"2014-06-14";"5M56 (27/01/2014 - 14/06/2014)";"25";"19";"REGULAR";"f";"2014-06-18 12:00:08.541";"f";"";"34";"CONSOLIDADA";"";"Presencial";
"1222398";"02";"18250";"";"";"54228";"GRADUAÇÃO";"Campus Central";"5º Subsolo do HUOL";"2014";"1";"2014-01-27";"2014-06-14";"5M56 (27/01/2014 - 14/06/2014)";"22";"17";"REGULAR";"f";"2014-06-18 12:01:04.098";"f";"";"34";"CONSOLIDADA";"";"Presencial";
"1222398";"02";"18374";"";"";"54228";"GRADUAÇÃO";"Campus Central";"5º Subsolo do HUOL";"2014";"1";"2014-01-27";"2014-06-14";"5M56 (27/01/2014 - 14/06/2014)";"22";"17";"REGULAR";"f";"2014-06-18 12:01:04.098";"f";"";"34";"CONSOLIDADA";"";"Presencial";
"1222398";"02";"26156";"";"";"54228";"GRADUAÇÃO";"Campus Central";"5º Subsolo do HUOL";"2014";"1";"2014-01-27";"2014-06-14";"5M56 (27/01/2014 - 14/06/2014)";"22";"17";"REGULAR";"f";"2014-06-18 12:01:04.098";"f";"";"34";"CONSOLIDADA";"";"Presencial";
"1222399";"04";"22992";"";"";"39167";"STRICTO SENSU";"";"Centro de Educação";"2014";"1";"2014-02-10";"2014-06-11";"2M1";"2";"2";"REGULAR";"f";"2014-06-13 08:56:08.527";"f";"";"16";"CONSOLIDADA";"";"Presencial";
"1222399";"04";"17608";"";"";"39167";"STRICTO SENSU";"";"Centro de Educação";"2014";"1";"2014-02-10";"2014-06-11";"2M1";"2";"2";"REGULAR";"f";"2014-06-13 08:56:08.527";"f";"";"16";"CONSOLIDADA";"";"Presencial";
"1222400";"03";"18374";"";"";"54228";"GRADUAÇÃO";"Campus Central";"5º Subsolo do HUOL";"2014";"1";"2014-01-27";"2014-06-14";"5M56 (27/01/2014 - 14/06/2014)";"25";"16";"REGULAR";"f";"2014-06-18 12:02:23.34";"f";"";"34";"CONSOLIDADA";"";"Presencial";
"1222400";"03";"26156";"";"";"54228";"GRADUAÇÃO";"Campus Central";"5º Subsolo do HUOL";"2014";"1";"2014-01-27";"2014-06-14";"5M56 (27/01/2014 - 14/06/2014)";"25";"16";"REGULAR";"f";"2014-06-18 12:02:23.34";"f";"";"34";"CONSOLIDADA";"";"Presencial";
"1222400";"03";"18250";"";"";"54228";"GRADUAÇÃO";"Campus Central";"5º Subsolo do HUOL";"2014";"1";"2014-01-27";"2014-06-14";"5M56 (27/01/2014 - 14/06/2014)";"25";"16";"REGULAR";"f";"2014-06-18 12:02:23.34";"f";"";"34";"CONSOLIDADA";"";"Presencial";
"1222401";"01";"5755959";"";"";"43140";"GRADUAÇÃO";"Campus Caicó";"a definir";"2014";"1";"2014-01-27";"2014-06-14";"5M1234";"";"50";"REGULAR";"f";"";"f";"";"";"EXCLUÍDA";"";"Presencial";
"1222402";"01";"26095";"";"";"54236";"GRADUAÇÃO";"Campus Central";"Sala de Aula da Cirurgia Experimental";"2014";"1";"2014-01-27";"2014-06-14";"26M2 (27/01/2014 - 14/06/2014)";"19";"19";"REGULAR";"f";"2014-06-18 07:11:46.558";"f";"";"37";"CONSOLIDADA";"";"Presencial";
"1222402";"01";"64616";"";"";"54236";"GRADUAÇÃO";"Campus Central";"Sala de Aula da Cirurgia Experimental";"2014";"1";"2014-01-27";"2014-06-14";"26M2 (27/01/2014 - 14/06/2014)";"19";"19";"REGULAR";"f";"2014-06-18 07:11:46.558";"f";"";"37";"CONSOLIDADA";"";"Presencial";
"1222402";"01";"17274";"";"";"54236";"GRADUAÇÃO";"Campus Central";"Sala de Aula da Cirurgia Experimental";"2014";"1";"2014-01-27";"2014-06-14";"26M2 (27/01/2014 - 14/06/2014)";"19";"19";"REGULAR";"f";"2014-06-18 07:11:46.558";"f";"";"37";"CONSOLIDADA";"";"Presencial";
"1222403";"02";"64616";"";"";"54236";"GRADUAÇÃO";"Campus Central";"Sala de Aula da Cirurgia Experimental";"2014";"1";"2014-01-27";"2014-06-14";"26M2 (27/01/2014 - 14/06/2014)";"18";"18";"REGULAR";"f";"2014-06-18 07:40:39.162";"f";"";"37";"CONSOLIDADA";"";"Presencial";
"1222403";"02";"26095";"";"";"54236";"GRADUAÇÃO";"Campus Central";"Sala de Aula da Cirurgia Experimental";"2014";"1";"2014-01-27";"2014-06-14";"26M2 (27/01/2014 - 14/06/2014)";"18";"18";"REGULAR";"f";"2014-06-18 07:40:39.162";"f";"";"37";"CONSOLIDADA";"";"Presencial";
"1222403";"02";"17274";"";"";"54236";"GRADUAÇÃO";"Campus Central";"Sala de Aula da Cirurgia Experimental";"2014";"1";"2014-01-27";"2014-06-14";"26M2 (27/01/2014 - 14/06/2014)";"18";"18";"REGULAR";"f";"2014-06-18 07:40:39.162";"f";"";"37";"CONSOLIDADA";"";"Presencial";
"1222404";"03";"64616";"";"";"54236";"GRADUAÇÃO";"Campus Central";"Sala de Aula da Cirurgia Experimental";"2014";"1";"2014-01-27";"2014-06-14";"26M2 (27/01/2014 - 14/06/2014)";"16";"18";"REGULAR";"f";"2014-06-18 07:48:49.232";"f";"";"37";"CONSOLIDADA";"";"Presencial";
"1222404";"03";"17274";"";"";"54236";"GRADUAÇÃO";"Campus Central";"Sala de Aula da Cirurgia Experimental";"2014";"1";"2014-01-27";"2014-06-14";"26M2 (27/01/2014 - 14/06/2014)";"16";"18";"REGULAR";"f";"2014-06-18 07:48:49.232";"f";"";"37";"CONSOLIDADA";"";"Presencial";
"1222404";"03";"26095";"";"";"54236";"GRADUAÇÃO";"Campus Central";"Sala de Aula da Cirurgia Experimental";"2014";"1";"2014-01-27";"2014-06-14";"26M2 (27/01/2014 - 14/06/2014)";"16";"18";"REGULAR";"f";"2014-06-18 07:48:49.232";"f";"";"37";"CONSOLIDADA";"";"Presencial";
"1222405";"01";"5753545";"";"";"46644";"GRADUAÇÃO";"Campus Central";"4F3";"2014";"1";"2014-01-27";"2014-06-14";"23T56";"40";"45";"REGULAR";"f";"2014-06-11 10:45:55.481";"f";"";"76";"CONSOLIDADA";"";"Presencial";
"1222406";"01";"5753805";"";"";"54741";"GRADUAÇÃO";"Campus Central";"HUOL";"2014";"1";"2014-01-27";"2014-03-13";"234567M123456  2345T1234 (27/01/2014 - 13/03/2014)";"4";"4";"REGULAR";"f";"2014-06-13 16:59:14.758";"f";"";"0";"CONSOLIDADA";"";"Presencial";
"1222406";"01";"5754335";"";"";"54741";"GRADUAÇÃO";"Campus Central";"HUOL";"2014";"1";"2014-01-27";"2014-03-13";"234567M123456  2345T1234 (27/01/2014 - 13/03/2014)";"4";"4";"REGULAR";"f";"2014-06-13 16:59:14.758";"f";"";"0";"CONSOLIDADA";"";"Presencial";
"1222406";"01";"5752227";"";"";"54741";"GRADUAÇÃO";"Campus Central";"HUOL";"2014";"1";"2014-01-27";"2014-03-13";"234567M123456  2345T1234 (27/01/2014 - 13/03/2014)";"4";"4";"REGULAR";"f";"2014-06-13 16:59:14.758";"f";"";"0";"CONSOLIDADA";"";"Presencial";
"1222406";"01";"2300648";"";"";"54741";"GRADUAÇÃO";"Campus Central";"HUOL";"2014";"1";"2014-01-27";"2014-03-13";"234567M123456  2345T1234 (27/01/2014 - 13/03/2014)";"4";"4";"REGULAR";"f";"2014-06-13 16:59:14.758";"f";"";"0";"CONSOLIDADA";"";"Presencial";
"1222406";"01";"5752811";"";"";"54741";"GRADUAÇÃO";"Campus Central";"HUOL";"2014";"1";"2014-01-27";"2014-03-13";"234567M123456  2345T1234 (27/01/2014 - 13/03/2014)";"4";"4";"REGULAR";"f";"2014-06-13 16:59:14.758";"f";"";"0";"CONSOLIDADA";"";"Presencial";
"1222406";"01";"5753675";"";"";"54741";"GRADUAÇÃO";"Campus Central";"HUOL";"2014";"1";"2014-01-27";"2014-03-13";"234567M123456  2345T1234 (27/01/2014 - 13/03/2014)";"4";"4";"REGULAR";"f";"2014-06-13 16:59:14.758";"f";"";"0";"CONSOLIDADA";"";"Presencial";
"1222406";"01";"5755101";"";"";"54741";"GRADUAÇÃO";"Campus Central";"HUOL";"2014";"1";"2014-01-27";"2014-03-13";"234567M123456  2345T1234 (27/01/2014 - 13/03/2014)";"4";"4";"REGULAR";"f";"2014-06-13 16:59:14.758";"f";"";"0";"CONSOLIDADA";"";"Presencial";
"1222406";"01";"23105";"";"";"54741";"GRADUAÇÃO";"Campus Central";"HUOL";"2014";"1";"2014-01-27";"2014-03-13";"234567M123456  2345T1234 (27/01/2014 - 13/03/2014)";"4";"4";"REGULAR";"f";"2014-06-13 16:59:14.758";"f";"";"0";"CONSOLIDADA";"";"Presencial";
"1222406";"01";"24854";"";"";"54741";"GRADUAÇÃO";"Campus Central";"HUOL";"2014";"1";"2014-01-27";"2014-03-13";"234567M123456  2345T1234 (27/01/2014 - 13/03/2014)";"4";"4";"REGULAR";"f";"2014-06-13 16:59:14.758";"f";"";"0";"CONSOLIDADA";"";"Presencial";
"1222406";"01";"23189";"";"";"54741";"GRADUAÇÃO";"Campus Central";"HUOL";"2014";"1";"2014-01-27";"2014-03-13";"234567M123456  2345T1234 (27/01/2014 - 13/03/2014)";"4";"4";"REGULAR";"f";"2014-06-13 16:59:14.758";"f";"";"0";"CONSOLIDADA";"";"Presencial";
"1222406";"01";"17296";"";"";"54741";"GRADUAÇÃO";"Campus Central";"HUOL";"2014";"1";"2014-01-27";"2014-03-13";"234567M123456  2345T1234 (27/01/2014 - 13/03/2014)";"4";"4";"REGULAR";"f";"2014-06-13 16:59:14.758";"f";"";"0";"CONSOLIDADA";"";"Presencial";
"1222406";"01";"5752213";"";"";"54741";"GRADUAÇÃO";"Campus Central";"HUOL";"2014";"1";"2014-01-27";"2014-03-13";"234567M123456  2345T1234 (27/01/2014 - 13/03/2014)";"4";"4";"REGULAR";"f";"2014-06-13 16:59:14.758";"f";"";"0";"CONSOLIDADA";"";"Presencial";
"1222406";"01";"25942";"";"";"54741";"GRADUAÇÃO";"Campus Central";"HUOL";"2014";"1";"2014-01-27";"2014-03-13";"234567M123456  2345T1234 (27/01/2014 - 13/03/2014)";"4";"4";"REGULAR";"f";"2014-06-13 16:59:14.758";"f";"";"0";"CONSOLIDADA";"";"Presencial";
"1222406";"01";"18527";"";"";"54741";"GRADUAÇÃO";"Campus Central";"HUOL";"2014";"1";"2014-01-27";"2014-03-13";"234567M123456  2345T1234 (27/01/2014 - 13/03/2014)";"4";"4";"REGULAR";"f";"2014-06-13 16:59:14.758";"f";"";"0";"CONSOLIDADA";"";"Presencial";
"1222406";"01";"26095";"";"";"54741";"GRADUAÇÃO";"Campus Central";"HUOL";"2014";"1";"2014-01-27";"2014-03-13";"234567M123456  2345T1234 (27/01/2014 - 13/03/2014)";"4";"4";"REGULAR";"f";"2014-06-13 16:59:14.758";"f";"";"0";"CONSOLIDADA";"";"Presencial";
"1222406";"01";"22869";"";"";"54741";"GRADUAÇÃO";"Campus Central";"HUOL";"2014";"1";"2014-01-27";"2014-03-13";"234567M123456  2345T1234 (27/01/2014 - 13/03/2014)";"4";"4";"REGULAR";"f";"2014-06-13 16:59:14.758";"f";"";"0";"CONSOLIDADA";"";"Presencial";
"1222406";"01";"25440";"";"";"54741";"GRADUAÇÃO";"Campus Central";"HUOL";"2014";"1";"2014-01-27";"2014-03-13";"234567M123456  2345T1234 (27/01/2014 - 13/03/2014)";"4";"4";"REGULAR";"f";"2014-06-13 16:59:14.758";"f";"";"0";"CONSOLIDADA";"";"Presencial";
"1222406";"01";"62382";"";"";"54741";"GRADUAÇÃO";"Campus Central";"HUOL";"2014";"1";"2014-01-27";"2014-03-13";"234567M123456  2345T1234 (27/01/2014 - 13/03/2014)";"4";"4";"REGULAR";"f";"2014-06-13 16:59:14.758";"f";"";"0";"CONSOLIDADA";"";"Presencial";
"1222406";"01";"17274";"";"";"54741";"GRADUAÇÃO";"Campus Central";"HUOL";"2014";"1";"2014-01-27";"2014-03-13";"234567M123456  2345T1234 (27/01/2014 - 13/03/2014)";"4";"4";"REGULAR";"f";"2014-06-13 16:59:14.758";"f";"";"0";"CONSOLIDADA";"";"Presencial";
"1222406";"01";"64616";"";"";"54741";"GRADUAÇÃO";"Campus Central";"HUOL";"2014";"1";"2014-01-27";"2014-03-13";"234567M123456  2345T1234 (27/01/2014 - 13/03/2014)";"4";"4";"REGULAR";"f";"2014-06-13 16:59:14.758";"f";"";"0";"CONSOLIDADA";"";"Presencial";
"1222407";"06";"22150";"";"";"39171";"STRICTO SENSU";"";"Centro de Educação";"2014";"1";"2014-02-10";"2014-06-11";"2M1";"1";"1";"REGULAR";"f";"2014-06-05 10:11:41.89";"f";"";"15";"CONSOLIDADA";"";"Presencial";
"1222408";"02";"17296";"";"";"54741";"GRADUAÇÃO";"Campus Central";"HUOL";"2014";"1";"2014-01-27";"2014-03-13";"234567M123456  2345T1234 (27/01/2014 - 13/03/2014)";"5";"5";"REGULAR";"f";"2014-06-13 16:58:14.101";"f";"";"0";"CONSOLIDADA";"";"Presencial";
"1222408";"02";"17274";"";"";"54741";"GRADUAÇÃO";"Campus Central";"HUOL";"2014";"1";"2014-01-27";"2014-03-13";"234567M123456  2345T1234 (27/01/2014 - 13/03/2014)";"5";"5";"REGULAR";"f";"2014-06-13 16:58:14.101";"f";"";"0";"CONSOLIDADA";"";"Presencial";
"1222408";"02";"23105";"";"";"54741";"GRADUAÇÃO";"Campus Central";"HUOL";"2014";"1";"2014-01-27";"2014-03-13";"234567M123456  2345T1234 (27/01/2014 - 13/03/2014)";"5";"5";"REGULAR";"f";"2014-06-13 16:58:14.101";"f";"";"0";"CONSOLIDADA";"";"Presencial";
"1222408";"02";"5752213";"";"";"54741";"GRADUAÇÃO";"Campus Central";"HUOL";"2014";"1";"2014-01-27";"2014-03-13";"234567M123456  2345T1234 (27/01/2014 - 13/03/2014)";"5";"5";"REGULAR";"f";"2014-06-13 16:58:14.101";"f";"";"0";"CONSOLIDADA";"";"Presencial";
"1222408";"02";"23189";"";"";"54741";"GRADUAÇÃO";"Campus Central";"HUOL";"2014";"1";"2014-01-27";"2014-03-13";"234567M123456  2345T1234 (27/01/2014 - 13/03/2014)";"5";"5";"REGULAR";"f";"2014-06-13 16:58:14.101";"f";"";"0";"CONSOLIDADA";"";"Presencial";
"1222408";"02";"64616";"";"";"54741";"GRADUAÇÃO";"Campus Central";"HUOL";"2014";"1";"2014-01-27";"2014-03-13";"234567M123456  2345T1234 (27/01/2014 - 13/03/2014)";"5";"5";"REGULAR";"f";"2014-06-13 16:58:14.101";"f";"";"0";"CONSOLIDADA";"";"Presencial";
"1222408";"02";"2300648";"";"";"54741";"GRADUAÇÃO";"Campus Central";"HUOL";"2014";"1";"2014-01-27";"2014-03-13";"234567M123456  2345T1234 (27/01/2014 - 13/03/2014)";"5";"5";"REGULAR";"f";"2014-06-13 16:58:14.101";"f";"";"0";"CONSOLIDADA";"";"Presencial";
"1222408";"02";"5755101";"";"";"54741";"GRADUAÇÃO";"Campus Central";"HUOL";"2014";"1";"2014-01-27";"2014-03-13";"234567M123456  2345T1234 (27/01/2014 - 13/03/2014)";"5";"5";"REGULAR";"f";"2014-06-13 16:58:14.101";"f";"";"0";"CONSOLIDADA";"";"Presencial";
"1222408";"02";"26095";"";"";"54741";"GRADUAÇÃO";"Campus Central";"HUOL";"2014";"1";"2014-01-27";"2014-03-13";"234567M123456  2345T1234 (27/01/2014 - 13/03/2014)";"5";"5";"REGULAR";"f";"2014-06-13 16:58:14.101";"f";"";"0";"CONSOLIDADA";"";"Presencial";
"1222408";"02";"24854";"";"";"54741";"GRADUAÇÃO";"Campus Central";"HUOL";"2014";"1";"2014-01-27";"2014-03-13";"234567M123456  2345T1234 (27/01/2014 - 13/03/2014)";"5";"5";"REGULAR";"f";"2014-06-13 16:58:14.101";"f";"";"0";"CONSOLIDADA";"";"Presencial";
"1222408";"02";"18527";"";"";"54741";"GRADUAÇÃO";"Campus Central";"HUOL";"2014";"1";"2014-01-27";"2014-03-13";"234567M123456  2345T1234 (27/01/2014 - 13/03/2014)";"5";"5";"REGULAR";"f";"2014-06-13 16:58:14.101";"f";"";"0";"CONSOLIDADA";"";"Presencial";
"1222408";"02";"5752227";"";"";"54741";"GRADUAÇÃO";"Campus Central";"HUOL";"2014";"1";"2014-01-27";"2014-03-13";"234567M123456  2345T1234 (27/01/2014 - 13/03/2014)";"5";"5";"REGULAR";"f";"2014-06-13 16:58:14.101";"f";"";"0";"CONSOLIDADA";"";"Presencial";
"1222408";"02";"5753675";"";"";"54741";"GRADUAÇÃO";"Campus Central";"HUOL";"2014";"1";"2014-01-27";"2014-03-13";"234567M123456  2345T1234 (27/01/2014 - 13/03/2014)";"5";"5";"REGULAR";"f";"2014-06-13 16:58:14.101";"f";"";"0";"CONSOLIDADA";"";"Presencial";
"1222408";"02";"25440";"";"";"54741";"GRADUAÇÃO";"Campus Central";"HUOL";"2014";"1";"2014-01-27";"2014-03-13";"234567M123456  2345T1234 (27/01/2014 - 13/03/2014)";"5";"5";"REGULAR";"f";"2014-06-13 16:58:14.101";"f";"";"0";"CONSOLIDADA";"";"Presencial";
"1222408";"02";"5754335";"";"";"54741";"GRADUAÇÃO";"Campus Central";"HUOL";"2014";"1";"2014-01-27";"2014-03-13";"234567M123456  2345T1234 (27/01/2014 - 13/03/2014)";"5";"5";"REGULAR";"f";"2014-06-13 16:58:14.101";"f";"";"0";"CONSOLIDADA";"";"Presencial";
"1222408";"02";"5754764";"";"";"54741";"GRADUAÇÃO";"Campus Central";"HUOL";"2014";"1";"2014-01-27";"2014-03-13";"234567M123456  2345T1234 (27/01/2014 - 13/03/2014)";"5";"5";"REGULAR";"f";"2014-06-13 16:58:14.101";"f";"";"0";"CONSOLIDADA";"";"Presencial";
"1222408";"02";"62382";"";"";"54741";"GRADUAÇÃO";"Campus Central";"HUOL";"2014";"1";"2014-01-27";"2014-03-13";"234567M123456  2345T1234 (27/01/2014 - 13/03/2014)";"5";"5";"REGULAR";"f";"2014-06-13 16:58:14.101";"f";"";"0";"CONSOLIDADA";"";"Presencial";
"1222408";"02";"25942";"";"";"54741";"GRADUAÇÃO";"Campus Central";"HUOL";"2014";"1";"2014-01-27";"2014-03-13";"234567M123456  2345T1234 (27/01/2014 - 13/03/2014)";"5";"5";"REGULAR";"f";"2014-06-13 16:58:14.101";"f";"";"0";"CONSOLIDADA";"";"Presencial";
"1222408";"02";"5753805";"";"";"54741";"GRADUAÇÃO";"Campus Central";"HUOL";"2014";"1";"2014-01-27";"2014-03-13";"234567M123456  2345T1234 (27/01/2014 - 13/03/2014)";"5";"5";"REGULAR";"f";"2014-06-13 16:58:14.101";"f";"";"0";"CONSOLIDADA";"";"Presencial";
"1222408";"02";"22869";"";"";"54741";"GRADUAÇÃO";"Campus Central";"HUOL";"2014";"1";"2014-01-27";"2014-03-13";"234567M123456  2345T1234 (27/01/2014 - 13/03/2014)";"5";"5";"REGULAR";"f";"2014-06-13 16:58:14.101";"f";"";"0";"CONSOLIDADA";"";"Presencial";
"1222409";"06";"22150";"";"";"39175";"STRICTO SENSU";"";"Centro de Educação";"2014";"1";"2014-02-10";"2014-06-11";"3M1";"1";"1";"REGULAR";"f";"2014-06-05 09:53:43.025";"f";"";"16";"CONSOLIDADA";"";"Presencial";
"1222410";"03";"18527";"";"";"54741";"GRADUAÇÃO";"Campus Central";"HUOL";"2014";"1";"2014-01-27";"2014-03-13";"234567M123456  2345T1234 (27/01/2014 - 13/03/2014)";"4";"4";"REGULAR";"f";"2014-06-13 17:00:23.925";"f";"";"0";"CONSOLIDADA";"";"Presencial";
"1222410";"03";"17296";"";"";"54741";"GRADUAÇÃO";"Campus Central";"HUOL";"2014";"1";"2014-01-27";"2014-03-13";"234567M123456  2345T1234 (27/01/2014 - 13/03/2014)";"4";"4";"REGULAR";"f";"2014-06-13 17:00:23.925";"f";"";"0";"CONSOLIDADA";"";"Presencial";
"1222410";"03";"17274";"";"";"54741";"GRADUAÇÃO";"Campus Central";"HUOL";"2014";"1";"2014-01-27";"2014-03-13";"234567M123456  2345T1234 (27/01/2014 - 13/03/2014)";"4";"4";"REGULAR";"f";"2014-06-13 17:00:23.925";"f";"";"0";"CONSOLIDADA";"";"Presencial";
"1222410";"03";"26095";"";"";"54741";"GRADUAÇÃO";"Campus Central";"HUOL";"2014";"1";"2014-01-27";"2014-03-13";"234567M123456  2345T1234 (27/01/2014 - 13/03/2014)";"4";"4";"REGULAR";"f";"2014-06-13 17:00:23.925";"f";"";"0";"CONSOLIDADA";"";"Presencial";
"1222410";"03";"5753805";"";"";"54741";"GRADUAÇÃO";"Campus Central";"HUOL";"2014";"1";"2014-01-27";"2014-03-13";"234567M123456  2345T1234 (27/01/2014 - 13/03/2014)";"4";"4";"REGULAR";"f";"2014-06-13 17:00:23.925";"f";"";"0";"CONSOLIDADA";"";"Presencial";
"1222410";"03";"23105";"";"";"54741";"GRADUAÇÃO";"Campus Central";"HUOL";"2014";"1";"2014-01-27";"2014-03-13";"234567M123456  2345T1234 (27/01/2014 - 13/03/2014)";"4";"4";"REGULAR";"f";"2014-06-13 17:00:23.925";"f";"";"0";"CONSOLIDADA";"";"Presencial";
"1222411";"01";"5756699";"";"";"46647";"GRADUAÇÃO";"Campus Central";"4A3";"2014";"1";"2014-01-27";"2014-06-14";"24T34";"72";"45";"REGULAR";"f";"2014-06-20 12:12:00.078";"f";"";"74";"CONSOLIDADA";"";"Presencial";
"1222412";"04";"5752227";"";"";"54741";"GRADUAÇÃO";"Campus Central";"HUOL";"2014";"1";"2014-01-27";"2014-03-13";"234567M123456  2345T1234 (27/01/2014 - 13/03/2014)";"2";"5";"REGULAR";"f";"2014-06-13 17:01:21.531";"f";"";"0";"CONSOLIDADA";"";"Presencial";
"1222412";"04";"18527";"";"";"54741";"GRADUAÇÃO";"Campus Central";"HUOL";"2014";"1";"2014-01-27";"2014-03-13";"234567M123456  2345T1234 (27/01/2014 - 13/03/2014)";"2";"5";"REGULAR";"f";"2014-06-13 17:01:21.531";"f";"";"0";"CONSOLIDADA";"";"Presencial";
"1222412";"04";"25942";"";"";"54741";"GRADUAÇÃO";"Campus Central";"HUOL";"2014";"1";"2014-01-27";"2014-03-13";"234567M123456  2345T1234 (27/01/2014 - 13/03/2014)";"2";"5";"REGULAR";"f";"2014-06-13 17:01:21.531";"f";"";"0";"CONSOLIDADA";"";"Presencial";
"1222412";"04";"62382";"";"";"54741";"GRADUAÇÃO";"Campus Central";"HUOL";"2014";"1";"2014-01-27";"2014-03-13";"234567M123456  2345T1234 (27/01/2014 - 13/03/2014)";"2";"5";"REGULAR";"f";"2014-06-13 17:01:21.531";"f";"";"0";"CONSOLIDADA";"";"Presencial";
"1222412";"04";"23189";"";"";"54741";"GRADUAÇÃO";"Campus Central";"HUOL";"2014";"1";"2014-01-27";"2014-03-13";"234567M123456  2345T1234 (27/01/2014 - 13/03/2014)";"2";"5";"REGULAR";"f";"2014-06-13 17:01:21.531";"f";"";"0";"CONSOLIDADA";"";"Presencial";
"1222412";"04";"25440";"";"";"54741";"GRADUAÇÃO";"Campus Central";"HUOL";"2014";"1";"2014-01-27";"2014-03-13";"234567M123456  2345T1234 (27/01/2014 - 13/03/2014)";"2";"5";"REGULAR";"f";"2014-06-13 17:01:21.531";"f";"";"0";"CONSOLIDADA";"";"Presencial";
"1222412";"04";"5753675";"";"";"54741";"GRADUAÇÃO";"Campus Central";"HUOL";"2014";"1";"2014-01-27";"2014-03-13";"234567M123456  2345T1234 (27/01/2014 - 13/03/2014)";"2";"5";"REGULAR";"f";"2014-06-13 17:01:21.531";"f";"";"0";"CONSOLIDADA";"";"Presencial";
"1222412";"04";"5755101";"";"";"54741";"GRADUAÇÃO";"Campus Central";"HUOL";"2014";"1";"2014-01-27";"2014-03-13";"234567M123456  2345T1234 (27/01/2014 - 13/03/2014)";"2";"5";"REGULAR";"f";"2014-06-13 17:01:21.531";"f";"";"0";"CONSOLIDADA";"";"Presencial";
"1222412";"04";"24854";"";"";"54741";"GRADUAÇÃO";"Campus Central";"HUOL";"2014";"1";"2014-01-27";"2014-03-13";"234567M123456  2345T1234 (27/01/2014 - 13/03/2014)";"2";"5";"REGULAR";"f";"2014-06-13 17:01:21.531";"f";"";"0";"CONSOLIDADA";"";"Presencial";
"1222412";"04";"5754764";"";"";"54741";"GRADUAÇÃO";"Campus Central";"HUOL";"2014";"1";"2014-01-27";"2014-03-13";"234567M123456  2345T1234 (27/01/2014 - 13/03/2014)";"2";"5";"REGULAR";"f";"2014-06-13 17:01:21.531";"f";"";"0";"CONSOLIDADA";"";"Presencial";
"1222412";"04";"26095";"";"";"54741";"GRADUAÇÃO";"Campus Central";"HUOL";"2014";"1";"2014-01-27";"2014-03-13";"234567M123456  2345T1234 (27/01/2014 - 13/03/2014)";"2";"5";"REGULAR";"f";"2014-06-13 17:01:21.531";"f";"";"0";"CONSOLIDADA";"";"Presencial";
"1222412";"04";"23105";"";"";"54741";"GRADUAÇÃO";"Campus Central";"HUOL";"2014";"1";"2014-01-27";"2014-03-13";"234567M123456  2345T1234 (27/01/2014 - 13/03/2014)";"2";"5";"REGULAR";"f";"2014-06-13 17:01:21.531";"f";"";"0";"CONSOLIDADA";"";"Presencial";
"1222412";"04";"5753805";"";"";"54741";"GRADUAÇÃO";"Campus Central";"HUOL";"2014";"1";"2014-01-27";"2014-03-13";"234567M123456  2345T1234 (27/01/2014 - 13/03/2014)";"2";"5";"REGULAR";"f";"2014-06-13 17:01:21.531";"f";"";"0";"CONSOLIDADA";"";"Presencial";
"1222412";"04";"64616";"";"";"54741";"GRADUAÇÃO";"Campus Central";"HUOL";"2014";"1";"2014-01-27";"2014-03-13";"234567M123456  2345T1234 (27/01/2014 - 13/03/2014)";"2";"5";"REGULAR";"f";"2014-06-13 17:01:21.531";"f";"";"0";"CONSOLIDADA";"";"Presencial";
"1222412";"04";"17296";"";"";"54741";"GRADUAÇÃO";"Campus Central";"HUOL";"2014";"1";"2014-01-27";"2014-03-13";"234567M123456  2345T1234 (27/01/2014 - 13/03/2014)";"2";"5";"REGULAR";"f";"2014-06-13 17:01:21.531";"f";"";"0";"CONSOLIDADA";"";"Presencial";
"1222412";"04";"5752213";"";"";"54741";"GRADUAÇÃO";"Campus Central";"HUOL";"2014";"1";"2014-01-27";"2014-03-13";"234567M123456  2345T1234 (27/01/2014 - 13/03/2014)";"2";"5";"REGULAR";"f";"2014-06-13 17:01:21.531";"f";"";"0";"CONSOLIDADA";"";"Presencial";
"1222412";"04";"2300648";"";"";"54741";"GRADUAÇÃO";"Campus Central";"HUOL";"2014";"1";"2014-01-27";"2014-03-13";"234567M123456  2345T1234 (27/01/2014 - 13/03/2014)";"2";"5";"REGULAR";"f";"2014-06-13 17:01:21.531";"f";"";"0";"CONSOLIDADA";"";"Presencial";
"1222412";"04";"22869";"";"";"54741";"GRADUAÇÃO";"Campus Central";"HUOL";"2014";"1";"2014-01-27";"2014-03-13";"234567M123456  2345T1234 (27/01/2014 - 13/03/2014)";"2";"5";"REGULAR";"f";"2014-06-13 17:01:21.531";"f";"";"0";"CONSOLIDADA";"";"Presencial";
"1222412";"04";"5754335";"";"";"54741";"GRADUAÇÃO";"Campus Central";"HUOL";"2014";"1";"2014-01-27";"2014-03-13";"234567M123456  2345T1234 (27/01/2014 - 13/03/2014)";"2";"5";"REGULAR";"f";"2014-06-13 17:01:21.531";"f";"";"0";"CONSOLIDADA";"";"Presencial";
"1222412";"04";"17274";"";"";"54741";"GRADUAÇÃO";"Campus Central";"HUOL";"2014";"1";"2014-01-27";"2014-03-13";"234567M123456  2345T1234 (27/01/2014 - 13/03/2014)";"2";"5";"REGULAR";"f";"2014-06-13 17:01:21.531";"f";"";"0";"CONSOLIDADA";"";"Presencial";
"1222412";"04";"5752811";"";"";"54741";"GRADUAÇÃO";"Campus Central";"HUOL";"2014";"1";"2014-01-27";"2014-03-13";"234567M123456  2345T1234 (27/01/2014 - 13/03/2014)";"2";"5";"REGULAR";"f";"2014-06-13 17:01:21.531";"f";"";"0";"CONSOLIDADA";"";"Presencial";
"1222413";"07";"22147";"";"";"39171";"STRICTO SENSU";"";"Centro de Educação";"2014";"1";"2014-02-10";"2014-06-11";"2M1";"1";"1";"REGULAR";"f";"2014-06-25 17:38:24.453";"f";"";"16";"CONSOLIDADA";"";"Presencial";
"1222414";"05";"17274";"";"";"54741";"GRADUAÇÃO";"Campus Central";"HUOL";"2014";"1";"2014-03-14";"2014-04-28";"234567M123456  2345T1234 (14/03/2014 - 28/04/2014)";"4";"4";"REGULAR";"f";"2014-06-13 17:17:34.98";"f";"";"0";"CONSOLIDADA";"";"Presencial";
"1222414";"05";"25942";"";"";"54741";"GRADUAÇÃO";"Campus Central";"HUOL";"2014";"1";"2014-03-14";"2014-04-28";"234567M123456  2345T1234 (14/03/2014 - 28/04/2014)";"4";"4";"REGULAR";"f";"2014-06-13 17:17:34.98";"f";"";"0";"CONSOLIDADA";"";"Presencial";
"1222414";"05";"5753805";"";"";"54741";"GRADUAÇÃO";"Campus Central";"HUOL";"2014";"1";"2014-03-14";"2014-04-28";"234567M123456  2345T1234 (14/03/2014 - 28/04/2014)";"4";"4";"REGULAR";"f";"2014-06-13 17:17:34.98";"f";"";"0";"CONSOLIDADA";"";"Presencial";
"1222414";"05";"22869";"";"";"54741";"GRADUAÇÃO";"Campus Central";"HUOL";"2014";"1";"2014-03-14";"2014-04-28";"234567M123456  2345T1234 (14/03/2014 - 28/04/2014)";"4";"4";"REGULAR";"f";"2014-06-13 17:17:34.98";"f";"";"0";"CONSOLIDADA";"";"Presencial";
"1222414";"05";"5754335";"";"";"54741";"GRADUAÇÃO";"Campus Central";"HUOL";"2014";"1";"2014-03-14";"2014-04-28";"234567M123456  2345T1234 (14/03/2014 - 28/04/2014)";"4";"4";"REGULAR";"f";"2014-06-13 17:17:34.98";"f";"";"0";"CONSOLIDADA";"";"Presencial";
"1222414";"05";"23189";"";"";"54741";"GRADUAÇÃO";"Campus Central";"HUOL";"2014";"1";"2014-03-14";"2014-04-28";"234567M123456  2345T1234 (14/03/2014 - 28/04/2014)";"4";"4";"REGULAR";"f";"2014-06-13 17:17:34.98";"f";"";"0";"CONSOLIDADA";"";"Presencial";
"1222414";"05";"26095";"";"";"54741";"GRADUAÇÃO";"Campus Central";"HUOL";"2014";"1";"2014-03-14";"2014-04-28";"234567M123456  2345T1234 (14/03/2014 - 28/04/2014)";"4";"4";"REGULAR";"f";"2014-06-13 17:17:34.98";"f";"";"0";"CONSOLIDADA";"";"Presencial";
"1222414";"05";"17296";"";"";"54741";"GRADUAÇÃO";"Campus Central";"HUOL";"2014";"1";"2014-03-14";"2014-04-28";"234567M123456  2345T1234 (14/03/2014 - 28/04/2014)";"4";"4";"REGULAR";"f";"2014-06-13 17:17:34.98";"f";"";"0";"CONSOLIDADA";"";"Presencial";
"1222414";"05";"64616";"";"";"54741";"GRADUAÇÃO";"Campus Central";"HUOL";"2014";"1";"2014-03-14";"2014-04-28";"234567M123456  2345T1234 (14/03/2014 - 28/04/2014)";"4";"4";"REGULAR";"f";"2014-06-13 17:17:34.98";"f";"";"0";"CONSOLIDADA";"";"Presencial";
"1222414";"05";"5752811";"";"";"54741";"GRADUAÇÃO";"Campus Central";"HUOL";"2014";"1";"2014-03-14";"2014-04-28";"234567M123456  2345T1234 (14/03/2014 - 28/04/2014)";"4";"4";"REGULAR";"f";"2014-06-13 17:17:34.98";"f";"";"0";"CONSOLIDADA";"";"Presencial";
"1222414";"05";"5755101";"";"";"54741";"GRADUAÇÃO";"Campus Central";"HUOL";"2014";"1";"2014-03-14";"2014-04-28";"234567M123456  2345T1234 (14/03/2014 - 28/04/2014)";"4";"4";"REGULAR";"f";"2014-06-13 17:17:34.98";"f";"";"0";"CONSOLIDADA";"";"Presencial";
"1222414";"05";"25440";"";"";"54741";"GRADUAÇÃO";"Campus Central";"HUOL";"2014";"1";"2014-03-14";"2014-04-28";"234567M123456  2345T1234 (14/03/2014 - 28/04/2014)";"4";"4";"REGULAR";"f";"2014-06-13 17:17:34.98";"f";"";"0";"CONSOLIDADA";"";"Presencial";
"1222414";"05";"5753675";"";"";"54741";"GRADUAÇÃO";"Campus Central";"HUOL";"2014";"1";"2014-03-14";"2014-04-28";"234567M123456  2345T1234 (14/03/2014 - 28/04/2014)";"4";"4";"REGULAR";"f";"2014-06-13 17:17:34.98";"f";"";"0";"CONSOLIDADA";"";"Presencial";
"1222414";"05";"2300648";"";"";"54741";"GRADUAÇÃO";"Campus Central";"HUOL";"2014";"1";"2014-03-14";"2014-04-28";"234567M123456  2345T1234 (14/03/2014 - 28/04/2014)";"4";"4";"REGULAR";"f";"2014-06-13 17:17:34.98";"f";"";"0";"CONSOLIDADA";"";"Presencial";
"1222414";"05";"5752213";"";"";"54741";"GRADUAÇÃO";"Campus Central";"HUOL";"2014";"1";"2014-03-14";"2014-04-28";"234567M123456  2345T1234 (14/03/2014 - 28/04/2014)";"4";"4";"REGULAR";"f";"2014-06-13 17:17:34.98";"f";"";"0";"CONSOLIDADA";"";"Presencial";
"1222414";"05";"18527";"";"";"54741";"GRADUAÇÃO";"Campus Central";"HUOL";"2014";"1";"2014-03-14";"2014-04-28";"234567M123456  2345T1234 (14/03/2014 - 28/04/2014)";"4";"4";"REGULAR";"f";"2014-06-13 17:17:34.98";"f";"";"0";"CONSOLIDADA";"";"Presencial";
"1222414";"05";"23105";"";"";"54741";"GRADUAÇÃO";"Campus Central";"HUOL";"2014";"1";"2014-03-14";"2014-04-28";"234567M123456  2345T1234 (14/03/2014 - 28/04/2014)";"4";"4";"REGULAR";"f";"2014-06-13 17:17:34.98";"f";"";"0";"CONSOLIDADA";"";"Presencial";
"1222415";"06";"17274";"";"";"54741";"GRADUAÇÃO";"Campus Central";"HUOL";"2014";"1";"2014-03-14";"2014-04-28";"234567M123456  2345T1234 (14/03/2014 - 28/04/2014)";"5";"5";"REGULAR";"f";"2014-06-13 18:42:28.442";"f";"";"0";"CONSOLIDADA";"";"Presencial";
"1222415";"06";"23189";"";"";"54741";"GRADUAÇÃO";"Campus Central";"HUOL";"2014";"1";"2014-03-14";"2014-04-28";"234567M123456  2345T1234 (14/03/2014 - 28/04/2014)";"5";"5";"REGULAR";"f";"2014-06-13 18:42:28.442";"f";"";"0";"CONSOLIDADA";"";"Presencial";
"1222415";"06";"18527";"";"";"54741";"GRADUAÇÃO";"Campus Central";"HUOL";"2014";"1";"2014-03-14";"2014-04-28";"234567M123456  2345T1234 (14/03/2014 - 28/04/2014)";"5";"5";"REGULAR";"f";"2014-06-13 18:42:28.442";"f";"";"0";"CONSOLIDADA";"";"Presencial";
"1222415";"06";"25942";"";"";"54741";"GRADUAÇÃO";"Campus Central";"HUOL";"2014";"1";"2014-03-14";"2014-04-28";"234567M123456  2345T1234 (14/03/2014 - 28/04/2014)";"5";"5";"REGULAR";"f";"2014-06-13 18:42:28.442";"f";"";"0";"CONSOLIDADA";"";"Presencial";
"1222415";"06";"17296";"";"";"54741";"GRADUAÇÃO";"Campus Central";"HUOL";"2014";"1";"2014-03-14";"2014-04-28";"234567M123456  2345T1234 (14/03/2014 - 28/04/2014)";"5";"5";"REGULAR";"f";"2014-06-13 18:42:28.442";"f";"";"0";"CONSOLIDADA";"";"Presencial";
"1222415";"06";"5755865";"";"";"54741";"GRADUAÇÃO";"Campus Central";"HUOL";"2014";"1";"2014-03-14";"2014-04-28";"234567M123456  2345T1234 (14/03/2014 - 28/04/2014)";"5";"5";"REGULAR";"f";"2014-06-13 18:42:28.442";"f";"";"0";"CONSOLIDADA";"";"Presencial";
"1222415";"06";"5753675";"";"";"54741";"GRADUAÇÃO";"Campus Central";"HUOL";"2014";"1";"2014-03-14";"2014-04-28";"234567M123456  2345T1234 (14/03/2014 - 28/04/2014)";"5";"5";"REGULAR";"f";"2014-06-13 18:42:28.442";"f";"";"0";"CONSOLIDADA";"";"Presencial";
"1222415";"06";"64616";"";"";"54741";"GRADUAÇÃO";"Campus Central";"HUOL";"2014";"1";"2014-03-14";"2014-04-28";"234567M123456  2345T1234 (14/03/2014 - 28/04/2014)";"5";"5";"REGULAR";"f";"2014-06-13 18:42:28.442";"f";"";"0";"CONSOLIDADA";"";"Presencial";
"1222415";"06";"5755101";"";"";"54741";"GRADUAÇÃO";"Campus Central";"HUOL";"2014";"1";"2014-03-14";"2014-04-28";"234567M123456  2345T1234 (14/03/2014 - 28/04/2014)";"5";"5";"REGULAR";"f";"2014-06-13 18:42:28.442";"f";"";"0";"CONSOLIDADA";"";"Presencial";
"1222415";"06";"5753805";"";"";"54741";"GRADUAÇÃO";"Campus Central";"HUOL";"2014";"1";"2014-03-14";"2014-04-28";"234567M123456  2345T1234 (14/03/2014 - 28/04/2014)";"5";"5";"REGULAR";"f";"2014-06-13 18:42:28.442";"f";"";"0";"CONSOLIDADA";"";"Presencial";
"1222415";"06";"25440";"";"";"54741";"GRADUAÇÃO";"Campus Central";"HUOL";"2014";"1";"2014-03-14";"2014-04-28";"234567M123456  2345T1234 (14/03/2014 - 28/04/2014)";"5";"5";"REGULAR";"f";"2014-06-13 18:42:28.442";"f";"";"0";"CONSOLIDADA";"";"Presencial";
"1222415";"06";"26095";"";"";"54741";"GRADUAÇÃO";"Campus Central";"HUOL";"2014";"1";"2014-03-14";"2014-04-28";"234567M123456  2345T1234 (14/03/2014 - 28/04/2014)";"5";"5";"REGULAR";"f";"2014-06-13 18:42:28.442";"f";"";"0";"CONSOLIDADA";"";"Presencial";
"1222415";"06";"23105";"";"";"54741";"GRADUAÇÃO";"Campus Central";"HUOL";"2014";"1";"2014-03-14";"2014-04-28";"234567M123456  2345T1234 (14/03/2014 - 28/04/2014)";"5";"5";"REGULAR";"f";"2014-06-13 18:42:28.442";"f";"";"0";"CONSOLIDADA";"";"Presencial";
"1222416";"07";"5755101";"";"";"54741";"GRADUAÇÃO";"Campus Central";"HUOL";"2014";"1";"2014-03-14";"2014-04-28";"234567M123456  2345T1234 (14/03/2014 - 28/04/2014)";"4";"4";"REGULAR";"f";"2014-06-13 18:44:41.003";"f";"";"0";"CONSOLIDADA";"";"Presencial";
"1222416";"07";"17274";"";"";"54741";"GRADUAÇÃO";"Campus Central";"HUOL";"2014";"1";"2014-03-14";"2014-04-28";"234567M123456  2345T1234 (14/03/2014 - 28/04/2014)";"4";"4";"REGULAR";"f";"2014-06-13 18:44:41.003";"f";"";"0";"CONSOLIDADA";"";"Presencial";
"1222416";"07";"5753805";"";"";"54741";"GRADUAÇÃO";"Campus Central";"HUOL";"2014";"1";"2014-03-14";"2014-04-28";"234567M123456  2345T1234 (14/03/2014 - 28/04/2014)";"4";"4";"REGULAR";"f";"2014-06-13 18:44:41.003";"f";"";"0";"CONSOLIDADA";"";"Presencial";
"1222416";"07";"23189";"";"";"54741";"GRADUAÇÃO";"Campus Central";"HUOL";"2014";"1";"2014-03-14";"2014-04-28";"234567M123456  2345T1234 (14/03/2014 - 28/04/2014)";"4";"4";"REGULAR";"f";"2014-06-13 18:44:41.003";"f";"";"0";"CONSOLIDADA";"";"Presencial";
"1222416";"07";"18527";"";"";"54741";"GRADUAÇÃO";"Campus Central";"HUOL";"2014";"1";"2014-03-14";"2014-04-28";"234567M123456  2345T1234 (14/03/2014 - 28/04/2014)";"4";"4";"REGULAR";"f";"2014-06-13 18:44:41.003";"f";"";"0";"CONSOLIDADA";"";"Presencial";
"1222416";"07";"23105";"";"";"54741";"GRADUAÇÃO";"Campus Central";"HUOL";"2014";"1";"2014-03-14";"2014-04-28";"234567M123456  2345T1234 (14/03/2014 - 28/04/2014)";"4";"4";"REGULAR";"f";"2014-06-13 18:44:41.003";"f";"";"0";"CONSOLIDADA";"";"Presencial";
"1222416";"07";"26095";"";"";"54741";"GRADUAÇÃO";"Campus Central";"HUOL";"2014";"1";"2014-03-14";"2014-04-28";"234567M123456  2345T1234 (14/03/2014 - 28/04/2014)";"4";"4";"REGULAR";"f";"2014-06-13 18:44:41.003";"f";"";"0";"CONSOLIDADA";"";"Presencial";
"1222416";"07";"25942";"";"";"54741";"GRADUAÇÃO";"Campus Central";"HUOL";"2014";"1";"2014-03-14";"2014-04-28";"234567M123456  2345T1234 (14/03/2014 - 28/04/2014)";"4";"4";"REGULAR";"f";"2014-06-13 18:44:41.003";"f";"";"0";"CONSOLIDADA";"";"Presencial";
"1222416";"07";"5755865";"";"";"54741";"GRADUAÇÃO";"Campus Central";"HUOL";"2014";"1";"2014-03-14";"2014-04-28";"234567M123456  2345T1234 (14/03/2014 - 28/04/2014)";"4";"4";"REGULAR";"f";"2014-06-13 18:44:41.003";"f";"";"0";"CONSOLIDADA";"";"Presencial";
"1222416";"07";"17296";"";"";"54741";"GRADUAÇÃO";"Campus Central";"HUOL";"2014";"1";"2014-03-14";"2014-04-28";"234567M123456  2345T1234 (14/03/2014 - 28/04/2014)";"4";"4";"REGULAR";"f";"2014-06-13 18:44:41.003";"f";"";"0";"CONSOLIDADA";"";"Presencial";
"1222416";"07";"5753675";"";"";"54741";"GRADUAÇÃO";"Campus Central";"HUOL";"2014";"1";"2014-03-14";"2014-04-28";"234567M123456  2345T1234 (14/03/2014 - 28/04/2014)";"4";"4";"REGULAR";"f";"2014-06-13 18:44:41.003";"f";"";"0";"CONSOLIDADA";"";"Presencial";
"1222416";"07";"64616";"";"";"54741";"GRADUAÇÃO";"Campus Central";"HUOL";"2014";"1";"2014-03-14";"2014-04-28";"234567M123456  2345T1234 (14/03/2014 - 28/04/2014)";"4";"4";"REGULAR";"f";"2014-06-13 18:44:41.003";"f";"";"0";"CONSOLIDADA";"";"Presencial";
"1222416";"07";"25440";"";"";"54741";"GRADUAÇÃO";"Campus Central";"HUOL";"2014";"1";"2014-03-14";"2014-04-28";"234567M123456  2345T1234 (14/03/2014 - 28/04/2014)";"4";"4";"REGULAR";"f";"2014-06-13 18:44:41.003";"f";"";"0";"CONSOLIDADA";"";"Presencial";
"1222416";"07";"5752811";"";"";"54741";"GRADUAÇÃO";"Campus Central";"HUOL";"2014";"1";"2014-03-14";"2014-04-28";"234567M123456  2345T1234 (14/03/2014 - 28/04/2014)";"4";"4";"REGULAR";"f";"2014-06-13 18:44:41.003";"f";"";"0";"CONSOLIDADA";"";"Presencial";
"1222417";"05";"22147";"";"";"39173";"STRICTO SENSU";"";"Centro de Educação";"2014";"1";"2014-02-10";"2014-06-11";"4M1";"1";"1";"REGULAR";"f";"2014-06-25 17:07:34.92";"f";"";"17";"CONSOLIDADA";"";"Presencial";
"1222418";"08";"23189";"";"";"54741";"GRADUAÇÃO";"Campus Central";"HUOL";"2014";"1";"2014-03-14";"2014-04-28";"234567M123456  2345T1234 (14/03/2014 - 28/04/2014)";"1";"5";"REGULAR";"f";"2014-06-13 18:45:41.898";"f";"";"0";"CONSOLIDADA";"";"Presencial";
"1222418";"08";"5755865";"";"";"54741";"GRADUAÇÃO";"Campus Central";"HUOL";"2014";"1";"2014-03-14";"2014-04-28";"234567M123456  2345T1234 (14/03/2014 - 28/04/2014)";"1";"5";"REGULAR";"f";"2014-06-13 18:45:41.898";"f";"";"0";"CONSOLIDADA";"";"Presencial";
"1222418";"08";"25942";"";"";"54741";"GRADUAÇÃO";"Campus Central";"HUOL";"2014";"1";"2014-03-14";"2014-04-28";"234567M123456  2345T1234 (14/03/2014 - 28/04/2014)";"1";"5";"REGULAR";"f";"2014-06-13 18:45:41.898";"f";"";"0";"CONSOLIDADA";"";"Presencial";
"1222418";"08";"17296";"";"";"54741";"GRADUAÇÃO";"Campus Central";"HUOL";"2014";"1";"2014-03-14";"2014-04-28";"234567M123456  2345T1234 (14/03/2014 - 28/04/2014)";"1";"5";"REGULAR";"f";"2014-06-13 18:45:41.898";"f";"";"0";"CONSOLIDADA";"";"Presencial";
"1222418";"08";"5753805";"";"";"54741";"GRADUAÇÃO";"Campus Central";"HUOL";"2014";"1";"2014-03-14";"2014-04-28";"234567M123456  2345T1234 (14/03/2014 - 28/04/2014)";"1";"5";"REGULAR";"f";"2014-06-13 18:45:41.898";"f";"";"0";"CONSOLIDADA";"";"Presencial";
"1222418";"08";"23105";"";"";"54741";"GRADUAÇÃO";"Campus Central";"HUOL";"2014";"1";"2014-03-14";"2014-04-28";"234567M123456  2345T1234 (14/03/2014 - 28/04/2014)";"1";"5";"REGULAR";"f";"2014-06-13 18:45:41.898";"f";"";"0";"CONSOLIDADA";"";"Presencial";
"1222418";"08";"5752811";"";"";"54741";"GRADUAÇÃO";"Campus Central";"HUOL";"2014";"1";"2014-03-14";"2014-04-28";"234567M123456  2345T1234 (14/03/2014 - 28/04/2014)";"1";"5";"REGULAR";"f";"2014-06-13 18:45:41.898";"f";"";"0";"CONSOLIDADA";"";"Presencial";
"1222418";"08";"18527";"";"";"54741";"GRADUAÇÃO";"Campus Central";"HUOL";"2014";"1";"2014-03-14";"2014-04-28";"234567M123456  2345T1234 (14/03/2014 - 28/04/2014)";"1";"5";"REGULAR";"f";"2014-06-13 18:45:41.898";"f";"";"0";"CONSOLIDADA";"";"Presencial";
"1222418";"08";"5753675";"";"";"54741";"GRADUAÇÃO";"Campus Central";"HUOL";"2014";"1";"2014-03-14";"2014-04-28";"234567M123456  2345T1234 (14/03/2014 - 28/04/2014)";"1";"5";"REGULAR";"f";"2014-06-13 18:45:41.898";"f";"";"0";"CONSOLIDADA";"";"Presencial";
"1222418";"08";"64616";"";"";"54741";"GRADUAÇÃO";"Campus Central";"HUOL";"2014";"1";"2014-03-14";"2014-04-28";"234567M123456  2345T1234 (14/03/2014 - 28/04/2014)";"1";"5";"REGULAR";"f";"2014-06-13 18:45:41.898";"f";"";"0";"CONSOLIDADA";"";"Presencial";
"1222418";"08";"25440";"";"";"54741";"GRADUAÇÃO";"Campus Central";"HUOL";"2014";"1";"2014-03-14";"2014-04-28";"234567M123456  2345T1234 (14/03/2014 - 28/04/2014)";"1";"5";"REGULAR";"f";"2014-06-13 18:45:41.898";"f";"";"0";"CONSOLIDADA";"";"Presencial";
"1222418";"08";"26095";"";"";"54741";"GRADUAÇÃO";"Campus Central";"HUOL";"2014";"1";"2014-03-14";"2014-04-28";"234567M123456  2345T1234 (14/03/2014 - 28/04/2014)";"1";"5";"REGULAR";"f";"2014-06-13 18:45:41.898";"f";"";"0";"CONSOLIDADA";"";"Presencial";
"1222418";"08";"5755101";"";"";"54741";"GRADUAÇÃO";"Campus Central";"HUOL";"2014";"1";"2014-03-14";"2014-04-28";"234567M123456  2345T1234 (14/03/2014 - 28/04/2014)";"1";"5";"REGULAR";"f";"2014-06-13 18:45:41.898";"f";"";"0";"CONSOLIDADA";"";"Presencial";
"1222418";"08";"17274";"";"";"54741";"GRADUAÇÃO";"Campus Central";"HUOL";"2014";"1";"2014-03-14";"2014-04-28";"234567M123456  2345T1234 (14/03/2014 - 28/04/2014)";"1";"5";"REGULAR";"f";"2014-06-13 18:45:41.898";"f";"";"0";"CONSOLIDADA";"";"Presencial";
"1222419";"08";"22147";"";"";"39181";"STRICTO SENSU";"";"Centro de Educação";"2014";"1";"2014-02-10";"2014-06-11";"5M1";"1";"1";"REGULAR";"f";"2015-07-20 10:23:55.348";"f";"";"15";"CONSOLIDADA";"";"Presencial";
"1222420";"09";"23189";"";"";"54741";"GRADUAÇÃO";"Campus Central";"HUOL";"2014";"1";"2014-04-29";"2014-06-13";"234567M123456  2345T1234 (29/04/2014 - 13/06/2014)";"4";"4";"REGULAR";"f";"2014-06-13 18:46:27.588";"f";"";"0";"CONSOLIDADA";"";"Presencial";
"1222420";"09";"5753805";"";"";"54741";"GRADUAÇÃO";"Campus Central";"HUOL";"2014";"1";"2014-04-29";"2014-06-13";"234567M123456  2345T1234 (29/04/2014 - 13/06/2014)";"4";"4";"REGULAR";"f";"2014-06-13 18:46:27.588";"f";"";"0";"CONSOLIDADA";"";"Presencial";
"1222420";"09";"18527";"";"";"54741";"GRADUAÇÃO";"Campus Central";"HUOL";"2014";"1";"2014-04-29";"2014-06-13";"234567M123456  2345T1234 (29/04/2014 - 13/06/2014)";"4";"4";"REGULAR";"f";"2014-06-13 18:46:27.588";"f";"";"0";"CONSOLIDADA";"";"Presencial";
"1222420";"09";"5755101";"";"";"54741";"GRADUAÇÃO";"Campus Central";"HUOL";"2014";"1";"2014-04-29";"2014-06-13";"234567M123456  2345T1234 (29/04/2014 - 13/06/2014)";"4";"4";"REGULAR";"f";"2014-06-13 18:46:27.588";"f";"";"0";"CONSOLIDADA";"";"Presencial";
"1222420";"09";"17296";"";"";"54741";"GRADUAÇÃO";"Campus Central";"HUOL";"2014";"1";"2014-04-29";"2014-06-13";"234567M123456  2345T1234 (29/04/2014 - 13/06/2014)";"4";"4";"REGULAR";"f";"2014-06-13 18:46:27.588";"f";"";"0";"CONSOLIDADA";"";"Presencial";
"1222420";"09";"26095";"";"";"54741";"GRADUAÇÃO";"Campus Central";"HUOL";"2014";"1";"2014-04-29";"2014-06-13";"234567M123456  2345T1234 (29/04/2014 - 13/06/2014)";"4";"4";"REGULAR";"f";"2014-06-13 18:46:27.588";"f";"";"0";"CONSOLIDADA";"";"Presencial";
"1222420";"09";"17274";"";"";"54741";"GRADUAÇÃO";"Campus Central";"HUOL";"2014";"1";"2014-04-29";"2014-06-13";"234567M123456  2345T1234 (29/04/2014 - 13/06/2014)";"4";"4";"REGULAR";"f";"2014-06-13 18:46:27.588";"f";"";"0";"CONSOLIDADA";"";"Presencial";
"1222420";"09";"64616";"";"";"54741";"GRADUAÇÃO";"Campus Central";"HUOL";"2014";"1";"2014-04-29";"2014-06-13";"234567M123456  2345T1234 (29/04/2014 - 13/06/2014)";"4";"4";"REGULAR";"f";"2014-06-13 18:46:27.588";"f";"";"0";"CONSOLIDADA";"";"Presencial";
"1222420";"09";"25440";"";"";"54741";"GRADUAÇÃO";"Campus Central";"HUOL";"2014";"1";"2014-04-29";"2014-06-13";"234567M123456  2345T1234 (29/04/2014 - 13/06/2014)";"4";"4";"REGULAR";"f";"2014-06-13 18:46:27.588";"f";"";"0";"CONSOLIDADA";"";"Presencial";
"1222421";"10";"64616";"";"";"54741";"GRADUAÇÃO";"Campus Central";"HUOL";"2014";"1";"2014-04-29";"2014-06-13";"234567M123456  2345T1234 (29/04/2014 - 13/06/2014)";"5";"5";"REGULAR";"f";"2014-06-13 18:47:35.405";"f";"";"0";"CONSOLIDADA";"";"Presencial";
"1222421";"10";"5753805";"";"";"54741";"GRADUAÇÃO";"Campus Central";"HUOL";"2014";"1";"2014-04-29";"2014-06-13";"234567M123456  2345T1234 (29/04/2014 - 13/06/2014)";"5";"5";"REGULAR";"f";"2014-06-13 18:47:35.405";"f";"";"0";"CONSOLIDADA";"";"Presencial";
"1222421";"10";"5752811";"";"";"54741";"GRADUAÇÃO";"Campus Central";"HUOL";"2014";"1";"2014-04-29";"2014-06-13";"234567M123456  2345T1234 (29/04/2014 - 13/06/2014)";"5";"5";"REGULAR";"f";"2014-06-13 18:47:35.405";"f";"";"0";"CONSOLIDADA";"";"Presencial";
"1222421";"10";"5753675";"";"";"54741";"GRADUAÇÃO";"Campus Central";"HUOL";"2014";"1";"2014-04-29";"2014-06-13";"234567M123456  2345T1234 (29/04/2014 - 13/06/2014)";"5";"5";"REGULAR";"f";"2014-06-13 18:47:35.405";"f";"";"0";"CONSOLIDADA";"";"Presencial";
"1222421";"10";"5752227";"";"";"54741";"GRADUAÇÃO";"Campus Central";"HUOL";"2014";"1";"2014-04-29";"2014-06-13";"234567M123456  2345T1234 (29/04/2014 - 13/06/2014)";"5";"5";"REGULAR";"f";"2014-06-13 18:47:35.405";"f";"";"0";"CONSOLIDADA";"";"Presencial";
"1222421";"10";"25942";"";"";"54741";"GRADUAÇÃO";"Campus Central";"HUOL";"2014";"1";"2014-04-29";"2014-06-13";"234567M123456  2345T1234 (29/04/2014 - 13/06/2014)";"5";"5";"REGULAR";"f";"2014-06-13 18:47:35.405";"f";"";"0";"CONSOLIDADA";"";"Presencial";
"1222421";"10";"5755101";"";"";"54741";"GRADUAÇÃO";"Campus Central";"HUOL";"2014";"1";"2014-04-29";"2014-06-13";"234567M123456  2345T1234 (29/04/2014 - 13/06/2014)";"5";"5";"REGULAR";"f";"2014-06-13 18:47:35.405";"f";"";"0";"CONSOLIDADA";"";"Presencial";
"1222421";"10";"23189";"";"";"54741";"GRADUAÇÃO";"Campus Central";"HUOL";"2014";"1";"2014-04-29";"2014-06-13";"234567M123456  2345T1234 (29/04/2014 - 13/06/2014)";"5";"5";"REGULAR";"f";"2014-06-13 18:47:35.405";"f";"";"0";"CONSOLIDADA";"";"Presencial";
"1222421";"10";"26095";"";"";"54741";"GRADUAÇÃO";"Campus Central";"HUOL";"2014";"1";"2014-04-29";"2014-06-13";"234567M123456  2345T1234 (29/04/2014 - 13/06/2014)";"5";"5";"REGULAR";"f";"2014-06-13 18:47:35.405";"f";"";"0";"CONSOLIDADA";"";"Presencial";
"1222421";"10";"25440";"";"";"54741";"GRADUAÇÃO";"Campus Central";"HUOL";"2014";"1";"2014-04-29";"2014-06-13";"234567M123456  2345T1234 (29/04/2014 - 13/06/2014)";"5";"5";"REGULAR";"f";"2014-06-13 18:47:35.405";"f";"";"0";"CONSOLIDADA";"";"Presencial";
"1222421";"10";"23105";"";"";"54741";"GRADUAÇÃO";"Campus Central";"HUOL";"2014";"1";"2014-04-29";"2014-06-13";"234567M123456  2345T1234 (29/04/2014 - 13/06/2014)";"5";"5";"REGULAR";"f";"2014-06-13 18:47:35.405";"f";"";"0";"CONSOLIDADA";"";"Presencial";
"1222421";"10";"18527";"";"";"54741";"GRADUAÇÃO";"Campus Central";"HUOL";"2014";"1";"2014-04-29";"2014-06-13";"234567M123456  2345T1234 (29/04/2014 - 13/06/2014)";"5";"5";"REGULAR";"f";"2014-06-13 18:47:35.405";"f";"";"0";"CONSOLIDADA";"";"Presencial";
"1222421";"10";"17274";"";"";"54741";"GRADUAÇÃO";"Campus Central";"HUOL";"2014";"1";"2014-04-29";"2014-06-13";"234567M123456  2345T1234 (29/04/2014 - 13/06/2014)";"5";"5";"REGULAR";"f";"2014-06-13 18:47:35.405";"f";"";"0";"CONSOLIDADA";"";"Presencial";
"1222421";"10";"17296";"";"";"54741";"GRADUAÇÃO";"Campus Central";"HUOL";"2014";"1";"2014-04-29";"2014-06-13";"234567M123456  2345T1234 (29/04/2014 - 13/06/2014)";"5";"5";"REGULAR";"f";"2014-06-13 18:47:35.405";"f";"";"0";"CONSOLIDADA";"";"Presencial";
"1222422";"08";"22147";"";"";"39177";"STRICTO SENSU";"";"Centro de Educação";"2014";"1";"2014-02-10";"2014-06-11";"6M1";"1";"1";"REGULAR";"f";"2014-06-28 17:08:08.554";"f";"";"16";"CONSOLIDADA";"";"Presencial";
"1222423";"11";"17274";"";"";"54741";"GRADUAÇÃO";"Campus Central";"HUOL";"2014";"1";"2014-04-29";"2014-06-13";"234567M123456  2345T1234 (29/04/2014 - 13/06/2014)";"4";"4";"REGULAR";"f";"2014-06-13 18:48:20.099";"f";"";"0";"CONSOLIDADA";"";"Presencial";
"1222423";"11";"5755101";"";"";"54741";"GRADUAÇÃO";"Campus Central";"HUOL";"2014";"1";"2014-04-29";"2014-06-13";"234567M123456  2345T1234 (29/04/2014 - 13/06/2014)";"4";"4";"REGULAR";"f";"2014-06-13 18:48:20.099";"f";"";"0";"CONSOLIDADA";"";"Presencial";
"1222423";"11";"18527";"";"";"54741";"GRADUAÇÃO";"Campus Central";"HUOL";"2014";"1";"2014-04-29";"2014-06-13";"234567M123456  2345T1234 (29/04/2014 - 13/06/2014)";"4";"4";"REGULAR";"f";"2014-06-13 18:48:20.099";"f";"";"0";"CONSOLIDADA";"";"Presencial";
"1222423";"11";"23189";"";"";"54741";"GRADUAÇÃO";"Campus Central";"HUOL";"2014";"1";"2014-04-29";"2014-06-13";"234567M123456  2345T1234 (29/04/2014 - 13/06/2014)";"4";"4";"REGULAR";"f";"2014-06-13 18:48:20.099";"f";"";"0";"CONSOLIDADA";"";"Presencial";
"1222423";"11";"23105";"";"";"54741";"GRADUAÇÃO";"Campus Central";"HUOL";"2014";"1";"2014-04-29";"2014-06-13";"234567M123456  2345T1234 (29/04/2014 - 13/06/2014)";"4";"4";"REGULAR";"f";"2014-06-13 18:48:20.099";"f";"";"0";"CONSOLIDADA";"";"Presencial";
"1222423";"11";"25440";"";"";"54741";"GRADUAÇÃO";"Campus Central";"HUOL";"2014";"1";"2014-04-29";"2014-06-13";"234567M123456  2345T1234 (29/04/2014 - 13/06/2014)";"4";"4";"REGULAR";"f";"2014-06-13 18:48:20.099";"f";"";"0";"CONSOLIDADA";"";"Presencial";
"1222423";"11";"64616";"";"";"54741";"GRADUAÇÃO";"Campus Central";"HUOL";"2014";"1";"2014-04-29";"2014-06-13";"234567M123456  2345T1234 (29/04/2014 - 13/06/2014)";"4";"4";"REGULAR";"f";"2014-06-13 18:48:20.099";"f";"";"0";"CONSOLIDADA";"";"Presencial";
"1222423";"11";"5753805";"";"";"54741";"GRADUAÇÃO";"Campus Central";"HUOL";"2014";"1";"2014-04-29";"2014-06-13";"234567M123456  2345T1234 (29/04/2014 - 13/06/2014)";"4";"4";"REGULAR";"f";"2014-06-13 18:48:20.099";"f";"";"0";"CONSOLIDADA";"";"Presencial";
"1222423";"11";"26095";"";"";"54741";"GRADUAÇÃO";"Campus Central";"HUOL";"2014";"1";"2014-04-29";"2014-06-13";"234567M123456  2345T1234 (29/04/2014 - 13/06/2014)";"4";"4";"REGULAR";"f";"2014-06-13 18:48:20.099";"f";"";"0";"CONSOLIDADA";"";"Presencial";
"1222423";"11";"17296";"";"";"54741";"GRADUAÇÃO";"Campus Central";"HUOL";"2014";"1";"2014-04-29";"2014-06-13";"234567M123456  2345T1234 (29/04/2014 - 13/06/2014)";"4";"4";"REGULAR";"f";"2014-06-13 18:48:20.099";"f";"";"0";"CONSOLIDADA";"";"Presencial";
"1222424";"07";"22150";"";"";"39172";"STRICTO SENSU";"";"Centro de Educação";"2014";"1";"2014-02-10";"2014-06-11";"4M1";"1";"1";"REGULAR";"f";"2014-06-05 09:40:02.613";"f";"";"16";"CONSOLIDADA";"";"Presencial";
"1222425";"12";"25440";"";"";"54741";"GRADUAÇÃO";"Campus Central";"HUOL";"2014";"1";"2014-04-29";"2014-06-13";"234567M123456  2345T1234 (29/04/2014 - 13/06/2014)";"2";"5";"REGULAR";"f";"2014-06-13 18:43:19.459";"f";"";"0";"CONSOLIDADA";"";"Presencial";
"1222425";"12";"23105";"";"";"54741";"GRADUAÇÃO";"Campus Central";"HUOL";"2014";"1";"2014-04-29";"2014-06-13";"234567M123456  2345T1234 (29/04/2014 - 13/06/2014)";"2";"5";"REGULAR";"f";"2014-06-13 18:43:19.459";"f";"";"0";"CONSOLIDADA";"";"Presencial";
"1222425";"12";"23189";"";"";"54741";"GRADUAÇÃO";"Campus Central";"HUOL";"2014";"1";"2014-04-29";"2014-06-13";"234567M123456  2345T1234 (29/04/2014 - 13/06/2014)";"2";"5";"REGULAR";"f";"2014-06-13 18:43:19.459";"f";"";"0";"CONSOLIDADA";"";"Presencial";
"1222425";"12";"26095";"";"";"54741";"GRADUAÇÃO";"Campus Central";"HUOL";"2014";"1";"2014-04-29";"2014-06-13";"234567M123456  2345T1234 (29/04/2014 - 13/06/2014)";"2";"5";"REGULAR";"f";"2014-06-13 18:43:19.459";"f";"";"0";"CONSOLIDADA";"";"Presencial";
"1222425";"12";"64616";"";"";"54741";"GRADUAÇÃO";"Campus Central";"HUOL";"2014";"1";"2014-04-29";"2014-06-13";"234567M123456  2345T1234 (29/04/2014 - 13/06/2014)";"2";"5";"REGULAR";"f";"2014-06-13 18:43:19.459";"f";"";"0";"CONSOLIDADA";"";"Presencial";
"1222425";"12";"18527";"";"";"54741";"GRADUAÇÃO";"Campus Central";"HUOL";"2014";"1";"2014-04-29";"2014-06-13";"234567M123456  2345T1234 (29/04/2014 - 13/06/2014)";"2";"5";"REGULAR";"f";"2014-06-13 18:43:19.459";"f";"";"0";"CONSOLIDADA";"";"Presencial";
"1222425";"12";"5753805";"";"";"54741";"GRADUAÇÃO";"Campus Central";"HUOL";"2014";"1";"2014-04-29";"2014-06-13";"234567M123456  2345T1234 (29/04/2014 - 13/06/2014)";"2";"5";"REGULAR";"f";"2014-06-13 18:43:19.459";"f";"";"0";"CONSOLIDADA";"";"Presencial";
"1222425";"12";"17274";"";"";"54741";"GRADUAÇÃO";"Campus Central";"HUOL";"2014";"1";"2014-04-29";"2014-06-13";"234567M123456  2345T1234 (29/04/2014 - 13/06/2014)";"2";"5";"REGULAR";"f";"2014-06-13 18:43:19.459";"f";"";"0";"CONSOLIDADA";"";"Presencial";
"1222425";"12";"5755101";"";"";"54741";"GRADUAÇÃO";"Campus Central";"HUOL";"2014";"1";"2014-04-29";"2014-06-13";"234567M123456  2345T1234 (29/04/2014 - 13/06/2014)";"2";"5";"REGULAR";"f";"2014-06-13 18:43:19.459";"f";"";"0";"CONSOLIDADA";"";"Presencial";
"1222425";"12";"17296";"";"";"54741";"GRADUAÇÃO";"Campus Central";"HUOL";"2014";"1";"2014-04-29";"2014-06-13";"234567M123456  2345T1234 (29/04/2014 - 13/06/2014)";"2";"5";"REGULAR";"f";"2014-06-13 18:43:19.459";"f";"";"0";"CONSOLIDADA";"";"Presencial";
"1222426";"09";"22150";"";"";"39177";"STRICTO SENSU";"";"Centro de Educação";"2014";"1";"2014-02-10";"2014-06-11";"5M1";"1";"1";"REGULAR";"f";"2014-06-05 09:25:51.952";"f";"";"15";"CONSOLIDADA";"";"Presencial";
"1222427";"01";"5754405";"";"";"54902";"GRADUAÇÃO";"Campus Central";"4I2";"2014";"1";"2014-01-27";"2014-06-14";"35M34";"13";"20";"REGULAR";"f";"2014-06-19 10:44:27.982";"f";"";"66";"CONSOLIDADA";"";"Presencial";
"1222428";"05";"22992";"";"";"39180";"STRICTO SENSU";"";"Centro de Educação";"2014";"1";"2014-02-10";"2014-06-11";"6T1";"1";"1";"REGULAR";"f";"2014-06-13 08:55:29.925";"f";"";"15";"CONSOLIDADA";"";"Presencial";
"1222429";"06";"17608";"";"";"39180";"STRICTO SENSU";"";"Centro de Educação";"2014";"1";"2014-02-10";"2014-06-11";"5T1";"1";"1";"REGULAR";"f";"2014-06-09 16:17:07.703";"f";"";"15";"CONSOLIDADA";"";"Presencial";
"1222430";"01";"18226";"";"";"27025";"GRADUAÇÃO";"Campus Central";"Centro de Biociências - Sala Mulungú";"2014";"1";"2014-01-27";"2014-06-14";"35N12";"10";"25";"REGULAR";"f";"2014-06-14 01:33:46.966";"f";"";"66";"CONSOLIDADA";"";"Presencial";
"1222431";"01";"5753610";"";"";"46904";"GRADUAÇÃO";"Campus Central";"SETOR V - BLOCO C- SALA 02";"2014";"1";"2014-01-27";"2014-06-14";"35T34";"50";"50";"REGULAR";"f";"2014-06-19 12:37:22.044";"f";"";"68";"CONSOLIDADA";"";"Presencial";
"1222432";"01";"5752207";"";"";"46906";"GRADUAÇÃO";"Campus Central";"SETOR V - BLOCO C- SALA 02";"2014";"1";"2014-01-27";"2014-06-14";"24T34";"51";"50";"REGULAR";"f";"2014-06-10 14:56:33.551";"f";"";"72";"CONSOLIDADA";"";"Presencial";
"1222433";"01";"23858";"";"";"21970";"GRADUAÇÃO";"Campus Central";"1G3";"2014";"1";"2014-01-27";"2014-06-14";"2M3456";"71";"55";"REGULAR";"f";"2014-06-12 12:06:29.486";"f";"";"68";"CONSOLIDADA";"";"Presencial";
"1222434";"01";"5755770";"";"";"20016";"GRADUAÇÃO";"Campus Central";"1G3";"2014";"1";"2014-01-27";"2014-06-14";"6M3456";"57";"54";"REGULAR";"f";"2014-06-10 14:29:37.903";"f";"";"68";"CONSOLIDADA";"";"Presencial";
"1222435";"01";"5753026";"";"";"21985";"GRADUAÇÃO";"Campus Central";"1G4";"2014";"1";"2014-01-27";"2014-06-14";"35M34";"51";"53";"REGULAR";"f";"2014-06-10 10:29:55.303";"f";"";"70";"CONSOLIDADA";"";"Presencial";
"1222436";"01";"18226";"";"";"51151";"GRADUAÇÃO";"Campus Central";"DOL - SALA DO PROF. HOLMES";"2014";"1";"2014-01-27";"2014-06-14";"6M2345";"6";"30";"REGULAR";"f";"2014-06-14 01:41:06.205";"f";"";"68";"CONSOLIDADA";"";"Presencial";
"1222437";"01";"5755606";"";"";"46651";"GRADUAÇÃO";"Campus Central";"4A9";"2014";"1";"2014-01-27";"2014-06-14";"25M12";"26";"45";"REGULAR";"f";"2014-06-09 22:23:05.513";"f";"";"66";"CONSOLIDADA";"";"Presencial";
"1222438";"01";"5755539";"";"";"46946";"GRADUAÇÃO";"Campus Central";"SETOR V - BLOCO C- SALA 02";"2014";"1";"2014-01-27";"2014-06-14";"24T56";"16";"50";"REGULAR";"f";"2014-06-04 18:14:04.47";"f";"";"70";"CONSOLIDADA";"";"Presencial";
"1222439";"01";"22760";"";"";"21965";"GRADUAÇÃO";"Campus Central";"1G1";"2014";"1";"2014-01-27";"2014-06-14";"6M3456";"74";"53";"REGULAR";"f";"2014-06-12 12:01:17.741";"f";"";"72";"CONSOLIDADA";"";"Presencial";
"1222440";"01";"21990";"";"";"51153";"GRADUAÇÃO";"Campus Central";"DOL - Sala 05";"2014";"1";"2014-01-27";"2014-06-14";"6M2345";"8";"30";"REGULAR";"f";"2014-06-13 12:06:39.77";"f";"";"76";"CONSOLIDADA";"";"Presencial";
"1222441";"01";"5756426";"";"";"46908";"GRADUAÇÃO";"Campus Central";"SETOR V - BLOCO C- SALA 02";"2014";"1";"2014-01-27";"2014-06-14";"35T56";"12";"50";"REGULAR";"f";"2014-06-13 12:47:45.186";"f";"";"70";"CONSOLIDADA";"";"Presencial";
"1222442";"01";"5751872";"";"";"21995";"GRADUAÇÃO";"Campus Central";"1D5";"2014";"1";"2014-01-27";"2014-06-14";"34N34";"27";"53";"REGULAR";"f";"2014-06-15 11:17:43.962";"f";"";"68";"CONSOLIDADA";"";"Presencial";
"1222443";"01";"5751847";"";"";"46905";"GRADUAÇÃO";"Campus Central";"SETOR V - BLOCO C- SALA 03";"2014";"1";"2014-01-27";"2014-06-14";"35T34";"29";"50";"REGULAR";"f";"2014-06-12 12:27:26.659";"f";"";"72";"CONSOLIDADA";"";"Presencial";
"1222444";"05";"15552";"";"";"39167";"STRICTO SENSU";"";"Centro de Educação";"2014";"1";"2014-02-10";"2014-06-11";"2M1";"5";"5";"REGULAR";"f";"2015-02-20 12:16:04.894";"f";"";"16";"CONSOLIDADA";"";"Presencial";
"1222444";"05";"5753609";"";"";"39167";"STRICTO SENSU";"";"Centro de Educação";"2014";"1";"2014-02-10";"2014-06-11";"2M1";"5";"5";"REGULAR";"f";"2015-02-20 12:16:04.894";"f";"";"16";"CONSOLIDADA";"";"Presencial";
"1222444";"05";"22129";"";"";"39167";"STRICTO SENSU";"";"Centro de Educação";"2014";"1";"2014-02-10";"2014-06-11";"2M1";"5";"5";"REGULAR";"f";"2015-02-20 12:16:04.894";"f";"";"16";"CONSOLIDADA";"";"Presencial";
"1222445";"01";"25159";"";"";"46943";"GRADUAÇÃO";"Campus Central";"SETOR V - BLOCO C- SALA 04";"2014";"1";"2014-01-27";"2014-06-14";"35T34";"22";"50";"REGULAR";"f";"2014-06-20 08:25:25.883";"f";"";"66";"CONSOLIDADA";"";"Presencial";
"1222446";"01";"5753018";"";"";"2041801";"GRADUAÇÃO";"Campus Central";"1H1";"2014";"1";"2014-01-27";"2014-06-14";"4M1234";"26";"50";"REGULAR";"f";"2014-06-11 15:22:49.287";"f";"";"76";"CONSOLIDADA";"";"Presencial";
"1222447";"06";"23008";"";"";"39167";"STRICTO SENSU";"";"Centro de Educação";"2014";"1";"2014-02-10";"2014-06-11";"2M1";"3";"4";"REGULAR";"f";"2015-03-16 11:44:13.356";"f";"";"16";"CONSOLIDADA";"";"Presencial";
"1222447";"06";"26322";"";"";"39167";"STRICTO SENSU";"";"Centro de Educação";"2014";"1";"2014-02-10";"2014-06-11";"2M1";"3";"4";"REGULAR";"f";"2015-03-16 11:44:13.356";"f";"";"16";"CONSOLIDADA";"";"Presencial";
"1222447";"06";"26163";"";"";"39167";"STRICTO SENSU";"";"Centro de Educação";"2014";"1";"2014-02-10";"2014-06-11";"2M1";"3";"4";"REGULAR";"f";"2015-03-16 11:44:13.356";"f";"";"16";"CONSOLIDADA";"";"Presencial";
"1222448";"01";"5756625";"";"";"21916";"GRADUAÇÃO";"Campus Central";"1G1";"2014";"1";"2014-01-27";"2014-06-14";"35M56";"56";"54";"REGULAR";"f";"2014-06-16 18:50:59.272";"f";"";"74";"CONSOLIDADA";"";"Presencial";
"1222449";"01";"26111";"";"";"25302";"GRADUAÇÃO";"Campus Central";"1H2";"2014";"1";"2014-01-27";"2014-06-14";"35M456";"22";"58";"REGULAR";"f";"2014-06-06 10:09:13.797";"f";"";"102";"CONSOLIDADA";"";"Presencial";
"1222450";"04";"26163";"";"";"39169";"STRICTO SENSU";"";"Centro de Educação";"2014";"1";"2014-02-10";"2014-06-11";"3M1";"1";"2";"REGULAR";"f";"2014-06-30 12:30:49.137";"f";"";"17";"CONSOLIDADA";"";"Presencial";
"1222450";"04";"5753609";"";"";"39169";"STRICTO SENSU";"";"Centro de Educação";"2014";"1";"2014-02-10";"2014-06-11";"3M1";"1";"2";"REGULAR";"f";"2014-06-30 12:30:49.137";"f";"";"17";"CONSOLIDADA";"";"Presencial";
"1222451";"01";"5752207";"";"";"46945";"GRADUAÇÃO";"Campus Central";"SETOR V - BLOCO F - SALA 3";"2014";"1";"2014-01-27";"2014-06-14";"24T56";"39";"50";"REGULAR";"f";"2014-06-05 17:42:46.695";"f";"";"70";"CONSOLIDADA";"";"Presencial";
"1222452";"02";"5752383";"";"";"21970";"GRADUAÇÃO";"Campus Central";"1D5";"2014";"1";"2014-01-27";"2014-06-14";"34N12";"32";"53";"REGULAR";"f";"2014-06-26 12:08:44.519";"f";"";"72";"CONSOLIDADA";"";"Presencial";
"1222453";"01";"26300";"";"";"22022";"GRADUAÇÃO";"Campus Central";"1H3";"2014";"1";"2014-01-27";"2014-06-14";"26M56";"41";"53";"REGULAR";"f";"2014-06-14 17:57:50.184";"f";"";"74";"CONSOLIDADA";"";"Presencial";
"1222454";"01";"15438";"";"";"25304";"GRADUAÇÃO";"Campus Central";"1H3";"2014";"1";"2014-01-27";"2014-06-14";"35M56";"41";"53";"REGULAR";"f";"2014-06-11 09:16:20.425";"f";"";"70";"CONSOLIDADA";"";"Presencial";
"1222456";"01A";"";"105007763";"";"46901";"GRADUAÇÃO";"Campus Central";"SETOR V - BLOCO G - SALA 03";"2014";"1";"2014-01-27";"2014-06-14";"35T34";"19";"50";"REGULAR";"f";"2014-06-26 07:43:30.623";"f";"1222455";"68";"CONSOLIDADA";"";"Presencial";
"1222457";"02";"5753010";"";"";"20016";"GRADUAÇÃO";"Campus Central";"1H6";"2014";"1";"2014-01-27";"2014-06-14";"35N12";"31";"53";"REGULAR";"f";"2014-06-09 01:27:31.486";"f";"";"70";"CONSOLIDADA";"";"Presencial";
"1222458";"01";"22906";"";"";"40138";"GRADUAÇÃO";"Campus Central";"1H3";"2014";"1";"2014-01-27";"2014-06-14";"3M34";"42";"503";"REGULAR";"f";"2014-06-11 09:26:02.788";"f";"";"36";"CONSOLIDADA";"";"Presencial";
"1222459";"01";"5752376";"";"";"40139";"GRADUAÇÃO";"Campus Central";"1G1";"2014";"1";"2014-01-27";"2014-06-14";"26M12";"61";"53";"REGULAR";"f";"2014-06-13 10:29:33.262";"f";"";"68";"CONSOLIDADA";"";"Presencial";
"1222461";"01A";"5756426";"";"";"46903";"GRADUAÇÃO";"Campus Central";"SETOR V - BLOCO G - SALA 04";"2014";"1";"2014-01-27";"2014-06-14";"6T1234";"53";"51";"REGULAR";"f";"2014-06-13 12:41:40.368";"f";"1222460";"68";"CONSOLIDADA";"";"Presencial";
"1222462";"02";"";"102564124";"";"21985";"GRADUAÇÃO";"Campus Central";"1H4";"2014";"1";"2014-01-27";"2014-06-14";"35N12";"43";"53";"REGULAR";"f";"2014-06-11 02:50:36.069";"f";"";"70";"CONSOLIDADA";"";"Presencial";
"1222463";"01";"5755539";"";"";"46913";"GRADUAÇÃO";"Campus Central";"SETOR V - BLOCO G - SALA 04";"2014";"1";"2014-01-27";"2014-06-14";"24T34";"21";"50";"REGULAR";"f";"2014-06-09 11:42:39.458";"f";"";"72";"CONSOLIDADA";"";"Presencial";
"1222464";"01";"5756426";"";"";"46914";"GRADUAÇÃO";"Campus Central";"SETOR V - BLOCO C- SALA 03";"2014";"1";"2014-01-27";"2014-06-14";"24T34";"20";"50";"REGULAR";"f";"2014-06-13 13:42:14.191";"f";"";"68";"CONSOLIDADA";"";"Presencial";
"1222465";"01";"19198";"";"";"27000";"GRADUAÇÃO";"Campus Central";"DOL - Sala 02";"2014";"1";"2014-01-27";"2014-06-14";"24M23";"3";"50";"REGULAR";"f";"2014-06-18 10:28:47.336";"f";"";"66";"CONSOLIDADA";"";"Presencial";
"1222465";"01";"18226";"";"";"27000";"GRADUAÇÃO";"Campus Central";"DOL - Sala 02";"2014";"1";"2014-01-27";"2014-06-14";"24M23";"3";"50";"REGULAR";"f";"2014-06-18 10:28:47.336";"f";"";"66";"CONSOLIDADA";"";"Presencial";
"1222465";"01";"5752882";"";"";"27000";"GRADUAÇÃO";"Campus Central";"DOL - Sala 02";"2014";"1";"2014-01-27";"2014-06-14";"24M23";"3";"50";"REGULAR";"f";"2014-06-18 10:28:47.336";"f";"";"66";"CONSOLIDADA";"";"Presencial";
"1222465";"01";"17728";"";"";"27000";"GRADUAÇÃO";"Campus Central";"DOL - Sala 02";"2014";"1";"2014-01-27";"2014-06-14";"24M23";"3";"50";"REGULAR";"f";"2014-06-18 10:28:47.336";"f";"";"66";"CONSOLIDADA";"";"Presencial";
"1222466";"01";"22998";"";"";"46960";"GRADUAÇÃO";"Campus Central";"SETOR V - BLOCO F - SALA 3";"2014";"1";"2014-01-27";"2014-06-14";"35T34";"24";"50";"REGULAR";"f";"2014-07-03 08:55:29.175";"f";"";"0";"CONSOLIDADA";"";"Presencial";
"1222467";"02";"5752198";"";"";"21965";"GRADUAÇÃO";"Campus Central";"1G4";"2014";"1";"2014-01-27";"2014-06-14";"6T56  6N12";"57";"54";"REGULAR";"f";"2014-06-01 19:58:13.067";"f";"";"68";"CONSOLIDADA";"";"Presencial";
"1222468";"08";"22129";"";"";"39171";"STRICTO SENSU";"";"Centro de Educação";"2014";"1";"2014-02-10";"2014-06-11";"3M1";"1";"1";"REGULAR";"f";"2014-06-21 14:44:01.283";"f";"";"17";"CONSOLIDADA";"";"Presencial";
"1222469";"01";"5756625";"";"";"22028";"GRADUAÇÃO";"Campus Central";"1G1";"2014";"1";"2014-01-27";"2014-06-14";"4M3456";"47";"53";"REGULAR";"f";"2014-06-16 12:56:49.932";"f";"";"68";"CONSOLIDADA";"";"Presencial";
"1222470";"01";"25987";"";"";"41338";"GRADUAÇÃO";"Campus Central";"DOL - Sala 02";"2014";"1";"2014-01-27";"2014-06-14";"6T1234";"11";"35";"REGULAR";"f";"2014-06-11 11:36:33.575";"f";"";"72";"CONSOLIDADA";"";"Presencial";
"1222471";"01";"4274563";"";"";"21937";"GRADUAÇÃO";"Campus Central";"1G2";"2014";"1";"2014-01-27";"2014-06-14";"24M34";"59";"54";"REGULAR";"f";"2014-06-10 09:18:11.539";"f";"";"66";"CONSOLIDADA";"";"Presencial";
"1222472";"01";"25987";"";"";"27001";"GRADUAÇÃO";"Campus Central";"DOL - Sala 01";"2014";"1";"2014-01-27";"2014-06-14";"3T2345";"2";"20";"REGULAR";"f";"2014-06-11 11:26:24.877";"f";"";"72";"CONSOLIDADA";"";"Presencial";
"1222473";"01";"5752505";"";"";"42080";"GRADUAÇÃO";"Campus Central";"-";"2014";"1";"2014-01-27";"2014-06-14";"2M12 (27/01/2014 - 14/06/2014)";"63";"55";"REGULAR";"f";"2014-06-16 23:50:49.723";"f";"";"2";"CONSOLIDADA";"";"Presencial";
"1222474";"01";"5753036";"";"";"22023";"GRADUAÇÃO";"Campus Central";"1G2";"2014";"1";"2014-01-27";"2014-06-14";"4M12";"92";"53";"REGULAR";"f";"2014-06-06 07:31:19.201";"f";"";"34";"CONSOLIDADA";"";"Presencial";
"1222475";"02";"5752486";"";"";"42080";"GRADUAÇÃO";"Campus Central";"-";"2014";"1";"2014-01-27";"2014-06-14";"6T56 (27/01/2014 - 14/06/2014)";"48";"53";"REGULAR";"f";"2014-06-21 13:11:56.353";"f";"";"38";"CONSOLIDADA";"";"Presencial";
"1222476";"01";"22947";"";"";"22029";"GRADUAÇÃO";"Campus Central";"1G2";"2014";"1";"2014-01-27";"2014-06-14";"2M56 6M34";"54";"53";"REGULAR";"f";"2014-06-21 05:25:05.113";"f";"";"72";"CONSOLIDADA";"";"Presencial";
"1222477";"02";"25967";"";"";"2041801";"GRADUAÇÃO";"Campus Central";"1G2";"2014";"1";"2014-01-27";"2014-06-14";"56N34";"20";"55";"REGULAR";"f";"2014-06-16 22:56:13.834";"f";"";"72";"CONSOLIDADA";"";"Presencial";
"1222478";"01";"5752738";"";"";"21997";"GRADUAÇÃO";"Campus Central";"1G2";"2014";"1";"2014-01-27";"2014-06-14";"5M3456";"62";"53";"REGULAR";"f";"2014-06-06 11:13:56.237";"f";"";"68";"CONSOLIDADA";"";"Presencial";
"1222479";"01";"5756319";"";"";"2021552";"GRADUAÇÃO";"Campus Central";"Pau-Brasil";"2014";"1";"2014-01-27";"2014-06-14";"5T23";"21";"22";"REGULAR";"f";"2014-06-14 18:49:12.411";"f";"";"34";"CONSOLIDADA";"";"Presencial";
"1222479";"01";"23831";"";"";"2021552";"GRADUAÇÃO";"Campus Central";"Pau-Brasil";"2014";"1";"2014-01-27";"2014-06-14";"5T23";"21";"22";"REGULAR";"f";"2014-06-14 18:49:12.411";"f";"";"34";"CONSOLIDADA";"";"Presencial";
"1222480";"01";"5752505";"";"";"42082";"GRADUAÇÃO";"Campus Central";"-";"2014";"1";"2014-01-27";"2014-06-14";"6M34 (27/01/2014 - 14/06/2014)";"52";"53";"REGULAR";"f";"2014-06-16 13:16:33.131";"f";"";"2";"CONSOLIDADA";"";"Presencial";
"1222481";"01";"15438";"";"";"22030";"GRADUAÇÃO";"Campus Central";"1G3";"2014";"1";"2014-01-27";"2014-06-14";"35M34";"49";"53";"REGULAR";"f";"2014-06-11 09:26:04.154";"f";"";"72";"CONSOLIDADA";"";"Presencial";
"1222482";"02";"5752486";"";"";"42082";"GRADUAÇÃO";"Campus Central";"-";"2014";"1";"2014-01-27";"2014-06-14";"6N12 (27/01/2014 - 14/06/2014)";"55";"55";"REGULAR";"f";"2014-06-21 13:13:59.862";"f";"";"36";"CONSOLIDADA";"";"Presencial";
"1222483";"02";"5755899";"";"";"21916";"GRADUAÇÃO";"Campus Central";"1D5";"2014";"1";"2014-01-27";"2014-06-14";"35N34";"39";"53";"REGULAR";"f";"2014-06-11 10:04:47.056";"f";"";"72";"CONSOLIDADA";"";"Presencial";
"1222483";"02";"23157";"";"";"21916";"GRADUAÇÃO";"Campus Central";"1D5";"2014";"1";"2014-01-27";"2014-06-14";"35N34";"39";"53";"REGULAR";"f";"2014-06-11 10:04:47.056";"f";"";"72";"CONSOLIDADA";"";"Presencial";
"1222484";"01";"5756093";"";"";"42081";"GRADUAÇÃO";"Campus Central";"-";"2014";"1";"2014-01-27";"2014-06-14";"6M12 (27/01/2014 - 14/06/2014)";"66";"56";"REGULAR";"f";"2014-06-10 10:12:15.805";"f";"";"34";"CONSOLIDADA";"";"Presencial";
"1222485";"01";"22760";"";"";"22031";"GRADUAÇÃO";"Campus Central";"1G3";"2014";"1";"2014-01-27";"2014-06-14";"2M3456";"54";"54";"REGULAR";"f";"2014-06-12 11:57:27.788";"f";"";"68";"CONSOLIDADA";"";"Presencial";
"1222486";"02";"5756093";"";"";"42081";"GRADUAÇÃO";"Campus Central";"-";"2014";"1";"2014-01-27";"2014-06-14";"2T56 (27/01/2014 - 14/06/2014)";"49";"53";"REGULAR";"f";"2014-06-11 16:21:18.782";"f";"";"32";"CONSOLIDADA";"";"Presencial";
"1222487";"01";"5756093";"";"";"42083";"GRADUAÇÃO";"Campus Central";"-";"2014";"1";"2014-01-27";"2014-06-14";"2M34 (27/01/2014 - 14/06/2014)";"61";"56";"REGULAR";"f";"2014-06-10 10:17:12.298";"f";"";"32";"CONSOLIDADA";"";"Presencial";
"1222488";"01";"5752302";"";"";"22027";"GRADUAÇÃO";"Campus Central";"1G3";"2014";"1";"2014-01-27";"2014-06-14";"4M12";"58";"54";"REGULAR";"f";"2014-06-11 10:59:04.622";"f";"";"36";"CONSOLIDADA";"";"Presencial";
"1222489";"02";"5756093";"";"";"42083";"GRADUAÇÃO";"Campus Central";"-";"2014";"1";"2014-01-27";"2014-06-14";"2N12 (27/01/2014 - 14/06/2014)";"51";"53";"REGULAR";"f";"2014-06-10 10:20:31.2";"f";"";"32";"CONSOLIDADA";"";"Presencial";
"1222490";"01";"5756625";"";"";"22032";"GRADUAÇÃO";"Campus Central";"1G4";"2014";"1";"2014-01-27";"2014-06-14";"26M12";"42";"53";"REGULAR";"f";"2014-06-16 17:52:38.184";"f";"";"74";"CONSOLIDADA";"";"Presencial";
"1222491";"01";"5751872";"";"";"2041802";"GRADUAÇÃO";"Campus Central";"1D2";"2014";"1";"2014-01-27";"2014-06-14";"34N12";"55";"53";"REGULAR";"f";"2014-06-17 13:57:05.406";"f";"";"68";"CONSOLIDADA";"";"Presencial";
"1222492";"01";"";"84696047";"";"21998";"GRADUAÇÃO";"Campus Central";"1G4";"2014";"1";"2014-01-27";"2014-06-14";"2M34 6M56";"";"53";"REGULAR";"f";"";"f";"";"";"EXCLUÍDA";"";"Presencial";
"1222493";"07";"22129";"";"";"39175";"STRICTO SENSU";"";"Centro de Educação";"2014";"1";"2014-02-10";"2014-06-11";"4M1";"1";"1";"REGULAR";"f";"2014-06-21 13:05:14.15";"f";"";"17";"CONSOLIDADA";"";"Presencial";
"1222494";"01";"22756";"";"";"21999";"GRADUAÇÃO";"Campus Central";"1G4";"2014";"1";"2014-01-27";"2014-06-14";"35M12";"57";"53";"REGULAR";"f";"2014-06-20 19:12:32.358";"f";"";"70";"CONSOLIDADA";"";"Presencial";
"1222495";"09";"26163";"";"";"39171";"STRICTO SENSU";"";"Centro de Educação";"2014";"1";"2014-02-10";"2014-06-11";"4M1";"1";"2";"REGULAR";"f";"2016-03-02 02:38:41.832";"f";"";"0";"CONSOLIDADA";"";"Presencial";
"1222496";"01";"5756379";"";"";"42239";"GRADUAÇÃO";"Campus Central";"-";"2014";"1";"2014-03-10";"2014-03-14";"23456T3456 (10/03/2014 - 14/03/2014)";"28";"50";"REGULAR";"f";"2014-06-14 12:26:32.667";"f";"";"20";"CONSOLIDADA";"";"Presencial";
"1222497";"08";"26163";"";"";"39175";"STRICTO SENSU";"";"Centro de Educação";"2014";"1";"2014-02-10";"2014-06-11";"5M1";"2";"2";"REGULAR";"f";"2016-03-02 02:33:13.997";"f";"";"0";"CONSOLIDADA";"";"Presencial";
"1222498";"01";"5755899";"";"";"2044250";"GRADUAÇÃO";"Campus Central";"1G4";"2014";"1";"2014-01-27";"2014-06-14";"3M56";"49";"53";"REGULAR";"f";"2014-06-11 09:52:40.229";"f";"";"36";"CONSOLIDADA";"";"Presencial";
"1222499";"10";"15552";"";"";"39171";"STRICTO SENSU";"";"Centro de Educação";"2014";"1";"2014-02-10";"2014-06-11";"3M1";"1";"1";"REGULAR";"f";"2017-06-20 23:22:08.949";"f";"";"0";"CONSOLIDADA";"";"Presencial";
"1222500";"09";"15552";"";"";"39175";"STRICTO SENSU";"";"Centro de Educação";"2014";"1";"2014-02-10";"2014-06-11";"4M1";"1";"1";"REGULAR";"f";"2017-06-20 23:20:53.916";"f";"";"0";"CONSOLIDADA";"";"Presencial";
"1222501";"01";"5752505";"";"";"42085";"GRADUAÇÃO";"Campus Central";"-";"2014";"1";"2014-02-03";"2014-03-03";"2T2345 (03/02/2014 - 03/03/2014)";"";"50";"REGULAR";"f";"";"f";"";"";"EXCLUÍDA";"";"Presencial";
"1222502";"01";"24348";"";"";"51549";"GRADUAÇÃO";"Campus Central";"VARELA BARCA";"2014";"1";"2014-01-27";"2014-06-14";"2T1234";"23";"25";"REGULAR";"f";"2014-06-09 13:25:46.42";"f";"";"68";"CONSOLIDADA";"";"Presencial";
"1222503";"01";"5752505";"";"";"42087";"GRADUAÇÃO";"Campus Central";"-";"2014";"1";"2014-03-10";"2014-04-07";"2T2345 (10/03/2014 - 07/04/2014)";"";"50";"REGULAR";"f";"";"f";"";"";"EXCLUÍDA";"";"Presencial";
"1222504";"01";"23664";"";"";"22820";"GRADUAÇÃO";"Campus Central";"1A1";"2014";"1";"2014-01-27";"2014-06-14";"35M34";"53";"53";"REGULAR";"f";"2014-06-13 12:16:52.221";"f";"";"66";"CONSOLIDADA";"";"Presencial";
"1222505";"11";"23008";"";"";"39171";"STRICTO SENSU";"";"Centro de Educação";"2014";"1";"2014-02-10";"2014-06-11";"4M1";"1";"1";"REGULAR";"f";"2015-01-05 09:36:55.449";"f";"";"17";"CONSOLIDADA";"";"Presencial";
"1222506";"01";"5755408";"";"";"21790";"GRADUAÇÃO";"Campus Central";"3E4";"2014";"1";"2014-01-27";"2014-06-14";"24M34";"38";"40";"REGULAR";"f";"2014-06-18 10:28:58.684";"f";"";"74";"CONSOLIDADA";"";"Presencial";
"1222506";"01";"115827";"";"";"21790";"GRADUAÇÃO";"Campus Central";"3E4";"2014";"1";"2014-01-27";"2014-06-14";"24M34";"38";"40";"REGULAR";"f";"2014-06-18 10:28:58.684";"f";"";"74";"CONSOLIDADA";"";"Presencial";
"1222507";"10";"23008";"";"";"39175";"STRICTO SENSU";"";"Centro de Educação";"2014";"1";"2014-02-10";"2014-06-11";"5M1";"1";"1";"REGULAR";"f";"2015-01-05 05:02:57.77";"f";"";"15";"CONSOLIDADA";"";"Presencial";
"1222508";"01";"5753017";"";"";"22033";"GRADUAÇÃO";"Campus Central";"1A1";"2014";"1";"2014-01-27";"2014-06-14";"4M12 6M56";"52";"53";"REGULAR";"f";"2014-06-20 12:25:57.303";"f";"";"76";"CONSOLIDADA";"";"Presencial";
"1222509";"01";"5752486";"";"";"42089";"GRADUAÇÃO";"Campus Central";"-";"2014";"1";"2014-04-07";"2014-04-15";"2345T234 (07/04/2014 - 15/04/2014)";"";"50";"REGULAR";"f";"";"f";"";"";"EXCLUÍDA";"";"Presencial";
"1222510";"01";"25967";"";"";"22034";"GRADUAÇÃO";"Campus Central";"1A1";"2014";"1";"2014-01-27";"2014-06-14";"24M56";"57";"54";"REGULAR";"f";"2014-06-11 19:07:22.622";"f";"";"70";"CONSOLIDADA";"";"Presencial";
"1222511";"01";"";"84696047";"";"51552";"GRADUAÇÃO";"Campus Central";"Sala E4 do setor V";"2014";"1";"2014-01-27";"2014-06-14";"5T1234";"23";"25";"REGULAR";"f";"2014-06-11 09:45:43.03";"f";"";"68";"CONSOLIDADA";"";"Presencial";
"1222512";"01";"5752605";"";"";"42088";"GRADUAÇÃO";"Campus Central";"-";"2014";"1";"2014-02-07";"2014-04-04";"6M56 (07/02/2014 - 04/04/2014)";"77";"55";"REGULAR";"f";"2014-04-17 11:36:38.029";"f";"";"18";"CONSOLIDADA";"";"Presencial";
"1222513";"01";"5752505";"";"";"42095";"GRADUAÇÃO";"Campus Central";"-";"2014";"1";"2014-04-14";"2014-05-12";"2T2345 (14/04/2014 - 12/05/2014)";"";"50";"REGULAR";"f";"";"f";"";"";"EXCLUÍDA";"";"Presencial";
"1222514";"01";"5753975";"";"";"25505";"GRADUAÇÃO";"Campus Central";"1A2";"2014";"1";"2014-01-27";"2014-06-14";"26M12";"45";"53";"REGULAR";"f";"2014-06-14 11:16:47.627";"f";"";"72";"CONSOLIDADA";"";"Presencial";
"1222515";"01";"5752390";"";"";"45980";"GRADUAÇÃO";"Campus Central";"-";"2014";"1";"2014-02-10";"2014-02-14";"2345T23456 (10/02/2014 - 14/02/2014)";"18";"50";"REGULAR";"f";"2014-06-10 13:54:33.778";"f";"";"0";"CONSOLIDADA";"";"Presencial";
"1222516";"02";"5752302";"";"";"45980";"GRADUAÇÃO";"Campus Central";"-";"2014";"1";"2014-05-07";"2014-06-14";"4M345 (07/05/2014 - 14/06/2014)";"19";"50";"REGULAR";"f";"2014-06-14 19:59:55.645";"f";"";"22";"CONSOLIDADA";"";"Presencial";
"1222517";"01";"24348";"";"";"51553";"GRADUAÇÃO";"Campus Central";"SETOR V, E4";"2014";"1";"2014-01-27";"2014-06-14";"7M1234";"3";"5";"REGULAR";"f";"2014-06-09 13:16:19.676";"f";"";"76";"CONSOLIDADA";"";"Presencial";
"1222518";"01";"26111";"";"";"21996";"GRADUAÇÃO";"Campus Central";"1A3";"2014";"1";"2014-01-27";"2014-06-14";"24M56";"41";"53";"REGULAR";"f";"2014-06-06 11:45:04.701";"f";"";"70";"CONSOLIDADA";"";"Presencial";
"1222519";"01";"22759";"";"";"45986";"GRADUAÇÃO";"Campus Central";"-";"2014";"1";"2014-04-10";"2014-05-01";"5T56234 (10/04/2014 - 01/05/2014)";"41";"50";"REGULAR";"f";"2014-06-06 12:06:22.086";"f";"";"20";"CONSOLIDADA";"";"Presencial";
"1222520";"01";"5751872";"";"";"45989";"GRADUAÇÃO";"Campus Central";"-";"2014";"1";"2014-02-04";"2014-02-13";"35T23456 (04/02/2014 - 13/02/2014)";"";"50";"REGULAR";"f";"";"f";"";"";"EXCLUÍDA";"";"Presencial";
"1222521";"01";"5756379";"";"";"45991";"GRADUAÇÃO";"Campus Central";"-";"2014";"1";"2014-02-18";"2014-02-27";"35T23456 (18/02/2014 - 27/02/2014)";"36";"50";"REGULAR";"f";"2014-06-14 12:24:24.546";"f";"";"20";"CONSOLIDADA";"";"Presencial";
"1222522";"01";"5753026";"";"";"2041803";"GRADUAÇÃO";"Campus Central";"1A3";"2014";"1";"2014-01-27";"2014-06-14";"35M56";"35";"53";"REGULAR";"f";"2014-06-10 10:33:48.014";"f";"";"70";"CONSOLIDADA";"";"Presencial";
"1222523";"01";"5752302";"";"";"45993";"GRADUAÇÃO";"Campus Central";"-";"2014";"1";"2014-03-05";"2014-04-30";"4M34 (05/03/2014 - 30/04/2014)";"9";"50";"REGULAR";"f";"2014-06-04 17:32:37.67";"f";"";"16";"CONSOLIDADA";"";"Presencial";
"1222524";"01";"18226";"";"";"27004";"GRADUAÇÃO";"Campus Central";"DOL - Sala 02";"2014";"1";"2014-01-27";"2014-06-14";"35M234";"2";"50";"REGULAR";"f";"2014-06-18 10:56:28.647";"f";"";"99";"CONSOLIDADA";"";"Presencial";
"1222524";"01";"17728";"";"";"27004";"GRADUAÇÃO";"Campus Central";"DOL - Sala 02";"2014";"1";"2014-01-27";"2014-06-14";"35M234";"2";"50";"REGULAR";"f";"2014-06-18 10:56:28.647";"f";"";"99";"CONSOLIDADA";"";"Presencial";
"1222524";"01";"17897";"";"";"27004";"GRADUAÇÃO";"Campus Central";"DOL - Sala 02";"2014";"1";"2014-01-27";"2014-06-14";"35M234";"2";"50";"REGULAR";"f";"2014-06-18 10:56:28.647";"f";"";"99";"CONSOLIDADA";"";"Presencial";
"1222525";"01";"5753410";"";"";"42102";"GRADUAÇÃO";"Campus Central";"NPJ";"2014";"1";"2014-01-27";"2014-06-14";"4M34 (27/01/2014 - 14/06/2014)";"23";"30";"REGULAR";"f";"2014-06-12 12:11:44.878";"f";"";"34";"CONSOLIDADA";"";"Presencial";
"1222526";"01";"5751872";"";"";"2044251";"GRADUAÇÃO";"Campus Central";"1H1";"2014";"1";"2014-01-27";"2014-06-14";"4M56";"54";"50";"REGULAR";"f";"2014-06-15 10:47:55.309";"f";"";"38";"CONSOLIDADA";"";"Presencial";
"1222527";"02";"5753410";"";"";"42102";"GRADUAÇÃO";"Campus Central";"NPJ";"2014";"1";"2014-01-27";"2014-06-14";"2M34 (27/01/2014 - 14/06/2014)";"7";"30";"REGULAR";"f";"2014-06-18 16:53:45.325";"f";"";"34";"CONSOLIDADA";"";"Presencial";
"1222528";"01";"18225";"";"";"41280";"GRADUAÇÃO";"Campus Central";"DOL - Sala 02";"2014";"1";"2014-01-27";"2014-06-14";"24M45";"27";"35";"REGULAR";"f";"2014-06-09 18:21:05.19";"f";"";"72";"CONSOLIDADA";"";"Presencial";
"1222529";"03";"5752605";"";"";"42102";"GRADUAÇÃO";"Campus Central";"NPJ";"2014";"1";"2014-01-27";"2014-06-14";"2T56 (27/01/2014 - 14/06/2014)";"26";"30";"REGULAR";"f";"2014-06-09 19:24:17.691";"f";"";"36";"CONSOLIDADA";"";"Presencial";
"1222530";"04";"5753402";"";"";"42102";"GRADUAÇÃO";"Campus Central";"NPJ";"2014";"1";"2014-01-27";"2014-06-14";"4T56 (27/01/2014 - 14/06/2014)";"28";"30";"REGULAR";"f";"2014-06-11 21:27:24.513";"f";"";"32";"CONSOLIDADA";"";"Presencial";
"1222531";"01";"";"103134799";"";"24853";"GRADUAÇÃO";"Campus Central";"ID1";"2014";"1";"2014-01-27";"2014-06-14";"2N12 6N34";"12";"45";"REGULAR";"f";"2014-06-13 12:58:28.349";"f";"";"66";"CONSOLIDADA";"";"Presencial";
"1222532";"01";"5752474";"";"";"42104";"GRADUAÇÃO";"Campus Central";"-";"2014";"1";"2014-02-12";"2014-04-16";"4M34 (12/02/2014 - 16/04/2014)";"";"30";"REGULAR";"f";"";"f";"";"";"EXCLUÍDA";"";"Presencial";
"1222533";"01";"";"84696047";"";"51556";"GRADUAÇÃO";"Campus Central";"SETOR V, E4";"2014";"1";"2014-01-27";"2014-06-14";"3T1234";"23";"25";"REGULAR";"f";"2014-06-09 11:20:38.486";"f";"";"72";"CONSOLIDADA";"";"Presencial";
"1222534";"01";"62247";"";"";"41337";"GRADUAÇÃO";"Campus Central";"Centro de Biociências - Sala Jucá";"2014";"1";"2014-01-27";"2014-06-14";"5T1234";"17";"35";"REGULAR";"f";"2014-06-18 09:03:38.253";"f";"";"68";"CONSOLIDADA";"";"Presencial";
"1222535";"02";"5752474";"";"";"42104";"GRADUAÇÃO";"Campus Central";"-";"2014";"1";"2014-02-12";"2014-04-16";"4M56 (12/02/2014 - 16/04/2014)";"";"30";"REGULAR";"f";"";"f";"";"";"EXCLUÍDA";"";"Presencial";
"1222536";"01";"22759";"";"";"42105";"GRADUAÇÃO";"Campus Central";"-";"2014";"1";"2014-05-15";"2014-06-05";"5T23456 (15/05/2014 - 05/06/2014)";"110";"57";"REGULAR";"f";"2014-06-13 10:39:42.252";"f";"";"20";"CONSOLIDADA";"";"Presencial";
"1222537";"02";"";"94986251";"";"24853";"GRADUAÇÃO";"Campus Central";"IV-I-8";"2014";"1";"2014-01-27";"2014-06-14";"4N1234";"30";"20";"REGULAR";"f";"2014-06-13 15:54:55.758";"f";"";"74";"CONSOLIDADA";"";"Presencial";
"1222538";"01";"16695";"";"";"42107";"GRADUAÇÃO";"Campus Central";"-";"2014";"1";"2014-03-04";"2014-03-25";"3T23456 (04/03/2014 - 25/03/2014)";"51";"53";"REGULAR";"f";"2014-06-06 12:16:13.856";"f";"";"15";"CONSOLIDADA";"";"Presencial";
"1222539";"02";"5752376";"";"";"21996";"GRADUAÇÃO";"Campus Central";"1D5";"2014";"1";"2014-01-27";"2014-06-14";"25N34";"60";"55";"REGULAR";"f";"2014-06-13 10:40:19.352";"f";"";"68";"CONSOLIDADA";"";"Presencial";
"1222540";"01";"5752605";"";"";"42111";"GRADUAÇÃO";"Campus Central";"-";"2014";"1";"2014-03-01";"2014-03-29";"7M2345 (01/03/2014 - 29/03/2014)";"99";"60";"REGULAR";"f";"2014-04-19 09:38:14.481";"f";"";"16";"CONSOLIDADA";"";"Presencial";
"1222541";"01";"5756612";"";"";"25299";"GRADUAÇÃO";"Campus Central";"V-G2";"2014";"1";"2014-01-27";"2014-06-14";"6T1234";"24";"50";"REGULAR";"f";"2014-06-03 20:53:08.592";"f";"";"68";"CONSOLIDADA";"";"Presencial";
"1222542";"02";"5752505";"";"";"42111";"GRADUAÇÃO";"Campus Central";"-";"2014";"1";"2014-05-19";"2014-06-09";"2T23456 (19/05/2014 - 09/06/2014)";"";"50";"REGULAR";"f";"";"f";"";"";"EXCLUÍDA";"";"Presencial";
"1222543";"01";"5756001";"";"";"46646";"GRADUAÇÃO";"Campus Central";"412";"2014";"1";"2014-01-27";"2014-06-14";"3T34 4T56";"28";"45";"REGULAR";"f";"2014-06-12 15:43:47.843";"f";"";"72";"CONSOLIDADA";"";"Presencial";
"1222544";"02";"4274563";"";"";"21937";"GRADUAÇÃO";"Campus Central";"1C3";"2014";"1";"2014-01-27";"2014-06-14";"24N12";"51";"53";"REGULAR";"f";"2014-06-26 16:47:31.019";"f";"";"68";"CONSOLIDADA";"";"Presencial";
"1222545";"01";"5756612";"";"";"40025";"GRADUAÇÃO";"Campus Central";"V-G2";"2014";"1";"2014-01-27";"2014-06-14";"26M56";"49";"50";"REGULAR";"f";"2014-06-03 20:02:08.835";"f";"";"68";"CONSOLIDADA";"";"Presencial";
"1222546";"02";"5752738";"";"";"25505";"GRADUAÇÃO";"Campus Central";"1G2";"2014";"1";"2014-01-27";"2014-06-14";"34N12";"71";"56";"REGULAR";"f";"2014-06-03 18:15:38.758";"f";"";"68";"CONSOLIDADA";"";"Presencial";
"1222547";"01";"25223";"";"";"42066";"GRADUAÇÃO";"Campus Central";"2A3";"2014";"1";"2014-01-27";"2014-06-14";"24T12";"57";"41";"REGULAR";"f";"2014-06-14 21:21:12.46";"f";"";"70";"CONSOLIDADA";"";"Presencial";
"1222548";"02";"25223";"";"";"42066";"GRADUAÇÃO";"Campus Central";"3-B-1";"2014";"1";"2014-01-27";"2014-06-14";"35M12";"33";"21";"REGULAR";"f";"2014-06-14 11:35:24.887";"f";"";"70";"CONSOLIDADA";"";"Presencial";
"1222549";"03";"5755902";"";"";"42066";"GRADUAÇÃO";"Campus Central";"3-A-1";"2014";"1";"2014-01-27";"2014-06-14";"24T34";"32";"30";"REGULAR";"f";"2014-06-13 11:55:36.27";"f";"";"74";"CONSOLIDADA";"";"Presencial";
"1222550";"04";"25223";"";"";"42066";"GRADUAÇÃO";"Campus Central";"2A3";"2014";"1";"2014-01-27";"2014-06-14";"24T56";"34";"28";"REGULAR";"f";"2014-06-14 11:53:17.069";"f";"";"70";"CONSOLIDADA";"";"Presencial";
"1222551";"02";"5755866";"";"";"25302";"GRADUAÇÃO";"Campus Central";"IH2";"2014";"1";"2014-01-27";"2014-06-14";"5T56  35N12";"20";"59";"REGULAR";"f";"2014-06-14 09:02:15.707";"f";"";"110";"CONSOLIDADA";"";"Presencial";
"1222552";"05";"25223";"";"";"42066";"GRADUAÇÃO";"Campus Central";"2A3";"2014";"1";"2014-01-27";"2014-06-14";"24T34";"27";"28";"REGULAR";"f";"2014-06-14 21:32:15.305";"f";"";"68";"CONSOLIDADA";"";"Presencial";
"1222553";"01";"5753545";"";"";"46649";"GRADUAÇÃO";"Campus Central";"413";"2014";"1";"2014-01-27";"2014-06-14";"34N12";"30";"30";"REGULAR";"f";"2014-06-12 07:29:01.8";"f";"";"77";"CONSOLIDADA";"";"Presencial";
"1222554";"02";"22906";"";"";"40138";"GRADUAÇÃO";"Campus Central";"1G3";"2014";"1";"2014-01-27";"2014-06-14";"3N34";"50";"53";"REGULAR";"f";"2014-06-11 09:38:55.541";"f";"";"36";"CONSOLIDADA";"";"Presencial";
"1222555";"01";"5753347";"";"";"46648";"GRADUAÇÃO";"Campus Central";"4A5";"2014";"1";"2014-01-27";"2014-06-14";"56T34";"37";"45";"REGULAR";"f";"2014-06-14 16:23:31.489";"f";"";"74";"CONSOLIDADA";"";"Presencial";
"1222556";"02";"5755899";"";"";"40025";"GRADUAÇÃO";"Campus Central";"5G2";"2014";"1";"2014-01-27";"2014-06-14";"2N34 6N12";"35";"40";"REGULAR";"f";"2014-06-11 10:01:19.305";"f";"";"66";"CONSOLIDADA";"";"Presencial";
"1222557";"01";"5752377";"";"";"25507";"GRADUAÇÃO";"Campus Central";"1G1";"2014";"1";"2014-01-27";"2014-06-14";"6T5634";"60";"51";"REGULAR";"f";"2014-06-17 19:01:14.433";"f";"";"72";"CONSOLIDADA";"";"Presencial";
"1222558";"01";"5756612";"";"";"40026";"GRADUAÇÃO";"Campus Central";"5 G3";"2014";"1";"2014-01-27";"2014-06-14";"26M34";"53";"50";"REGULAR";"f";"2014-06-03 20:24:17.302";"f";"";"68";"CONSOLIDADA";"";"Presencial";
"1222560";"02";"5756625";"";"";"40026";"GRADUAÇÃO";"Campus Central";"5 G3";"2014";"1";"2014-01-27";"2014-06-14";"2N12 6N34";"49";"44";"REGULAR";"f";"2014-06-16 18:28:19.96";"f";"";"74";"CONSOLIDADA";"";"Presencial";
"1222561";"01";"5752471";"";"";"54253";"GRADUAÇÃO";"Campus Central";"HUOL";"2014";"1";"2014-01-27";"2014-06-14";"3M5";"2";"55";"REGULAR";"f";"2014-06-13 14:14:52.925";"f";"";"19";"CONSOLIDADA";"";"Presencial";
"1222561";"01";"5755243";"";"";"54253";"GRADUAÇÃO";"Campus Central";"HUOL";"2014";"1";"2014-01-27";"2014-06-14";"3M5";"2";"55";"REGULAR";"f";"2014-06-13 14:14:52.925";"f";"";"19";"CONSOLIDADA";"";"Presencial";
"1222561";"01";"16607";"";"";"54253";"GRADUAÇÃO";"Campus Central";"HUOL";"2014";"1";"2014-01-27";"2014-06-14";"3M5";"2";"55";"REGULAR";"f";"2014-06-13 14:14:52.925";"f";"";"19";"CONSOLIDADA";"";"Presencial";
"1222561";"01";"22923";"";"";"54253";"GRADUAÇÃO";"Campus Central";"HUOL";"2014";"1";"2014-01-27";"2014-06-14";"3M5";"2";"55";"REGULAR";"f";"2014-06-13 14:14:52.925";"f";"";"19";"CONSOLIDADA";"";"Presencial";
"1222561";"01";"22775";"";"";"54253";"GRADUAÇÃO";"Campus Central";"HUOL";"2014";"1";"2014-01-27";"2014-06-14";"3M5";"2";"55";"REGULAR";"f";"2014-06-13 14:14:52.925";"f";"";"19";"CONSOLIDADA";"";"Presencial";
"1222562";"02";"5753010";"";"";"40139";"GRADUAÇÃO";"Campus Central";"1G4";"2014";"1";"2014-01-27";"2014-06-14";"35N34";"53";"54";"REGULAR";"f";"2014-06-09 01:31:40.206";"f";"";"70";"CONSOLIDADA";"";"Presencial";
"1222563";"01";"16607";"";"";"54254";"GRADUAÇÃO";"Campus Central";"HUOL";"2014";"1";"2014-01-27";"2014-06-13";"3M6 4M56 (27/01/2014 - 13/06/2014)";"";"18";"REGULAR";"f";"2014-06-13 14:18:47.355";"f";"";"57";"CONSOLIDADA";"";"Presencial";
"1222563";"01";"5752471";"";"";"54254";"GRADUAÇÃO";"Campus Central";"HUOL";"2014";"1";"2014-01-27";"2014-06-13";"3M6 4M56 (27/01/2014 - 13/06/2014)";"";"18";"REGULAR";"f";"2014-06-13 14:18:47.355";"f";"";"57";"CONSOLIDADA";"";"Presencial";
"1222563";"01";"5755243";"";"";"54254";"GRADUAÇÃO";"Campus Central";"HUOL";"2014";"1";"2014-01-27";"2014-06-13";"3M6 4M56 (27/01/2014 - 13/06/2014)";"";"18";"REGULAR";"f";"2014-06-13 14:18:47.355";"f";"";"57";"CONSOLIDADA";"";"Presencial";
"1222564";"01";"5753018";"";"";"25509";"GRADUAÇÃO";"Campus Central";"1GIII";"2014";"1";"2014-01-27";"2014-06-14";"2T3456";"45";"40";"REGULAR";"f";"2014-06-11 15:24:46.056";"f";"";"72";"CONSOLIDADA";"";"Presencial";
"1222565";"02";"5755243";"";"";"54254";"GRADUAÇÃO";"Campus Central";"HUOL";"2014";"1";"2014-01-27";"2014-06-13";"3M6 4M56 (27/01/2014 - 13/06/2014)";"";"18";"REGULAR";"f";"2014-06-13 14:20:33.316";"f";"";"57";"CONSOLIDADA";"";"Presencial";
"1222565";"02";"5752471";"";"";"54254";"GRADUAÇÃO";"Campus Central";"HUOL";"2014";"1";"2014-01-27";"2014-06-13";"3M6 4M56 (27/01/2014 - 13/06/2014)";"";"18";"REGULAR";"f";"2014-06-13 14:20:33.316";"f";"";"57";"CONSOLIDADA";"";"Presencial";
"1222565";"02";"16607";"";"";"54254";"GRADUAÇÃO";"Campus Central";"HUOL";"2014";"1";"2014-01-27";"2014-06-13";"3M6 4M56 (27/01/2014 - 13/06/2014)";"";"18";"REGULAR";"f";"2014-06-13 14:20:33.316";"f";"";"57";"CONSOLIDADA";"";"Presencial";
"1222566";"02";"5755770";"";"";"25509";"GRADUAÇÃO";"Campus Central";"Anfiteatro das Aves";"2014";"1";"2014-01-27";"2014-06-14";"4N1234";"47";"40";"REGULAR";"f";"2014-06-10 17:13:10.449";"f";"";"68";"CONSOLIDADA";"";"Presencial";
"1222567";"01";"5753410";"";"";"2041851";"GRADUAÇÃO";"Campus Central";"1A3";"2014";"1";"2014-01-27";"2014-06-14";"6M34";"";"48";"REGULAR";"f";"";"f";"";"";"EXCLUÍDA";"";"Presencial";
"1222568";"03";"16607";"";"";"54254";"GRADUAÇÃO";"Campus Central";"HUOL";"2014";"1";"2014-01-27";"2014-06-13";"3M6 4M56 (27/01/2014 - 13/06/2014)";"2";"18";"REGULAR";"f";"2014-06-13 14:22:29.634";"f";"";"57";"CONSOLIDADA";"";"Presencial";
"1222568";"03";"5752471";"";"";"54254";"GRADUAÇÃO";"Campus Central";"HUOL";"2014";"1";"2014-01-27";"2014-06-13";"3M6 4M56 (27/01/2014 - 13/06/2014)";"2";"18";"REGULAR";"f";"2014-06-13 14:22:29.634";"f";"";"57";"CONSOLIDADA";"";"Presencial";
"1222568";"03";"5755243";"";"";"54254";"GRADUAÇÃO";"Campus Central";"HUOL";"2014";"1";"2014-01-27";"2014-06-13";"3M6 4M56 (27/01/2014 - 13/06/2014)";"2";"18";"REGULAR";"f";"2014-06-13 14:22:29.634";"f";"";"57";"CONSOLIDADA";"";"Presencial";
"1222569";"01";"5752505";"";"";"45994";"GRADUAÇÃO";"Campus Central";"-";"2014";"1";"2014-05-19";"2014-06-09";"2T56234 (19/05/2014 - 09/06/2014)";"";"50";"REGULAR";"f";"";"f";"";"";"EXCLUÍDA";"";"Presencial";
"1222570";"01";"5752480";"";"";"42116";"GRADUAÇÃO";"Campus Central";"NPJ";"2014";"1";"2014-01-27";"2014-06-14";"3M34 5M345 (27/01/2014 - 14/06/2014)";"49";"48";"REGULAR";"f";"2014-06-11 20:31:35.289";"f";"";"65";"CONSOLIDADA";"";"Presencial";
"1222571";"01";"";"102755680";"";"27076";"GRADUAÇÃO";"Campus Central";"4 A6";"2014";"1";"2014-01-27";"2014-06-14";"2M12";"12";"40";"REGULAR";"f";"2014-07-03 08:26:19.324";"f";"";"34";"CONSOLIDADA";"";"Presencial";
"1222572";"02";"5752513";"";"";"42116";"GRADUAÇÃO";"Campus Central";"NPJ";"2014";"1";"2014-01-27";"2014-06-14";"35T564 (27/01/2014 - 14/06/2014)";"47";"42";"REGULAR";"f";"2014-06-03 23:14:05.717";"f";"";"0";"CONSOLIDADA";"";"Presencial";
"1222573";"02";"5753036";"";"";"22023";"GRADUAÇÃO";"Campus Central";"1C3";"2014";"1";"2014-01-27";"2014-06-14";"4N34";"28";"53";"REGULAR";"f";"2014-06-12 12:02:50.812";"f";"";"36";"CONSOLIDADA";"";"Presencial";
"1222574";"06";"5755902";"";"";"42066";"GRADUAÇÃO";"Campus Central";"2-i-9";"2014";"1";"2014-01-27";"2014-06-14";"24T12";"33";"60";"REGULAR";"f";"2014-06-16 10:14:59.814";"f";"";"74";"CONSOLIDADA";"";"Presencial";
"1222575";"07";"5755902";"";"";"42066";"GRADUAÇÃO";"Campus Central";"2-i-9";"2014";"1";"2014-01-27";"2014-06-14";"36N12";"61";"60";"REGULAR";"f";"2014-06-16 10:20:40.597";"f";"";"76";"CONSOLIDADA";"";"Presencial";
"1222576";"01";"2258517";"";"";"53683";"GRADUAÇÃO";"Campus Central";"1G3";"2014";"1";"2014-01-27";"2014-06-14";"35M56";"27";"53";"REGULAR";"f";"2014-06-03 20:39:42.45";"f";"";"68";"CONSOLIDADA";"";"Presencial";
"1222577";"01";"5755902";"";"";"42067";"GRADUAÇÃO";"Campus Central";"3-A-1";"2014";"1";"2014-01-27";"2014-06-14";"35M12";"10";"20";"REGULAR";"f";"2014-06-13 11:38:13.562";"f";"";"74";"CONSOLIDADA";"";"Presencial";
"1222578";"02";"5756371";"";"";"42067";"GRADUAÇÃO";"Campus Central";"5G2";"2014";"1";"2014-01-27";"2014-06-14";"24T34";"27";"50";"REGULAR";"f";"2014-06-15 05:21:10.914";"f";"";"70";"CONSOLIDADA";"";"Presencial";
"1222579";"01";"23157";"";"";"2042152";"GRADUAÇÃO";"Campus Central";"1 E2";"2014";"1";"2014-01-27";"2014-06-14";"46M12";"55";"55";"REGULAR";"f";"2014-06-16 18:37:51.709";"f";"";"76";"CONSOLIDADA";"";"Presencial";
"1222579";"01";"5756625";"";"";"2042152";"GRADUAÇÃO";"Campus Central";"1 E2";"2014";"1";"2014-01-27";"2014-06-14";"46M12";"55";"55";"REGULAR";"f";"2014-06-16 18:37:51.709";"f";"";"76";"CONSOLIDADA";"";"Presencial";
"1222579";"01";"";"102755680";"";"2042152";"GRADUAÇÃO";"Campus Central";"1 E2";"2014";"1";"2014-01-27";"2014-06-14";"46M12";"55";"55";"REGULAR";"f";"2014-06-16 18:37:51.709";"f";"";"76";"CONSOLIDADA";"";"Presencial";
"1222580";"01";"5755547";"";"";"53726";"GRADUAÇÃO";"Campus Central";"1A2";"2014";"1";"2014-01-27";"2014-06-14";"34M12";"40";"50";"REGULAR";"f";"2014-06-04 18:39:19.363";"f";"";"72";"CONSOLIDADA";"";"Presencial";
"1222581";"01";"5753010";"";"";"22025";"GRADUAÇÃO";"Campus Central";"1G1";"2014";"1";"2014-01-27";"2014-06-14";"23M34";"68";"57";"REGULAR";"f";"2014-06-09 01:46:11.06";"f";"";"70";"CONSOLIDADA";"";"Presencial";
"1222582";"02";"";"103134799";"";"2042152";"GRADUAÇÃO";"Campus Central";"IE3";"2014";"1";"2014-01-27";"2014-06-14";"35N34";"58";"55";"REGULAR";"f";"2014-06-13 18:03:27.974";"f";"";"66";"CONSOLIDADA";"";"Presencial";
"1222583";"01";"5752486";"";"";"22024";"GRADUAÇÃO";"Campus Central";"1G3";"2014";"1";"2014-01-27";"2014-06-14";"3N12 5N1234";"51";"53";"REGULAR";"f";"2014-06-21 13:18:01.185";"f";"";"110";"CONSOLIDADA";"";"Presencial";
"1222584";"02";"3028953";"";"";"22022";"GRADUAÇÃO";"Campus Central";"1H6";"2014";"1";"2014-01-27";"2014-06-14";"24N34";"45";"53";"REGULAR";"f";"2014-06-18 12:28:32.53";"f";"";"68";"CONSOLIDADA";"";"Presencial";
"1222585";"01";"26135";"";"";"21932";"GRADUAÇÃO";"Campus Central";"1G1";"2014";"1";"2014-01-27";"2014-06-14";"3M12 5M34";"53";"53";"REGULAR";"f";"2014-06-21 10:38:24.358";"f";"";"66";"CONSOLIDADA";"";"Presencial";
"1222586";"02";"23664";"";"";"22820";"GRADUAÇÃO";"Campus Central";"1H4";"2014";"1";"2014-01-27";"2014-06-14";"24N12";"35";"53";"REGULAR";"f";"2014-06-13 12:37:30.818";"f";"";"66";"CONSOLIDADA";"";"Presencial";
"1222587";"02";"3028953";"";"";"22025";"GRADUAÇÃO";"Campus Central";"1G4";"2014";"1";"2014-01-27";"2014-06-14";"24N12";"47";"53";"REGULAR";"f";"2014-06-18 12:42:30.599";"f";"";"66";"CONSOLIDADA";"";"Presencial";
"1222588";"02";"26135";"";"";"21932";"GRADUAÇÃO";"Campus Central";"1G4";"2014";"1";"2014-01-27";"2014-06-14";"35N12";"50";"53";"REGULAR";"f";"2014-06-21 10:41:28.246";"f";"";"66";"CONSOLIDADA";"";"Presencial";
"1222590";"02";"5752390";"";"";"25304";"GRADUAÇÃO";"Campus Central";"1H6";"2014";"1";"2014-01-27";"2014-06-14";"24N12";"55";"58";"REGULAR";"f";"2014-06-10 13:25:43.601";"f";"";"66";"CONSOLIDADA";"";"Presencial";
"1222592";"01";"2302591";"";"";"21933";"GRADUAÇÃO";"Campus Central";"1G2";"2014";"1";"2014-01-27";"2014-06-14";"35M12";"54";"53";"REGULAR";"f";"2014-06-20 11:44:25.031";"f";"";"74";"CONSOLIDADA";"";"Presencial";
"1222594";"02";"17440";"";"";"21933";"GRADUAÇÃO";"Campus Central";"1A2";"2014";"1";"2014-01-27";"2014-06-14";"35N12";"42";"53";"REGULAR";"f";"2014-06-25 16:40:29.467";"f";"";"70";"CONSOLIDADA";"";"Presencial";
"1222595";"02";"22947";"";"";"22029";"GRADUAÇÃO";"Campus Central";"1C3";"2014";"1";"2014-01-27";"2014-06-14";"6N1234";"43";"53";"REGULAR";"f";"2014-06-21 05:41:28.471";"f";"";"72";"CONSOLIDADA";"";"Presencial";
"1222596";"03";"5752390";"";"";"22028";"GRADUAÇÃO";"Campus Central";"1G4";"2014";"1";"2014-01-27";"2014-06-14";"24N34";"58";"62";"REGULAR";"f";"2014-06-10 13:44:00.241";"f";"";"68";"CONSOLIDADA";"";"Presencial";
"1222597";"01";"2302591";"";"";"21938";"GRADUAÇÃO";"Campus Central";"1G3";"2014";"1";"2014-01-27";"2014-06-14";"26M12";"62";"57";"REGULAR";"f";"2014-06-20 11:46:47.493";"f";"";"74";"CONSOLIDADA";"";"Presencial";
"1222598";"02";"17440";"";"";"21938";"GRADUAÇÃO";"Campus Central";"1G1";"2014";"1";"2014-01-27";"2014-06-14";"24N12";"49";"53";"REGULAR";"f";"2014-06-26 15:19:32.867";"f";"";"70";"CONSOLIDADA";"";"Presencial";
"1222599";"02";"22906";"";"";"42095";"GRADUAÇÃO";"Campus Central";"-";"2014";"1";"2014-03-11";"2014-04-08";"3T2345 (11/03/2014 - 08/04/2014)";"11";"50";"REGULAR";"f";"2014-06-10 08:51:45.625";"f";"";"20";"CONSOLIDADA";"";"Presencial";
"1222600";"03";"5752505";"";"";"42111";"GRADUAÇÃO";"Campus Central";"-";"2014";"1";"2014-04-01";"2014-05-03";"7M2345 (01/04/2014 - 03/05/2014)";"77";"60";"REGULAR";"f";"2014-06-18 16:32:30.935";"f";"";"0";"CONSOLIDADA";"";"Presencial";
"1222601";"02";"17628";"";"";"26989";"GRADUAÇÃO";"Campus Central";"DOL - Sala do Prof. Guilherme";"2014";"1";"2014-01-27";"2014-06-14";"26M23";"5";"10";"REGULAR";"f";"2014-06-21 22:20:04.629";"f";"";"66";"CONSOLIDADA";"";"Presencial";
"1222602";"01";"62247";"";"";"27015";"GRADUAÇÃO";"Campus Central";"DOL - Sala 01";"2014";"1";"2014-01-27";"2014-06-14";"6M2345";"11";"30";"REGULAR";"f";"2014-06-16 09:51:10.429";"f";"";"72";"CONSOLIDADA";"";"Presencial";
"1222603";"01";"18934";"";"";"27010";"GRADUAÇÃO";"Campus Central";"DOL - Sala 05";"2014";"1";"2014-01-27";"2014-06-14";"2M45";"7";"50";"REGULAR";"f";"2014-06-18 15:53:16.193";"f";"";"36";"CONSOLIDADA";"";"Presencial";
"1222604";"01";"26068";"";"";"21934";"GRADUAÇÃO";"Campus Central";"1G4";"2014";"1";"2014-01-27";"2014-06-14";"4M12 6M34";"";"53";"REGULAR";"f";"";"f";"";"";"EXCLUÍDA";"";"Presencial";
"1222605";"01";"19198";"";"";"21888";"GRADUAÇÃO";"Campus Central";"DOL - Sala 04";"2014";"1";"2014-01-27";"2014-06-14";"4T123";"5";"35";"REGULAR";"f";"2014-06-20 13:09:50.127";"f";"";"57";"CONSOLIDADA";"";"Presencial";
"1222606";"02";"26068";"";"";"21934";"GRADUAÇÃO";"Campus Central";"1H6";"2014";"1";"2014-01-27";"2014-06-14";"35N34";"40";"53";"REGULAR";"f";"2014-06-23 20:59:35.479";"f";"";"66";"CONSOLIDADA";"";"Presencial";
"1222607";"01";"5755547";"";"";"21935";"GRADUAÇÃO";"Campus Central";"1A1";"2014";"1";"2014-01-27";"2014-06-14";"3M56 4M34";"38";"53";"REGULAR";"f";"2014-06-04 18:33:16.069";"f";"";"68";"CONSOLIDADA";"";"Presencial";
"1222608";"02";"5752513";"";"";"21935";"GRADUAÇÃO";"Campus Central";"1A3";"2014";"1";"2014-01-27";"2014-06-14";"35N34";"52";"53";"REGULAR";"f";"2014-06-14 22:58:21.079";"f";"";"74";"CONSOLIDADA";"";"Presencial";
"1222609";"01";"22080";"";"";"21939";"GRADUAÇÃO";"Campus Central";"1A2";"2014";"1";"2014-01-27";"2014-06-14";"5M12";"49";"53";"REGULAR";"f";"2014-06-06 10:37:27.782";"f";"";"34";"CONSOLIDADA";"";"Presencial";
"1222610";"01";"17897";"";"";"27026";"GRADUAÇÃO";"Campus Central";"DOL - Sala 02";"2014";"1";"2014-01-27";"2014-06-14";"6M2345";"19";"35";"REGULAR";"f";"2014-06-13 13:59:19.688";"f";"";"76";"CONSOLIDADA";"";"Presencial";
"1222611";"02";"22080";"";"";"21939";"GRADUAÇÃO";"Campus Central";"1h1";"2014";"1";"2014-01-27";"2014-06-14";"5N12";"76";"56";"REGULAR";"f";"2014-06-06 11:04:43.79";"f";"";"34";"CONSOLIDADA";"";"Presencial";
"1222612";"01";"25994";"";"";"21987";"GRADUAÇÃO";"Campus Central";"1A3";"2014";"1";"2014-01-27";"2014-06-14";"35M12";"41";"53";"REGULAR";"f";"2014-06-03 09:25:07.029";"f";"";"66";"CONSOLIDADA";"";"Presencial";
"1222613";"01";"";"90191452";"";"41332";"GRADUAÇÃO";"Campus Central";"DOL - Sala 01";"2014";"1";"2014-01-27";"2014-06-14";"35M23";"18";"35";"REGULAR";"f";"2014-06-18 20:24:43.502";"f";"";"74";"CONSOLIDADA";"";"Presencial";
"1222614";"01";"19198";"";"";"41343";"GRADUAÇÃO";"Campus Central";"Centro de Biociências - Sala Mandacarú";"2014";"1";"2014-01-27";"2014-06-14";"24T56";"13";"30";"REGULAR";"f";"2014-06-20 13:02:35.923";"f";"";"74";"CONSOLIDADA";"";"Presencial";
"1222615";"01";"17728";"";"";"20397";"GRADUAÇÃO";"Campus Central";"Departamento de Oceanografia e Limnologia";"2014";"1";"2014-01-27";"2014-06-14";"35T23";"";"20";"REGULAR";"f";"";"f";"";"";"EXCLUÍDA";"";"Presencial";
"1222616";"01";"22723";"";"";"22790";"GRADUAÇÃO";"Campus Central";"DOL - Sala 04";"2014";"1";"2014-01-27";"2014-06-14";"35M12";"1";"20";"REGULAR";"f";"2014-06-12 11:58:46.931";"f";"";"66";"CONSOLIDADA";"";"Presencial";
"1222617";"01";"5752274";"";"";"46081";"GRADUAÇÃO";"Campus Caicó";"B-10";"2014";"1";"2014-01-27";"2014-06-14";"4M34 5M1234";"0";"40";"REGULAR";"f";"";"f";"";"";"EXCLUÍDA";"";"Presencial";
"1222618";"02";"25994";"";"";"21987";"GRADUAÇÃO";"Campus Central";"1D2";"2014";"1";"2014-01-27";"2014-06-14";"2N12 4N34";"37";"53";"REGULAR";"f";"2014-06-03 10:44:55.577";"f";"";"66";"CONSOLIDADA";"";"Presencial";
"1222621";"02";"5755936";"";"";"46327";"GRADUAÇÃO";"Campus Central";"Setor I Sala A-2";"2014";"1";"2014-01-27";"2014-06-14";"6N34 (27/01/2014 - 14/06/2014)";"37";"50";"REGULAR";"f";"2014-07-10 07:46:08.853";"f";"";"32";"CONSOLIDADA";"";"Presencial";
"1222622";"01";"22905";"";"";"21936";"GRADUAÇÃO";"Campus Central";"1G2";"2014";"1";"2014-01-27";"2014-06-14";"26M12";"53";"53";"REGULAR";"f";"2014-06-09 08:59:06.206";"f";"";"70";"CONSOLIDADA";"";"Presencial";
"1222625";"01";"";"96823323";"";"48705";"TÉCNICO";"";"sala 05";"2014";"1";"2014-01-28";"2014-06-10";"3M123";"";"35";"REGULAR";"f";"2014-06-09 11:12:06.63";"f";"";"54";"CONSOLIDADA";"";"Presencial";
"1222625";"01";"5752876";"";"";"48705";"TÉCNICO";"";"sala 05";"2014";"1";"2014-01-28";"2014-06-10";"3M123";"";"35";"REGULAR";"f";"2014-06-09 11:12:06.63";"f";"";"54";"CONSOLIDADA";"";"Presencial";
"1222626";"01";"5755587";"";"";"26600";"GRADUAÇÃO";"Campus Central";"Sala Carnaúba, 1º andar, 3ª sala - anexo novo CB";"2014";"1";"2014-01-27";"2014-06-14";"2T345 4T34";"10";"40";"REGULAR";"f";"2014-06-21 08:24:29.396";"f";"";"90";"CONSOLIDADA";"";"Presencial";
"1222626";"01";"22894";"";"";"26600";"GRADUAÇÃO";"Campus Central";"Sala Carnaúba, 1º andar, 3ª sala - anexo novo CB";"2014";"1";"2014-01-27";"2014-06-14";"2T345 4T34";"10";"40";"REGULAR";"f";"2014-06-21 08:24:29.396";"f";"";"90";"CONSOLIDADA";"";"Presencial";
"1222627";"02";"22905";"";"";"21936";"GRADUAÇÃO";"Campus Central";"1G1";"2014";"1";"2014-01-27";"2014-06-14";"24N34";"39";"53";"REGULAR";"f";"2014-06-09 09:07:45.248";"f";"";"70";"CONSOLIDADA";"";"Presencial";
"1222628";"01";"26020";"";"";"24264";"GRADUAÇÃO";"Campus Central";"Sala Umbuzeiro, térreo, 4ª sala, anexo novo CB";"2014";"1";"2014-01-27";"2014-06-14";"2345M12";"37";"45";"REGULAR";"f";"2014-06-14 15:58:06.835";"f";"";"148";"CONSOLIDADA";"";"Presencial";
"1222628";"01";"22014";"";"";"24264";"GRADUAÇÃO";"Campus Central";"Sala Umbuzeiro, térreo, 4ª sala, anexo novo CB";"2014";"1";"2014-01-27";"2014-06-14";"2345M12";"37";"45";"REGULAR";"f";"2014-06-14 15:58:06.835";"f";"";"148";"CONSOLIDADA";"";"Presencial";
"1222628";"01";"5755587";"";"";"24264";"GRADUAÇÃO";"Campus Central";"Sala Umbuzeiro, térreo, 4ª sala, anexo novo CB";"2014";"1";"2014-01-27";"2014-06-14";"2345M12";"37";"45";"REGULAR";"f";"2014-06-14 15:58:06.835";"f";"";"148";"CONSOLIDADA";"";"Presencial";
"1222629";"01";"22091";"";"";"48706";"TÉCNICO";"";"sala 05";"2014";"1";"2014-01-27";"2014-06-09";"2M45";"";"35";"REGULAR";"f";"2014-07-27 17:40:35.852";"f";"";"34";"CONSOLIDADA";"";"Presencial";
"1222630";"01";"17582";"";"";"20980";"GRADUAÇÃO";"Campus Central";"Sala Mandacaru, térreo, 3º sala - anexo novo CB";"2014";"1";"2014-01-27";"2014-06-14";"2345M34";"83";"50";"REGULAR";"f";"2014-06-18 15:49:30.47";"f";"";"136";"CONSOLIDADA";"";"Presencial";
"1222630";"01";"5752768";"";"";"20980";"GRADUAÇÃO";"Campus Central";"Sala Mandacaru, térreo, 3º sala - anexo novo CB";"2014";"1";"2014-01-27";"2014-06-14";"2345M34";"83";"50";"REGULAR";"f";"2014-06-18 15:49:30.47";"f";"";"136";"CONSOLIDADA";"";"Presencial";
"1222631";"02";"5755587";"";"";"20980";"GRADUAÇÃO";"Campus Central";"Sala Mandacaru, térreo, 3º sala - anexo novo CB";"2014";"1";"2014-01-27";"2014-06-14";"2346N12";"49";"50";"REGULAR";"f";"2014-06-11 07:55:14.632";"f";"";"144";"CONSOLIDADA";"";"Presencial";
"1222631";"02";"22014";"";"";"20980";"GRADUAÇÃO";"Campus Central";"Sala Mandacaru, térreo, 3º sala - anexo novo CB";"2014";"1";"2014-01-27";"2014-06-14";"2346N12";"49";"50";"REGULAR";"f";"2014-06-11 07:55:14.632";"f";"";"144";"CONSOLIDADA";"";"Presencial";
"1222631";"02";"5755914";"";"";"20980";"GRADUAÇÃO";"Campus Central";"Sala Mandacaru, térreo, 3º sala - anexo novo CB";"2014";"1";"2014-01-27";"2014-06-14";"2346N12";"49";"50";"REGULAR";"f";"2014-06-11 07:55:14.632";"f";"";"144";"CONSOLIDADA";"";"Presencial";
"1222632";"02";"22769";"";"";"46339";"GRADUAÇÃO";"Campus Central";"Setor I Sala A-3";"2014";"1";"2014-01-27";"2014-06-14";"4N34 (27/01/2014 - 14/06/2014)";"46";"50";"REGULAR";"f";"2014-06-19 14:54:11.48";"f";"";"38";"CONSOLIDADA";"";"Presencial";
"1222633";"01";"5752872";"";"";"48707";"TÉCNICO";"";"sala 05";"2014";"1";"2014-01-31";"2014-06-13";"6M2345";"";"35";"REGULAR";"f";"2014-06-20 09:18:23.277";"f";"";"76";"CONSOLIDADA";"";"Presencial";
"1222634";"01";"5753657";"";"";"41821";"GRADUAÇÃO";"Campus Central";"4A3";"2014";"1";"2014-01-27";"2014-06-14";"24N12";"26";"25";"REGULAR";"f";"2014-06-17 12:27:27.982";"f";"";"72";"CONSOLIDADA";"";"Presencial";
"1222635";"01";"26144";"";"";"24957";"GRADUAÇÃO";"Campus Central";"Sala Umbuzeiro, térreo, 4ª sala, anexo novo CB";"2014";"1";"2014-01-27";"2014-06-14";"24T34";"55";"38";"REGULAR";"f";"2014-06-18 10:39:06.001";"f";"";"74";"CONSOLIDADA";"";"Presencial";
"1222636";"02";"5756398";"";"";"46342";"GRADUAÇÃO";"Campus Central";"Setor I Sala B-4";"2014";"1";"2014-01-27";"2014-06-14";"4N1234 6N34";"42";"50";"REGULAR";"f";"2014-06-13 11:19:30.057";"f";"";"114";"CONSOLIDADA";"";"Presencial";
"1222637";"01";"5754609";"";"";"41824";"GRADUAÇÃO";"Campus Central";"4A4";"2014";"1";"2014-01-27";"2014-06-14";"35N12";"78";"52";"REGULAR";"f";"2014-06-19 23:10:24.164";"f";"";"66";"CONSOLIDADA";"";"Presencial";
"1222638";"02";"26144";"";"";"24957";"GRADUAÇÃO";"Campus Central";"Sala Umbuzeiro, térreo, 4ª sala, anexo novo CB";"2014";"1";"2014-01-27";"2014-06-14";"35N12";"35";"35";"REGULAR";"f";"2014-06-18 10:40:41.051";"f";"";"72";"CONSOLIDADA";"";"Presencial";
"1222640";"02";"5756098";"";"";"46346";"GRADUAÇÃO";"Campus Central";"Setor I Sala D-3";"2014";"1";"2014-01-27";"2014-06-14";"6N1234";"37";"50";"REGULAR";"f";"2014-06-19 16:31:01.322";"f";"";"76";"CONSOLIDADA";"";"Presencial";
"1222641";"01";"22894";"";"";"24956";"GRADUAÇÃO";"Campus Central";"Sala Catolé, 1º andar, 5ª sala - anexo novo CB";"2014";"1";"2014-01-27";"2014-06-14";"24M34";"21";"35";"REGULAR";"f";"2014-06-18 13:03:26.643";"f";"";"72";"CONSOLIDADA";"";"Presencial";
"1222641";"01";"5755587";"";"";"24956";"GRADUAÇÃO";"Campus Central";"Sala Catolé, 1º andar, 5ª sala - anexo novo CB";"2014";"1";"2014-01-27";"2014-06-14";"24M34";"21";"35";"REGULAR";"f";"2014-06-18 13:03:26.643";"f";"";"72";"CONSOLIDADA";"";"Presencial";
"1222642";"02";"22948";"";"";"46348";"GRADUAÇÃO";"Campus Central";"Setor I Sala H-1";"2014";"1";"2014-01-27";"2014-06-14";"2N1234";"78";"50";"REGULAR";"f";"2014-06-21 07:59:28.242";"f";"";"68";"CONSOLIDADA";"";"Presencial";
"1222643";"01";"75734";"";"";"48699";"TÉCNICO";"";"sala 05";"2014";"1";"2014-01-30";"2014-06-12";"3T1234";"";"35";"REGULAR";"f";"2014-06-16 16:17:40.824";"f";"";"72";"CONSOLIDADA";"";"Presencial";
"1222644";"01";"5753107";"";"";"46654";"GRADUAÇÃO";"Campus Central";"4A9";"2014";"1";"2014-01-27";"2014-06-14";"4M1234";"26";"45";"REGULAR";"f";"2014-06-21 11:17:42.137";"f";"";"76";"CONSOLIDADA";"";"Presencial";
"1222645";"01";"5753340";"";"";"46652";"GRADUAÇÃO";"Campus Central";"4A10";"2014";"1";"2014-01-27";"2014-06-14";"2M34 4M56";"22";"45";"REGULAR";"f";"2014-06-12 08:35:09.843";"f";"";"70";"CONSOLIDADA";"";"Presencial";
"1222646";"01";"5755344";"";"";"41822";"GRADUAÇÃO";"Campus Central";"4C1";"2014";"1";"2014-01-27";"2014-06-14";"35T56";"28";"27";"REGULAR";"f";"2014-06-12 13:16:22.052";"f";"";"66";"CONSOLIDADA";"";"Presencial";
"1222647";"01";"5755957";"";"";"46653";"GRADUAÇÃO";"Campus Central";"4A10";"2014";"1";"2014-01-27";"2014-06-14";"23M56";"31";"45";"REGULAR";"f";"2014-06-08 17:19:02.483";"f";"";"68";"CONSOLIDADA";"";"Presencial";
"1222648";"01";"5754609";"";"";"41826";"GRADUAÇÃO";"Campus Central";"4C1";"2014";"1";"2014-01-27";"2014-06-14";"24N12";"28";"26";"REGULAR";"f";"2014-06-19 23:05:05.987";"f";"";"66";"CONSOLIDADA";"";"Presencial";
"1222649";"01";"5753068";"";"";"46650";"GRADUAÇÃO";"Campus Central";"4B3";"2014";"1";"2014-01-27";"2014-06-14";"3M1234";"22";"45";"REGULAR";"f";"2014-06-10 10:54:37.97";"f";"";"76";"CONSOLIDADA";"";"Presencial";
"1222650";"01";"5753343";"";"";"46655";"GRADUAÇÃO";"Campus Central";"4B3";"2014";"1";"2014-01-27";"2014-06-14";"5M3456";"30";"45";"REGULAR";"f";"2014-06-20 16:37:25.905";"f";"";"68";"CONSOLIDADA";"";"Presencial";
"1222651";"01";"5753604";"";"";"41825";"GRADUAÇÃO";"Campus Central";"4A5";"2014";"1";"2014-01-27";"2014-06-14";"35N12";"29";"29";"REGULAR";"f";"2014-06-15 21:03:44.03";"f";"";"65";"CONSOLIDADA";"";"Presencial";
"1222652";"01";"5756300";"";"";"46658";"GRADUAÇÃO";"Campus Central";"4B2";"2014";"1";"2014-01-27";"2014-06-14";"35T34";"8";"20";"REGULAR";"f";"2014-06-18 16:07:55.74";"f";"";"66";"CONSOLIDADA";"";"Presencial";
"1222652";"01";"17864";"";"";"46658";"GRADUAÇÃO";"Campus Central";"4B2";"2014";"1";"2014-01-27";"2014-06-14";"35T34";"8";"20";"REGULAR";"f";"2014-06-18 16:07:55.74";"f";"";"66";"CONSOLIDADA";"";"Presencial";
"1222653";"01";"75734";"";"";"48708";"TÉCNICO";"";"sala 05";"2014";"1";"2014-01-28";"2014-06-10";"3M45";"";"35";"REGULAR";"f";"2014-06-16 16:13:01.052";"f";"";"36";"CONSOLIDADA";"";"Presencial";
"1222654";"01";"5753340";"";"";"46659";"GRADUAÇÃO";"Campus Central";"4A6";"2014";"1";"2014-01-27";"2014-06-14";"26T34";"8";"20";"REGULAR";"f";"2014-06-12 08:36:47.51";"f";"";"72";"CONSOLIDADA";"";"Presencial";
"1222655";"01";"5756699";"";"";"46661";"GRADUAÇÃO";"Campus Central";"4A3";"2014";"1";"2014-01-27";"2014-06-14";"24T56";"7";"20";"REGULAR";"f";"2014-06-20 11:46:32.49";"f";"";"70";"CONSOLIDADA";"";"Presencial";
"1222656";"01";"5753343";"";"";"46660";"GRADUAÇÃO";"Campus Central";"4B4";"2014";"1";"2014-01-27";"2014-06-14";"4T34 6T12";"11";"20";"REGULAR";"f";"2014-06-06 17:02:05.839";"f";"";"72";"CONSOLIDADA";"";"Presencial";
"1222657";"01";"5752909";"";"";"48710";"TÉCNICO";"";"sala 05";"2014";"1";"2014-01-30";"2014-06-12";"5M45";"";"35";"REGULAR";"f";"2014-07-26 21:04:22.841";"f";"";"36";"CONSOLIDADA";"";"Presencial";
"1222658";"01";"5754324";"";"";"46663";"GRADUAÇÃO";"Campus Central";"4A8";"2014";"1";"2014-01-27";"2014-06-14";"35M56";"6";"20";"REGULAR";"f";"2014-06-14 21:05:24.888";"f";"";"68";"CONSOLIDADA";"";"Presencial";
"1222658";"01";"5756001";"";"";"46663";"GRADUAÇÃO";"Campus Central";"4A8";"2014";"1";"2014-01-27";"2014-06-14";"35M56";"6";"20";"REGULAR";"f";"2014-06-14 21:05:24.888";"f";"";"68";"CONSOLIDADA";"";"Presencial";
"1222659";"01";"5753658";"";"";"45161";"GRADUAÇÃO";"Campus Central";"4A4";"2014";"1";"2014-01-27";"2014-06-14";"35N12";"8";"30";"REGULAR";"f";"2014-06-12 08:32:36.994";"f";"";"68";"CONSOLIDADA";"";"Presencial";
"1222660";"01";"5752169";"";"";"46701";"GRADUAÇÃO";"Campus Central";"4G5";"2014";"1";"2014-01-27";"2014-06-14";"4M345";"7";"20";"REGULAR";"f";"2014-06-09 23:12:09.634";"f";"";"51";"CONSOLIDADA";"";"Presencial";
"1222661";"01";"5753347";"";"";"46700";"GRADUAÇÃO";"Campus Central";"4A5";"2014";"1";"2014-01-27";"2014-06-14";"56T56";"1";"20";"REGULAR";"f";"2014-06-10 10:56:08.889";"f";"";"68";"CONSOLIDADA";"";"Presencial";
"1222662";"01";"24222";"";"";"48711";"TÉCNICO";"";"sala 05";"2014";"1";"2014-01-30";"2014-06-12";"5M123";"";"35";"REGULAR";"f";"2014-06-13 23:45:21.848";"f";"";"51";"CONSOLIDADA";"";"Presencial";
"1222663";"01";"5753545";"";"";"46698";"GRADUAÇÃO";"Campus Central";"4G4";"2014";"1";"2014-01-27";"2014-06-14";"2N123";"2";"20";"REGULAR";"f";"2014-06-12 12:19:08.785";"f";"";"57";"CONSOLIDADA";"";"Presencial";
"1222664";"01";"23685";"";"";"45121";"GRADUAÇÃO";"Campus Central";"4E3";"2014";"1";"2014-01-27";"2014-06-14";"35T56";"10";"25";"REGULAR";"f";"2014-06-05 23:09:06.549";"f";"";"66";"CONSOLIDADA";"";"Presencial";
"1222665";"01";"5751764";"";"";"48836";"TÉCNICO";"";"sala 05";"2014";"1";"2014-01-27";"2014-06-09";"2M23";"";"35";"REGULAR";"f";"2014-06-13 21:51:10.049";"f";"";"36";"CONSOLIDADA";"";"Presencial";
"1222666";"01";"5755584";"";"";"46697";"GRADUAÇÃO";"Campus Central";"4A1";"2014";"1";"2014-01-27";"2014-06-14";"24T56";"10";"20";"REGULAR";"f";"2014-06-20 19:57:53.488";"f";"";"74";"CONSOLIDADA";"";"Presencial";
"1222666";"01";"17864";"";"";"46697";"GRADUAÇÃO";"Campus Central";"4A1";"2014";"1";"2014-01-27";"2014-06-14";"24T56";"10";"20";"REGULAR";"f";"2014-06-20 19:57:53.488";"f";"";"74";"CONSOLIDADA";"";"Presencial";
"1222666";"01";"19085";"";"";"46697";"GRADUAÇÃO";"Campus Central";"4A1";"2014";"1";"2014-01-27";"2014-06-14";"24T56";"10";"20";"REGULAR";"f";"2014-06-20 19:57:53.488";"f";"";"74";"CONSOLIDADA";"";"Presencial";
"1222666";"01";"5753107";"";"";"46697";"GRADUAÇÃO";"Campus Central";"4A1";"2014";"1";"2014-01-27";"2014-06-14";"24T56";"10";"20";"REGULAR";"f";"2014-06-20 19:57:53.488";"f";"";"74";"CONSOLIDADA";"";"Presencial";
"1222667";"01";"5755606";"";"";"46665";"GRADUAÇÃO";"Campus Central";"4A4";"2014";"1";"2014-01-27";"2014-06-14";"26M56";"15";"20";"REGULAR";"f";"2014-06-09 22:25:49.387";"f";"";"66";"CONSOLIDADA";"";"Presencial";
"1222668";"01";"5755344";"";"";"45140";"GRADUAÇÃO";"Campus Central";"4A4";"2014";"1";"2014-01-27";"2014-06-14";"24N34";"13";"30";"REGULAR";"f";"2014-06-12 13:10:39.921";"f";"";"66";"CONSOLIDADA";"";"Presencial";
"1222669";"01";"5753604";"";"";"45154";"GRADUAÇÃO";"Campus Central";"4A5";"2014";"1";"2014-01-27";"2014-06-14";"35N34";"3";"25";"REGULAR";"f";"2014-06-11 17:02:39.912";"f";"";"68";"CONSOLIDADA";"";"Presencial";
"1222670";"01";"23685";"";"";"45123";"GRADUAÇÃO";"Campus Central";"4A4";"2014";"1";"2014-01-27";"2014-06-14";"6N1234";"12";"25";"REGULAR";"f";"2014-06-05 23:03:56.906";"f";"";"68";"CONSOLIDADA";"";"Presencial";
"1222671";"02";"24222";"";"";"48711";"TÉCNICO";"";"sala 05";"2014";"1";"2014-01-30";"2014-06-12";"5T123";"";"35";"REGULAR";"f";"2014-06-13 23:47:38.14";"f";"";"27";"CONSOLIDADA";"";"Presencial";
"1222672";"01";"5755344";"";"";"45141";"GRADUAÇÃO";"Campus Central";"4A4";"2014";"1";"2014-01-27";"2014-06-14";"24N12";"2";"30";"REGULAR";"f";"2014-06-11 09:44:04.642";"f";"";"66";"CONSOLIDADA";"";"Presencial";
"1222673";"01";"17277";"";"";"45146";"GRADUAÇÃO";"Campus Central";"4A6";"2014";"1";"2014-01-27";"2014-06-14";"35T34";"12";"30";"REGULAR";"f";"2014-06-09 17:32:44.662";"f";"";"66";"CONSOLIDADA";"";"Presencial";
"1222674";"01";"5752909";"";"";"48709";"TÉCNICO";"";"sala 05";"2014";"1";"2014-01-30";"2014-06-12";"6T123";"";"35";"REGULAR";"f";"2014-07-28 18:50:32.069";"f";"";"54";"CONSOLIDADA";"";"Presencial";
"1222675";"01";"22742";"";"";"20632";"GRADUAÇÃO";"Campus Central";"4A3";"2014";"1";"2014-01-27";"2014-06-14";"6M1234";"19";"30";"REGULAR";"f";"2014-06-20 09:41:16.141";"f";"";"68";"CONSOLIDADA";"";"Presencial";
"1222676";"02";"5754261";"";"";"51570";"GRADUAÇÃO";"Campus Central";"Catolé";"2014";"1";"2014-01-27";"2014-06-14";"35T34";"1";"25";"REGULAR";"f";"2014-06-26 20:41:01.802";"f";"";"74";"CONSOLIDADA";"";"Presencial";
"1222677";"02";"5756280";"";"";"20646";"GRADUAÇÃO";"Campus Central";"4G5";"2014";"1";"2014-01-27";"2014-06-14";"4T234";"19";"45";"REGULAR";"f";"2014-06-14 18:59:07.467";"f";"";"51";"CONSOLIDADA";"";"Presencial";
"1222677";"02";"5755731";"";"";"20646";"GRADUAÇÃO";"Campus Central";"4G5";"2014";"1";"2014-01-27";"2014-06-14";"4T234";"19";"45";"REGULAR";"f";"2014-06-14 18:59:07.467";"f";"";"51";"CONSOLIDADA";"";"Presencial";
"1222678";"01";"5755601";"";"";"25778";"GRADUAÇÃO";"Campus Central";"a definir";"2014";"1";"2014-01-27";"2014-06-14";"35N34";"54";"60";"REGULAR";"f";"2014-06-22 15:18:08.738";"f";"";"68";"CONSOLIDADA";"";"Presencial";
"1222679";"01";"5755906";"";"";"46734";"GRADUAÇÃO";"Campus Central";"4B1";"2014";"1";"2014-01-27";"2014-06-14";"35M12";"56";"60";"REGULAR";"f";"2014-06-09 20:37:36.037";"f";"";"66";"CONSOLIDADA";"";"Presencial";
"1222679";"01";"5753631";"";"";"46734";"GRADUAÇÃO";"Campus Central";"4B1";"2014";"1";"2014-01-27";"2014-06-14";"35M12";"56";"60";"REGULAR";"f";"2014-06-09 20:37:36.037";"f";"";"66";"CONSOLIDADA";"";"Presencial";
"1222680";"02";"17907";"";"";"47021";"GRADUAÇÃO";"Campus Central";"4A4";"2014";"1";"2014-01-27";"2014-06-14";"35T34";"16";"30";"REGULAR";"f";"2014-06-04 09:32:38.274";"f";"";"66";"CONSOLIDADA";"";"Presencial";
"1222681";"01";"5756415";"";"";"24077";"GRADUAÇÃO";"Campus Central";"2H6";"2014";"1";"2014-01-27";"2014-06-14";"6N1234";"35";"52";"REGULAR";"f";"2014-06-03 16:45:48.742";"f";"";"68";"CONSOLIDADA";"";"Presencial";
"1222682";"01";"5755532";"";"";"26078";"GRADUAÇÃO";"Campus Central";"4 A10";"2014";"1";"2014-01-27";"2014-06-14";"35T12";"26";"25";"REGULAR";"f";"2014-06-03 09:04:08.996";"f";"";"66";"CONSOLIDADA";"";"Presencial";
"1222683";"01";"5756339";"";"";"28189";"GRADUAÇÃO";"Campus Central";"Depto Saude Coletiva  Sala 01  1º andar";"2014";"1";"2014-01-27";"2014-06-14";"4N1234";"43";"53";"REGULAR";"f";"2014-06-12 06:15:38.99";"f";"";"68";"CONSOLIDADA";"";"Presencial";
"1222683";"01";"5754608";"";"";"28189";"GRADUAÇÃO";"Campus Central";"Depto Saude Coletiva  Sala 01  1º andar";"2014";"1";"2014-01-27";"2014-06-14";"4N1234";"43";"53";"REGULAR";"f";"2014-06-12 06:15:38.99";"f";"";"68";"CONSOLIDADA";"";"Presencial";
"1222684";"01";"19112";"";"";"28119";"GRADUAÇÃO";"Campus Central";"2E2";"2014";"1";"2014-01-27";"2014-06-14";"3T3456";"40";"43";"REGULAR";"f";"2014-06-11 13:26:41.933";"f";"";"68";"CONSOLIDADA";"";"Presencial";
"1222685";"01";"5753656";"";"";"47035";"GRADUAÇÃO";"Campus Central";"4I3";"2014";"1";"2014-01-27";"2014-06-14";"24T23";"8";"10";"REGULAR";"f";"2014-06-19 14:07:20.168";"f";"";"74";"CONSOLIDADA";"";"Presencial";
"1222686";"01";"5755254";"";"";"28121";"GRADUAÇÃO";"Campus Central";"3B4";"2014";"1";"2014-01-27";"2014-06-14";"24N34";"15";"45";"REGULAR";"f";"2014-06-11 23:17:31.879";"f";"";"66";"CONSOLIDADA";"";"Presencial";
"1222687";"01";"19112";"";"";"24851";"GRADUAÇÃO";"Campus Central";"a definir";"2014";"1";"2014-01-27";"2014-06-14";"35M34";"70";"55";"REGULAR";"f";"2014-06-11 13:18:04.049";"f";"";"66";"CONSOLIDADA";"";"Presencial";
"1222688";"02";"5756232";"";"";"24851";"GRADUAÇÃO";"Campus Central";"a definir";"2014";"1";"2014-01-27";"2014-06-14";"24N12";"71";"55";"REGULAR";"f";"2014-06-17 17:45:11.867";"f";"";"70";"CONSOLIDADA";"";"Presencial";
"1222689";"03";"5755254";"";"";"24851";"GRADUAÇÃO";"Campus Central";"2E3";"2014";"1";"2014-01-27";"2014-06-14";"35T34";"33";"35";"REGULAR";"f";"2014-06-11 23:28:34.255";"f";"";"66";"CONSOLIDADA";"";"Presencial";
"1222690";"01";"17990";"";"";"25770";"GRADUAÇÃO";"Campus Central";"a definir";"2014";"1";"2014-01-27";"2014-06-14";"35T34";"44";"50";"REGULAR";"f";"2014-06-06 10:20:19.537";"f";"";"66";"CONSOLIDADA";"";"Presencial";
"1222691";"01";"17990";"";"";"2045750";"GRADUAÇÃO";"Campus Central";"2E1";"2014";"1";"2014-01-27";"2014-06-14";"2T234";"29";"40";"REGULAR";"f";"2014-06-06 10:51:43.012";"f";"";"51";"CONSOLIDADA";"";"Presencial";
"1222692";"01";"5756415";"";"";"28122";"GRADUAÇÃO";"Campus Central";"a definir";"2014";"1";"2014-01-27";"2014-06-14";"24T12";"41";"50";"REGULAR";"f";"2014-06-06 11:21:45.408";"f";"";"66";"CONSOLIDADA";"";"Presencial";
"1222693";"01";"21568";"";"";"2041200";"GRADUAÇÃO";"Campus Central";"2E1";"2014";"1";"2014-01-27";"2014-06-14";"24T56";"53";"55";"REGULAR";"f";"2014-06-05 10:15:52.694";"f";"";"70";"CONSOLIDADA";"";"Presencial";
"1222694";"01";"5756232";"";"";"40029";"GRADUAÇÃO";"Campus Central";"a definir";"2014";"1";"2014-01-27";"2014-06-14";"35M34";"41";"50";"REGULAR";"f";"2014-06-17 17:47:54.963";"f";"";"72";"CONSOLIDADA";"";"Presencial";
"1222695";"02";"5756415";"";"";"40029";"GRADUAÇÃO";"Campus Central";"a definir";"2014";"1";"2014-01-27";"2014-06-14";"35N34";"38";"40";"REGULAR";"f";"2014-06-03 11:48:08.138";"f";"";"66";"CONSOLIDADA";"";"Presencial";
"1222696";"01";"5755254";"";"";"28203";"GRADUAÇÃO";"Campus Central";"2E1";"2014";"1";"2014-01-27";"2014-06-14";"46T34";"25";"45";"REGULAR";"f";"2014-06-11 23:42:29.127";"f";"";"66";"CONSOLIDADA";"";"Presencial";
"1222697";"02";"5756065";"";"";"28203";"GRADUAÇÃO";"Campus Central";"2E2";"2014";"1";"2014-01-27";"2014-06-14";"56T34";"39";"45";"REGULAR";"f";"2014-06-13 19:34:55.263";"f";"";"66";"CONSOLIDADA";"";"Presencial";
"1222698";"03";"5756065";"";"";"28203";"GRADUAÇÃO";"Campus Central";"2B3";"2014";"1";"2014-01-27";"2014-06-14";"24N12";"28";"55";"REGULAR";"f";"2014-06-06 07:24:40.353";"f";"";"70";"CONSOLIDADA";"";"Presencial";
"1222699";"01";"5756232";"";"";"28206";"GRADUAÇÃO";"Campus Central";"a definir";"2014";"1";"2014-01-27";"2014-06-14";"26M12";"69";"54";"REGULAR";"f";"2014-06-17 17:45:56.834";"f";"";"69";"CONSOLIDADA";"";"Presencial";
"1222700";"02";"5756232";"";"";"28206";"GRADUAÇÃO";"Campus Central";"a definir";"2014";"1";"2014-01-27";"2014-06-14";"6N1234";"46";"53";"REGULAR";"f";"2014-06-17 17:48:52.613";"f";"";"74";"CONSOLIDADA";"";"Presencial";
"1222701";"01";"5756339";"";"";"2055637";"GRADUAÇÃO";"Campus Central";"2F1";"2014";"1";"2014-01-27";"2014-06-14";"2T234 (27/01/2014 - 14/06/2014)";"11";"57";"REGULAR";"f";"2014-06-14 17:45:15.747";"f";"";"51";"CONSOLIDADA";"";"Presencial";
"1222702";"01";"5755601";"";"";"2041600";"GRADUAÇÃO";"Campus Central";"2F1";"2014";"1";"2014-01-27";"2014-06-14";"3T56";"20";"56";"REGULAR";"f";"2014-06-22 15:16:56.84";"f";"";"38";"CONSOLIDADA";"";"Presencial";
"1222703";"01";"5756065";"";"";"2041601";"GRADUAÇÃO";"Campus Central";"2F1";"2014";"1";"2014-01-27";"2014-06-14";"5T56 (27/01/2014 - 14/06/2014)";"17";"58";"REGULAR";"f";"2014-06-11 16:04:53.317";"f";"";"38";"CONSOLIDADA";"";"Presencial";
"1222704";"01";"22909";"";"";"2055639";"GRADUAÇÃO";"Campus Central";"2F2";"2014";"1";"2014-01-27";"2014-06-14";"3T56 (27/01/2014 - 14/06/2014)";"39";"50";"REGULAR";"f";"2014-06-13 16:32:30.022";"f";"";"32";"CONSOLIDADA";"";"Presencial";
"1222705";"01";"5755601";"";"";"2020107";"GRADUAÇÃO";"Campus Central";"2F2";"2014";"1";"2014-01-27";"2014-06-14";"2T234 5T56";"";"50";"REGULAR";"f";"";"f";"";"";"EXCLUÍDA";"";"Presencial";
"1222705";"01";"23159";"";"";"2020107";"GRADUAÇÃO";"Campus Central";"2F2";"2014";"1";"2014-01-27";"2014-06-14";"2T234 5T56";"";"50";"REGULAR";"f";"";"f";"";"";"EXCLUÍDA";"";"Presencial";
"1222705";"01";"5752257";"";"";"2020107";"GRADUAÇÃO";"Campus Central";"2F2";"2014";"1";"2014-01-27";"2014-06-14";"2T234 5T56";"";"50";"REGULAR";"f";"";"f";"";"";"EXCLUÍDA";"";"Presencial";
"1222706";"01";"5756339";"";"";"2020102";"GRADUAÇÃO";"Campus Central";"2F2";"2014";"1";"2014-01-27";"2014-06-14";"4T34";"39";"50";"REGULAR";"f";"2014-06-11 13:42:27.173";"f";"";"34";"CONSOLIDADA";"";"Presencial";
"1222707";"01";"5755254";"";"";"2020104";"GRADUAÇÃO";"Campus Central";"2F2";"2014";"1";"2014-01-27";"2014-06-14";"2T56 4T12 (27/01/2014 - 14/06/2014)";"40";"50";"REGULAR";"f";"2014-06-21 16:54:54.788";"f";"";"66";"CONSOLIDADA";"";"Presencial";
"1222707";"01";"22909";"";"";"2020104";"GRADUAÇÃO";"Campus Central";"2F2";"2014";"1";"2014-01-27";"2014-06-14";"2T56 4T12 (27/01/2014 - 14/06/2014)";"40";"50";"REGULAR";"f";"2014-06-21 16:54:54.788";"f";"";"66";"CONSOLIDADA";"";"Presencial";
"1222708";"01";"24349";"";"";"2041602";"GRADUAÇÃO";"Campus Central";"2F2";"2014";"1";"2014-01-27";"2014-06-14";"5T34 (27/01/2014 - 14/06/2014)";"36";"50";"REGULAR";"f";"2014-06-11 14:58:41.484";"f";"";"34";"CONSOLIDADA";"";"Presencial";
"1222709";"01";"24349";"";"";"2041608";"GRADUAÇÃO";"Campus Central";"2F2";"2014";"1";"2014-01-27";"2014-06-14";"3T34 (27/01/2014 - 14/06/2014)";"39";"50";"REGULAR";"f";"2014-06-11 14:50:50.142";"f";"";"36";"CONSOLIDADA";"";"Presencial";
"1222710";"02";"5755957";"";"";"46645";"GRADUAÇÃO";"Campus Central";"4A8";"2014";"1";"2014-01-27";"2014-06-14";"56T56";"25";"45";"REGULAR";"f";"2014-06-08 19:07:01.528";"f";"";"66";"CONSOLIDADA";"";"Presencial";
"1222711";"01";"5752795";"";"";"2055641";"GRADUAÇÃO";"Campus Central";"2F3";"2014";"1";"2014-01-27";"2014-06-14";"6T12 (27/01/2014 - 14/06/2014)";"45";"50";"REGULAR";"f";"2014-06-16 15:35:29.37";"f";"";"32";"CONSOLIDADA";"";"Presencial";
"1222712";"01";"24597";"";"";"2020650";"GRADUAÇÃO";"Campus Central";"2F3";"2014";"1";"2014-01-27";"2014-06-14";"3T345";"47";"50";"REGULAR";"f";"2014-06-13 09:58:59.759";"f";"";"51";"CONSOLIDADA";"";"Presencial";
"1222712";"01";"2301545";"";"";"2020650";"GRADUAÇÃO";"Campus Central";"2F3";"2014";"1";"2014-01-27";"2014-06-14";"3T345";"47";"50";"REGULAR";"f";"2014-06-13 09:58:59.759";"f";"";"51";"CONSOLIDADA";"";"Presencial";
"1222713";"01";"26605";"";"";"2020703";"GRADUAÇÃO";"Campus Central";"2F3";"2014";"1";"2014-01-27";"2014-06-14";"5T345 (27/01/2014 - 14/06/2014)";"47";"50";"REGULAR";"f";"2014-06-14 09:54:06.361";"f";"";"51";"CONSOLIDADA";"";"Presencial";
"1222713";"01";"5755601";"";"";"2020703";"GRADUAÇÃO";"Campus Central";"2F3";"2014";"1";"2014-01-27";"2014-06-14";"5T345 (27/01/2014 - 14/06/2014)";"47";"50";"REGULAR";"f";"2014-06-14 09:54:06.361";"f";"";"51";"CONSOLIDADA";"";"Presencial";
"1222714";"01";"19125";"";"";"2020201";"GRADUAÇÃO";"Campus Currais Novos";"Campus de Currais Novos";"2014";"1";"2014-01-27";"2014-06-14";"4T56  4N1234";"27";"45";"REGULAR";"f";"2014-06-12 14:46:03.117";"f";"";"100";"CONSOLIDADA";"";"Presencial";
"1222715";"01";"22006";"";"";"2020704";"GRADUAÇÃO";"Campus Central";"2F3";"2014";"1";"2014-01-27";"2014-06-14";"24T34 (27/01/2014 - 14/06/2014)";"54";"51";"REGULAR";"f";"2014-06-14 01:31:22.199";"f";"";"66";"CONSOLIDADA";"";"Presencial";
"1222716";"01";"5756065";"";"";"2041604";"GRADUAÇÃO";"Campus Central";"2F3";"2014";"1";"2014-01-27";"2014-06-14";"24T56";"44";"50";"REGULAR";"f";"2014-06-17 00:05:45.183";"f";"";"68";"CONSOLIDADA";"";"Presencial";
"1222717";"01";"5756477";"";"";"2020207";"GRADUAÇÃO";"Campus Currais Novos";"Campus de Currais Novos";"2014";"1";"2014-01-27";"2014-06-14";"4T56  4N1234";"18";"30";"REGULAR";"f";"2014-06-21 00:52:49.687";"f";"";"114";"CONSOLIDADA";"";"Presencial";
"1222718";"01";"24349";"";"";"2041609";"GRADUAÇÃO";"Campus Central";"2F3";"2014";"1";"2014-01-27";"2014-06-14";"35T12 (27/01/2014 - 14/06/2014)";"45";"50";"REGULAR";"f";"2014-06-11 14:46:49.479";"f";"";"72";"CONSOLIDADA";"";"Presencial";
"1222719";"01";"5754625";"";"";"2041610";"GRADUAÇÃO";"Campus Central";"2F3";"2014";"1";"2014-01-27";"2014-06-14";"6T345 (27/01/2014 - 14/06/2014)";"57";"50";"REGULAR";"f";"2014-06-17 14:03:51.625";"f";"";"58";"CONSOLIDADA";"";"Presencial";
"1222720";"01";"2289732";"";"";"2020209";"GRADUAÇÃO";"Campus Currais Novos";"Campus de Currais Novos";"2014";"1";"2014-01-27";"2014-06-14";"3T56  3N1234";"17";"45";"REGULAR";"f";"2014-06-19 11:07:01.873";"f";"";"108";"CONSOLIDADA";"";"Presencial";
"1222721";"01";"5753575";"";"";"2041611";"GRADUAÇÃO";"Campus Central";"2F3";"2014";"1";"2014-01-27";"2014-06-14";"24T12 (27/01/2014 - 14/06/2014)";"55";"52";"REGULAR";"f";"2014-06-12 20:18:41.618";"f";"";"66";"CONSOLIDADA";"";"Presencial";
"1222721";"01";"5752795";"";"";"2041611";"GRADUAÇÃO";"Campus Central";"2F3";"2014";"1";"2014-01-27";"2014-06-14";"24T12 (27/01/2014 - 14/06/2014)";"55";"52";"REGULAR";"f";"2014-06-12 20:18:41.618";"f";"";"66";"CONSOLIDADA";"";"Presencial";
"1222722";"01";"2289732";"";"";"2020210";"GRADUAÇÃO";"Campus Currais Novos";"Campus de Currais Novos";"2014";"1";"2014-01-27";"2014-06-14";"4N1234";"14";"45";"REGULAR";"f";"2014-06-19 10:44:14.167";"f";"";"72";"CONSOLIDADA";"";"Presencial";
"1222723";"01";"5753683";"";"";"2055853";"GRADUAÇÃO";"Campus Central";"2F4";"2014";"1";"2014-01-27";"2014-06-14";"4T56 (27/01/2014 - 14/06/2014)";"21";"50";"REGULAR";"f";"2014-06-13 09:47:35.837";"f";"";"38";"CONSOLIDADA";"";"Presencial";
"1222724";"01";"5756702";"";"";"24912";"GRADUAÇÃO";"Campus Currais Novos";"Campus de Currais Novos";"2014";"1";"2014-01-27";"2014-06-14";"6N1234";"42";"45";"REGULAR";"f";"2014-06-18 19:10:54.278";"f";"";"72";"CONSOLIDADA";"";"Presencial";
"1222725";"01";"";"105040407";"";"2020716";"GRADUAÇÃO";"Campus Central";"3H9";"2014";"1";"2014-01-27";"2014-06-14";"3T45";"40";"50";"REGULAR";"f";"2014-06-21 11:10:05.565";"f";"";"34";"CONSOLIDADA";"";"Presencial";
"1222725";"01";"22006";"";"";"2020716";"GRADUAÇÃO";"Campus Central";"3H9";"2014";"1";"2014-01-27";"2014-06-14";"3T45";"40";"50";"REGULAR";"f";"2014-06-21 11:10:05.565";"f";"";"34";"CONSOLIDADA";"";"Presencial";
"1222726";"02";"5756602";"";"";"26078";"GRADUAÇÃO";"Campus Central";"4 C3";"2014";"1";"2014-01-27";"2014-06-14";"46M34";"11";"22";"REGULAR";"f";"2014-06-16 10:56:37.128";"f";"";"74";"CONSOLIDADA";"";"Presencial";
"1222727";"01";"5756020";"";"";"24890";"GRADUAÇÃO";"Campus Currais Novos";"Campus de Currais Novos";"2014";"1";"2014-01-27";"2014-06-14";"6T6  6N1234";"24";"45";"REGULAR";"f";"2014-06-09 14:25:04.439";"f";"";"90";"CONSOLIDADA";"";"Presencial";
"1222728";"01";"5754608";"";"";"2020719";"GRADUAÇÃO";"Campus Central";"2F4";"2014";"1";"2014-01-27";"2014-06-14";"5T123 (27/01/2014 - 14/06/2014)";"40";"50";"REGULAR";"f";"2014-06-20 11:37:42.816";"f";"";"60";"CONSOLIDADA";"";"Presencial";
"1222728";"01";"5752257";"";"";"2020719";"GRADUAÇÃO";"Campus Central";"2F4";"2014";"1";"2014-01-27";"2014-06-14";"5T123 (27/01/2014 - 14/06/2014)";"40";"50";"REGULAR";"f";"2014-06-20 11:37:42.816";"f";"";"60";"CONSOLIDADA";"";"Presencial";
"1222729";"01";"5754632";"";"";"24898";"GRADUAÇÃO";"Campus Currais Novos";"Campus de Currais Novos";"2014";"1";"2014-01-27";"2014-06-14";"2N123";"26";"45";"REGULAR";"f";"2014-06-09 10:42:54.598";"f";"";"54";"CONSOLIDADA";"";"Presencial";
"1222730";"01";"5756070";"";"";"24583";"GRADUAÇÃO";"Campus Central";"4 A3";"2014";"1";"2014-01-27";"2014-06-14";"6T1234";"30";"25";"REGULAR";"f";"2014-06-17 12:01:00.63";"f";"";"76";"CONSOLIDADA";"";"Presencial";
"1222731";"01";"5756415";"";"";"2020718";"GRADUAÇÃO";"Campus Central";"2F4";"2014";"1";"2014-01-27";"2014-06-14";"3T123 (27/01/2014 - 14/06/2014)";"29";"35";"REGULAR";"f";"2014-06-05 08:36:30.062";"f";"";"51";"CONSOLIDADA";"";"Presencial";
"1222731";"01";"2301545";"";"";"2020718";"GRADUAÇÃO";"Campus Central";"2F4";"2014";"1";"2014-01-27";"2014-06-14";"3T123 (27/01/2014 - 14/06/2014)";"29";"35";"REGULAR";"f";"2014-06-05 08:36:30.062";"f";"";"51";"CONSOLIDADA";"";"Presencial";
"1222732";"02";"5754935";"";"";"46349";"GRADUAÇÃO";"Campus Central";"Setor I Sala D-3";"2014";"1";"2014-01-27";"2014-06-14";"4N1234 (27/01/2014 - 14/06/2014)";"28";"50";"REGULAR";"f";"2014-06-09 12:19:59.48";"f";"";"72";"CONSOLIDADA";"";"Presencial";
"1222733";"08";"23008";"";"";"39172";"STRICTO SENSU";"";"Centro de Educação";"2014";"1";"2014-02-10";"2014-06-11";"2T1";"1";"1";"REGULAR";"f";"2015-01-05 09:36:12.825";"f";"";"16";"CONSOLIDADA";"";"Presencial";
"1222734";"01";"5755772";"";"";"24902";"GRADUAÇÃO";"Campus Currais Novos";"Campus de Currais Novos";"2014";"1";"2014-01-27";"2014-06-14";"3N123";"25";"45";"REGULAR";"f";"2014-06-18 12:42:33.896";"f";"";"57";"CONSOLIDADA";"";"Presencial";
"1222735";"01";"5754625";"";"";"2041660";"GRADUAÇÃO";"Campus Central";"2F4";"2014";"1";"2014-01-27";"2014-06-14";"5T456 (27/01/2014 - 14/06/2014)";"30";"35";"REGULAR";"f";"2014-06-17 08:52:19.452";"f";"";"54";"CONSOLIDADA";"";"Presencial";
"1222736";"09";"23008";"";"";"39181";"STRICTO SENSU";"";"Centro de Educação";"2014";"1";"2014-02-10";"2014-06-11";"3T1";"1";"3";"REGULAR";"f";"2015-07-22 18:27:41.854";"f";"";"17";"CONSOLIDADA";"";"Presencial";
"1222737";"03";"23008";"";"";"39176";"STRICTO SENSU";"";"Centro de Educação";"2014";"1";"2014-02-10";"2014-06-11";"4T1";"1";"1";"REGULAR";"f";"2015-01-05 05:05:14.933";"f";"";"17";"CONSOLIDADA";"";"Presencial";
"1222738";"01";"5755919";"";"";"20822";"GRADUAÇÃO";"Campus Currais Novos";"Campus de Currais Novos";"2014";"1";"2014-01-27";"2014-06-14";"5T1  5N1234";"7";"45";"REGULAR";"f";"2014-06-09 19:32:58.264";"f";"";"91";"CONSOLIDADA";"";"Presencial";
"1222739";"01";"18150";"";"";"2055857";"GRADUAÇÃO";"Campus Central";"a definir";"2014";"1";"2014-01-27";"2014-06-14";"4T1234 (27/01/2014 - 14/06/2014)";"5";"7";"REGULAR";"f";"2014-06-11 16:06:38.882";"f";"";"72";"CONSOLIDADA";"";"Presencial";
"1222739";"01";"23159";"";"";"2055857";"GRADUAÇÃO";"Campus Central";"a definir";"2014";"1";"2014-01-27";"2014-06-14";"4T1234 (27/01/2014 - 14/06/2014)";"5";"7";"REGULAR";"f";"2014-06-11 16:06:38.882";"f";"";"72";"CONSOLIDADA";"";"Presencial";
"1222740";"02";"21736";"";"";"24583";"GRADUAÇÃO";"Campus Central";"4 A10";"2014";"1";"2014-01-27";"2014-06-14";"24N12";"27";"25";"REGULAR";"f";"2014-06-14 03:45:25.802";"f";"";"74";"CONSOLIDADA";"";"Presencial";
"1222741";"01";"5752217";"";"";"26477";"GRADUAÇÃO";"Campus Currais Novos";"Campus de Currais Novos";"2014";"1";"2014-01-27";"2014-06-14";"5N1234";"14";"45";"REGULAR";"f";"2014-06-10 22:13:23.138";"f";"";"68";"CONSOLIDADA";"";"Presencial";
"1222742";"02";"24264";"";"";"2055857";"GRADUAÇÃO";"Campus Central";"a definir";"2014";"1";"2014-01-27";"2014-06-14";"4T1234 (27/01/2014 - 14/06/2014)";"6";"7";"REGULAR";"f";"2014-06-03 19:08:24.786";"f";"";"68";"CONSOLIDADA";"";"Presencial";
"1222743";"03";"18643";"";"";"2055857";"GRADUAÇÃO";"Campus Central";"a definir";"2014";"1";"2014-01-27";"2014-06-14";"4T1234 (27/01/2014 - 14/06/2014)";"5";"7";"REGULAR";"f";"2014-06-07 10:10:38.361";"f";"";"72";"CONSOLIDADA";"";"Presencial";
"1222744";"01";"5754632";"";"";"26478";"GRADUAÇÃO";"Campus Currais Novos";"Campus de Currais Novos";"2014";"1";"2014-01-27";"2014-06-14";"3N123";"36";"45";"REGULAR";"f";"2014-06-10 09:29:01.883";"f";"";"54";"CONSOLIDADA";"";"Presencial";
"1222745";"04";"5755581";"";"";"27162";"GRADUAÇÃO";"";"CAMPINA GRANDE/PB";"2014";"1";"2014-01-27";"2014-06-14";"";"";"";"REGULAR";"t";"2014-06-05 14:59:13.509";"f";"";"0";"CONSOLIDADA";"";"A Distância";
"1222746";"02";"5755581";"";"";"27162";"GRADUAÇÃO";"";"CURRIAS NOVOS/RN";"2014";"1";"2014-01-27";"2014-06-14";"";"16";"";"REGULAR";"t";"2014-06-11 16:38:08.894";"f";"";"0";"CONSOLIDADA";"";"A Distância";
"1222747";"11";"5755581";"";"";"27162";"GRADUAÇÃO";"";"EXTREMOZ/RN";"2014";"1";"2014-01-27";"2014-06-14";"";"9";"";"REGULAR";"t";"2014-06-11 16:46:29.905";"f";"";"0";"CONSOLIDADA";"";"A Distância";
"1222748";"05";"5755581";"";"";"27162";"GRADUAÇÃO";"";"GARANHUNS/PE";"2014";"1";"2014-01-27";"2014-06-14";"";"1";"";"REGULAR";"t";"2014-05-30 13:03:59.975";"f";"";"0";"CONSOLIDADA";"";"A Distância";
"1222749";"15";"5755581";"";"";"27162";"GRADUAÇÃO";"";"LAJES/RN";"2014";"1";"2014-01-27";"2014-06-14";"";"3";"";"REGULAR";"t";"2014-06-05 20:05:08.821";"f";"";"0";"CONSOLIDADA";"";"A Distância";
"1222750";"12";"5755581";"";"";"27162";"GRADUAÇÃO";"";"LUÍS GOMES/RN";"2014";"1";"2014-01-27";"2014-06-14";"";"2";"";"REGULAR";"t";"2014-06-05 15:00:02.176";"f";"";"0";"CONSOLIDADA";"";"A Distância";
"1222751";"01";"5755581";"";"";"27162";"GRADUAÇÃO";"";"MACAU/RN";"2014";"1";"2014-01-27";"2014-06-14";"";"10";"";"REGULAR";"t";"2014-06-05 14:57:03.491";"f";"";"0";"CONSOLIDADA";"";"A Distância";
"1222752";"16";"5755581";"";"";"27162";"GRADUAÇÃO";"";"MARCELINO VIEIRA/RN";"2014";"1";"2014-01-27";"2014-06-14";"";"12";"";"REGULAR";"t";"2014-06-11 16:50:54.601";"f";"";"0";"CONSOLIDADA";"";"A Distância";
"1222753";"13";"5755581";"";"";"27162";"GRADUAÇÃO";"";"MARTINS/RN";"2014";"1";"2014-01-27";"2014-06-14";"";"2";"";"REGULAR";"t";"2014-06-05 20:07:38.152";"f";"";"0";"CONSOLIDADA";"";"A Distância";
"1222754";"03";"5755581";"";"";"27162";"GRADUAÇÃO";"";"NOVA CRUZ/RN";"2014";"1";"2014-01-27";"2014-06-14";"";"10";"";"REGULAR";"t";"2014-06-11 16:41:12.54";"f";"";"0";"CONSOLIDADA";"";"A Distância";
"1222755";"04";"5752506";"";"";"2055857";"GRADUAÇÃO";"Campus Central";"a definir";"2014";"1";"2014-01-27";"2014-06-14";"4T1234 (27/01/2014 - 14/06/2014)";"6";"7";"REGULAR";"f";"2014-06-13 23:00:41.805";"f";"";"76";"CONSOLIDADA";"";"Presencial";
"1222756";"05";"5754625";"";"";"2055857";"GRADUAÇÃO";"Campus Central";"a definir";"2014";"1";"2014-01-27";"2014-06-14";"4T1234 (27/01/2014 - 14/06/2014)";"6";"7";"REGULAR";"f";"2014-06-16 22:36:31.131";"f";"";"44";"CONSOLIDADA";"";"Presencial";
"1222757";"09";"26163";"";"";"39172";"STRICTO SENSU";"";"Centro de Educação";"2014";"1";"2014-02-10";"2014-06-11";"6M6";"1";"1";"REGULAR";"f";"2016-03-02 02:39:44.402";"f";"";"0";"CONSOLIDADA";"";"Presencial";
"1222758";"01";"5755772";"";"";"26479";"GRADUAÇÃO";"Campus Currais Novos";"Campus de Currais Novos";"2014";"1";"2014-01-27";"2014-06-14";"2N123";"36";"45";"REGULAR";"f";"2014-06-18 12:33:42.796";"f";"";"54";"CONSOLIDADA";"";"Presencial";
"1222759";"01";"26543";"";"";"2020721";"GRADUAÇÃO";"Campus Central";"2E1";"2014";"1";"2014-01-27";"2014-06-14";"5T456 (27/01/2014 - 14/06/2014)";"13";"16";"REGULAR";"f";"2014-06-13 17:13:26.758";"f";"";"60";"CONSOLIDADA";"";"Presencial";
"1222760";"10";"26163";"";"";"39181";"STRICTO SENSU";"";"Centro de Educação";"2014";"1";"2014-02-10";"2014-06-11";"5M6";"0";"1";"REGULAR";"f";"";"f";"";"";"EXCLUÍDA";"";"Presencial";
"1222761";"02B";"23186";"";"";"27152";"GRADUAÇÃO";"";"CURRIAS NOVOS/RN";"2014";"1";"2014-01-27";"2014-06-14";"";"15";"";"REGULAR";"t";"2014-06-20 07:28:30.952";"f";"";"0";"CONSOLIDADA";"";"A Distância";
"1222762";"11B";"23186";"";"";"27152";"GRADUAÇÃO";"";"EXTREMOZ/RN";"2014";"1";"2014-01-27";"2014-06-14";"";"3";"";"REGULAR";"t";"2014-06-06 09:24:42.154";"f";"";"0";"CONSOLIDADA";"";"A Distância";
"1222763";"15";"23186";"";"";"27152";"GRADUAÇÃO";"";"LAJES/RN";"2014";"1";"2014-01-27";"2014-06-14";"";"1";"";"REGULAR";"t";"2014-06-06 09:19:07.506";"f";"";"0";"CONSOLIDADA";"";"A Distância";
"1222764";"01B";"23186";"";"";"27152";"GRADUAÇÃO";"";"MACAU/RN";"2014";"1";"2014-01-27";"2014-06-14";"";"8";"";"REGULAR";"t";"2014-06-06 09:11:42.642";"f";"";"0";"CONSOLIDADA";"";"A Distância";
"1222765";"03B";"23186";"";"";"27152";"GRADUAÇÃO";"";"NOVA CRUZ/RN";"2014";"1";"2014-01-27";"2014-06-14";"";"13";"";"REGULAR";"t";"2014-06-06 09:15:36.699";"f";"";"0";"CONSOLIDADA";"";"A Distância";
"1222766";"04";"26163";"";"";"39176";"STRICTO SENSU";"";"Centro de Educação";"2014";"1";"2014-02-10";"2014-06-11";"4M6";"1";"1";"REGULAR";"f";"2016-03-02 02:34:36.656";"f";"";"0";"CONSOLIDADA";"";"Presencial";
"1222767";"01";"5756055";"";"";"26480";"GRADUAÇÃO";"Campus Currais Novos";"Campus de Currais Novos";"2014";"1";"2014-01-27";"2014-06-14";"5N1234";"38";"45";"REGULAR";"f";"2014-06-19 07:39:58.56";"f";"";"68";"CONSOLIDADA";"";"Presencial";
"1222768";"01";"5753023";"";"";"2020722";"GRADUAÇÃO";"Campus Central";"2E1";"2014";"1";"2014-01-27";"2014-06-14";"3T123 (27/01/2014 - 14/06/2014)";"13";"16";"REGULAR";"f";"2014-06-12 19:50:22.238";"f";"";"60";"CONSOLIDADA";"";"Presencial";
"1222769";"06";"15552";"";"";"39173";"STRICTO SENSU";"";"Centro de Educação";"2014";"1";"2014-02-10";"2014-06-11";"2T1";"2";"2";"REGULAR";"f";"2016-10-14 08:48:49.906";"f";"";"0";"CONSOLIDADA";"";"Presencial";
"1222770";"01";"20791";"";"";"24908";"GRADUAÇÃO";"Campus Currais Novos";"Campus de Currais Novos";"2014";"1";"2014-01-27";"2014-06-14";"2N1234";"1";"49";"REGULAR";"f";"2014-06-15 15:50:33.824";"f";"";"72";"CONSOLIDADA";"";"Presencial";
"1222771";"01";"5753098";"";"";"2055911";"GRADUAÇÃO";"Campus Central";"2F4";"2014";"1";"2014-01-27";"2014-06-14";"4T1234 (27/01/2014 - 14/06/2014)";"7";"7";"REGULAR";"f";"2014-06-12 14:01:34.98";"f";"";"76";"CONSOLIDADA";"";"Presencial";
"1222771";"01";"5753683";"";"";"2055911";"GRADUAÇÃO";"Campus Central";"2F4";"2014";"1";"2014-01-27";"2014-06-14";"4T1234 (27/01/2014 - 14/06/2014)";"7";"7";"REGULAR";"f";"2014-06-12 14:01:34.98";"f";"";"76";"CONSOLIDADA";"";"Presencial";
"1222772";"11";"15552";"";"";"39181";"STRICTO SENSU";"";"Centro de Educação";"2014";"1";"2014-02-10";"2014-06-11";"3T1";"";"2";"REGULAR";"f";"";"f";"";"";"EXCLUÍDA";"";"Presencial";
"1222773";"04";"5755416";"";"";"27165";"GRADUAÇÃO";"";"CAMPINA GRANDE/PB";"2014";"1";"2014-01-27";"2014-06-14";"";"2";"";"REGULAR";"t";"2014-06-05 21:21:32.519";"f";"";"0";"CONSOLIDADA";"";"A Distância";
"1222774";"02";"5755416";"";"";"27165";"GRADUAÇÃO";"";"CURRIAS NOVOS/RN";"2014";"1";"2014-01-27";"2014-06-14";"";"2";"";"REGULAR";"t";"2014-06-12 07:51:07.272";"f";"";"0";"CONSOLIDADA";"";"A Distância";
"1222775";"11";"5755416";"";"";"27165";"GRADUAÇÃO";"";"EXTREMOZ/RN";"2014";"1";"2014-01-27";"2014-06-14";"";"3";"";"REGULAR";"t";"2014-06-12 07:54:07.88";"f";"";"0";"CONSOLIDADA";"";"A Distância";
"1222776";"01";"5755416";"";"";"27165";"GRADUAÇÃO";"";"MACAU/RN";"2014";"1";"2014-01-27";"2014-06-14";"";"1";"";"REGULAR";"t";"";"f";"";"";"EXCLUÍDA";"";"A Distância";
"1222777";"03";"5755416";"";"";"27165";"GRADUAÇÃO";"";"NOVA CRUZ/RN";"2014";"1";"2014-01-27";"2014-06-14";"";"2";"";"REGULAR";"t";"2014-06-12 07:53:12.217";"f";"";"0";"CONSOLIDADA";"";"A Distância";
"1222778";"02";"5752250";"";"";"2055911";"GRADUAÇÃO";"Campus Central";"2F4";"2014";"1";"2014-01-27";"2014-06-14";"2T1234 (27/01/2014 - 14/06/2014)";"6";"7";"REGULAR";"f";"2014-06-21 12:49:27.641";"f";"";"72";"CONSOLIDADA";"";"Presencial";
"1222779";"10";"15552";"";"";"39177";"STRICTO SENSU";"";"Centro de Educação";"2014";"1";"2014-02-10";"2014-06-11";"4T1";"2";"2";"REGULAR";"f";"2016-10-14 08:51:24.152";"f";"";"0";"CONSOLIDADA";"";"Presencial";
"1222780";"01";"23165";"";"";"26490";"GRADUAÇÃO";"Campus Currais Novos";"Campus de Currais Novos";"2014";"1";"2014-01-27";"2014-06-14";"6N1234";"40";"45";"REGULAR";"f";"2014-06-15 10:54:37.33";"f";"";"68";"CONSOLIDADA";"";"Presencial";
"1222781";"07";"26163";"";"";"39173";"STRICTO SENSU";"";"Centro de Educação";"2014";"1";"2014-02-10";"2014-06-11";"2T1";"2";"2";"REGULAR";"f";"2016-03-02 02:40:46.471";"f";"";"0";"CONSOLIDADA";"";"Presencial";
"1222782";"06";"5756079";"";"";"46192";"GRADUAÇÃO";"Campus Central";"2H4";"2014";"1";"2014-01-27";"2014-06-14";"24N12";"42";"50";"REGULAR";"f";"2014-06-21 00:31:56.426";"f";"";"78";"CONSOLIDADA";"";"Presencial";
"1222783";"01";"5754608";"";"";"43641";"GRADUAÇÃO";"Campus Central";"2A2";"2014";"1";"2014-01-27";"2014-06-14";"2T56 (27/01/2014 - 14/06/2014)";"42";"50";"REGULAR";"f";"2014-06-10 20:29:30.42";"f";"";"30";"CONSOLIDADA";"";"Presencial";
"1222784";"02C";"18485";"";"";"27153";"GRADUAÇÃO";"";"CURRIAS NOVOS/RN";"2014";"1";"2014-01-27";"2014-06-14";"";"10";"";"REGULAR";"t";"2014-06-16 16:37:38.745";"f";"";"0";"CONSOLIDADA";"";"A Distância";
"1222785";"01C";"18485";"";"";"27153";"GRADUAÇÃO";"";"MACAU/RN";"2014";"1";"2014-01-27";"2014-06-14";"";"4";"";"REGULAR";"t";"2014-06-16 16:36:18.066";"f";"";"0";"CONSOLIDADA";"";"A Distância";
"1222786";"13";"18485";"";"";"27153";"GRADUAÇÃO";"";"MARTINS/RN";"2014";"1";"2014-01-27";"2014-06-14";"";"";"";"REGULAR";"t";"";"f";"";"";"EXCLUÍDA";"";"A Distância";
"1222787";"03C";"18485";"";"";"27153";"GRADUAÇÃO";"";"NOVA CRUZ/RN";"2014";"1";"2014-01-27";"2014-06-14";"";"9";"";"REGULAR";"t";"2014-06-16 16:39:55.034";"f";"";"0";"CONSOLIDADA";"";"A Distância";
"1222788";"07";"5756079";"";"";"46192";"GRADUAÇÃO";"Campus Central";"À definir.";"2014";"1";"2014-01-27";"2014-06-14";"24N34";"11";"50";"REGULAR";"f";"2014-06-18 22:38:33.203";"f";"";"74";"CONSOLIDADA";"";"Presencial";
"1222789";"01";"5756020";"";"";"26491";"GRADUAÇÃO";"Campus Currais Novos";"Campus de Currais Novos";"2014";"1";"2014-01-27";"2014-06-14";"5N123";"35";"45";"REGULAR";"f";"2014-06-09 14:15:09.533";"f";"";"54";"CONSOLIDADA";"";"Presencial";
"1222790";"01";"23159";"";"";"2020511";"GRADUAÇÃO";"Campus Central";"2F1";"2014";"1";"2014-01-27";"2014-06-14";"4M45";"33";"24";"REGULAR";"f";"2014-06-18 11:00:30.656";"f";"";"38";"CONSOLIDADA";"";"Presencial";
"1222791";"12";"26163";"";"";"39181";"STRICTO SENSU";"";"Centro de Educação";"2014";"1";"2014-02-10";"2014-06-11";"4T1";"0";"2";"REGULAR";"f";"";"f";"";"";"EXCLUÍDA";"";"Presencial";
"1222792";"11";"26163";"";"";"39177";"STRICTO SENSU";"";"Centro de Educação";"2014";"1";"2014-02-10";"2014-06-11";"5T1";"2";"2";"REGULAR";"f";"2016-03-02 02:36:03.652";"f";"";"0";"CONSOLIDADA";"";"Presencial";
"1222793";"01";"18150";"";"";"43538";"GRADUAÇÃO";"Campus Central";"2F2";"2014";"1";"2014-01-27";"2014-06-14";"4M2345 (27/01/2014 - 14/06/2014)";"18";"20";"REGULAR";"f";"2014-06-19 14:55:56.016";"f";"";"80";"CONSOLIDADA";"";"Presencial";
"1222794";"08";"23008";"";"";"39173";"STRICTO SENSU";"";"Centro de Educação";"2014";"1";"2014-02-10";"2014-06-11";"2M6";"3";"3";"REGULAR";"f";"2015-01-05 09:35:42.719";"f";"";"16";"CONSOLIDADA";"";"Presencial";
"1222795";"01";"19063";"";"";"26492";"GRADUAÇÃO";"Campus Currais Novos";"Campus de Currais Novos";"2014";"1";"2014-01-27";"2014-06-14";"4T56  4N231";"12";"45";"REGULAR";"f";"";"f";"";"";"EXCLUÍDA";"";"Presencial";
"1222796";"08";"5756018";"";"";"46192";"GRADUAÇÃO";"Campus Central";"2I13";"2014";"1";"2014-01-27";"2014-06-14";"24N34";"10";"50";"REGULAR";"f";"2014-06-02 13:59:48.423";"f";"";"66";"CONSOLIDADA";"";"Presencial";
"1222797";"13";"23008";"";"";"39181";"STRICTO SENSU";"";"Centro de Educação";"2014";"1";"2014-02-10";"2014-06-11";"3M6";"";"2";"REGULAR";"f";"";"f";"";"";"EXCLUÍDA";"";"Presencial";
"1222798";"01";"5756095";"";"";"26493";"GRADUAÇÃO";"Campus Currais Novos";"Campus de Currais Novos";"2014";"1";"2014-01-27";"2014-06-14";"3T6  3N1234";"23";"45";"REGULAR";"f";"2014-06-12 22:20:46.518";"f";"";"95";"CONSOLIDADA";"";"Presencial";
"1222799";"12";"23008";"";"";"39177";"STRICTO SENSU";"";"Centro de Educação";"2014";"1";"2014-02-10";"2014-06-11";"4M6";"3";"3";"REGULAR";"f";"2015-01-05 09:34:09.891";"f";"";"17";"CONSOLIDADA";"";"Presencial";
"1222800";"04";"15552";"";"";"39174";"STRICTO SENSU";"";"Centro de Educação";"2014";"1";"2014-02-10";"2014-06-11";"2M6";"1";"1";"REGULAR";"f";"2017-06-20 23:22:36.488";"f";"";"0";"CONSOLIDADA";"";"Presencial";
"1222801";"01";"19125";"";"";"26498";"GRADUAÇÃO";"Campus Currais Novos";"Campus de Currais Novos";"2014";"1";"2014-01-27";"2014-06-14";"6T5234";"10";"45";"REGULAR";"f";"2014-06-12 14:51:52.534";"f";"";"67";"CONSOLIDADA";"";"Presencial";
"1222802";"01";"21568";"";"";"28152";"GRADUAÇÃO";"Campus Central";"SEPA/sala de dinâmica";"2014";"1";"2014-01-27";"2014-06-14";"4M2345";"25";"15";"REGULAR";"f";"2014-06-05 10:21:46.822";"f";"";"68";"CONSOLIDADA";"";"Presencial";
"1222803";"06";"15552";"";"";"39182";"STRICTO SENSU";"";"Centro de Educação";"2014";"1";"2014-02-10";"2014-06-11";"3M6";"";"1";"REGULAR";"f";"";"f";"";"";"EXCLUÍDA";"";"Presencial";
"1222804";"04";"15552";"";"";"39179";"STRICTO SENSU";"";"Centro de Educação";"2014";"1";"2014-02-10";"2014-06-11";"4M6";"1";"1";"REGULAR";"f";"2017-06-20 23:21:30.942";"f";"";"0";"CONSOLIDADA";"";"Presencial";
"1222805";"01";"5754625";"";"";"43535";"GRADUAÇÃO";"Campus Central";"2H3";"2014";"1";"2014-01-27";"2014-06-14";"5N123 (27/01/2014 - 14/06/2014)";"36";"28";"REGULAR";"f";"2014-06-16 23:06:51.104";"f";"";"55";"CONSOLIDADA";"";"Presencial";
"1222806";"01";"5752291";"";"";"26511";"GRADUAÇÃO";"Campus Currais Novos";"Campus de Currais Novos";"2014";"1";"2014-01-27";"2014-06-14";"4N123";"33";"50";"REGULAR";"f";"2014-06-14 09:27:55.188";"f";"";"57";"CONSOLIDADA";"";"Presencial";
"1222807";"07";"26322";"";"";"39182";"STRICTO SENSU";"";"Centro de Educação";"2014";"1";"2014-02-10";"2014-06-11";"2T1";"2";"2";"REGULAR";"f";"2014-07-29 10:29:06.952";"f";"";"16";"CONSOLIDADA";"";"Presencial";
"1222808";"07";"26322";"";"";"39180";"STRICTO SENSU";"";"Centro de Educação";"2014";"1";"2014-02-10";"2014-06-11";"3T1";"1";"2";"REGULAR";"f";"2014-07-29 10:21:24.241";"f";"";"17";"CONSOLIDADA";"";"Presencial";
"1222809";"03";"21736";"";"";"24583";"GRADUAÇÃO";"Campus Central";"4 H1";"2014";"1";"2014-01-27";"2014-06-14";"24T56";"23";"25";"REGULAR";"f";"2014-06-14 03:46:49.114";"f";"";"72";"CONSOLIDADA";"";"Presencial";
"1222810";"01";"5756702";"";"";"26512";"GRADUAÇÃO";"Campus Currais Novos";"Campus de Currais Novos";"2014";"1";"2014-01-27";"2014-06-14";"2N123";"24";"50";"REGULAR";"f";"2014-06-14 09:03:49.469";"f";"";"53";"CONSOLIDADA";"";"Presencial";
"1222811";"08";"26163";"";"";"39182";"STRICTO SENSU";"";"Centro de Educação";"2014";"1";"2014-02-10";"2014-06-11";"4T6";"1";"1";"REGULAR";"f";"";"f";"";"";"EXCLUÍDA";"";"Presencial";
"1222812";"01";"24264";"";"";"2020558";"GRADUAÇÃO";"Campus Central";"2F1";"2014";"1";"2014-01-27";"2014-06-14";"5M34";"5";"20";"REGULAR";"f";"";"f";"";"";"EXCLUÍDA";"";"Presencial";
"1222813";"01";"5754632";"";"";"26514";"GRADUAÇÃO";"Campus Currais Novos";"Campus de Currais Novos";"2014";"1";"2014-01-27";"2014-06-14";"4N123";"12";"50";"REGULAR";"f";"2014-06-11 08:45:08.135";"f";"";"54";"CONSOLIDADA";"";"Presencial";
"1222814";"08";"26163";"";"";"39180";"STRICTO SENSU";"";"Centro de Educação";"2014";"1";"2014-02-10";"2014-06-11";"2T6";"1";"1";"REGULAR";"f";"";"f";"";"";"EXCLUÍDA";"";"Presencial";
"1222815";"02";"5756457";"";"";"46351";"GRADUAÇÃO";"Campus Central";"CB - Anfiteatro dos Peixes";"2014";"1";"2014-01-27";"2014-06-14";"35N12";"37";"50";"REGULAR";"f";"2014-06-05 00:13:38.668";"f";"";"66";"CONSOLIDADA";"";"Presencial";
"1222816";"01";"22923";"";"";"2041653";"GRADUAÇÃO";"Campus Central";"Auditório - LABPSI";"2014";"1";"2014-01-27";"2014-06-14";"4N1234";"124";"30";"REGULAR";"f";"2014-06-21 16:08:23.136";"f";"";"76";"CONSOLIDADA";"";"Presencial";
"1222817";"01";"19063";"";"";"26523";"GRADUAÇÃO";"Campus Currais Novos";"Campus de Currais Novos";"2014";"1";"2014-01-27";"2014-06-14";"6N1234";"13";"54";"REGULAR";"f";"2014-06-20 20:03:19.323";"f";"";"72";"CONSOLIDADA";"";"Presencial";
"1222818";"01";"5752217";"";"";"24884";"GRADUAÇÃO";"Campus Currais Novos";"Campus de Currais Novos";"2014";"1";"2014-01-27";"2014-06-14";"4T56  4N1234";"3";"49";"REGULAR";"f";"2014-06-13 01:26:28.975";"f";"";"114";"CONSOLIDADA";"";"Presencial";
"1222819";"01";"5752250";"";"";"2055633";"GRADUAÇÃO";"Campus Central";"2B2";"2014";"1";"2014-01-27";"2014-06-14";"2N1234 (27/01/2014 - 14/06/2014)";"31";"26";"REGULAR";"f";"2014-06-21 10:07:52.469";"f";"";"72";"CONSOLIDADA";"";"Presencial";
"1222820";"05";"23008";"";"";"39174";"STRICTO SENSU";"";"Centro de Educação";"2014";"1";"2014-02-10";"2014-06-11";"6M1";"";"1";"REGULAR";"f";"";"f";"";"";"EXCLUÍDA";"";"Presencial";
"1222821";"09";"23008";"";"";"39182";"STRICTO SENSU";"";"Centro de Educação";"2014";"1";"2014-02-10";"2014-06-11";"6T1";"1";"1";"REGULAR";"f";"2016-06-29 15:04:46.376";"f";"";"0";"CONSOLIDADA";"";"Presencial";
"1222822";"01";"23193";"";"";"24894";"GRADUAÇÃO";"Campus Currais Novos";"Campus de Currais Novos";"2014";"1";"2014-01-27";"2014-06-14";"5N123";"4";"49";"REGULAR";"f";"2014-06-18 20:41:44.954";"f";"";"54";"CONSOLIDADA";"";"Presencial";
"1222823";"01";"22006";"";"";"2020516";"GRADUAÇÃO";"Campus Central";"2F1";"2014";"1";"2014-01-27";"2014-06-14";"3M23";"";"20";"REGULAR";"f";"";"f";"";"";"EXCLUÍDA";"";"Presencial";
"1222824";"05";"23008";"";"";"39179";"STRICTO SENSU";"";"Centro de Educação";"2014";"1";"2014-02-10";"2014-06-11";"5T1";"1";"1";"REGULAR";"f";"2015-01-05 09:34:43.779";"f";"";"15";"CONSOLIDADA";"";"Presencial";
"1222825";"01";"22909";"";"";"2041655";"GRADUAÇÃO";"Campus Central";"SEPA/sala de dinâmica";"2014";"1";"2014-01-27";"2014-06-14";"4N1234";"14";"12";"REGULAR";"f";"2014-06-21 15:00:33.597";"f";"";"71";"CONSOLIDADA";"";"Presencial";
"1222826";"01";"5755203";"";"";"46673";"GRADUAÇÃO";"Campus Currais Novos";"Campus de Currais Novos";"2014";"1";"2014-01-27";"2014-06-14";"3N1234 (27/01/2014 - 14/06/2014)";"45";"50";"REGULAR";"f";"2014-06-14 16:01:44.775";"f";"";"68";"CONSOLIDADA";"";"Presencial";
"1222827";"09";"5756018";"";"";"46192";"GRADUAÇÃO";"Campus Central";"2I12";"2014";"1";"2014-01-27";"2014-06-14";"24M56";"53";"50";"REGULAR";"f";"2014-06-07 21:34:30.522";"f";"";"68";"CONSOLIDADA";"";"Presencial";
"1222828";"04";"5756096";"";"";"24583";"GRADUAÇÃO";"Campus Central";"4 G6";"2014";"1";"2014-01-27";"2014-06-14";"24N12";"14";"26";"REGULAR";"f";"2014-06-11 21:14:00.837";"f";"";"66";"CONSOLIDADA";"";"Presencial";
"1222829";"01";"5755203";"";"";"46675";"GRADUAÇÃO";"Campus Currais Novos";"Campus de Currais Novos";"2014";"1";"2014-01-27";"2014-06-14";"6N1234 (27/01/2014 - 14/06/2014)";"39";"50";"REGULAR";"f";"2014-06-14 16:06:21.337";"f";"";"68";"CONSOLIDADA";"";"Presencial";
"1222830";"10";"17137";"";"";"46192";"GRADUAÇÃO";"Campus Central";"2D2";"2014";"1";"2014-01-27";"2014-06-14";"35M56";"24";"50";"REGULAR";"f";"2014-06-20 18:15:27.119";"f";"";"74";"CONSOLIDADA";"";"Presencial";
"1222831";"01";"5756283";"";"";"46200";"GRADUAÇÃO";"Campus Central";"2G1 - 2B2";"2014";"1";"2014-01-27";"2014-06-14";"3N1234";"22";"50";"REGULAR";"f";"2014-06-19 14:48:20.11";"f";"";"72";"CONSOLIDADA";"";"Presencial";
"1222832";"02";"5755536";"";"";"46354";"GRADUAÇÃO";"Campus Central";"Setor I Sala H-10";"2014";"1";"2014-01-27";"2014-06-14";"4N1234";"43";"50";"REGULAR";"f";"2014-06-12 12:25:20.489";"f";"";"76";"CONSOLIDADA";"";"Presencial";
"1222833";"01";"5756349";"";"";"24772";"GRADUAÇÃO";"Campus Central";"4B1";"2014";"1";"2014-01-27";"2014-06-14";"24N34";"49";"55";"REGULAR";"f";"2014-06-17 15:04:51.186";"f";"";"66";"CONSOLIDADA";"";"Presencial";
"1222834";"01";"5755969";"";"";"46356";"GRADUAÇÃO";"Campus Central";"Setor I Sala C-2";"2014";"1";"2014-01-27";"2014-06-14";"6T2345";"56";"50";"REGULAR";"f";"2014-06-14 14:08:35.565";"f";"";"72";"CONSOLIDADA";"";"Presencial";
"1222835";"02";"5756349";"";"";"24772";"GRADUAÇÃO";"Campus Central";"4B3";"2014";"1";"2014-01-27";"2014-06-14";"24N12";"78";"60";"REGULAR";"f";"2014-06-17 14:32:11.64";"f";"";"66";"CONSOLIDADA";"";"Presencial";
"1222836";"02";"5755969";"";"";"46356";"GRADUAÇÃO";"Campus Central";"Setor I Sala H-10";"2014";"1";"2014-01-27";"2014-06-14";"6N1234";"39";"50";"REGULAR";"f";"2014-06-14 14:20:28.066";"f";"";"72";"CONSOLIDADA";"";"Presencial";
"1222837";"07";"23010";"";"";"39167";"STRICTO SENSU";"";"Centro de Educação";"2014";"1";"2014-02-10";"2014-06-11";"2M1";"5";"5";"REGULAR";"f";"2014-12-17 15:52:20.642";"f";"";"16";"CONSOLIDADA";"";"Presencial";
"1222837";"07";"5753634";"";"";"39167";"STRICTO SENSU";"";"Centro de Educação";"2014";"1";"2014-02-10";"2014-06-11";"2M1";"5";"5";"REGULAR";"f";"2014-12-17 15:52:20.642";"f";"";"16";"CONSOLIDADA";"";"Presencial";
"1222837";"07";"22718";"";"";"39167";"STRICTO SENSU";"";"Centro de Educação";"2014";"1";"2014-02-10";"2014-06-11";"2M1";"5";"5";"REGULAR";"f";"2014-12-17 15:52:20.642";"f";"";"16";"CONSOLIDADA";"";"Presencial";
"1222838";"02B";"5751826";"";"";"27154";"GRADUAÇÃO";"";"CURRIAS NOVOS/RN";"2014";"1";"2014-01-27";"2014-06-14";"";"8";"";"REGULAR";"t";"2014-06-19 13:22:34.992";"f";"";"0";"CONSOLIDADA";"";"A Distância";
"1222839";"11B";"5751826";"";"";"27154";"GRADUAÇÃO";"";"EXTREMOZ/RN";"2014";"1";"2014-01-27";"2014-06-14";"";"1";"";"REGULAR";"t";"2014-06-12 20:59:52.889";"f";"";"0";"CONSOLIDADA";"";"A Distância";
"1222840";"15";"5751826";"";"";"27154";"GRADUAÇÃO";"";"LAJES/RN";"2014";"1";"2014-01-27";"2014-06-14";"";"3";"";"REGULAR";"t";"2014-06-19 12:54:42.807";"f";"";"0";"CONSOLIDADA";"";"A Distância";
"1222841";"01B";"5751826";"";"";"27154";"GRADUAÇÃO";"";"MACAU/RN";"2014";"1";"2014-01-27";"2014-06-14";"";"9";"";"REGULAR";"t";"2014-06-19 13:06:26.358";"f";"";"0";"CONSOLIDADA";"";"A Distância";
"1222842";"16";"5751826";"";"";"27154";"GRADUAÇÃO";"";"MARCELINO VIEIRA/RN";"2014";"1";"2014-01-27";"2014-06-14";"";"9";"";"REGULAR";"t";"2014-06-21 15:35:11.841";"f";"";"0";"CONSOLIDADA";"";"A Distância";
"1222843";"03B";"5751826";"";"";"27154";"GRADUAÇÃO";"";"NOVA CRUZ/RN";"2014";"1";"2014-01-27";"2014-06-14";"";"8";"";"REGULAR";"t";"2014-06-19 13:13:37.041";"f";"";"0";"CONSOLIDADA";"";"A Distância";
"1222844";"06B";"5751826";"";"";"27154";"GRADUAÇÃO";"";"PETROLINA/PE";"2014";"1";"2014-01-27";"2014-06-14";"";"1";"";"REGULAR";"t";"";"f";"";"";"EXCLUÍDA";"";"A Distância";
"1222845";"01";"22921";"";"";"46991";"GRADUAÇÃO";"Campus Central";"4A10";"2014";"1";"2014-01-27";"2014-06-14";"35T34";"27";"30";"REGULAR";"f";"2014-06-16 19:30:39.09";"f";"";"70";"CONSOLIDADA";"";"Presencial";
"1222846";"01";"5756702";"";"";"2038924";"GRADUAÇÃO";"Campus Currais Novos";"Campus de Currais Novos";"2014";"1";"2014-01-27";"2014-06-14";"5N1234";"13";"62";"REGULAR";"f";"2014-06-18 19:22:53.977";"f";"";"68";"CONSOLIDADA";"";"Presencial";
"1222847";"02";"5752625";"";"";"27156";"GRADUAÇÃO";"";"CURRIAS NOVOS/RN";"2014";"1";"2014-01-27";"2014-06-14";"";"5";"";"REGULAR";"t";"2014-06-20 15:07:44.193";"f";"";"0";"CONSOLIDADA";"";"A Distância";
"1222848";"11";"5752625";"";"";"27156";"GRADUAÇÃO";"";"EXTREMOZ/RN";"2014";"1";"2014-01-27";"2014-06-14";"";"3";"";"REGULAR";"t";"2014-06-20 15:11:21.13";"f";"";"0";"CONSOLIDADA";"";"A Distância";
"1222849";"05A";"5752625";"";"";"27156";"GRADUAÇÃO";"";"GARANHUNS/PE";"2014";"1";"2014-01-27";"2014-06-14";"";"1";"";"REGULAR";"t";"2014-06-20 15:10:27.818";"f";"";"0";"CONSOLIDADA";"";"A Distância";
"1222850";"12";"5752625";"";"";"27156";"GRADUAÇÃO";"";"LUÍS GOMES/RN";"2014";"1";"2014-01-27";"2014-06-14";"";"1";"";"REGULAR";"t";"2014-06-20 15:12:04.866";"f";"";"0";"CONSOLIDADA";"";"A Distância";
"1222851";"01";"5752625";"";"";"27156";"GRADUAÇÃO";"";"MACAU/RN";"2014";"1";"2014-01-27";"2014-06-14";"";"2";"";"REGULAR";"t";"2014-06-20 15:06:26.322";"f";"";"0";"CONSOLIDADA";"";"A Distância";
"1222852";"16";"5752625";"";"";"27156";"GRADUAÇÃO";"";"MARCELINO VIEIRA/RN";"2014";"1";"2014-01-27";"2014-06-14";"";"1";"";"REGULAR";"t";"2014-06-20 15:12:38.37";"f";"";"0";"CONSOLIDADA";"";"A Distância";
"1222853";"03";"5752625";"";"";"27156";"GRADUAÇÃO";"";"NOVA CRUZ/RN";"2014";"1";"2014-01-27";"2014-06-14";"";"2";"";"REGULAR";"t";"2014-06-20 15:08:45.903";"f";"";"0";"CONSOLIDADA";"";"A Distância";
"1222854";"02";"22921";"";"";"46991";"GRADUAÇÃO";"Campus Central";"4C2";"2014";"1";"2014-01-27";"2014-06-14";"35N12";"16";"30";"REGULAR";"f";"2014-06-16 19:57:33.998";"f";"";"72";"CONSOLIDADA";"";"Presencial";
"1222855";"02";"5752299";"";"";"27159";"GRADUAÇÃO";"";"CURRIAS NOVOS/RN";"2014";"1";"2014-01-27";"2014-06-14";"";"5";"";"REGULAR";"t";"2014-06-12 18:20:32.44";"f";"";"0";"CONSOLIDADA";"";"A Distância";
"1222856";"11";"5752299";"";"";"27159";"GRADUAÇÃO";"";"EXTREMOZ/RN";"2014";"1";"2014-01-27";"2014-06-14";"";"3";"";"REGULAR";"t";"2014-06-25 09:45:52.463";"f";"";"0";"CONSOLIDADA";"";"A Distância";
"1222857";"15";"5752299";"";"";"27159";"GRADUAÇÃO";"";"LAJES/RN";"2014";"1";"2014-01-27";"2014-06-14";"";"3";"";"REGULAR";"t";"2014-06-25 09:46:38.799";"f";"";"0";"CONSOLIDADA";"";"A Distância";
"1222858";"12";"5752299";"";"";"27159";"GRADUAÇÃO";"";"LUÍS GOMES/RN";"2014";"1";"2014-01-27";"2014-06-14";"";"";"";"REGULAR";"t";"";"f";"";"";"EXCLUÍDA";"";"A Distância";
"1222859";"01";"5752299";"";"";"27159";"GRADUAÇÃO";"";"MACAU/RN";"2014";"1";"2014-01-27";"2014-06-14";"";"7";"";"REGULAR";"t";"2014-06-11 18:15:32.356";"f";"";"0";"CONSOLIDADA";"";"A Distância";
"1222860";"16";"5752299";"";"";"27159";"GRADUAÇÃO";"";"MARCELINO VIEIRA/RN";"2014";"1";"2014-01-27";"2014-06-14";"";"9";"";"REGULAR";"t";"2014-06-12 18:16:09.945";"f";"";"0";"CONSOLIDADA";"";"A Distância";
"1222861";"03";"5752299";"";"";"27159";"GRADUAÇÃO";"";"NOVA CRUZ/RN";"2014";"1";"2014-01-27";"2014-06-14";"";"8";"";"REGULAR";"t";"2014-06-12 18:28:22.974";"f";"";"0";"CONSOLIDADA";"";"A Distância";
"1222862";"08";"62852";"";"";"39167";"STRICTO SENSU";"";"Centro de Educação";"2014";"1";"2014-02-10";"2014-06-11";"2M1";"7";"7";"REGULAR";"f";"2014-10-27 12:18:46.326";"f";"";"15";"CONSOLIDADA";"";"Presencial";
"1222862";"08";"26633";"";"";"39167";"STRICTO SENSU";"";"Centro de Educação";"2014";"1";"2014-02-10";"2014-06-11";"2M1";"7";"7";"REGULAR";"f";"2014-10-27 12:18:46.326";"f";"";"15";"CONSOLIDADA";"";"Presencial";
"1222862";"08";"91397";"";"";"39167";"STRICTO SENSU";"";"Centro de Educação";"2014";"1";"2014-02-10";"2014-06-11";"2M1";"7";"7";"REGULAR";"f";"2014-10-27 12:18:46.326";"f";"";"15";"CONSOLIDADA";"";"Presencial";
"1222863";"01";"5756095";"";"";"2038929";"GRADUAÇÃO";"Campus Currais Novos";"Campus de Currais Novos";"2014";"1";"2014-01-27";"2014-06-14";"2T56  2N1234";"9";"62";"REGULAR";"f";"2014-06-12 22:14:52.797";"f";"";"108";"CONSOLIDADA";"";"Presencial";
"1222864";"14C";"19122";"";"";"27121";"GRADUAÇÃO";"";"CAICÓ/RN";"2014";"1";"2014-01-27";"2014-06-14";"";"";"";"REGULAR";"t";"2014-06-25 10:11:10.622";"f";"";"0";"CONSOLIDADA";"";"A Distância";
"1222864";"14C";"";"4942767";"";"27121";"GRADUAÇÃO";"";"CAICÓ/RN";"2014";"1";"2014-01-27";"2014-06-14";"";"";"";"REGULAR";"t";"2014-06-25 10:11:10.622";"f";"";"0";"CONSOLIDADA";"";"A Distância";
"1222865";"02C";"";"4942767";"";"27121";"GRADUAÇÃO";"";"CURRAIS NOVOS/RN";"2014";"1";"2014-01-27";"2014-06-14";"";"1";"";"REGULAR";"t";"2014-06-25 10:02:58.192";"f";"";"0";"CONSOLIDADA";"";"A Distância";
"1222865";"02C";"19122";"";"";"27121";"GRADUAÇÃO";"";"CURRAIS NOVOS/RN";"2014";"1";"2014-01-27";"2014-06-14";"";"1";"";"REGULAR";"t";"2014-06-25 10:02:58.192";"f";"";"0";"CONSOLIDADA";"";"A Distância";
"1222866";"01D";"19122";"";"";"27121";"GRADUAÇÃO";"";"MACAU/RN";"2014";"1";"2014-01-27";"2014-06-14";"";"";"";"REGULAR";"t";"2014-06-25 10:13:02.082";"f";"";"0";"CONSOLIDADA";"";"A Distância";
"1222866";"01D";"";"4942767";"";"27121";"GRADUAÇÃO";"";"MACAU/RN";"2014";"1";"2014-01-27";"2014-06-14";"";"";"";"REGULAR";"t";"2014-06-25 10:13:02.082";"f";"";"0";"CONSOLIDADA";"";"A Distância";
"1222867";"03C";"19122";"";"";"27121";"GRADUAÇÃO";"";"NOVA CRUZ/RN";"2014";"1";"2014-01-27";"2014-06-14";"";"3";"";"REGULAR";"t";"2014-06-25 10:19:16.601";"f";"";"0";"CONSOLIDADA";"";"A Distância";
"1222867";"03C";"";"4942767";"";"27121";"GRADUAÇÃO";"";"NOVA CRUZ/RN";"2014";"1";"2014-01-27";"2014-06-14";"";"3";"";"REGULAR";"t";"2014-06-25 10:19:16.601";"f";"";"0";"CONSOLIDADA";"";"A Distância";
"1222868";"1,2,3";"";"4942767";"";"27121";"GRADUAÇÃO";"";"SÃO GONÇALO  DO AMARANTE/RN";"2014";"1";"2014-01-27";"2014-06-14";"";"6";"";"REGULAR";"t";"2014-06-25 10:08:18.782";"f";"";"0";"CONSOLIDADA";"";"A Distância";
"1222868";"1,2,3";"19122";"";"";"27121";"GRADUAÇÃO";"";"SÃO GONÇALO  DO AMARANTE/RN";"2014";"1";"2014-01-27";"2014-06-14";"";"6";"";"REGULAR";"t";"2014-06-25 10:08:18.782";"f";"";"0";"CONSOLIDADA";"";"A Distância";
"1222869";"02F";"5753581";"";"";"46634";"GRADUAÇÃO";"";"CURRAIS NOVOS/RN";"2014";"1";"2014-01-27";"2014-06-14";"";"12";"";"REGULAR";"t";"2014-06-21 10:08:01.368";"f";"";"0";"CONSOLIDADA";"";"A Distância";
"1222870";"01F";"5753581";"";"";"46634";"GRADUAÇÃO";"";"MACAU/RN";"2014";"1";"2014-01-27";"2014-06-14";"";"7";"";"REGULAR";"t";"2014-06-21 09:55:33.231";"f";"";"0";"CONSOLIDADA";"";"A Distância";
"1222871";"03F";"5753581";"";"";"46634";"GRADUAÇÃO";"";"NOVA CRUZ/RN";"2014";"1";"2014-01-27";"2014-06-14";"";"19";"";"REGULAR";"t";"2014-06-21 10:09:58.955";"f";"";"0";"CONSOLIDADA";"";"A Distância";
"1222872";"14F";"5755233";"";"";"46630";"GRADUAÇÃO";"";"CAICÓ/RN";"2014";"1";"2014-01-27";"2014-06-14";"";"";"";"REGULAR";"t";"2014-06-14 21:55:00.66";"f";"";"0";"CONSOLIDADA";"";"A Distância";
"1222873";"02F";"5755233";"";"";"46630";"GRADUAÇÃO";"";"CURRAIS NOVOS/RN";"2014";"1";"2014-01-27";"2014-06-14";"";"";"";"REGULAR";"t";"2014-06-14 22:02:15.288";"f";"";"0";"CONSOLIDADA";"";"A Distância";
"1222874";"11C";"5755233";"";"";"46630";"GRADUAÇÃO";"";"EXTREMOZ/RN";"2014";"1";"2014-01-27";"2014-06-14";"";"2";"";"REGULAR";"t";"2014-06-14 21:57:15.238";"f";"";"0";"CONSOLIDADA";"";"A Distância";
"1222875";"12D";"5755233";"";"";"46630";"GRADUAÇÃO";"";"LUÍS GOMES/RN";"2014";"1";"2014-01-27";"2014-06-14";"";"";"";"REGULAR";"t";"";"f";"";"";"EXCLUÍDA";"";"A Distância";
"1222876";"01F";"5755233";"";"";"46630";"GRADUAÇÃO";"";"MACAU/RN";"2014";"1";"2014-01-27";"2014-06-14";"";"";"";"REGULAR";"t";"2014-06-14 21:52:39.221";"f";"";"0";"CONSOLIDADA";"";"A Distância";
"1222877";"03E";"5755233";"";"";"46630";"GRADUAÇÃO";"";"NOVA CRUZ/RN";"2014";"1";"2014-01-27";"2014-06-14";"";"";"";"REGULAR";"t";"";"f";"";"";"EXCLUÍDA";"";"A Distância";
"1222878";"1,2,3B";"5755233";"";"";"46630";"GRADUAÇÃO";"";"SÃO GONÇALO  DO AMARANTE/RN";"2014";"1";"2014-01-27";"2014-06-14";"";"1";"";"REGULAR";"t";"2014-06-14 22:09:14.306";"f";"";"0";"CONSOLIDADA";"";"A Distância";
"1222879";"04";"";"99086131";"";"42480";"GRADUAÇÃO";"";"CAMPINA GRANDE/PB";"2014";"1";"2014-01-27";"2014-06-14";"";"";"";"REGULAR";"t";"2014-06-20 19:03:07.743";"f";"";"0";"CONSOLIDADA";"";"A Distância";
"1222880";"02";"";"99086131";"";"42480";"GRADUAÇÃO";"";"CURRAIS NOVOS/RN";"2014";"1";"2014-01-27";"2014-06-14";"";"3";"";"REGULAR";"t";"2014-06-20 19:37:09.375";"f";"";"0";"CONSOLIDADA";"";"A Distância";
"1222881";"11";"";"99086131";"";"42480";"GRADUAÇÃO";"";"EXTREMOZ/RN";"2014";"1";"2014-01-27";"2014-06-14";"";"6";"";"REGULAR";"t";"2014-06-20 19:29:23.691";"f";"";"0";"CONSOLIDADA";"";"A Distância";
"1222882";"15";"";"99086131";"";"42480";"GRADUAÇÃO";"";"LAJES/RN";"2014";"1";"2014-01-27";"2014-06-14";"";"1";"";"REGULAR";"t";"2014-06-20 19:05:01.515";"f";"";"0";"CONSOLIDADA";"";"A Distância";
"1222883";"01";"";"99086131";"";"42480";"GRADUAÇÃO";"";"MACAU/RN";"2014";"1";"2014-01-27";"2014-06-14";"";"4";"";"REGULAR";"t";"2014-06-20 18:55:04.145";"f";"";"0";"CONSOLIDADA";"";"A Distância";
"1222884";"16";"";"99086131";"";"42480";"GRADUAÇÃO";"";"MARCELINO VIEIRA/RN";"2014";"1";"2014-01-27";"2014-06-14";"";"2";"";"REGULAR";"t";"2014-06-07 15:17:38.596";"f";"";"0";"CONSOLIDADA";"";"A Distância";
"1222885";"03";"";"99086131";"";"42480";"GRADUAÇÃO";"";"NOVA CRUZ/RN";"2014";"1";"2014-01-27";"2014-06-14";"";"7";"";"REGULAR";"t";"2014-06-20 19:01:20.038";"f";"";"0";"CONSOLIDADA";"";"A Distância";
"1222886";"16";"5755929";"";"";"46256";"GRADUAÇÃO";"Campus Central";"2I14";"2014";"1";"2014-01-27";"2014-06-14";"35M34";"48";"35";"REGULAR";"f";"2014-06-20 00:09:20.771";"f";"";"68";"CONSOLIDADA";"";"Presencial";
"1222887";"01";"20791";"";"";"2038933";"GRADUAÇÃO";"Campus Currais Novos";"Campus de Currais Novos";"2014";"1";"2014-01-27";"2014-06-14";"3N1234";"11";"62";"REGULAR";"f";"2014-06-15 16:15:10.335";"f";"";"76";"CONSOLIDADA";"";"Presencial";
"1222888";"01";"5756345";"";"";"2038810";"GRADUAÇÃO";"Campus Currais Novos";"Campus de Currais Novos";"2014";"1";"2014-01-27";"2014-06-14";"3T12  3N12";"22";"50";"REGULAR";"f";"2014-06-10 14:43:22.753";"f";"";"76";"CONSOLIDADA";"";"Presencial";
"1222889";"01";"5756345";"";"";"2038808";"GRADUAÇÃO";"Campus Currais Novos";"Campus de Currais Novos";"2014";"1";"2014-01-27";"2014-06-14";"4N1234";"12";"62";"REGULAR";"f";"2014-06-11 14:08:43.645";"f";"";"76";"CONSOLIDADA";"";"Presencial";
"1222890";"01";"37244";"";"";"47121";"GRADUAÇÃO";"Campus Central";"4A7";"2014";"1";"2014-01-27";"2014-06-14";"6M56";"45";"50";"REGULAR";"f";"2014-06-16 10:03:55.51";"f";"";"34";"CONSOLIDADA";"";"Presencial";
"1222890";"01";"5753656";"";"";"47121";"GRADUAÇÃO";"Campus Central";"4A7";"2014";"1";"2014-01-27";"2014-06-14";"6M56";"45";"50";"REGULAR";"f";"2014-06-16 10:03:55.51";"f";"";"34";"CONSOLIDADA";"";"Presencial";
"1222891";"02B";"5752299";"";"";"27149";"GRADUAÇÃO";"";"CURRIAS NOVOS/RN";"2014";"1";"2014-01-27";"2014-06-14";"";"8";"";"REGULAR";"t";"2014-06-18 11:32:00.383";"f";"";"0";"CONSOLIDADA";"";"A Distância";
"1222891";"02B";"21391";"";"";"27149";"GRADUAÇÃO";"";"CURRIAS NOVOS/RN";"2014";"1";"2014-01-27";"2014-06-14";"";"8";"";"REGULAR";"t";"2014-06-18 11:32:00.383";"f";"";"0";"CONSOLIDADA";"";"A Distância";
"1222892";"01C";"5752299";"";"";"27149";"GRADUAÇÃO";"";"MACAU/RN";"2014";"1";"2014-01-27";"2014-06-14";"";"1";"";"REGULAR";"t";"2014-06-09 11:19:48.721";"f";"";"0";"CONSOLIDADA";"";"A Distância";
"1222892";"01C";"21391";"";"";"27149";"GRADUAÇÃO";"";"MACAU/RN";"2014";"1";"2014-01-27";"2014-06-14";"";"1";"";"REGULAR";"t";"2014-06-09 11:19:48.721";"f";"";"0";"CONSOLIDADA";"";"A Distância";
"1222893";"13";"5752299";"";"";"27149";"GRADUAÇÃO";"";"MARTINS/RN";"2014";"1";"2014-01-27";"2014-06-14";"";"1";"";"REGULAR";"t";"2014-06-18 11:40:25.382";"f";"";"0";"CONSOLIDADA";"";"A Distância";
"1222893";"13";"21391";"";"";"27149";"GRADUAÇÃO";"";"MARTINS/RN";"2014";"1";"2014-01-27";"2014-06-14";"";"1";"";"REGULAR";"t";"2014-06-18 11:40:25.382";"f";"";"0";"CONSOLIDADA";"";"A Distância";
"1222894";"03C";"21391";"";"";"27149";"GRADUAÇÃO";"";"NOVA CRUZ/RN";"2014";"1";"2014-01-27";"2014-06-14";"";"12";"";"REGULAR";"t";"2014-06-18 11:38:34.773";"f";"";"0";"CONSOLIDADA";"";"A Distância";
"1222894";"03C";"5752299";"";"";"27149";"GRADUAÇÃO";"";"NOVA CRUZ/RN";"2014";"1";"2014-01-27";"2014-06-14";"";"12";"";"REGULAR";"t";"2014-06-18 11:38:34.773";"f";"";"0";"CONSOLIDADA";"";"A Distância";
"1222895";"01";"5756022";"";"";"2038818";"GRADUAÇÃO";"Campus Currais Novos";"Campus de Currais Novos";"2014";"1";"2014-01-27";"2014-06-14";"4N1234";"15";"50";"REGULAR";"f";"2014-06-14 14:10:35.966";"f";"";"76";"CONSOLIDADA";"";"Presencial";
"1222896";"01";"23165";"";"";"2038936";"GRADUAÇÃO";"Campus Currais Novos";"Campus de Currais Novos";"2014";"1";"2014-01-27";"2014-06-14";"5N1234";"17";"50";"REGULAR";"f";"2014-06-15 08:57:32.63";"f";"";"72";"CONSOLIDADA";"";"Presencial";
"1222897";"01";"5756345";"";"";"2038819";"GRADUAÇÃO";"Campus Currais Novos";"Campus de Currais Novos";"2014";"1";"2014-01-27";"2014-06-14";"3T34  3N34";"17";"50";"REGULAR";"f";"2014-06-10 14:40:58.525";"f";"";"76";"CONSOLIDADA";"";"Presencial";
"1222898";"14C";"34950";"";"";"46909";"GRADUAÇÃO";"";"CAICÓ/RN";"2014";"1";"2014-01-27";"2014-06-14";"";"";"";"REGULAR";"t";"2014-06-26 12:26:20.444";"f";"";"0";"CONSOLIDADA";"";"A Distância";
"1222899";"02D";"34950";"";"";"46909";"GRADUAÇÃO";"";"CURRAIS NOVOS/RN";"2014";"1";"2014-01-27";"2014-06-14";"";"5";"";"REGULAR";"t";"2014-06-26 12:31:54.937";"f";"";"0";"CONSOLIDADA";"";"A Distância";
"1222900";"01D";"34950";"";"";"46909";"GRADUAÇÃO";"";"MACAU/RN";"2014";"1";"2014-01-27";"2014-06-14";"";"";"";"REGULAR";"t";"2014-06-26 12:24:13.694";"f";"";"0";"CONSOLIDADA";"";"A Distância";
"1222901";"03C";"34950";"";"";"46909";"GRADUAÇÃO";"";"NOVA CRUZ/RN";"2014";"1";"2014-01-27";"2014-06-14";"";"4";"";"REGULAR";"t";"2014-06-26 12:27:38.97";"f";"";"0";"CONSOLIDADA";"";"A Distância";
"1222902";"1,2,3";"34950";"";"";"46909";"GRADUAÇÃO";"";"SÃO GONÇALO  DO AMARANTE/RN";"2014";"1";"2014-01-27";"2014-06-14";"";"6";"";"REGULAR";"t";"2014-06-26 12:42:00.468";"f";"";"0";"CONSOLIDADA";"";"A Distância";
"1222903";"01";"5756475";"";"";"2038940";"GRADUAÇÃO";"Campus Currais Novos";"Campus de Currais Novos";"2014";"1";"2014-01-27";"2014-06-14";"2N1234";"15";"50";"REGULAR";"f";"2014-06-13 21:47:18.478";"f";"";"76";"CONSOLIDADA";"";"Presencial";
"1222904";"14C";"";"99784059";"";"46534";"GRADUAÇÃO";"";"CAICÓ/RN";"2014";"1";"2014-01-27";"2014-06-14";"";"";"";"REGULAR";"t";"2014-06-18 15:13:24.423";"f";"";"0";"CONSOLIDADA";"";"A Distância";
"1222904";"14C";"5755929";"";"";"46534";"GRADUAÇÃO";"";"CAICÓ/RN";"2014";"1";"2014-01-27";"2014-06-14";"";"";"";"REGULAR";"t";"2014-06-18 15:13:24.423";"f";"";"0";"CONSOLIDADA";"";"A Distância";
"1222905";"02D";"";"99784059";"";"46534";"GRADUAÇÃO";"";"CURRAIS NOVOS/RN";"2014";"1";"2014-01-27";"2014-06-14";"";"5";"";"REGULAR";"t";"2014-06-18 15:12:07.792";"f";"";"0";"CONSOLIDADA";"";"A Distância";
"1222905";"02D";"5755929";"";"";"46534";"GRADUAÇÃO";"";"CURRAIS NOVOS/RN";"2014";"1";"2014-01-27";"2014-06-14";"";"5";"";"REGULAR";"t";"2014-06-18 15:12:07.792";"f";"";"0";"CONSOLIDADA";"";"A Distância";
"1222906";"01D";"5755929";"";"";"46534";"GRADUAÇÃO";"";"MACAU/RN";"2014";"1";"2014-01-27";"2014-06-14";"";"3";"";"REGULAR";"t";"2014-06-18 15:08:57.566";"f";"";"0";"CONSOLIDADA";"";"A Distância";
"1222906";"01D";"";"99784059";"";"46534";"GRADUAÇÃO";"";"MACAU/RN";"2014";"1";"2014-01-27";"2014-06-14";"";"3";"";"REGULAR";"t";"2014-06-18 15:08:57.566";"f";"";"0";"CONSOLIDADA";"";"A Distância";
"1222907";"03D";"";"99784059";"";"46534";"GRADUAÇÃO";"";"NOVA CRUZ/RN";"2014";"1";"2014-01-27";"2014-06-14";"";"3";"";"REGULAR";"t";"2014-06-06 11:32:25.26";"f";"";"0";"CONSOLIDADA";"";"A Distância";
"1222907";"03D";"5755929";"";"";"46534";"GRADUAÇÃO";"";"NOVA CRUZ/RN";"2014";"1";"2014-01-27";"2014-06-14";"";"3";"";"REGULAR";"t";"2014-06-06 11:32:25.26";"f";"";"0";"CONSOLIDADA";"";"A Distância";
"1222908";"1,2,3";"";"99784059";"";"46534";"GRADUAÇÃO";"";"SÃO GONÇALO  DO AMARANTE/RN";"2014";"1";"2014-01-27";"2014-06-14";"";"7";"";"REGULAR";"t";"2014-06-18 15:15:55.043";"f";"";"0";"CONSOLIDADA";"";"A Distância";
"1222908";"1,2,3";"5755929";"";"";"46534";"GRADUAÇÃO";"";"SÃO GONÇALO  DO AMARANTE/RN";"2014";"1";"2014-01-27";"2014-06-14";"";"7";"";"REGULAR";"t";"2014-06-18 15:15:55.043";"f";"";"0";"CONSOLIDADA";"";"A Distância";
"1222909";"01";"5756022";"";"";"2038813";"GRADUAÇÃO";"Campus Currais Novos";"Campus de Currais Novos";"2014";"1";"2014-01-27";"2014-06-14";"3N1234";"39";"50";"REGULAR";"f";"2014-06-14 11:14:40.618";"f";"";"72";"CONSOLIDADA";"";"Presencial";
"1222910";"14B";"20811";"";"";"27148";"GRADUAÇÃO";"";"CAICÓ/RN";"2014";"1";"2014-01-27";"2014-06-14";"";"";"";"REGULAR";"t";"2014-06-20 14:31:37.428";"f";"";"0";"CONSOLIDADA";"";"A Distância";
"1222910";"14B";"21789";"";"";"27148";"GRADUAÇÃO";"";"CAICÓ/RN";"2014";"1";"2014-01-27";"2014-06-14";"";"";"";"REGULAR";"t";"2014-06-20 14:31:37.428";"f";"";"0";"CONSOLIDADA";"";"A Distância";
"1222911";"02B";"20811";"";"";"27148";"GRADUAÇÃO";"";"CURRIAS NOVOS/RN";"2014";"1";"2014-01-27";"2014-06-14";"";"5";"";"REGULAR";"t";"2014-06-20 14:52:36.893";"f";"";"0";"CONSOLIDADA";"";"A Distância";
"1222911";"02B";"21789";"";"";"27148";"GRADUAÇÃO";"";"CURRIAS NOVOS/RN";"2014";"1";"2014-01-27";"2014-06-14";"";"5";"";"REGULAR";"t";"2014-06-20 14:52:36.893";"f";"";"0";"CONSOLIDADA";"";"A Distância";
"1222912";"01D";"21789";"";"";"27148";"GRADUAÇÃO";"";"MACAU/RN";"2014";"1";"2014-01-27";"2014-06-14";"";"";"";"REGULAR";"t";"2014-06-20 15:03:43.24";"f";"";"0";"CONSOLIDADA";"";"A Distância";
"1222912";"01D";"20811";"";"";"27148";"GRADUAÇÃO";"";"MACAU/RN";"2014";"1";"2014-01-27";"2014-06-14";"";"";"";"REGULAR";"t";"2014-06-20 15:03:43.24";"f";"";"0";"CONSOLIDADA";"";"A Distância";
"1222913";"03C";"21789";"";"";"27148";"GRADUAÇÃO";"";"NOVA CRUZ/RN";"2014";"1";"2014-01-27";"2014-06-14";"";"5";"";"REGULAR";"t";"2014-06-20 14:48:52.645";"f";"";"0";"CONSOLIDADA";"";"A Distância";
"1222913";"03C";"20811";"";"";"27148";"GRADUAÇÃO";"";"NOVA CRUZ/RN";"2014";"1";"2014-01-27";"2014-06-14";"";"5";"";"REGULAR";"t";"2014-06-20 14:48:52.645";"f";"";"0";"CONSOLIDADA";"";"A Distância";
"1222914";"1,2,3";"20811";"";"";"27148";"GRADUAÇÃO";"";"SÃO GONÇALO  DO AMARANTE/RN";"2014";"1";"2014-01-27";"2014-06-14";"";"6";"";"REGULAR";"t";"2014-06-20 14:46:16.004";"f";"";"0";"CONSOLIDADA";"";"A Distância";
"1222914";"1,2,3";"21789";"";"";"27148";"GRADUAÇÃO";"";"SÃO GONÇALO  DO AMARANTE/RN";"2014";"1";"2014-01-27";"2014-06-14";"";"6";"";"REGULAR";"t";"2014-06-20 14:46:16.004";"f";"";"0";"CONSOLIDADA";"";"A Distância";
"1222915";"01";"5756235";"";"";"46359";"GRADUAÇÃO";"Campus Central";"Setor I Sala C-2";"2014";"1";"2014-01-27";"2014-06-14";"35T34";"53";"50";"REGULAR";"f";"2014-06-18 01:59:51.101";"f";"";"72";"CONSOLIDADA";"";"Presencial";
"1222916";"01";"5752839";"";"";"2038931";"GRADUAÇÃO";"Campus Currais Novos";"Campus de Currais Novos";"2014";"1";"2014-01-27";"2014-06-14";"2N1234";"46";"50";"REGULAR";"f";"2014-06-20 18:18:23.378";"f";"";"72";"CONSOLIDADA";"";"Presencial";
"1222917";"02";"26132";"";"";"27163";"GRADUAÇÃO";"";"CURRIAS NOVOS/RN";"2014";"1";"2014-01-27";"2014-06-14";"";"1";"";"REGULAR";"t";"2014-06-19 10:11:43.814";"f";"";"0";"CONSOLIDADA";"";"A Distância";
"1222918";"11";"26132";"";"";"27163";"GRADUAÇÃO";"";"EXTREMOZ/RN";"2014";"1";"2014-01-27";"2014-06-14";"";"";"";"REGULAR";"t";"";"f";"";"";"EXCLUÍDA";"";"A Distância";
"1222919";"05";"26132";"";"";"27163";"GRADUAÇÃO";"";"GARANHUNS/PE";"2014";"1";"2014-01-27";"2014-06-14";"";"";"";"REGULAR";"t";"";"f";"";"";"EXCLUÍDA";"";"A Distância";
"1222920";"12";"26132";"";"";"27163";"GRADUAÇÃO";"";"LUÍS GOMES/RN";"2014";"1";"2014-01-27";"2014-06-14";"";"1";"";"REGULAR";"t";"2014-06-19 10:13:43.752";"f";"";"0";"CONSOLIDADA";"";"A Distância";
"1222921";"01";"26132";"";"";"27163";"GRADUAÇÃO";"";"MACAU/RN";"2014";"1";"2014-01-27";"2014-06-14";"";"3";"";"REGULAR";"t";"2014-06-19 10:10:45.194";"f";"";"0";"CONSOLIDADA";"";"A Distância";
"1222922";"16";"26132";"";"";"27163";"GRADUAÇÃO";"";"MARCELINO VIEIRA/RN";"2014";"1";"2014-01-27";"2014-06-14";"";"";"";"REGULAR";"t";"";"f";"";"";"EXCLUÍDA";"";"A Distância";
"1222923";"03";"26132";"";"";"27163";"GRADUAÇÃO";"";"NOVA CRUZ/RN";"2014";"1";"2014-01-27";"2014-06-14";"";"2";"";"REGULAR";"t";"2014-06-19 10:12:25.892";"f";"";"0";"CONSOLIDADA";"";"A Distância";
"1222924";"01";"5756095";"";"";"2038935";"GRADUAÇÃO";"Campus Currais Novos";"Campus de Currais Novos";"2014";"1";"2014-01-27";"2014-06-14";"6N1234";"46";"50";"REGULAR";"f";"2014-06-12 22:18:46.82";"f";"";"72";"CONSOLIDADA";"";"Presencial";
"1222925";"04";"23039";"";"";"27158";"GRADUAÇÃO";"";"CAMPINA GRANDE/PB";"2014";"1";"2014-01-27";"2014-06-14";"";"";"";"REGULAR";"t";"";"f";"";"";"EXCLUÍDA";"";"A Distância";
"1222926";"02";"23039";"";"";"27158";"GRADUAÇÃO";"";"CURRIAS NOVOS/RN";"2014";"1";"2014-01-27";"2014-06-14";"";"6";"";"REGULAR";"t";"2014-06-18 22:38:33.507";"f";"";"0";"CONSOLIDADA";"";"A Distância";
"1222927";"11";"23039";"";"";"27158";"GRADUAÇÃO";"";"EXTREMOZ/RN";"2014";"1";"2014-01-27";"2014-06-14";"";"2";"";"REGULAR";"t";"2014-06-18 22:15:13.804";"f";"";"0";"CONSOLIDADA";"";"A Distância";
"1222928";"15";"23039";"";"";"27158";"GRADUAÇÃO";"";"LAJES/RN";"2014";"1";"2014-01-27";"2014-06-14";"";"1";"";"REGULAR";"t";"2014-06-18 22:11:44.87";"f";"";"0";"CONSOLIDADA";"";"A Distância";
"1222929";"01";"23039";"";"";"27158";"GRADUAÇÃO";"";"MACAU/RN";"2014";"1";"2014-01-27";"2014-06-14";"";"13";"";"REGULAR";"t";"2014-06-18 22:35:05.726";"f";"";"0";"CONSOLIDADA";"";"A Distância";
"1222930";"16";"23039";"";"";"27158";"GRADUAÇÃO";"";"MARCELINO VIEIRA/RN";"2014";"1";"2014-01-27";"2014-06-14";"";"9";"";"REGULAR";"t";"2014-06-18 22:41:16.281";"f";"";"0";"CONSOLIDADA";"";"A Distância";
"1222931";"03";"23039";"";"";"27158";"GRADUAÇÃO";"";"NOVA CRUZ/RN";"2014";"1";"2014-01-27";"2014-06-14";"";"8";"";"REGULAR";"t";"2014-06-18 22:05:45.753";"f";"";"0";"CONSOLIDADA";"";"A Distância";
"1222932";"01";"5756475";"";"";"2038942";"GRADUAÇÃO";"Campus Currais Novos";"Campus de Currais Novos";"2014";"1";"2014-01-27";"2014-06-14";"5N1234";"37";"50";"REGULAR";"f";"2014-06-13 16:15:39.09";"f";"";"72";"CONSOLIDADA";"";"Presencial";
"1222933";"02C";"5756079";"";"";"46632";"GRADUAÇÃO";"";"CURRAIS NOVOS/RN";"2014";"1";"2014-01-27";"2014-06-14";"";"13";"";"REGULAR";"t";"2014-06-17 20:14:43.84";"f";"";"0";"CONSOLIDADA";"";"A Distância";
"1222934";"11C";"5756079";"";"";"46632";"GRADUAÇÃO";"";"EXTREMOZ/RN";"2014";"1";"2014-01-27";"2014-06-14";"";"2";"";"REGULAR";"t";"2014-06-18 20:36:55.801";"f";"";"0";"CONSOLIDADA";"";"A Distância";
"1222935";"01C";"5756079";"";"";"46632";"GRADUAÇÃO";"";"MACAU/RN";"2014";"1";"2014-01-27";"2014-06-14";"";"6";"";"REGULAR";"t";"2014-06-17 20:12:33.093";"f";"";"0";"CONSOLIDADA";"";"A Distância";
"1222936";"03B";"5756079";"";"";"46632";"GRADUAÇÃO";"";"NOVA CRUZ/RN";"2014";"1";"2014-01-27";"2014-06-14";"";"18";"";"REGULAR";"t";"2014-06-18 20:03:25.613";"f";"";"0";"CONSOLIDADA";"";"A Distância";
"1222937";"01";"5756022";"";"";"2038815";"GRADUAÇÃO";"Campus Currais Novos";"Campus de Currais Novos";"2014";"1";"2014-01-27";"2014-06-14";"2N1234";"45";"50";"REGULAR";"f";"2014-06-14 13:02:40.505";"f";"";"72";"CONSOLIDADA";"";"Presencial";
"1222938";"02";"26411";"";"";"27160";"GRADUAÇÃO";"";"CURRIAS NOVOS/RN";"2014";"1";"2014-01-27";"2014-06-14";"";"18";"";"REGULAR";"t";"2014-06-18 10:03:03.982";"f";"";"0";"CONSOLIDADA";"";"A Distância";
"1222939";"11";"26411";"";"";"27160";"GRADUAÇÃO";"";"EXTREMOZ/RN";"2014";"1";"2014-01-27";"2014-06-14";"";"5";"";"REGULAR";"t";"2014-06-18 09:59:05.814";"f";"";"0";"CONSOLIDADA";"";"A Distância";
"1222940";"15";"26411";"";"";"27160";"GRADUAÇÃO";"";"LAJES/RN";"2014";"1";"2014-01-27";"2014-06-14";"";"3";"";"REGULAR";"t";"2014-06-18 10:00:42.542";"f";"";"0";"CONSOLIDADA";"";"A Distância";
"1222941";"12";"26411";"";"";"27160";"GRADUAÇÃO";"";"LUÍS GOMES/RN";"2014";"1";"2014-01-27";"2014-06-14";"";"1";"";"REGULAR";"t";"2014-06-18 09:59:59.867";"f";"";"0";"CONSOLIDADA";"";"A Distância";
"1222942";"01";"26411";"";"";"27160";"GRADUAÇÃO";"";"MACAU/RN";"2014";"1";"2014-01-27";"2014-06-14";"";"13";"";"REGULAR";"t";"2014-06-18 09:55:34.497";"f";"";"0";"CONSOLIDADA";"";"A Distância";
"1222943";"16";"26411";"";"";"27160";"GRADUAÇÃO";"";"MARCELINO VIEIRA/RN";"2014";"1";"2014-01-27";"2014-06-14";"";"6";"";"REGULAR";"t";"2014-06-18 10:01:24.771";"f";"";"0";"CONSOLIDADA";"";"A Distância";
"1222944";"13";"26411";"";"";"27160";"GRADUAÇÃO";"";"MARTINS/RN";"2014";"1";"2014-01-27";"2014-06-14";"";"2";"";"REGULAR";"t";"2014-06-18 10:02:02.814";"f";"";"0";"CONSOLIDADA";"";"A Distância";
"1222945";"03";"26411";"";"";"27160";"GRADUAÇÃO";"";"NOVA CRUZ/RN";"2014";"1";"2014-01-27";"2014-06-14";"";"13";"";"REGULAR";"t";"2014-06-18 09:57:28.718";"f";"";"0";"CONSOLIDADA";"";"A Distância";
"1222946";"01";"5752291";"";"";"2038900";"GRADUAÇÃO";"Campus Currais Novos";"Campus de Currais Novos";"2014";"1";"2014-01-27";"2014-06-14";"5N1234";"47";"50";"REGULAR";"f";"2014-06-14 08:27:56.839";"f";"";"72";"CONSOLIDADA";"";"Presencial";
"1222947";"01";"5752839";"";"";"2038904";"GRADUAÇÃO";"Campus Currais Novos";"Campus de Currais Novos";"2014";"1";"2014-01-27";"2014-06-14";"4N1234";"61";"50";"REGULAR";"f";"2014-06-20 18:13:38.978";"f";"";"68";"CONSOLIDADA";"";"Presencial";
"1222948";"01";"5752839";"";"";"2038821";"GRADUAÇÃO";"Campus Currais Novos";"Campus de Currais Novos";"2014";"1";"2014-01-27";"2014-06-14";"3N1234";"38";"50";"REGULAR";"f";"2014-06-20 18:20:36.224";"f";"";"68";"CONSOLIDADA";"";"Presencial";
"1222949";"01";"5755203";"";"";"2038903";"GRADUAÇÃO";"Campus Currais Novos";"Campus de Currais Novos";"2014";"1";"2014-01-27";"2014-06-14";"5N1234";"41";"50";"REGULAR";"f";"2014-06-14 16:12:15.564";"f";"";"68";"CONSOLIDADA";"";"Presencial";
"1222950";"02";"5756235";"";"";"46359";"GRADUAÇÃO";"Campus Central";"Setor I Sala H-10";"2014";"1";"2014-01-27";"2014-06-14";"35N34";"38";"50";"REGULAR";"f";"2014-06-18 01:52:38.328";"f";"";"72";"CONSOLIDADA";"";"Presencial";
"1222951";"01";"5756149";"";"";"46360";"GRADUAÇÃO";"Campus Central";"Setor I Sala C-2";"2014";"1";"2014-01-27";"2014-06-14";"2T1234";"46";"50";"REGULAR";"f";"2014-06-15 23:27:48.636";"f";"";"72";"CONSOLIDADA";"";"Presencial";
"1222952";"01";"5752291";"";"";"2038913";"GRADUAÇÃO";"Campus Currais Novos";"Campus de Currais Novos";"2014";"1";"2014-01-27";"2014-06-14";"6N1234";"45";"50";"REGULAR";"f";"2014-06-14 08:56:53.6";"f";"";"76";"CONSOLIDADA";"";"Presencial";
"1222953";"02";"22995";"";"";"46360";"GRADUAÇÃO";"Campus Central";"Setor I Sala H-10";"2014";"1";"2014-01-27";"2014-06-14";"2N1234";"51";"50";"REGULAR";"f";"2014-06-13 19:57:00.649";"f";"";"72";"CONSOLIDADA";"";"Presencial";
"1222954";"01";"5752275";"";"";"46362";"GRADUAÇÃO";"Campus Central";"Setor I Sala C-2";"2014";"1";"2014-01-27";"2014-06-14";"4T2345 (27/01/2014 - 14/06/2014)";"34";"50";"REGULAR";"f";"2014-06-19 15:53:22.969";"f";"";"72";"CONSOLIDADA";"";"Presencial";
"1222955";"01";"5756151";"";"";"46387";"GRADUAÇÃO";"Campus Central";"DEART Sala-20";"2014";"1";"2014-01-27";"2014-06-14";"4N1234";"39";"40";"REGULAR";"f";"2014-06-18 18:45:14.987";"f";"";"76";"CONSOLIDADA";"";"Presencial";
"1222956";"01";"5755486";"";"";"46393";"GRADUAÇÃO";"Campus Central";"Setor I Sala F-1";"2014";"1";"2014-01-27";"2014-06-14";"24N12";"54";"50";"REGULAR";"f";"2014-06-21 19:59:50.484";"f";"";"68";"CONSOLIDADA";"";"Presencial";
"1222957";"02";"22769";"";"";"46362";"GRADUAÇÃO";"Campus Central";"Setor I Sala D-3";"2014";"1";"2014-01-27";"2014-06-14";"5N1234 (27/01/2014 - 14/06/2014)";"31";"50";"REGULAR";"f";"2014-06-19 15:07:29.695";"f";"";"72";"CONSOLIDADA";"";"Presencial";
"1222958";"01";"5756398";"";"";"46386";"GRADUAÇÃO";"Campus Central";"Setor I Sala H-2";"2014";"1";"2014-01-27";"2014-06-14";"3T2345 (27/01/2014 - 14/06/2014)";"41";"50";"REGULAR";"f";"2014-06-13 11:15:39.658";"f";"";"76";"CONSOLIDADA";"";"Presencial";
"1222959";"01";"5755485";"";"";"46364";"GRADUAÇÃO";"Campus Central";"Setor I Sala E-1";"2014";"1";"2014-01-27";"2014-06-14";"3T1234 6T12";"41";"50";"REGULAR";"f";"2014-06-09 20:24:45.433";"f";"";"102";"CONSOLIDADA";"";"Presencial";
"1222960";"02";"5753581";"";"";"46364";"GRADUAÇÃO";"Campus Central";"Setor I Sala D-4";"2014";"1";"2014-01-27";"2014-06-14";"4N1234 6N34";"20";"50";"REGULAR";"f";"2014-06-21 07:50:44.197";"f";"";"114";"CONSOLIDADA";"";"Presencial";
"1222961";"01";"23107";"";"";"46366";"GRADUAÇÃO";"Campus Central";"Setor I Sala E-1";"2014";"1";"2014-01-27";"2014-06-14";"4T12 6T3456";"33";"50";"REGULAR";"f";"2014-06-08 22:46:11.684";"f";"";"100";"CONSOLIDADA";"";"Presencial";
"1222962";"02";"23107";"";"";"46366";"GRADUAÇÃO";"Campus Central";"Setor I Sala D-4";"2014";"1";"2014-01-27";"2014-06-14";"2N1234 6N12";"26";"50";"REGULAR";"f";"2014-06-17 13:57:06.867";"f";"";"100";"CONSOLIDADA";"";"Presencial";
"1222963";"01";"5755969";"";"";"46368";"GRADUAÇÃO";"Campus Central";"Setor I Sala E-1";"2014";"1";"2014-01-27";"2014-06-14";"2T56 4T3456";"38";"50";"REGULAR";"f";"2014-06-14 15:09:24.566";"f";"";"110";"CONSOLIDADA";"";"Presencial";
"1222964";"02";"5755969";"";"";"46368";"GRADUAÇÃO";"Campus Central";"Setor I Sala H-9";"2014";"1";"2014-01-27";"2014-06-14";"3N1234 4N34";"29";"50";"REGULAR";"f";"2014-06-14 15:41:01.821";"f";"";"108";"CONSOLIDADA";"";"Presencial";
"1222965";"01";"22762";"";"";"46375";"GRADUAÇÃO";"Campus Central";"Setor I Sala E-1";"2014";"1";"2014-01-27";"2014-06-14";"2T1234 5T12";"38";"50";"REGULAR";"f";"2014-06-04 14:45:00.174";"f";"";"100";"CONSOLIDADA";"";"Presencial";
"1222966";"02";"22762";"";"";"46375";"GRADUAÇÃO";"Campus Central";"Setor I Sala D-4";"2014";"1";"2014-01-27";"2014-06-14";"3N1234 5N12";"22";"50";"REGULAR";"f";"2014-06-09 10:55:17.25";"f";"";"108";"CONSOLIDADA";"";"Presencial";
"1222967";"01";"22995";"";"";"46379";"GRADUAÇÃO";"Campus Central";"Setor I Sala E-1";"2014";"1";"2014-01-27";"2014-06-14";"3T56 5T3456";"21";"50";"REGULAR";"f";"2014-06-13 19:52:39.89";"f";"";"110";"CONSOLIDADA";"";"Presencial";
"1222968";"01";"5754648";"";"";"42915";"GRADUAÇÃO";"Campus Central";"IB3";"2014";"1";"2014-01-27";"2014-06-14";"6T12345";"15";"10";"REGULAR";"f";"2014-06-13 01:32:53.401";"f";"";"95";"CONSOLIDADA";"";"Presencial";
"1222969";"02";"5752221";"";"";"42915";"GRADUAÇÃO";"Campus Central";"IC4";"2014";"1";"2014-01-27";"2014-06-14";"6T12345";"8";"10";"REGULAR";"f";"2014-06-13 12:07:38.521";"f";"";"95";"CONSOLIDADA";"";"Presencial";
"1222970";"02";"5756149";"";"";"46379";"GRADUAÇÃO";"Campus Central";"Setor I Sala H-9";"2014";"1";"2014-01-27";"2014-06-14";"2N1234 4N12";"12";"50";"REGULAR";"f";"2014-06-15 23:29:40.272";"f";"";"108";"CONSOLIDADA";"";"Presencial";
"1222972";"01";"5755936";"";"";"46383";"GRADUAÇÃO";"Campus Central";"Setor I Sala H-1";"2014";"1";"2014-01-27";"2014-06-14";"2T56";"46";"50";"REGULAR";"f";"2014-07-10 07:54:37.419";"f";"";"34";"CONSOLIDADA";"";"Presencial";
"1222973";"02";"5755936";"";"";"46383";"GRADUAÇÃO";"Campus Central";"Setor I Sala H-9";"2014";"1";"2014-01-27";"2014-06-14";"6N12";"29";"50";"REGULAR";"f";"2014-07-10 11:15:21.476";"f";"";"36";"CONSOLIDADA";"";"Presencial";
"1222974";"01";"2299002";"";"";"46381";"GRADUAÇÃO";"Campus Central";"Setor I Sala H-1";"2014";"1";"2014-01-27";"2014-06-14";"24T34";"52";"50";"REGULAR";"f";"2014-06-14 18:42:23.332";"f";"";"66";"CONSOLIDADA";"";"Presencial";
"1222975";"01";"22769";"";"";"46385";"GRADUAÇÃO";"Campus Central";"Setor I Sala H-1";"2014";"1";"2014-01-27";"2014-06-14";"5T2345 (27/01/2014 - 14/06/2014)";"47";"50";"REGULAR";"f";"2014-06-19 15:21:39.828";"f";"";"72";"CONSOLIDADA";"";"Presencial";
"1222976";"01";"5755033";"";"";"23841";"GRADUAÇÃO";"Campus Central";"DEART (A definir sala)";"2014";"1";"2014-01-27";"2014-06-14";"6N1234";"29";"40";"REGULAR";"f";"2014-06-06 18:23:17.643";"f";"";"68";"CONSOLIDADA";"";"Presencial";
"1222977";"02";"5756399";"";"";"46385";"GRADUAÇÃO";"Campus Central";"Setor I Sala H-9";"2014";"1";"2014-01-27";"2014-06-14";"5N1234 (27/01/2014 - 14/06/2014)";"44";"50";"REGULAR";"f";"2014-06-06 16:08:25.318";"f";"";"64";"CONSOLIDADA";"";"Presencial";
"1222978";"01";"5756587";"";"";"46382";"GRADUAÇÃO";"Campus Central";"Setor I Sala H-1";"2014";"1";"2014-01-27";"2014-06-14";"3T2345";"35";"50";"REGULAR";"f";"2014-07-03 08:41:45.548";"f";"";"68";"CONSOLIDADA";"";"Presencial";
"1222979";"02";"5756587";"";"";"46382";"GRADUAÇÃO";"Campus Central";"Setor I Sala A-3";"2014";"1";"2014-01-27";"2014-06-14";"3N1234";"65";"50";"REGULAR";"f";"2014-07-03 08:48:44.463";"f";"";"68";"CONSOLIDADA";"";"Presencial";
"1222980";"01";"5752677";"";"";"51676";"GRADUAÇÃO";"Campus Central";"Sala de Aula 11 (DEF)";"2014";"1";"2014-01-27";"2014-06-14";"3T2345";"57";"54";"REGULAR";"f";"2014-06-11 11:57:35.548";"f";"";"76";"CONSOLIDADA";"";"Presencial";
"1222981";"02";"26091";"";"";"46387";"GRADUAÇÃO";"Campus Central";"Setor II Sala D-3";"2014";"1";"2014-01-27";"2014-06-14";"24N12";"43";"50";"REGULAR";"f";"2014-06-14 16:00:31.849";"f";"";"70";"CONSOLIDADA";"";"Presencial";
"1222982";"01";"5752201";"";"";"46194";"GRADUAÇÃO";"Campus Central";"CATOLÉ";"2014";"1";"2014-01-27";"2014-06-14";"35T56";"71";"55";"REGULAR";"f";"2014-06-17 16:22:15.074";"f";"";"66";"CONSOLIDADA";"";"Presencial";
"1222983";"01";"5753609";"";"";"46225";"GRADUAÇÃO";"Campus Central";"Setor II Sala E-3";"2014";"1";"2014-01-27";"2014-06-14";"7M12  3N1234 (27/01/2014 - 14/06/2014)";"44";"50";"REGULAR";"f";"2014-06-21 21:58:52.05";"f";"";"116";"CONSOLIDADA";"";"Presencial";
"1222984";"01";"5753609";"";"";"46227";"GRADUAÇÃO";"Campus Central";"Setor II Sala E-4";"2014";"1";"2014-01-27";"2014-06-14";"7M34  5N1234 (27/01/2014 - 14/06/2014)";"44";"50";"REGULAR";"f";"2014-06-21 22:01:19.308";"f";"";"112";"CONSOLIDADA";"";"Presencial";
"1222985";"01";"5756051";"";"";"46233";"GRADUAÇÃO";"Campus Central";"Setor II Sala I-14";"2014";"1";"2014-01-27";"2014-06-14";"7M12  6N1234 (27/01/2014 - 14/06/2014)";"21";"30";"REGULAR";"f";"2014-06-12 21:11:36.346";"f";"";"68";"CONSOLIDADA";"";"Presencial";
"1222986";"01";"5756051";"";"";"46234";"GRADUAÇÃO";"Campus Central";"Setor II Sala I-20";"2014";"1";"2014-01-27";"2014-06-14";"7M34  5N1234 (27/01/2014 - 14/06/2014)";"14";"30";"REGULAR";"f";"2014-06-11 14:18:39.885";"f";"";"64";"CONSOLIDADA";"";"Presencial";
"1222987";"01";"5756051";"";"";"46235";"GRADUAÇÃO";"Campus Central";"Setor II Sala I-20";"2014";"1";"2014-01-27";"2014-06-14";"7T12  3N1234 (27/01/2014 - 14/06/2014)";"15";"30";"REGULAR";"f";"2014-06-11 14:54:22.598";"f";"";"72";"CONSOLIDADA";"";"Presencial";
"1222988";"01";"5756051";"";"";"46236";"GRADUAÇÃO";"Campus Central";"Setor II Sala I-22";"2014";"1";"2014-01-27";"2014-06-14";"7T34  4N1234 (27/01/2014 - 14/06/2014)";"8";"30";"REGULAR";"f";"2014-06-11 14:25:37.712";"f";"";"72";"CONSOLIDADA";"";"Presencial";
"1222989";"01";"5755608";"";"";"46152";"GRADUAÇÃO";"Campus Central";"Setor II Sala H-6";"2014";"1";"2014-01-27";"2014-06-14";"35N34 (27/01/2014 - 14/06/2014)";"37";"45";"REGULAR";"f";"2014-06-09 16:22:19.523";"f";"";"70";"CONSOLIDADA";"";"Presencial";
"1222990";"01";"5755608";"";"";"46164";"GRADUAÇÃO";"Campus Central";"Setor II Sala H-6";"2014";"1";"2014-01-27";"2014-06-14";"7M34  4N1234 (27/01/2014 - 14/06/2014)";"11";"45";"REGULAR";"f";"2014-06-07 12:53:25.86";"f";"";"110";"CONSOLIDADA";"";"Presencial";
"1222991";"01";"5753634";"";"";"46167";"GRADUAÇÃO";"Campus Central";"Setor II Sala F-4";"2014";"1";"2014-01-27";"2014-06-14";"7M12  4N1234 (27/01/2014 - 14/06/2014)";"22";"40";"REGULAR";"f";"2014-06-13 14:29:49.711";"f";"";"114";"CONSOLIDADA";"";"Presencial";
"1222992";"01";"5753634";"";"";"46177";"GRADUAÇÃO";"Campus Central";"Setor II Sala F-4";"2014";"1";"2014-01-27";"2014-06-14";"7M34  3N1234 (27/01/2014 - 14/06/2014)";"11";"50";"REGULAR";"f";"2014-06-13 13:53:02.623";"f";"";"114";"CONSOLIDADA";"";"Presencial";
"1222993";"01";"5756427";"";"";"24984";"GRADUAÇÃO";"Campus Central";"Setor V - G4";"2014";"1";"2014-01-27";"2014-06-14";"35T56";"48";"50";"REGULAR";"f";"2014-06-10 15:13:16.987";"f";"";"66";"CONSOLIDADA";"";"Presencial";
"1222994";"01";"5755937";"";"";"46191";"GRADUAÇÃO";"Campus Central";"Setor II Sala F-2";"2014";"1";"2014-01-27";"2014-06-14";"2M3456 7M12 (27/01/2014 - 14/06/2014)";"7";"20";"REGULAR";"f";"2014-06-13 07:50:54.231";"f";"";"110";"CONSOLIDADA";"";"Presencial";
"1222996";"01";"22946";"";"";"46199";"GRADUAÇÃO";"Campus Central";"DEART Sala-05";"2014";"1";"2014-01-27";"2014-06-14";"3M1234 7M123 (27/01/2014 - 14/06/2014)";"25";"40";"REGULAR";"f";"2014-06-20 15:50:25.336";"f";"";"136";"CONSOLIDADA";"";"Presencial";
"1222997";"01";"17961";"";"";"21213";"GRADUAÇÃO";"Campus Central";"Setor V - A definir Sala";"2014";"1";"2014-01-27";"2014-06-14";"35T12";"41";"50";"REGULAR";"f";"2014-06-20 20:09:35.921";"f";"";"72";"CONSOLIDADA";"";"Presencial";
"1222997";"01";"5752681";"";"";"21213";"GRADUAÇÃO";"Campus Central";"Setor V - A definir Sala";"2014";"1";"2014-01-27";"2014-06-14";"35T12";"41";"50";"REGULAR";"f";"2014-06-20 20:09:35.921";"f";"";"72";"CONSOLIDADA";"";"Presencial";
"1222998";"01";"22946";"";"";"46203";"GRADUAÇÃO";"Campus Central";"DEART Sala-05";"2014";"1";"2014-01-27";"2014-06-14";"5M1234 7M456 (27/01/2014 - 14/06/2014)";"30";"40";"REGULAR";"f";"2014-06-20 16:44:48.87";"f";"";"132";"CONSOLIDADA";"";"Presencial";
"1222999";"01";"5753773";"";"";"46221";"GRADUAÇÃO";"Campus Central";"Setor II Sala A-3";"2014";"1";"2014-01-27";"2014-06-14";"2M3456 7M12 (27/01/2014 - 14/06/2014)";"17";"20";"REGULAR";"f";"2014-06-22 20:00:20.923";"f";"";"112";"CONSOLIDADA";"";"Presencial";
"1223000";"01";"5753773";"";"";"46223";"GRADUAÇÃO";"Campus Central";"Setor II Sala F-4";"2014";"1";"2014-01-27";"2014-06-14";"3M3456 7M34 (27/01/2014 - 14/06/2014)";"14";"20";"REGULAR";"f";"2014-06-22 20:02:44.08";"f";"";"116";"CONSOLIDADA";"";"Presencial";
"1223001";"01";"21930";"";"";"46586";"GRADUAÇÃO";"Campus Central";"Setor I Sala B-1";"2014";"1";"2014-01-27";"2014-06-14";"7M12  4N1234";"16";"40";"REGULAR";"f";"2014-06-05 16:43:19.301";"f";"";"104";"CONSOLIDADA";"";"Presencial";
"1223002";"01";"21930";"";"";"46584";"GRADUAÇÃO";"Campus Central";"Setor I Sala B-1";"2014";"1";"2014-01-27";"2014-06-14";"7T1234  23N1234";"11";"50";"REGULAR";"f";"2014-06-05 17:11:30.599";"f";"";"208";"CONSOLIDADA";"";"Presencial";
"1223003";"01";"2299002";"";"";"46455";"GRADUAÇÃO";"Campus Central";"CB - Mandacarú";"2014";"1";"2014-01-27";"2014-06-14";"6M56";"74";"51";"REGULAR";"f";"2014-06-14 18:28:50.586";"f";"";"36";"CONSOLIDADA";"";"Presencial";
"1223004";"02";"2299002";"";"";"46455";"GRADUAÇÃO";"Campus Central";"CB - Mandacarú";"2014";"1";"2014-01-27";"2014-06-14";"2N34";"50";"50";"REGULAR";"f";"2014-06-14 18:46:34.059";"f";"";"36";"CONSOLIDADA";"";"Presencial";
"1223005";"01";"5755727";"";"";"2045602";"GRADUAÇÃO";"Campus Central";"Sala 05 do DNUT";"2014";"1";"2014-01-27";"2014-06-14";"5T2345";"49";"45";"REGULAR";"f";"2014-06-10 16:45:38.432";"f";"";"68";"CONSOLIDADA";"";"Presencial";
"1223005";"01";"5755495";"";"";"2045602";"GRADUAÇÃO";"Campus Central";"Sala 05 do DNUT";"2014";"1";"2014-01-27";"2014-06-14";"5T2345";"49";"45";"REGULAR";"f";"2014-06-10 16:45:38.432";"f";"";"68";"CONSOLIDADA";"";"Presencial";
"1223006";"01";"5752695";"";"";"2045612";"GRADUAÇÃO";"Campus Central";"Sala 01 do DSC";"2014";"1";"2014-01-27";"2014-06-14";"2M234";"33";"40";"REGULAR";"f";"2014-06-10 11:02:42.725";"f";"";"51";"CONSOLIDADA";"";"Presencial";
"1223006";"01";"5755757";"";"";"2045612";"GRADUAÇÃO";"Campus Central";"Sala 01 do DSC";"2014";"1";"2014-01-27";"2014-06-14";"2M234";"33";"40";"REGULAR";"f";"2014-06-10 11:02:42.725";"f";"";"51";"CONSOLIDADA";"";"Presencial";
"1223007";"01";"5755761";"";"";"2045650";"GRADUAÇÃO";"Campus Central";"Departamento de Saúde Coletiva";"2014";"1";"2014-01-27";"2014-06-14";"46T56";"3";"20";"REGULAR";"f";"";"f";"";"";"EXCLUÍDA";"";"Presencial";
"1223008";"01";"24040";"";"";"27088";"GRADUAÇÃO";"Campus Central";"Sala 03 do DSC";"2014";"1";"2014-01-27";"2014-06-14";"5T345";"23";"18";"REGULAR";"f";"2014-06-11 12:42:35.547";"f";"";"51";"CONSOLIDADA";"";"Presencial";
"1223008";"01";"5756406";"";"";"27088";"GRADUAÇÃO";"Campus Central";"Sala 03 do DSC";"2014";"1";"2014-01-27";"2014-06-14";"5T345";"23";"18";"REGULAR";"f";"2014-06-11 12:42:35.547";"f";"";"51";"CONSOLIDADA";"";"Presencial";
"1223009";"02";"5755734";"";"";"27088";"GRADUAÇÃO";"Campus Central";"Departamento de Saúde Coletiva";"2014";"1";"2014-01-27";"2014-06-14";"5T345";"20";"18";"REGULAR";"f";"2014-06-13 18:34:56.111";"f";"";"54";"CONSOLIDADA";"";"Presencial";
"1223009";"02";"5756378";"";"";"27088";"GRADUAÇÃO";"Campus Central";"Departamento de Saúde Coletiva";"2014";"1";"2014-01-27";"2014-06-14";"5T345";"20";"18";"REGULAR";"f";"2014-06-13 18:34:56.111";"f";"";"54";"CONSOLIDADA";"";"Presencial";
"1223010";"03";"5756378";"";"";"27088";"GRADUAÇÃO";"Campus Central";"Departamento de Saúde Coletiva";"2014";"1";"2014-01-27";"2014-06-14";"5T345";"18";"17";"REGULAR";"f";"2014-06-13 18:40:20.045";"f";"";"54";"CONSOLIDADA";"";"Presencial";
"1223010";"03";"5755734";"";"";"27088";"GRADUAÇÃO";"Campus Central";"Departamento de Saúde Coletiva";"2014";"1";"2014-01-27";"2014-06-14";"5T345";"18";"17";"REGULAR";"f";"2014-06-13 18:40:20.045";"f";"";"54";"CONSOLIDADA";"";"Presencial";
"1223011";"01";"5752695";"";"";"21061";"GRADUAÇÃO";"Campus Central";"Sala 06 do DSC";"2014";"1";"2014-01-27";"2014-06-14";"5T234";"11";"25";"REGULAR";"f";"2014-06-10 11:08:55.343";"f";"";"51";"CONSOLIDADA";"";"Presencial";
"1223012";"02";"5755757";"";"";"21061";"GRADUAÇÃO";"Campus Central";"Sala 07 do DSC";"2014";"1";"2014-01-27";"2014-06-14";"5T234";"31";"25";"REGULAR";"f";"2014-06-11 01:11:59.406";"f";"";"51";"CONSOLIDADA";"";"Presencial";
"1223013";"01";"5752695";"";"";"21013";"GRADUAÇÃO";"Campus Central";"Sala 04 do DSC";"2014";"1";"2014-01-27";"2014-06-14";"4T234";"25";"26";"REGULAR";"f";"2014-06-10 11:14:50.63";"f";"";"54";"CONSOLIDADA";"";"Presencial";
"1223014";"02";"5755757";"";"";"21013";"GRADUAÇÃO";"Campus Central";"Sala 06 do DSC";"2014";"1";"2014-01-27";"2014-06-14";"4T234";"29";"27";"REGULAR";"f";"2014-06-11 01:12:49.469";"f";"";"51";"CONSOLIDADA";"";"Presencial";
"1223015";"01";"5756378";"";"";"23646";"GRADUAÇÃO";"Campus Central";"Sala 05 do DSC";"2014";"1";"2014-01-27";"2014-06-14";"24T34";"31";"30";"REGULAR";"f";"2014-06-09 12:17:17.612";"f";"";"66";"CONSOLIDADA";"";"Presencial";
"1223015";"01";"18885";"";"";"23646";"GRADUAÇÃO";"Campus Central";"Sala 05 do DSC";"2014";"1";"2014-01-27";"2014-06-14";"24T34";"31";"30";"REGULAR";"f";"2014-06-09 12:17:17.612";"f";"";"66";"CONSOLIDADA";"";"Presencial";
"1223016";"02";"24040";"";"";"23646";"GRADUAÇÃO";"Campus Central";"Sala 07 do DSC";"2014";"1";"2014-01-27";"2014-06-14";"24T34";"28";"30";"REGULAR";"f";"2014-06-11 12:33:38.923";"f";"";"70";"CONSOLIDADA";"";"Presencial";
"1223017";"01";"5756718";"";"";"25317";"GRADUAÇÃO";"Campus Central";"Salas do 4º subsolo do HUOL";"2014";"1";"2014-01-27";"2014-06-14";"2T345";"14";"30";"REGULAR";"f";"2014-06-16 13:17:49.149";"f";"";"54";"CONSOLIDADA";"";"Presencial";
"1223017";"01";"5755528";"";"";"25317";"GRADUAÇÃO";"Campus Central";"Salas do 4º subsolo do HUOL";"2014";"1";"2014-01-27";"2014-06-14";"2T345";"14";"30";"REGULAR";"f";"2014-06-16 13:17:49.149";"f";"";"54";"CONSOLIDADA";"";"Presencial";
"1223018";"02";"5755528";"";"";"25317";"GRADUAÇÃO";"Campus Central";"Salas do 4º subsolo do HUOL";"2014";"1";"2014-01-27";"2014-06-14";"2T345";"35";"30";"REGULAR";"f";"2014-06-16 13:22:53.042";"f";"";"54";"CONSOLIDADA";"";"Presencial";
"1223018";"02";"5756718";"";"";"25317";"GRADUAÇÃO";"Campus Central";"Salas do 4º subsolo do HUOL";"2014";"1";"2014-01-27";"2014-06-14";"2T345";"35";"30";"REGULAR";"f";"2014-06-16 13:22:53.042";"f";"";"54";"CONSOLIDADA";"";"Presencial";
"1223019";"01";"5755528";"";"";"2049450";"GRADUAÇÃO";"Campus Central";"Departamento de Farmácia";"2014";"1";"2014-01-27";"2014-06-14";"35T54";"37";"25";"REGULAR";"f";"2014-06-14 20:42:02.92";"f";"";"68";"CONSOLIDADA";"";"Presencial";
"1223019";"01";"5755761";"";"";"2049450";"GRADUAÇÃO";"Campus Central";"Departamento de Farmácia";"2014";"1";"2014-01-27";"2014-06-14";"35T54";"37";"25";"REGULAR";"f";"2014-06-14 20:42:02.92";"f";"";"68";"CONSOLIDADA";"";"Presencial";
"1223020";"02";"5755736";"";"";"2049450";"GRADUAÇÃO";"Campus Central";"Departamento de Farmácia";"2014";"1";"2014-01-27";"2014-06-14";"35T45";"37";"25";"REGULAR";"f";"2014-06-04 22:55:57.3";"f";"";"66";"CONSOLIDADA";"";"Presencial";
"1223020";"02";"5755425";"";"";"2049450";"GRADUAÇÃO";"Campus Central";"Departamento de Farmácia";"2014";"1";"2014-01-27";"2014-06-14";"35T45";"37";"25";"REGULAR";"f";"2014-06-04 22:55:57.3";"f";"";"66";"CONSOLIDADA";"";"Presencial";
"1223021";"01";"5755757";"";"";"2034851";"GRADUAÇÃO";"Campus Central";"Sala 03 do DSC";"2014";"1";"2014-01-31";"2014-05-30";"6N1234 (31/01/2014 - 30/05/2014)";"5";"30";"REGULAR";"f";"2014-06-11 09:41:32.439";"f";"";"68";"CONSOLIDADA";"";"Presencial";
"1223021";"01";"5755761";"";"";"2034851";"GRADUAÇÃO";"Campus Central";"Sala 03 do DSC";"2014";"1";"2014-01-31";"2014-05-30";"6N1234 (31/01/2014 - 30/05/2014)";"5";"30";"REGULAR";"f";"2014-06-11 09:41:32.439";"f";"";"68";"CONSOLIDADA";"";"Presencial";
"1223022";"02";"5756406";"";"";"2034851";"GRADUAÇÃO";"Campus Central";"Sala 04 do DSC";"2014";"1";"2014-01-31";"2014-05-30";"6N1234 (31/01/2014 - 30/05/2014)";"1";"30";"REGULAR";"f";"2014-06-12 20:53:14.593";"f";"";"68";"CONSOLIDADA";"";"Presencial";
"1223023";"01";"5755734";"";"";"2034861";"GRADUAÇÃO";"Campus Central";"Sala 04 do DSC";"2014";"1";"2014-01-27";"2014-06-09";"2N1234 5N12 (27/01/2014 - 09/06/2014)";"25";"28";"REGULAR";"f";"2014-06-11 10:12:38.182";"f";"";"102";"CONSOLIDADA";"";"Presencial";
"1223023";"01";"5756406";"";"";"2034861";"GRADUAÇÃO";"Campus Central";"Sala 04 do DSC";"2014";"1";"2014-01-27";"2014-06-09";"2N1234 5N12 (27/01/2014 - 09/06/2014)";"25";"28";"REGULAR";"f";"2014-06-11 10:12:38.182";"f";"";"102";"CONSOLIDADA";"";"Presencial";
"1223024";"02";"5754400";"";"";"2034861";"GRADUAÇÃO";"Campus Central";"Sala 06 do DSC";"2014";"1";"2014-01-27";"2014-06-12";"2N1234 5N12 (27/01/2014 - 12/06/2014)";"7";"28";"REGULAR";"f";"2014-06-14 18:42:50.615";"f";"";"104";"CONSOLIDADA";"";"Presencial";
"1223024";"02";"5753622";"";"";"2034861";"GRADUAÇÃO";"Campus Central";"Sala 06 do DSC";"2014";"1";"2014-01-27";"2014-06-12";"2N1234 5N12 (27/01/2014 - 12/06/2014)";"7";"28";"REGULAR";"f";"2014-06-14 18:42:50.615";"f";"";"104";"CONSOLIDADA";"";"Presencial";
"1223025";"01";"5755736";"";"";"2034862";"GRADUAÇÃO";"Campus Central";"Sala 04 do DSC";"2014";"1";"2014-01-29";"2014-06-12";"4N1234 5N34 (29/01/2014 - 12/06/2014)";"27";"29";"REGULAR";"f";"2014-06-04 23:02:31.168";"f";"";"98";"CONSOLIDADA";"";"Presencial";
"1223025";"01";"5755734";"";"";"2034862";"GRADUAÇÃO";"Campus Central";"Sala 04 do DSC";"2014";"1";"2014-01-29";"2014-06-12";"4N1234 5N34 (29/01/2014 - 12/06/2014)";"27";"29";"REGULAR";"f";"2014-06-04 23:02:31.168";"f";"";"98";"CONSOLIDADA";"";"Presencial";
"1223027";"01";"5755734";"";"";"2034950";"GRADUAÇÃO";"Campus Central";"Sala 04 do DSC";"2014";"1";"2014-01-28";"2014-06-10";"3N1234 (28/01/2014 - 10/06/2014)";"6";"28";"REGULAR";"f";"2014-06-11 10:10:04.6";"f";"";"72";"CONSOLIDADA";"";"Presencial";
"1223029";"01";"5754293";"";"";"2034869";"GRADUAÇÃO";"Campus Central";"Departamento de Saúde Coletiva";"2014";"1";"2014-01-30";"2014-05-29";"5N4 (30/01/2014 - 29/05/2014)";"35";"60";"REGULAR";"f";"2014-06-10 11:32:05.026";"f";"";"12";"CONSOLIDADA";"";"Presencial";
"1223029";"01";"5752695";"";"";"2034869";"GRADUAÇÃO";"Campus Central";"Departamento de Saúde Coletiva";"2014";"1";"2014-01-30";"2014-05-29";"5N4 (30/01/2014 - 29/05/2014)";"35";"60";"REGULAR";"f";"2014-06-10 11:32:05.026";"f";"";"12";"CONSOLIDADA";"";"Presencial";
"1223029";"01";"22970";"";"";"2034869";"GRADUAÇÃO";"Campus Central";"Departamento de Saúde Coletiva";"2014";"1";"2014-01-30";"2014-05-29";"5N4 (30/01/2014 - 29/05/2014)";"35";"60";"REGULAR";"f";"2014-06-10 11:32:05.026";"f";"";"12";"CONSOLIDADA";"";"Presencial";
"1223029";"01";"5752206";"";"";"2034869";"GRADUAÇÃO";"Campus Central";"Departamento de Saúde Coletiva";"2014";"1";"2014-01-30";"2014-05-29";"5N4 (30/01/2014 - 29/05/2014)";"35";"60";"REGULAR";"f";"2014-06-10 11:32:05.026";"f";"";"12";"CONSOLIDADA";"";"Presencial";
"1223030";"01";"22970";"";"";"2034951";"GRADUAÇÃO";"Campus Central";"Departamento de Saúde Coletiva";"2014";"1";"2014-01-27";"2014-05-26";"2N1234 (27/01/2014 - 26/05/2014)";"6";"30";"REGULAR";"f";"2014-06-13 17:21:51.851";"f";"";"72";"CONSOLIDADA";"";"Presencial";
"1223031";"02";"5752206";"";"";"2034951";"GRADUAÇÃO";"Campus Central";"Sala 03 do DSC";"2014";"1";"2014-01-27";"2014-05-26";"2N1234 (27/01/2014 - 26/05/2014)";"5";"30";"REGULAR";"f";"2014-06-15 20:08:48.091";"f";"";"72";"CONSOLIDADA";"";"Presencial";
"1223032";"01";"18389";"";"";"43764";"GRADUAÇÃO";"Campus Central";"Departamento de Saúde Coletiva";"2014";"1";"2014-01-27";"2014-06-14";"5N1234 (27/01/2014 - 14/06/2014)";"4";"60";"REGULAR";"f";"";"f";"";"";"EXCLUÍDA";"";"Presencial";
"1223033";"01";"5754293";"";"";"48799";"GRADUAÇÃO";"Campus Central";"Departamento de Saúde Coletiva";"2014";"1";"2014-01-27";"2014-06-14";"4N1234";"7";"30";"REGULAR";"f";"2014-06-04 18:20:16.83";"f";"";"68";"CONSOLIDADA";"";"Presencial";
"1223034";"02";"5755528";"";"";"48799";"GRADUAÇÃO";"Campus Central";"Sala 07 do DSC";"2014";"1";"2014-01-27";"2014-06-14";"4N1234";"3";"30";"REGULAR";"f";"2014-06-16 13:33:14.447";"f";"";"72";"CONSOLIDADA";"";"Presencial";
"1223035";"01";"18389";"";"";"48632";"GRADUAÇÃO";"Campus Central";"Sala 06 do DSC";"2014";"1";"2014-01-27";"2014-06-14";"3N1234";"28";"28";"REGULAR";"f";"2014-06-21 14:48:24.234";"f";"";"76";"CONSOLIDADA";"";"Presencial";
"1223036";"02";"22062";"";"";"48632";"GRADUAÇÃO";"Campus Central";"Sala 07 do DSC";"2014";"1";"2014-01-27";"2014-06-14";"3N1234";"31";"31";"REGULAR";"f";"2014-06-21 20:22:58.387";"f";"";"72";"CONSOLIDADA";"";"Presencial";
"1223037";"01";"5752695";"";"";"52953";"GRADUAÇÃO";"Campus Central";"Sala 01 do DSC";"2014";"1";"2014-01-27";"2014-06-14";"3N123";"4";"30";"REGULAR";"f";"2014-06-10 10:51:48.435";"f";"";"51";"CONSOLIDADA";"";"Presencial";
"1223038";"02";"5756406";"";"";"52953";"GRADUAÇÃO";"Campus Central";"Sala 03 do DSC";"2014";"1";"2014-01-27";"2014-06-14";"3N123";"1";"30";"REGULAR";"f";"2014-06-12 20:55:27.354";"f";"";"51";"CONSOLIDADA";"";"Presencial";
"1223039";"01";"5752695";"";"";"46406";"GRADUAÇÃO";"Campus Central";"Departamento de Saúde Coletiva";"2014";"1";"2014-01-28";"2014-06-10";"3N4 (28/01/2014 - 10/06/2014)";"19";"60";"REGULAR";"f";"2014-06-10 11:21:44.081";"f";"";"10";"CONSOLIDADA";"";"Presencial";
"1223039";"01";"22970";"";"";"46406";"GRADUAÇÃO";"Campus Central";"Departamento de Saúde Coletiva";"2014";"1";"2014-01-28";"2014-06-10";"3N4 (28/01/2014 - 10/06/2014)";"19";"60";"REGULAR";"f";"2014-06-10 11:21:44.081";"f";"";"10";"CONSOLIDADA";"";"Presencial";
"1223039";"01";"5752206";"";"";"46406";"GRADUAÇÃO";"Campus Central";"Departamento de Saúde Coletiva";"2014";"1";"2014-01-28";"2014-06-10";"3N4 (28/01/2014 - 10/06/2014)";"19";"60";"REGULAR";"f";"2014-06-10 11:21:44.081";"f";"";"10";"CONSOLIDADA";"";"Presencial";
"1223039";"01";"5754293";"";"";"46406";"GRADUAÇÃO";"Campus Central";"Departamento de Saúde Coletiva";"2014";"1";"2014-01-28";"2014-06-10";"3N4 (28/01/2014 - 10/06/2014)";"19";"60";"REGULAR";"f";"2014-06-10 11:21:44.081";"f";"";"10";"CONSOLIDADA";"";"Presencial";
"1223040";"01";"5755736";"";"";"46413";"GRADUAÇÃO";"Campus Central";"Departamento de Saúde Coletiva";"2014";"1";"2014-02-01";"2014-06-14";"7T23 (01/02/2014 - 14/06/2014)";"48";"55";"REGULAR";"f";"2014-06-14 12:36:50.517";"f";"";"0";"CONSOLIDADA";"";"Presencial";
"1223040";"01";"18389";"";"";"46413";"GRADUAÇÃO";"Campus Central";"Departamento de Saúde Coletiva";"2014";"1";"2014-02-01";"2014-06-14";"7T23 (01/02/2014 - 14/06/2014)";"48";"55";"REGULAR";"f";"2014-06-14 12:36:50.517";"f";"";"0";"CONSOLIDADA";"";"Presencial";
"1223040";"01";"5754400";"";"";"46413";"GRADUAÇÃO";"Campus Central";"Departamento de Saúde Coletiva";"2014";"1";"2014-02-01";"2014-06-14";"7T23 (01/02/2014 - 14/06/2014)";"48";"55";"REGULAR";"f";"2014-06-14 12:36:50.517";"f";"";"0";"CONSOLIDADA";"";"Presencial";
"1223040";"01";"5756406";"";"";"46413";"GRADUAÇÃO";"Campus Central";"Departamento de Saúde Coletiva";"2014";"1";"2014-02-01";"2014-06-14";"7T23 (01/02/2014 - 14/06/2014)";"48";"55";"REGULAR";"f";"2014-06-14 12:36:50.517";"f";"";"0";"CONSOLIDADA";"";"Presencial";
"1223040";"01";"22062";"";"";"46413";"GRADUAÇÃO";"Campus Central";"Departamento de Saúde Coletiva";"2014";"1";"2014-02-01";"2014-06-14";"7T23 (01/02/2014 - 14/06/2014)";"48";"55";"REGULAR";"f";"2014-06-14 12:36:50.517";"f";"";"0";"CONSOLIDADA";"";"Presencial";
"1223041";"01";"5753245";"";"";"46423";"GRADUAÇÃO";"Campus Central";"Departamento de Saúde Coletiva";"2014";"1";"2014-03-01";"2014-06-14";"7T23 (01/03/2014 - 14/06/2014)";"44";"55";"REGULAR";"f";"2014-06-13 11:00:51.263";"f";"";"16";"CONSOLIDADA";"";"Presencial";
"1223041";"01";"5753567";"";"";"46423";"GRADUAÇÃO";"Campus Central";"Departamento de Saúde Coletiva";"2014";"1";"2014-03-01";"2014-06-14";"7T23 (01/03/2014 - 14/06/2014)";"44";"55";"REGULAR";"f";"2014-06-13 11:00:51.263";"f";"";"16";"CONSOLIDADA";"";"Presencial";
"1223042";"01";"5755736";"";"";"48177";"GRADUAÇÃO";"Campus Central";"Departamento de Saúde Coletiva";"2014";"1";"2014-02-01";"2014-06-07";"7T45 (01/02/2014 - 07/06/2014)";"32";"55";"REGULAR";"f";"2014-06-14 13:31:52.889";"f";"";"0";"CONSOLIDADA";"";"Presencial";
"1223042";"01";"18389";"";"";"48177";"GRADUAÇÃO";"Campus Central";"Departamento de Saúde Coletiva";"2014";"1";"2014-02-01";"2014-06-07";"7T45 (01/02/2014 - 07/06/2014)";"32";"55";"REGULAR";"f";"2014-06-14 13:31:52.889";"f";"";"0";"CONSOLIDADA";"";"Presencial";
"1223042";"01";"22062";"";"";"48177";"GRADUAÇÃO";"Campus Central";"Departamento de Saúde Coletiva";"2014";"1";"2014-02-01";"2014-06-07";"7T45 (01/02/2014 - 07/06/2014)";"32";"55";"REGULAR";"f";"2014-06-14 13:31:52.889";"f";"";"0";"CONSOLIDADA";"";"Presencial";
"1223042";"01";"5756406";"";"";"48177";"GRADUAÇÃO";"Campus Central";"Departamento de Saúde Coletiva";"2014";"1";"2014-02-01";"2014-06-07";"7T45 (01/02/2014 - 07/06/2014)";"32";"55";"REGULAR";"f";"2014-06-14 13:31:52.889";"f";"";"0";"CONSOLIDADA";"";"Presencial";
"1223042";"01";"5754400";"";"";"48177";"GRADUAÇÃO";"Campus Central";"Departamento de Saúde Coletiva";"2014";"1";"2014-02-01";"2014-06-07";"7T45 (01/02/2014 - 07/06/2014)";"32";"55";"REGULAR";"f";"2014-06-14 13:31:52.889";"f";"";"0";"CONSOLIDADA";"";"Presencial";
"1223043";"01";"5753567";"";"";"48797";"GRADUAÇÃO";"Campus Central";"Departamento de Saúde Coletiva";"2014";"1";"2014-01-29";"2014-05-28";"4N1234 (29/01/2014 - 28/05/2014)";"15";"10";"REGULAR";"f";"2014-06-13 11:12:33.835";"f";"";"64";"CONSOLIDADA";"";"Presencial";
"1223043";"01";"5755425";"";"";"48797";"GRADUAÇÃO";"Campus Central";"Departamento de Saúde Coletiva";"2014";"1";"2014-01-29";"2014-05-28";"4N1234 (29/01/2014 - 28/05/2014)";"15";"10";"REGULAR";"f";"2014-06-13 11:12:33.835";"f";"";"64";"CONSOLIDADA";"";"Presencial";
"1223044";"02";"5755495";"";"";"48797";"GRADUAÇÃO";"Campus Central";"Departamento de Saúde Coletiva";"2014";"1";"2014-01-29";"2014-05-28";"4N1234 (29/01/2014 - 28/05/2014)";"7";"8";"REGULAR";"f";"2014-06-09 14:22:44.644";"f";"";"68";"CONSOLIDADA";"";"Presencial";
"1223045";"02";"5753090";"";"";"22030";"GRADUAÇÃO";"Campus Central";"1D5";"2014";"1";"2014-01-27";"2014-06-14";"35N12";"57";"53";"REGULAR";"f";"2014-06-27 11:03:53.964";"f";"";"60";"CONSOLIDADA";"";"Presencial";
"1223046";"03";"22970";"";"";"48797";"GRADUAÇÃO";"Campus Central";"Departamento de Saúde Coletiva";"2014";"1";"2014-01-29";"2014-05-28";"4N1234 (29/01/2014 - 28/05/2014)";"4";"8";"REGULAR";"f";"2014-06-13 17:25:07.191";"f";"";"64";"CONSOLIDADA";"";"Presencial";
"1223047";"04";"5752206";"";"";"48797";"GRADUAÇÃO";"Campus Central";"Departamento de Saúde Coletiva";"2014";"1";"2014-01-29";"2014-05-28";"4N1234 (29/01/2014 - 28/05/2014)";"8";"9";"REGULAR";"f";"2014-06-14 16:23:40.154";"f";"";"64";"CONSOLIDADA";"";"Presencial";
"1223048";"02";"5753069";"";"";"21997";"GRADUAÇÃO";"Campus Central";"1G1";"2014";"1";"2014-01-27";"2014-06-14";"6N1234";"44";"53";"REGULAR";"f";"2014-06-26 01:49:47.537";"f";"";"72";"CONSOLIDADA";"";"Presencial";
"1223049";"01";"5753567";"";"";"48806";"GRADUAÇÃO";"Campus Central";"Departamento de Saúde Coletiva";"2014";"1";"2014-02-01";"2014-06-07";"7T45 (01/02/2014 - 07/06/2014)";"42";"55";"REGULAR";"f";"2014-06-13 11:09:57.963";"f";"";"10";"CONSOLIDADA";"";"Presencial";
"1223049";"01";"5753245";"";"";"48806";"GRADUAÇÃO";"Campus Central";"Departamento de Saúde Coletiva";"2014";"1";"2014-02-01";"2014-06-07";"7T45 (01/02/2014 - 07/06/2014)";"42";"55";"REGULAR";"f";"2014-06-13 11:09:57.963";"f";"";"10";"CONSOLIDADA";"";"Presencial";
"1223050";"02";"5753075";"";"";"22031";"GRADUAÇÃO";"Campus Central";"1G3";"2014";"1";"2014-01-27";"2014-06-14";"26N12";"36";"53";"REGULAR";"f";"2014-06-02 20:58:01.091";"f";"";"66";"CONSOLIDADA";"";"Presencial";
"1223051";"02";"5753075";"";"";"22032";"GRADUAÇÃO";"Campus Central";"1H4";"2014";"1";"2014-01-27";"2014-06-14";"26N34";"44";"53";"REGULAR";"f";"2014-06-02 21:19:20.498";"f";"";"66";"CONSOLIDADA";"";"Presencial";
"1223052";"02";"2302591";"";"";"22033";"GRADUAÇÃO";"Campus Central";"1H5";"2014";"1";"2014-01-27";"2014-06-14";"34N12";"52";"53";"REGULAR";"f";"2014-06-19 13:09:04.613";"f";"";"76";"CONSOLIDADA";"";"Presencial";
"1223053";"02";"5753090";"";"";"21999";"GRADUAÇÃO";"Campus Central";"1A3";"2014";"1";"2014-01-27";"2014-06-14";"35T56";"73";"56";"REGULAR";"f";"2014-06-27 11:12:29.019";"f";"";"66";"CONSOLIDADA";"";"Presencial";
"1223054";"02";"5755866";"";"";"22034";"GRADUAÇÃO";"Campus Central";"1H5";"2014";"1";"2014-01-27";"2014-06-14";"35N34";"42";"53";"REGULAR";"f";"2014-06-14 08:56:54.838";"f";"";"74";"CONSOLIDADA";"";"Presencial";
"1223055";"02";"26300";"";"";"22027";"GRADUAÇÃO";"Campus Central";"1G1";"2014";"1";"2014-01-27";"2014-06-14";"5N34";"40";"53";"REGULAR";"f";"2014-06-18 11:02:20.931";"f";"";"34";"CONSOLIDADA";"";"Presencial";
"1223056";"02";"";"84696047";"";"21998";"GRADUAÇÃO";"Campus Central";"1G3";"2014";"1";"2014-01-27";"2014-06-14";"46N34";"50";"53";"REGULAR";"f";"2014-06-09 11:35:13.755";"f";"";"72";"CONSOLIDADA";"";"Presencial";
"1223057";"02";"5755899";"";"";"2044250";"GRADUAÇÃO";"Campus Central";"1G2";"2014";"1";"2014-01-27";"2014-06-14";"5N12";"39";"53";"REGULAR";"f";"2014-06-11 09:57:47.835";"f";"";"38";"CONSOLIDADA";"";"Presencial";
"1223058";"01";"5753069";"";"";"2041804";"GRADUAÇÃO";"Campus Central";"1G1";"2014";"1";"2014-01-27";"2014-06-14";"5N12";"48";"55";"REGULAR";"f";"2014-06-06 10:55:58.383";"f";"";"34";"CONSOLIDADA";"";"Presencial";
"1223060";"02";"26300";"";"";"42089";"GRADUAÇÃO";"Campus Central";"-";"2014";"1";"2014-03-04";"2014-03-25";"3T23456 (04/03/2014 - 25/03/2014)";"45";"50";"REGULAR";"f";"2014-06-14 19:01:50.861";"f";"";"10";"CONSOLIDADA";"";"Presencial";
"1223061";"01";"26300";"";"";"45996";"GRADUAÇÃO";"Campus Central";"-";"2014";"1";"2014-04-01";"2014-04-22";"3T23456 (01/04/2014 - 22/04/2014)";"31";"50";"REGULAR";"f";"2014-06-14 19:44:14.497";"f";"";"19";"CONSOLIDADA";"";"Presencial";
"1223062";"02";"5751872";"";"";"45989";"GRADUAÇÃO";"Campus Central";"-";"2014";"1";"2014-05-05";"2014-05-09";"23456T2345 (05/05/2014 - 09/05/2014)";"15";"50";"REGULAR";"f";"2014-06-09 10:28:48.001";"f";"";"20";"CONSOLIDADA";"";"Presencial";
"1223063";"01";"5752283";"";"";"26466";"GRADUAÇÃO";"Campus Currais Novos";"DCSH - Campus de Currais Novos";"2014";"1";"2014-01-27";"2014-06-14";"45T34";"15";"55";"REGULAR";"f";"2014-06-16 18:15:18.456";"f";"";"74";"CONSOLIDADA";"";"Presencial";
"1223064";"01";"22913";"";"";"21940";"GRADUAÇÃO";"Campus Central";"1G3";"2014";"1";"2014-01-27";"2014-06-14";"35M12";"71";"57";"REGULAR";"f";"2014-06-22 07:56:31.644";"f";"";"66";"CONSOLIDADA";"";"Presencial";
"1223065";"02";"22913";"";"";"21940";"GRADUAÇÃO";"Campus Central";"1G3";"2014";"1";"2014-01-27";"2014-06-14";"2N34 4N12";"32";"53";"REGULAR";"f";"2014-06-22 11:38:45.609";"f";"";"66";"CONSOLIDADA";"";"Presencial";
"1223066";"01";"22759";"";"";"21941";"GRADUAÇÃO";"Campus Central";"1A3";"2014";"1";"2014-01-27";"2014-06-14";"4N34";"49";"53";"REGULAR";"f";"2014-06-11 07:27:43.004";"f";"";"36";"CONSOLIDADA";"";"Presencial";
"1223067";"01";"22080";"";"";"25290";"GRADUAÇÃO";"Campus Central";"1A3";"2014";"1";"2014-01-27";"2014-06-14";"4M12";"69";"55";"REGULAR";"f";"2014-06-06 10:51:35.712";"f";"";"36";"CONSOLIDADA";"";"Presencial";
"1223068";"02";"22080";"";"";"25290";"GRADUAÇÃO";"Campus Central";"1D2";"2014";"1";"2014-01-27";"2014-06-14";"5N34";"32";"53";"REGULAR";"f";"2014-06-06 10:55:20.246";"f";"";"34";"CONSOLIDADA";"";"Presencial";
"1223069";"01";"15453";"";"";"21945";"GRADUAÇÃO";"Campus Central";"1A2";"2014";"1";"2014-01-27";"2014-06-14";"35M34";"31";"53";"REGULAR";"f";"2014-06-21 20:33:22.566";"f";"";"68";"CONSOLIDADA";"";"Presencial";
"1223070";"02";"15453";"";"";"21945";"GRADUAÇÃO";"Campus Central";"1G2";"2014";"1";"2014-01-27";"2014-06-14";"24N34";"26";"53";"REGULAR";"f";"2014-06-21 20:58:02.777";"f";"";"72";"CONSOLIDADA";"";"Presencial";
"1223071";"03";"5752480";"";"";"21945";"GRADUAÇÃO";"Campus Central";"1G2";"2014";"1";"2014-01-27";"2014-06-14";"2T56  2N12";"66";"55";"REGULAR";"f";"2014-06-11 20:42:00.019";"f";"";"72";"CONSOLIDADA";"";"Presencial";
"1223072";"01";"5752377";"";"";"22026";"GRADUAÇÃO";"Campus Central";"1D1";"2014";"1";"2014-01-27";"2014-06-14";"2N1234";"33";"53";"REGULAR";"f";"2014-06-17 18:46:32.83";"f";"";"72";"CONSOLIDADA";"";"Presencial";
"1223073";"02";"25982";"";"";"22026";"GRADUAÇÃO";"Campus Central";"1A1";"2014";"1";"2014-01-27";"2014-06-14";"35M12";"38";"53";"REGULAR";"f";"2014-06-14 09:45:56.493";"f";"";"74";"CONSOLIDADA";"";"Presencial";
"1223074";"03";"25982";"";"";"22026";"GRADUAÇÃO";"Campus Central";"1H1";"2014";"1";"2014-01-27";"2014-06-14";"24N34";"28";"53";"REGULAR";"f";"2014-06-13 10:50:49.045";"f";"";"74";"CONSOLIDADA";"";"Presencial";
"1223075";"01";"5756400";"";"";"43196";"GRADUAÇÃO";"Campus Caicó";"A DEFINIR";"2014";"1";"2014-01-27";"2014-06-14";"5M1234 (27/01/2014 - 14/06/2014)";"35";"45";"REGULAR";"f";"2014-06-02 13:07:29.732";"f";"";"72";"CONSOLIDADA";"";"Presencial";
"1223076";"01";"5756071";"";"";"2049424";"GRADUAÇÃO";"Campus Central";"II SALA I8";"2014";"1";"2014-01-27";"2014-06-14";"4T34";"33";"60";"REGULAR";"f";"2014-06-12 21:58:59.086";"f";"";"36";"CONSOLIDADA";"";"Presencial";
"1223077";"02";"5755533";"";"";"2049424";"GRADUAÇÃO";"Campus Central";"II SALA I8";"2014";"1";"2014-01-27";"2014-06-14";"4N12";"63";"60";"REGULAR";"f";"2014-06-21 18:19:44.821";"f";"";"38";"CONSOLIDADA";"";"Presencial";
"1223078";"02";"5756071";"";"";"25321";"GRADUAÇÃO";"Campus Central";"IH6";"2014";"1";"2014-01-27";"2014-06-14";"6N1234";"34";"58";"REGULAR";"f";"2014-06-09 11:46:52.398";"f";"";"72";"CONSOLIDADA";"";"Presencial";
"1223079";"03";"5756396";"";"";"25319";"GRADUAÇÃO";"Campus Central";"IVI5";"2014";"1";"2014-01-27";"2014-06-14";"35N34";"17";"40";"REGULAR";"f";"2014-06-11 10:36:44.303";"f";"";"66";"CONSOLIDADA";"";"Presencial";
"1223080";"04";"18093";"";"";"25319";"GRADUAÇÃO";"Campus Central";"III B6";"2014";"1";"2014-01-27";"2014-06-14";"24M34";"26";"50";"REGULAR";"f";"2014-06-17 02:13:55.169";"f";"";"74";"CONSOLIDADA";"";"Presencial";
"1223081";"02";"5753808";"";"";"54278";"GRADUAÇÃO";"Campus Central";"HUOL";"2014";"1";"2014-01-27";"2014-03-11";"2345M34 (27/01/2014 - 11/03/2014)";"53";"55";"REGULAR";"f";"2014-06-20 15:47:27.296";"f";"";"48";"CONSOLIDADA";"";"Presencial";
"1223081";"02";"5754591";"";"";"54278";"GRADUAÇÃO";"Campus Central";"HUOL";"2014";"1";"2014-01-27";"2014-03-11";"2345M34 (27/01/2014 - 11/03/2014)";"53";"55";"REGULAR";"f";"2014-06-20 15:47:27.296";"f";"";"48";"CONSOLIDADA";"";"Presencial";
"1223081";"02";"25942";"";"";"54278";"GRADUAÇÃO";"Campus Central";"HUOL";"2014";"1";"2014-01-27";"2014-03-11";"2345M34 (27/01/2014 - 11/03/2014)";"53";"55";"REGULAR";"f";"2014-06-20 15:47:27.296";"f";"";"48";"CONSOLIDADA";"";"Presencial";
"1223081";"02";"5751840";"";"";"54278";"GRADUAÇÃO";"Campus Central";"HUOL";"2014";"1";"2014-01-27";"2014-03-11";"2345M34 (27/01/2014 - 11/03/2014)";"53";"55";"REGULAR";"f";"2014-06-20 15:47:27.296";"f";"";"48";"CONSOLIDADA";"";"Presencial";
"1223081";"02";"5753675";"";"";"54278";"GRADUAÇÃO";"Campus Central";"HUOL";"2014";"1";"2014-01-27";"2014-03-11";"2345M34 (27/01/2014 - 11/03/2014)";"53";"55";"REGULAR";"f";"2014-06-20 15:47:27.296";"f";"";"48";"CONSOLIDADA";"";"Presencial";
"1223081";"02";"5753714";"";"";"54278";"GRADUAÇÃO";"Campus Central";"HUOL";"2014";"1";"2014-01-27";"2014-03-11";"2345M34 (27/01/2014 - 11/03/2014)";"53";"55";"REGULAR";"f";"2014-06-20 15:47:27.296";"f";"";"48";"CONSOLIDADA";"";"Presencial";
"1223081";"02";"5752811";"";"";"54278";"GRADUAÇÃO";"Campus Central";"HUOL";"2014";"1";"2014-01-27";"2014-03-11";"2345M34 (27/01/2014 - 11/03/2014)";"53";"55";"REGULAR";"f";"2014-06-20 15:47:27.296";"f";"";"48";"CONSOLIDADA";"";"Presencial";
"1223081";"02";"5752227";"";"";"54278";"GRADUAÇÃO";"Campus Central";"HUOL";"2014";"1";"2014-01-27";"2014-03-11";"2345M34 (27/01/2014 - 11/03/2014)";"53";"55";"REGULAR";"f";"2014-06-20 15:47:27.296";"f";"";"48";"CONSOLIDADA";"";"Presencial";
"1223081";"02";"22061";"";"";"54278";"GRADUAÇÃO";"Campus Central";"HUOL";"2014";"1";"2014-01-27";"2014-03-11";"2345M34 (27/01/2014 - 11/03/2014)";"53";"55";"REGULAR";"f";"2014-06-20 15:47:27.296";"f";"";"48";"CONSOLIDADA";"";"Presencial";
"1223081";"02";"22757";"";"";"54278";"GRADUAÇÃO";"Campus Central";"HUOL";"2014";"1";"2014-01-27";"2014-03-11";"2345M34 (27/01/2014 - 11/03/2014)";"53";"55";"REGULAR";"f";"2014-06-20 15:47:27.296";"f";"";"48";"CONSOLIDADA";"";"Presencial";
"1223082";"01";"25942";"";"";"54279";"GRADUAÇÃO";"Campus Central";"HUOL";"2014";"1";"2014-03-13";"2014-04-15";"2345M34 (13/03/2014 - 15/04/2014)";"8";"8";"REGULAR";"f";"2014-06-20 16:51:24.478";"f";"";"44";"CONSOLIDADA";"";"Presencial";
"1223082";"01";"22061";"";"";"54279";"GRADUAÇÃO";"Campus Central";"HUOL";"2014";"1";"2014-03-13";"2014-04-15";"2345M34 (13/03/2014 - 15/04/2014)";"8";"8";"REGULAR";"f";"2014-06-20 16:51:24.478";"f";"";"44";"CONSOLIDADA";"";"Presencial";
"1223082";"01";"5753714";"";"";"54279";"GRADUAÇÃO";"Campus Central";"HUOL";"2014";"1";"2014-03-13";"2014-04-15";"2345M34 (13/03/2014 - 15/04/2014)";"8";"8";"REGULAR";"f";"2014-06-20 16:51:24.478";"f";"";"44";"CONSOLIDADA";"";"Presencial";
"1223082";"01";"5752227";"";"";"54279";"GRADUAÇÃO";"Campus Central";"HUOL";"2014";"1";"2014-03-13";"2014-04-15";"2345M34 (13/03/2014 - 15/04/2014)";"8";"8";"REGULAR";"f";"2014-06-20 16:51:24.478";"f";"";"44";"CONSOLIDADA";"";"Presencial";
"1223082";"01";"5753808";"";"";"54279";"GRADUAÇÃO";"Campus Central";"HUOL";"2014";"1";"2014-03-13";"2014-04-15";"2345M34 (13/03/2014 - 15/04/2014)";"8";"8";"REGULAR";"f";"2014-06-20 16:51:24.478";"f";"";"44";"CONSOLIDADA";"";"Presencial";
"1223082";"01";"5753675";"";"";"54279";"GRADUAÇÃO";"Campus Central";"HUOL";"2014";"1";"2014-03-13";"2014-04-15";"2345M34 (13/03/2014 - 15/04/2014)";"8";"8";"REGULAR";"f";"2014-06-20 16:51:24.478";"f";"";"44";"CONSOLIDADA";"";"Presencial";
"1223082";"01";"5752811";"";"";"54279";"GRADUAÇÃO";"Campus Central";"HUOL";"2014";"1";"2014-03-13";"2014-04-15";"2345M34 (13/03/2014 - 15/04/2014)";"8";"8";"REGULAR";"f";"2014-06-20 16:51:24.478";"f";"";"44";"CONSOLIDADA";"";"Presencial";
"1223083";"02";"5752227";"";"";"54279";"GRADUAÇÃO";"Campus Central";"HUOL";"2014";"1";"2014-03-13";"2014-04-15";"2345M34 (13/03/2014 - 15/04/2014)";"5";"8";"REGULAR";"f";"2014-06-20 16:55:28.893";"f";"";"44";"CONSOLIDADA";"";"Presencial";
"1223083";"02";"5753675";"";"";"54279";"GRADUAÇÃO";"Campus Central";"HUOL";"2014";"1";"2014-03-13";"2014-04-15";"2345M34 (13/03/2014 - 15/04/2014)";"5";"8";"REGULAR";"f";"2014-06-20 16:55:28.893";"f";"";"44";"CONSOLIDADA";"";"Presencial";
"1223083";"02";"5753808";"";"";"54279";"GRADUAÇÃO";"Campus Central";"HUOL";"2014";"1";"2014-03-13";"2014-04-15";"2345M34 (13/03/2014 - 15/04/2014)";"5";"8";"REGULAR";"f";"2014-06-20 16:55:28.893";"f";"";"44";"CONSOLIDADA";"";"Presencial";
"1223083";"02";"22061";"";"";"54279";"GRADUAÇÃO";"Campus Central";"HUOL";"2014";"1";"2014-03-13";"2014-04-15";"2345M34 (13/03/2014 - 15/04/2014)";"5";"8";"REGULAR";"f";"2014-06-20 16:55:28.893";"f";"";"44";"CONSOLIDADA";"";"Presencial";
"1223083";"02";"25942";"";"";"54279";"GRADUAÇÃO";"Campus Central";"HUOL";"2014";"1";"2014-03-13";"2014-04-15";"2345M34 (13/03/2014 - 15/04/2014)";"5";"8";"REGULAR";"f";"2014-06-20 16:55:28.893";"f";"";"44";"CONSOLIDADA";"";"Presencial";
"1223083";"02";"5753714";"";"";"54279";"GRADUAÇÃO";"Campus Central";"HUOL";"2014";"1";"2014-03-13";"2014-04-15";"2345M34 (13/03/2014 - 15/04/2014)";"5";"8";"REGULAR";"f";"2014-06-20 16:55:28.893";"f";"";"44";"CONSOLIDADA";"";"Presencial";
"1223083";"02";"5752811";"";"";"54279";"GRADUAÇÃO";"Campus Central";"HUOL";"2014";"1";"2014-03-13";"2014-04-15";"2345M34 (13/03/2014 - 15/04/2014)";"5";"8";"REGULAR";"f";"2014-06-20 16:55:28.893";"f";"";"44";"CONSOLIDADA";"";"Presencial";
"1223084";"03";"5753675";"";"";"54279";"GRADUAÇÃO";"Campus Central";"HUOL";"2014";"1";"2014-03-13";"2014-04-15";"2345M34 (13/03/2014 - 15/04/2014)";"10";"8";"REGULAR";"f";"2014-06-20 17:00:23.609";"f";"";"44";"CONSOLIDADA";"";"Presencial";
"1223084";"03";"5752811";"";"";"54279";"GRADUAÇÃO";"Campus Central";"HUOL";"2014";"1";"2014-03-13";"2014-04-15";"2345M34 (13/03/2014 - 15/04/2014)";"10";"8";"REGULAR";"f";"2014-06-20 17:00:23.609";"f";"";"44";"CONSOLIDADA";"";"Presencial";
"1223084";"03";"22061";"";"";"54279";"GRADUAÇÃO";"Campus Central";"HUOL";"2014";"1";"2014-03-13";"2014-04-15";"2345M34 (13/03/2014 - 15/04/2014)";"10";"8";"REGULAR";"f";"2014-06-20 17:00:23.609";"f";"";"44";"CONSOLIDADA";"";"Presencial";
"1223084";"03";"5752227";"";"";"54279";"GRADUAÇÃO";"Campus Central";"HUOL";"2014";"1";"2014-03-13";"2014-04-15";"2345M34 (13/03/2014 - 15/04/2014)";"10";"8";"REGULAR";"f";"2014-06-20 17:00:23.609";"f";"";"44";"CONSOLIDADA";"";"Presencial";
"1223084";"03";"5753714";"";"";"54279";"GRADUAÇÃO";"Campus Central";"HUOL";"2014";"1";"2014-03-13";"2014-04-15";"2345M34 (13/03/2014 - 15/04/2014)";"10";"8";"REGULAR";"f";"2014-06-20 17:00:23.609";"f";"";"44";"CONSOLIDADA";"";"Presencial";
"1223084";"03";"5753808";"";"";"54279";"GRADUAÇÃO";"Campus Central";"HUOL";"2014";"1";"2014-03-13";"2014-04-15";"2345M34 (13/03/2014 - 15/04/2014)";"10";"8";"REGULAR";"f";"2014-06-20 17:00:23.609";"f";"";"44";"CONSOLIDADA";"";"Presencial";
"1223084";"03";"25942";"";"";"54279";"GRADUAÇÃO";"Campus Central";"HUOL";"2014";"1";"2014-03-13";"2014-04-15";"2345M34 (13/03/2014 - 15/04/2014)";"10";"8";"REGULAR";"f";"2014-06-20 17:00:23.609";"f";"";"44";"CONSOLIDADA";"";"Presencial";
"1223085";"04";"5753714";"";"";"54279";"GRADUAÇÃO";"Campus Central";"HUOL";"2014";"1";"2014-03-13";"2014-04-15";"2345M34 (13/03/2014 - 15/04/2014)";"8";"8";"REGULAR";"f";"2014-06-20 17:04:28.976";"f";"";"44";"CONSOLIDADA";"";"Presencial";
"1223085";"04";"5753675";"";"";"54279";"GRADUAÇÃO";"Campus Central";"HUOL";"2014";"1";"2014-03-13";"2014-04-15";"2345M34 (13/03/2014 - 15/04/2014)";"8";"8";"REGULAR";"f";"2014-06-20 17:04:28.976";"f";"";"44";"CONSOLIDADA";"";"Presencial";
"1223085";"04";"5753808";"";"";"54279";"GRADUAÇÃO";"Campus Central";"HUOL";"2014";"1";"2014-03-13";"2014-04-15";"2345M34 (13/03/2014 - 15/04/2014)";"8";"8";"REGULAR";"f";"2014-06-20 17:04:28.976";"f";"";"44";"CONSOLIDADA";"";"Presencial";
"1223085";"04";"25942";"";"";"54279";"GRADUAÇÃO";"Campus Central";"HUOL";"2014";"1";"2014-03-13";"2014-04-15";"2345M34 (13/03/2014 - 15/04/2014)";"8";"8";"REGULAR";"f";"2014-06-20 17:04:28.976";"f";"";"44";"CONSOLIDADA";"";"Presencial";
"1223085";"04";"5752811";"";"";"54279";"GRADUAÇÃO";"Campus Central";"HUOL";"2014";"1";"2014-03-13";"2014-04-15";"2345M34 (13/03/2014 - 15/04/2014)";"8";"8";"REGULAR";"f";"2014-06-20 17:04:28.976";"f";"";"44";"CONSOLIDADA";"";"Presencial";
"1223085";"04";"5752227";"";"";"54279";"GRADUAÇÃO";"Campus Central";"HUOL";"2014";"1";"2014-03-13";"2014-04-15";"2345M34 (13/03/2014 - 15/04/2014)";"8";"8";"REGULAR";"f";"2014-06-20 17:04:28.976";"f";"";"44";"CONSOLIDADA";"";"Presencial";
"1223085";"04";"22061";"";"";"54279";"GRADUAÇÃO";"Campus Central";"HUOL";"2014";"1";"2014-03-13";"2014-04-15";"2345M34 (13/03/2014 - 15/04/2014)";"8";"8";"REGULAR";"f";"2014-06-20 17:04:28.976";"f";"";"44";"CONSOLIDADA";"";"Presencial";
"1223086";"05";"5752227";"";"";"54279";"GRADUAÇÃO";"Campus Central";"HUOL";"2014";"1";"2014-03-13";"2014-04-15";"2345M34 (13/03/2014 - 15/04/2014)";"7";"8";"REGULAR";"f";"2014-06-20 17:06:37.986";"f";"";"44";"CONSOLIDADA";"";"Presencial";
"1223086";"05";"5753714";"";"";"54279";"GRADUAÇÃO";"Campus Central";"HUOL";"2014";"1";"2014-03-13";"2014-04-15";"2345M34 (13/03/2014 - 15/04/2014)";"7";"8";"REGULAR";"f";"2014-06-20 17:06:37.986";"f";"";"44";"CONSOLIDADA";"";"Presencial";
"1223086";"05";"5753675";"";"";"54279";"GRADUAÇÃO";"Campus Central";"HUOL";"2014";"1";"2014-03-13";"2014-04-15";"2345M34 (13/03/2014 - 15/04/2014)";"7";"8";"REGULAR";"f";"2014-06-20 17:06:37.986";"f";"";"44";"CONSOLIDADA";"";"Presencial";
"1223086";"05";"5753808";"";"";"54279";"GRADUAÇÃO";"Campus Central";"HUOL";"2014";"1";"2014-03-13";"2014-04-15";"2345M34 (13/03/2014 - 15/04/2014)";"7";"8";"REGULAR";"f";"2014-06-20 17:06:37.986";"f";"";"44";"CONSOLIDADA";"";"Presencial";
"1223086";"05";"25942";"";"";"54279";"GRADUAÇÃO";"Campus Central";"HUOL";"2014";"1";"2014-03-13";"2014-04-15";"2345M34 (13/03/2014 - 15/04/2014)";"7";"8";"REGULAR";"f";"2014-06-20 17:06:37.986";"f";"";"44";"CONSOLIDADA";"";"Presencial";
"1223086";"05";"5752811";"";"";"54279";"GRADUAÇÃO";"Campus Central";"HUOL";"2014";"1";"2014-03-13";"2014-04-15";"2345M34 (13/03/2014 - 15/04/2014)";"7";"8";"REGULAR";"f";"2014-06-20 17:06:37.986";"f";"";"44";"CONSOLIDADA";"";"Presencial";
"1223086";"05";"22061";"";"";"54279";"GRADUAÇÃO";"Campus Central";"HUOL";"2014";"1";"2014-03-13";"2014-04-15";"2345M34 (13/03/2014 - 15/04/2014)";"7";"8";"REGULAR";"f";"2014-06-20 17:06:37.986";"f";"";"44";"CONSOLIDADA";"";"Presencial";
"1223087";"06";"22061";"";"";"54279";"GRADUAÇÃO";"Campus Central";"HUOL";"2014";"1";"2014-03-13";"2014-04-15";"2345M34 (13/03/2014 - 15/04/2014)";"8";"8";"REGULAR";"f";"2014-06-20 17:09:27.523";"f";"";"44";"CONSOLIDADA";"";"Presencial";
"1223087";"06";"25942";"";"";"54279";"GRADUAÇÃO";"Campus Central";"HUOL";"2014";"1";"2014-03-13";"2014-04-15";"2345M34 (13/03/2014 - 15/04/2014)";"8";"8";"REGULAR";"f";"2014-06-20 17:09:27.523";"f";"";"44";"CONSOLIDADA";"";"Presencial";
"1223087";"06";"5752227";"";"";"54279";"GRADUAÇÃO";"Campus Central";"HUOL";"2014";"1";"2014-03-13";"2014-04-15";"2345M34 (13/03/2014 - 15/04/2014)";"8";"8";"REGULAR";"f";"2014-06-20 17:09:27.523";"f";"";"44";"CONSOLIDADA";"";"Presencial";
"1223087";"06";"5753714";"";"";"54279";"GRADUAÇÃO";"Campus Central";"HUOL";"2014";"1";"2014-03-13";"2014-04-15";"2345M34 (13/03/2014 - 15/04/2014)";"8";"8";"REGULAR";"f";"2014-06-20 17:09:27.523";"f";"";"44";"CONSOLIDADA";"";"Presencial";
"1223087";"06";"5752811";"";"";"54279";"GRADUAÇÃO";"Campus Central";"HUOL";"2014";"1";"2014-03-13";"2014-04-15";"2345M34 (13/03/2014 - 15/04/2014)";"8";"8";"REGULAR";"f";"2014-06-20 17:09:27.523";"f";"";"44";"CONSOLIDADA";"";"Presencial";
"1223087";"06";"5753675";"";"";"54279";"GRADUAÇÃO";"Campus Central";"HUOL";"2014";"1";"2014-03-13";"2014-04-15";"2345M34 (13/03/2014 - 15/04/2014)";"8";"8";"REGULAR";"f";"2014-06-20 17:09:27.523";"f";"";"44";"CONSOLIDADA";"";"Presencial";
"1223087";"06";"5753808";"";"";"54279";"GRADUAÇÃO";"Campus Central";"HUOL";"2014";"1";"2014-03-13";"2014-04-15";"2345M34 (13/03/2014 - 15/04/2014)";"8";"8";"REGULAR";"f";"2014-06-20 17:09:27.523";"f";"";"44";"CONSOLIDADA";"";"Presencial";
"1223088";"07";"5752811";"";"";"54279";"GRADUAÇÃO";"Campus Central";"HUOL";"2014";"1";"2014-03-13";"2014-04-15";"2345M34 (13/03/2014 - 15/04/2014)";"7";"7";"REGULAR";"f";"2014-06-20 17:12:19.705";"f";"";"44";"CONSOLIDADA";"";"Presencial";
"1223088";"07";"5753808";"";"";"54279";"GRADUAÇÃO";"Campus Central";"HUOL";"2014";"1";"2014-03-13";"2014-04-15";"2345M34 (13/03/2014 - 15/04/2014)";"7";"7";"REGULAR";"f";"2014-06-20 17:12:19.705";"f";"";"44";"CONSOLIDADA";"";"Presencial";
"1223088";"07";"5753675";"";"";"54279";"GRADUAÇÃO";"Campus Central";"HUOL";"2014";"1";"2014-03-13";"2014-04-15";"2345M34 (13/03/2014 - 15/04/2014)";"7";"7";"REGULAR";"f";"2014-06-20 17:12:19.705";"f";"";"44";"CONSOLIDADA";"";"Presencial";
"1223088";"07";"5752227";"";"";"54279";"GRADUAÇÃO";"Campus Central";"HUOL";"2014";"1";"2014-03-13";"2014-04-15";"2345M34 (13/03/2014 - 15/04/2014)";"7";"7";"REGULAR";"f";"2014-06-20 17:12:19.705";"f";"";"44";"CONSOLIDADA";"";"Presencial";
"1223088";"07";"25942";"";"";"54279";"GRADUAÇÃO";"Campus Central";"HUOL";"2014";"1";"2014-03-13";"2014-04-15";"2345M34 (13/03/2014 - 15/04/2014)";"7";"7";"REGULAR";"f";"2014-06-20 17:12:19.705";"f";"";"44";"CONSOLIDADA";"";"Presencial";
"1223088";"07";"22061";"";"";"54279";"GRADUAÇÃO";"Campus Central";"HUOL";"2014";"1";"2014-03-13";"2014-04-15";"2345M34 (13/03/2014 - 15/04/2014)";"7";"7";"REGULAR";"f";"2014-06-20 17:12:19.705";"f";"";"44";"CONSOLIDADA";"";"Presencial";
"1223088";"07";"5753714";"";"";"54279";"GRADUAÇÃO";"Campus Central";"HUOL";"2014";"1";"2014-03-13";"2014-04-15";"2345M34 (13/03/2014 - 15/04/2014)";"7";"7";"REGULAR";"f";"2014-06-20 17:12:19.705";"f";"";"44";"CONSOLIDADA";"";"Presencial";
"1223089";"01";"5752190";"";"";"54285";"GRADUAÇÃO";"Campus Central";"HUOL";"2014";"1";"2014-01-27";"2014-06-14";"35M12";"58";"55";"REGULAR";"f";"2014-06-11 17:19:00.177";"f";"";"72";"CONSOLIDADA";"";"Presencial";
"1223089";"01";"5756618";"";"";"54285";"GRADUAÇÃO";"Campus Central";"HUOL";"2014";"1";"2014-01-27";"2014-06-14";"35M12";"58";"55";"REGULAR";"f";"2014-06-11 17:19:00.177";"f";"";"72";"CONSOLIDADA";"";"Presencial";
"1223089";"01";"5752385";"";"";"54285";"GRADUAÇÃO";"Campus Central";"HUOL";"2014";"1";"2014-01-27";"2014-06-14";"35M12";"58";"55";"REGULAR";"f";"2014-06-11 17:19:00.177";"f";"";"72";"CONSOLIDADA";"";"Presencial";
"1223089";"01";"26598";"";"";"54285";"GRADUAÇÃO";"Campus Central";"HUOL";"2014";"1";"2014-01-27";"2014-06-14";"35M12";"58";"55";"REGULAR";"f";"2014-06-11 17:19:00.177";"f";"";"72";"CONSOLIDADA";"";"Presencial";
"1223089";"01";"23056";"";"";"54285";"GRADUAÇÃO";"Campus Central";"HUOL";"2014";"1";"2014-01-27";"2014-06-14";"35M12";"58";"55";"REGULAR";"f";"2014-06-11 17:19:00.177";"f";"";"72";"CONSOLIDADA";"";"Presencial";
"1223089";"01";"5753380";"";"";"54285";"GRADUAÇÃO";"Campus Central";"HUOL";"2014";"1";"2014-01-27";"2014-06-14";"35M12";"58";"55";"REGULAR";"f";"2014-06-11 17:19:00.177";"f";"";"72";"CONSOLIDADA";"";"Presencial";
"1223089";"01";"5753004";"";"";"54285";"GRADUAÇÃO";"Campus Central";"HUOL";"2014";"1";"2014-01-27";"2014-06-14";"35M12";"58";"55";"REGULAR";"f";"2014-06-11 17:19:00.177";"f";"";"72";"CONSOLIDADA";"";"Presencial";
"1223089";"01";"5753102";"";"";"54285";"GRADUAÇÃO";"Campus Central";"HUOL";"2014";"1";"2014-01-27";"2014-06-14";"35M12";"58";"55";"REGULAR";"f";"2014-06-11 17:19:00.177";"f";"";"72";"CONSOLIDADA";"";"Presencial";
"1223090";"01";"5752227";"";"";"54280";"GRADUAÇÃO";"Campus Central";"HUOL";"2014";"1";"2014-04-22";"2014-06-12";"2345M34 (22/04/2014 - 12/06/2014)";"7";"8";"REGULAR";"f";"2014-06-20 15:52:20.891";"f";"";"60";"CONSOLIDADA";"";"Presencial";
"1223090";"01";"5753714";"";"";"54280";"GRADUAÇÃO";"Campus Central";"HUOL";"2014";"1";"2014-04-22";"2014-06-12";"2345M34 (22/04/2014 - 12/06/2014)";"7";"8";"REGULAR";"f";"2014-06-20 15:52:20.891";"f";"";"60";"CONSOLIDADA";"";"Presencial";
"1223090";"01";"22061";"";"";"54280";"GRADUAÇÃO";"Campus Central";"HUOL";"2014";"1";"2014-04-22";"2014-06-12";"2345M34 (22/04/2014 - 12/06/2014)";"7";"8";"REGULAR";"f";"2014-06-20 15:52:20.891";"f";"";"60";"CONSOLIDADA";"";"Presencial";
"1223090";"01";"5752811";"";"";"54280";"GRADUAÇÃO";"Campus Central";"HUOL";"2014";"1";"2014-04-22";"2014-06-12";"2345M34 (22/04/2014 - 12/06/2014)";"7";"8";"REGULAR";"f";"2014-06-20 15:52:20.891";"f";"";"60";"CONSOLIDADA";"";"Presencial";
"1223090";"01";"5756732";"";"";"54280";"GRADUAÇÃO";"Campus Central";"HUOL";"2014";"1";"2014-04-22";"2014-06-12";"2345M34 (22/04/2014 - 12/06/2014)";"7";"8";"REGULAR";"f";"2014-06-20 15:52:20.891";"f";"";"60";"CONSOLIDADA";"";"Presencial";
"1223090";"01";"5753675";"";"";"54280";"GRADUAÇÃO";"Campus Central";"HUOL";"2014";"1";"2014-04-22";"2014-06-12";"2345M34 (22/04/2014 - 12/06/2014)";"7";"8";"REGULAR";"f";"2014-06-20 15:52:20.891";"f";"";"60";"CONSOLIDADA";"";"Presencial";
"1223090";"01";"25942";"";"";"54280";"GRADUAÇÃO";"Campus Central";"HUOL";"2014";"1";"2014-04-22";"2014-06-12";"2345M34 (22/04/2014 - 12/06/2014)";"7";"8";"REGULAR";"f";"2014-06-20 15:52:20.891";"f";"";"60";"CONSOLIDADA";"";"Presencial";
"1223090";"01";"5753808";"";"";"54280";"GRADUAÇÃO";"Campus Central";"HUOL";"2014";"1";"2014-04-22";"2014-06-12";"2345M34 (22/04/2014 - 12/06/2014)";"7";"8";"REGULAR";"f";"2014-06-20 15:52:20.891";"f";"";"60";"CONSOLIDADA";"";"Presencial";
"1223091";"02";"22061";"";"";"54280";"GRADUAÇÃO";"Campus Central";"HUOL";"2014";"1";"2014-04-22";"2014-06-12";"2345M34 (22/04/2014 - 12/06/2014)";"7";"7";"REGULAR";"f";"2014-06-20 15:58:20.228";"f";"";"58";"CONSOLIDADA";"";"Presencial";
"1223091";"02";"5752811";"";"";"54280";"GRADUAÇÃO";"Campus Central";"HUOL";"2014";"1";"2014-04-22";"2014-06-12";"2345M34 (22/04/2014 - 12/06/2014)";"7";"7";"REGULAR";"f";"2014-06-20 15:58:20.228";"f";"";"58";"CONSOLIDADA";"";"Presencial";
"1223091";"02";"5753714";"";"";"54280";"GRADUAÇÃO";"Campus Central";"HUOL";"2014";"1";"2014-04-22";"2014-06-12";"2345M34 (22/04/2014 - 12/06/2014)";"7";"7";"REGULAR";"f";"2014-06-20 15:58:20.228";"f";"";"58";"CONSOLIDADA";"";"Presencial";
"1223091";"02";"5752227";"";"";"54280";"GRADUAÇÃO";"Campus Central";"HUOL";"2014";"1";"2014-04-22";"2014-06-12";"2345M34 (22/04/2014 - 12/06/2014)";"7";"7";"REGULAR";"f";"2014-06-20 15:58:20.228";"f";"";"58";"CONSOLIDADA";"";"Presencial";
"1223091";"02";"25942";"";"";"54280";"GRADUAÇÃO";"Campus Central";"HUOL";"2014";"1";"2014-04-22";"2014-06-12";"2345M34 (22/04/2014 - 12/06/2014)";"7";"7";"REGULAR";"f";"2014-06-20 15:58:20.228";"f";"";"58";"CONSOLIDADA";"";"Presencial";
"1223091";"02";"5753675";"";"";"54280";"GRADUAÇÃO";"Campus Central";"HUOL";"2014";"1";"2014-04-22";"2014-06-12";"2345M34 (22/04/2014 - 12/06/2014)";"7";"7";"REGULAR";"f";"2014-06-20 15:58:20.228";"f";"";"58";"CONSOLIDADA";"";"Presencial";
"1223091";"02";"5756732";"";"";"54280";"GRADUAÇÃO";"Campus Central";"HUOL";"2014";"1";"2014-04-22";"2014-06-12";"2345M34 (22/04/2014 - 12/06/2014)";"7";"7";"REGULAR";"f";"2014-06-20 15:58:20.228";"f";"";"58";"CONSOLIDADA";"";"Presencial";
"1223091";"02";"5753808";"";"";"54280";"GRADUAÇÃO";"Campus Central";"HUOL";"2014";"1";"2014-04-22";"2014-06-12";"2345M34 (22/04/2014 - 12/06/2014)";"7";"7";"REGULAR";"f";"2014-06-20 15:58:20.228";"f";"";"58";"CONSOLIDADA";"";"Presencial";
"1223092";"03";"5753808";"";"";"54280";"GRADUAÇÃO";"Campus Central";"HUOL";"2014";"1";"2014-04-22";"2014-06-12";"2345M34 (22/04/2014 - 12/06/2014)";"8";"8";"REGULAR";"f";"2014-06-20 16:06:47.093";"f";"";"56";"CONSOLIDADA";"";"Presencial";
"1223092";"03";"22061";"";"";"54280";"GRADUAÇÃO";"Campus Central";"HUOL";"2014";"1";"2014-04-22";"2014-06-12";"2345M34 (22/04/2014 - 12/06/2014)";"8";"8";"REGULAR";"f";"2014-06-20 16:06:47.093";"f";"";"56";"CONSOLIDADA";"";"Presencial";
"1223092";"03";"5753675";"";"";"54280";"GRADUAÇÃO";"Campus Central";"HUOL";"2014";"1";"2014-04-22";"2014-06-12";"2345M34 (22/04/2014 - 12/06/2014)";"8";"8";"REGULAR";"f";"2014-06-20 16:06:47.093";"f";"";"56";"CONSOLIDADA";"";"Presencial";
"1223092";"03";"5756732";"";"";"54280";"GRADUAÇÃO";"Campus Central";"HUOL";"2014";"1";"2014-04-22";"2014-06-12";"2345M34 (22/04/2014 - 12/06/2014)";"8";"8";"REGULAR";"f";"2014-06-20 16:06:47.093";"f";"";"56";"CONSOLIDADA";"";"Presencial";
"1223092";"03";"5753714";"";"";"54280";"GRADUAÇÃO";"Campus Central";"HUOL";"2014";"1";"2014-04-22";"2014-06-12";"2345M34 (22/04/2014 - 12/06/2014)";"8";"8";"REGULAR";"f";"2014-06-20 16:06:47.093";"f";"";"56";"CONSOLIDADA";"";"Presencial";
"1223092";"03";"5752811";"";"";"54280";"GRADUAÇÃO";"Campus Central";"HUOL";"2014";"1";"2014-04-22";"2014-06-12";"2345M34 (22/04/2014 - 12/06/2014)";"8";"8";"REGULAR";"f";"2014-06-20 16:06:47.093";"f";"";"56";"CONSOLIDADA";"";"Presencial";
"1223092";"03";"25942";"";"";"54280";"GRADUAÇÃO";"Campus Central";"HUOL";"2014";"1";"2014-04-22";"2014-06-12";"2345M34 (22/04/2014 - 12/06/2014)";"8";"8";"REGULAR";"f";"2014-06-20 16:06:47.093";"f";"";"56";"CONSOLIDADA";"";"Presencial";
"1223092";"03";"5752227";"";"";"54280";"GRADUAÇÃO";"Campus Central";"HUOL";"2014";"1";"2014-04-22";"2014-06-12";"2345M34 (22/04/2014 - 12/06/2014)";"8";"8";"REGULAR";"f";"2014-06-20 16:06:47.093";"f";"";"56";"CONSOLIDADA";"";"Presencial";
"1223093";"04";"5753675";"";"";"54280";"GRADUAÇÃO";"Campus Central";"HUOL";"2014";"1";"2014-04-22";"2014-06-12";"2345M34 (22/04/2014 - 12/06/2014)";"10";"8";"REGULAR";"f";"2014-06-20 16:11:55.854";"f";"";"56";"CONSOLIDADA";"";"Presencial";
"1223093";"04";"25942";"";"";"54280";"GRADUAÇÃO";"Campus Central";"HUOL";"2014";"1";"2014-04-22";"2014-06-12";"2345M34 (22/04/2014 - 12/06/2014)";"10";"8";"REGULAR";"f";"2014-06-20 16:11:55.854";"f";"";"56";"CONSOLIDADA";"";"Presencial";
"1223093";"04";"5752227";"";"";"54280";"GRADUAÇÃO";"Campus Central";"HUOL";"2014";"1";"2014-04-22";"2014-06-12";"2345M34 (22/04/2014 - 12/06/2014)";"10";"8";"REGULAR";"f";"2014-06-20 16:11:55.854";"f";"";"56";"CONSOLIDADA";"";"Presencial";
"1223093";"04";"5752811";"";"";"54280";"GRADUAÇÃO";"Campus Central";"HUOL";"2014";"1";"2014-04-22";"2014-06-12";"2345M34 (22/04/2014 - 12/06/2014)";"10";"8";"REGULAR";"f";"2014-06-20 16:11:55.854";"f";"";"56";"CONSOLIDADA";"";"Presencial";
"1223093";"04";"5756732";"";"";"54280";"GRADUAÇÃO";"Campus Central";"HUOL";"2014";"1";"2014-04-22";"2014-06-12";"2345M34 (22/04/2014 - 12/06/2014)";"10";"8";"REGULAR";"f";"2014-06-20 16:11:55.854";"f";"";"56";"CONSOLIDADA";"";"Presencial";
"1223093";"04";"5753714";"";"";"54280";"GRADUAÇÃO";"Campus Central";"HUOL";"2014";"1";"2014-04-22";"2014-06-12";"2345M34 (22/04/2014 - 12/06/2014)";"10";"8";"REGULAR";"f";"2014-06-20 16:11:55.854";"f";"";"56";"CONSOLIDADA";"";"Presencial";
"1223093";"04";"5753808";"";"";"54280";"GRADUAÇÃO";"Campus Central";"HUOL";"2014";"1";"2014-04-22";"2014-06-12";"2345M34 (22/04/2014 - 12/06/2014)";"10";"8";"REGULAR";"f";"2014-06-20 16:11:55.854";"f";"";"56";"CONSOLIDADA";"";"Presencial";
"1223093";"04";"22061";"";"";"54280";"GRADUAÇÃO";"Campus Central";"HUOL";"2014";"1";"2014-04-22";"2014-06-12";"2345M34 (22/04/2014 - 12/06/2014)";"10";"8";"REGULAR";"f";"2014-06-20 16:11:55.854";"f";"";"56";"CONSOLIDADA";"";"Presencial";
"1223094";"05";"5752811";"";"";"54280";"GRADUAÇÃO";"Campus Central";"HUOL";"2014";"1";"2014-04-22";"2014-06-12";"2345M34 (22/04/2014 - 12/06/2014)";"7";"8";"REGULAR";"f";"2014-06-20 16:13:35.646";"f";"";"56";"CONSOLIDADA";"";"Presencial";
"1223094";"05";"5752227";"";"";"54280";"GRADUAÇÃO";"Campus Central";"HUOL";"2014";"1";"2014-04-22";"2014-06-12";"2345M34 (22/04/2014 - 12/06/2014)";"7";"8";"REGULAR";"f";"2014-06-20 16:13:35.646";"f";"";"56";"CONSOLIDADA";"";"Presencial";
"1223094";"05";"25942";"";"";"54280";"GRADUAÇÃO";"Campus Central";"HUOL";"2014";"1";"2014-04-22";"2014-06-12";"2345M34 (22/04/2014 - 12/06/2014)";"7";"8";"REGULAR";"f";"2014-06-20 16:13:35.646";"f";"";"56";"CONSOLIDADA";"";"Presencial";
"1223094";"05";"5756732";"";"";"54280";"GRADUAÇÃO";"Campus Central";"HUOL";"2014";"1";"2014-04-22";"2014-06-12";"2345M34 (22/04/2014 - 12/06/2014)";"7";"8";"REGULAR";"f";"2014-06-20 16:13:35.646";"f";"";"56";"CONSOLIDADA";"";"Presencial";
"1223094";"05";"5753675";"";"";"54280";"GRADUAÇÃO";"Campus Central";"HUOL";"2014";"1";"2014-04-22";"2014-06-12";"2345M34 (22/04/2014 - 12/06/2014)";"7";"8";"REGULAR";"f";"2014-06-20 16:13:35.646";"f";"";"56";"CONSOLIDADA";"";"Presencial";
"1223094";"05";"5753808";"";"";"54280";"GRADUAÇÃO";"Campus Central";"HUOL";"2014";"1";"2014-04-22";"2014-06-12";"2345M34 (22/04/2014 - 12/06/2014)";"7";"8";"REGULAR";"f";"2014-06-20 16:13:35.646";"f";"";"56";"CONSOLIDADA";"";"Presencial";
"1223094";"05";"22061";"";"";"54280";"GRADUAÇÃO";"Campus Central";"HUOL";"2014";"1";"2014-04-22";"2014-06-12";"2345M34 (22/04/2014 - 12/06/2014)";"7";"8";"REGULAR";"f";"2014-06-20 16:13:35.646";"f";"";"56";"CONSOLIDADA";"";"Presencial";
"1223094";"05";"5753714";"";"";"54280";"GRADUAÇÃO";"Campus Central";"HUOL";"2014";"1";"2014-04-22";"2014-06-12";"2345M34 (22/04/2014 - 12/06/2014)";"7";"8";"REGULAR";"f";"2014-06-20 16:13:35.646";"f";"";"56";"CONSOLIDADA";"";"Presencial";
"1223095";"06";"25942";"";"";"54280";"GRADUAÇÃO";"Campus Central";"HUOL";"2014";"1";"2014-04-22";"2014-06-12";"2345M34 (22/04/2014 - 12/06/2014)";"7";"8";"REGULAR";"f";"2014-06-20 16:18:47.145";"f";"";"56";"CONSOLIDADA";"";"Presencial";
"1223095";"06";"5753808";"";"";"54280";"GRADUAÇÃO";"Campus Central";"HUOL";"2014";"1";"2014-04-22";"2014-06-12";"2345M34 (22/04/2014 - 12/06/2014)";"7";"8";"REGULAR";"f";"2014-06-20 16:18:47.145";"f";"";"56";"CONSOLIDADA";"";"Presencial";
"1223095";"06";"22061";"";"";"54280";"GRADUAÇÃO";"Campus Central";"HUOL";"2014";"1";"2014-04-22";"2014-06-12";"2345M34 (22/04/2014 - 12/06/2014)";"7";"8";"REGULAR";"f";"2014-06-20 16:18:47.145";"f";"";"56";"CONSOLIDADA";"";"Presencial";
"1223095";"06";"5753714";"";"";"54280";"GRADUAÇÃO";"Campus Central";"HUOL";"2014";"1";"2014-04-22";"2014-06-12";"2345M34 (22/04/2014 - 12/06/2014)";"7";"8";"REGULAR";"f";"2014-06-20 16:18:47.145";"f";"";"56";"CONSOLIDADA";"";"Presencial";
"1223095";"06";"5752811";"";"";"54280";"GRADUAÇÃO";"Campus Central";"HUOL";"2014";"1";"2014-04-22";"2014-06-12";"2345M34 (22/04/2014 - 12/06/2014)";"7";"8";"REGULAR";"f";"2014-06-20 16:18:47.145";"f";"";"56";"CONSOLIDADA";"";"Presencial";
"1223095";"06";"5753675";"";"";"54280";"GRADUAÇÃO";"Campus Central";"HUOL";"2014";"1";"2014-04-22";"2014-06-12";"2345M34 (22/04/2014 - 12/06/2014)";"7";"8";"REGULAR";"f";"2014-06-20 16:18:47.145";"f";"";"56";"CONSOLIDADA";"";"Presencial";
"1223095";"06";"5756732";"";"";"54280";"GRADUAÇÃO";"Campus Central";"HUOL";"2014";"1";"2014-04-22";"2014-06-12";"2345M34 (22/04/2014 - 12/06/2014)";"7";"8";"REGULAR";"f";"2014-06-20 16:18:47.145";"f";"";"56";"CONSOLIDADA";"";"Presencial";
"1223095";"06";"5752227";"";"";"54280";"GRADUAÇÃO";"Campus Central";"HUOL";"2014";"1";"2014-04-22";"2014-06-12";"2345M34 (22/04/2014 - 12/06/2014)";"7";"8";"REGULAR";"f";"2014-06-20 16:18:47.145";"f";"";"56";"CONSOLIDADA";"";"Presencial";
"1223096";"07";"5752811";"";"";"54280";"GRADUAÇÃO";"Campus Central";"HUOL";"2014";"1";"2014-04-22";"2014-06-12";"2345M34 (22/04/2014 - 12/06/2014)";"7";"8";"REGULAR";"f";"2014-06-20 16:26:05.387";"f";"";"56";"CONSOLIDADA";"";"Presencial";
"1223096";"07";"5753714";"";"";"54280";"GRADUAÇÃO";"Campus Central";"HUOL";"2014";"1";"2014-04-22";"2014-06-12";"2345M34 (22/04/2014 - 12/06/2014)";"7";"8";"REGULAR";"f";"2014-06-20 16:26:05.387";"f";"";"56";"CONSOLIDADA";"";"Presencial";
"1223096";"07";"5752227";"";"";"54280";"GRADUAÇÃO";"Campus Central";"HUOL";"2014";"1";"2014-04-22";"2014-06-12";"2345M34 (22/04/2014 - 12/06/2014)";"7";"8";"REGULAR";"f";"2014-06-20 16:26:05.387";"f";"";"56";"CONSOLIDADA";"";"Presencial";
"1223096";"07";"22061";"";"";"54280";"GRADUAÇÃO";"Campus Central";"HUOL";"2014";"1";"2014-04-22";"2014-06-12";"2345M34 (22/04/2014 - 12/06/2014)";"7";"8";"REGULAR";"f";"2014-06-20 16:26:05.387";"f";"";"56";"CONSOLIDADA";"";"Presencial";
"1223096";"07";"5753808";"";"";"54280";"GRADUAÇÃO";"Campus Central";"HUOL";"2014";"1";"2014-04-22";"2014-06-12";"2345M34 (22/04/2014 - 12/06/2014)";"7";"8";"REGULAR";"f";"2014-06-20 16:26:05.387";"f";"";"56";"CONSOLIDADA";"";"Presencial";
"1223096";"07";"25942";"";"";"54280";"GRADUAÇÃO";"Campus Central";"HUOL";"2014";"1";"2014-04-22";"2014-06-12";"2345M34 (22/04/2014 - 12/06/2014)";"7";"8";"REGULAR";"f";"2014-06-20 16:26:05.387";"f";"";"56";"CONSOLIDADA";"";"Presencial";
"1223096";"07";"5753675";"";"";"54280";"GRADUAÇÃO";"Campus Central";"HUOL";"2014";"1";"2014-04-22";"2014-06-12";"2345M34 (22/04/2014 - 12/06/2014)";"7";"8";"REGULAR";"f";"2014-06-20 16:26:05.387";"f";"";"56";"CONSOLIDADA";"";"Presencial";
"1223096";"07";"5756732";"";"";"54280";"GRADUAÇÃO";"Campus Central";"HUOL";"2014";"1";"2014-04-22";"2014-06-12";"2345M34 (22/04/2014 - 12/06/2014)";"7";"8";"REGULAR";"f";"2014-06-20 16:26:05.387";"f";"";"56";"CONSOLIDADA";"";"Presencial";
"1223097";"02";"5755935";"";"";"25690";"GRADUAÇÃO";"Campus Central";"3A4";"2014";"1";"2014-01-27";"2014-06-14";"246N34";"42";"73";"REGULAR";"f";"2014-06-18 11:54:35.084";"f";"";"98";"CONSOLIDADA";"";"Presencial";
"1223098";"07";"5755935";"";"";"25693";"GRADUAÇÃO";"Campus Central";"3E2";"2014";"1";"2014-01-27";"2014-06-14";"46N12";"30";"60";"REGULAR";"f";"2014-06-18 11:42:42.58";"f";"";"66";"CONSOLIDADA";"";"Presencial";
"1223099";"01";"18190";"";"";"23573";"GRADUAÇÃO";"Campus Central";"3C2";"2014";"1";"2014-01-27";"2014-06-14";"35N34";"13";"25";"REGULAR";"f";"2014-06-12 13:01:53.951";"f";"";"68";"CONSOLIDADA";"";"Presencial";
"1223100";"01";"18190";"";"";"23576";"GRADUAÇÃO";"Campus Central";"3H2";"2014";"1";"2014-01-27";"2014-06-14";"24N34";"4";"30";"REGULAR";"f";"2014-06-12 14:43:30.619";"f";"";"68";"CONSOLIDADA";"";"Presencial";
"1223101";"01";"23018";"";"";"24253";"GRADUAÇÃO";"Campus Central";"Sala Umbuzeiro, térreo, 4ª sala, anexo novo CB";"2014";"1";"2014-01-27";"2014-06-14";"46T12";"42";"45";"REGULAR";"f";"2014-06-16 10:25:31.097";"f";"";"72";"CONSOLIDADA";"";"Presencial";
"1223101";"01";"5756421";"";"";"24253";"GRADUAÇÃO";"Campus Central";"Sala Umbuzeiro, térreo, 4ª sala, anexo novo CB";"2014";"1";"2014-01-27";"2014-06-14";"46T12";"42";"45";"REGULAR";"f";"2014-06-16 10:25:31.097";"f";"";"72";"CONSOLIDADA";"";"Presencial";
"1223102";"02";"5756421";"";"";"24253";"GRADUAÇÃO";"Campus Central";"Sala Imburana, 2º andar, 2ª sala - anexo novo CB";"2014";"1";"2014-01-27";"2014-06-14";"46N12";"24";"45";"REGULAR";"f";"2014-06-16 10:26:49.061";"f";"";"68";"CONSOLIDADA";"";"Presencial";
"1223102";"02";"23018";"";"";"24253";"GRADUAÇÃO";"Campus Central";"Sala Imburana, 2º andar, 2ª sala - anexo novo CB";"2014";"1";"2014-01-27";"2014-06-14";"46N12";"24";"45";"REGULAR";"f";"2014-06-16 10:26:49.061";"f";"";"68";"CONSOLIDADA";"";"Presencial";
"1223103";"01";"5755914";"";"";"2055509";"GRADUAÇÃO";"Campus Central";"Sala Umbuzeiro, térreo, 4ª sala, anexo novo CB";"2014";"1";"2014-01-27";"2014-06-14";"35T56";"9";"8";"REGULAR";"f";"2014-06-11 10:02:51.144";"f";"";"68";"CONSOLIDADA";"";"Presencial";
"1223103";"01";"26013";"";"";"2055509";"GRADUAÇÃO";"Campus Central";"Sala Umbuzeiro, térreo, 4ª sala, anexo novo CB";"2014";"1";"2014-01-27";"2014-06-14";"35T56";"9";"8";"REGULAR";"f";"2014-06-11 10:02:51.144";"f";"";"68";"CONSOLIDADA";"";"Presencial";
"1223104";"01";"22727";"";"";"21036";"GRADUAÇÃO";"Campus Central";"Sala Pau Brasil, 1º andar, 1ª sala - anexo novo CB";"2014";"1";"2014-01-27";"2014-06-14";"35M34";"11";"13";"REGULAR";"f";"2014-06-18 16:38:10.33";"f";"";"74";"CONSOLIDADA";"";"Presencial";
"1223104";"01";"5751853";"";"";"21036";"GRADUAÇÃO";"Campus Central";"Sala Pau Brasil, 1º andar, 1ª sala - anexo novo CB";"2014";"1";"2014-01-27";"2014-06-14";"35M34";"11";"13";"REGULAR";"f";"2014-06-18 16:38:10.33";"f";"";"74";"CONSOLIDADA";"";"Presencial";
"1223104";"01";"22894";"";"";"21036";"GRADUAÇÃO";"Campus Central";"Sala Pau Brasil, 1º andar, 1ª sala - anexo novo CB";"2014";"1";"2014-01-27";"2014-06-14";"35M34";"11";"13";"REGULAR";"f";"2014-06-18 16:38:10.33";"f";"";"74";"CONSOLIDADA";"";"Presencial";
"1223104";"01";"5756421";"";"";"21036";"GRADUAÇÃO";"Campus Central";"Sala Pau Brasil, 1º andar, 1ª sala - anexo novo CB";"2014";"1";"2014-01-27";"2014-06-14";"35M34";"11";"13";"REGULAR";"f";"2014-06-18 16:38:10.33";"f";"";"74";"CONSOLIDADA";"";"Presencial";
"1223105";"01";"26013";"";"";"2055510";"GRADUAÇÃO";"Campus Central";"Sala DNA, em frente a biblioteca setorial CB";"2014";"1";"2014-01-27";"2014-06-14";"24T56";"10";"10";"REGULAR";"f";"2014-06-11 09:58:34.225";"f";"";"68";"CONSOLIDADA";"";"Presencial";
"1223105";"01";"5755914";"";"";"2055510";"GRADUAÇÃO";"Campus Central";"Sala DNA, em frente a biblioteca setorial CB";"2014";"1";"2014-01-27";"2014-06-14";"24T56";"10";"10";"REGULAR";"f";"2014-06-11 09:58:34.225";"f";"";"68";"CONSOLIDADA";"";"Presencial";
"1223106";"01";"26013";"";"";"53985";"GRADUAÇÃO";"Campus Central";"Sala Catolé, 1º andar, 5ª sala - anexo novo CB";"2014";"1";"2014-01-27";"2014-06-14";"46M12";"47";"44";"REGULAR";"f";"2014-06-13 11:26:01.215";"f";"";"68";"CONSOLIDADA";"";"Presencial";
"1223106";"01";"5755914";"";"";"53985";"GRADUAÇÃO";"Campus Central";"Sala Catolé, 1º andar, 5ª sala - anexo novo CB";"2014";"1";"2014-01-27";"2014-06-14";"46M12";"47";"44";"REGULAR";"f";"2014-06-13 11:26:01.215";"f";"";"68";"CONSOLIDADA";"";"Presencial";
"1223107";"01";"19093";"";"";"2042202";"GRADUAÇÃO";"Campus Central";"1E1";"2014";"1";"2014-01-27";"2014-06-14";"46N34";"20";"61";"REGULAR";"f";"2014-06-18 09:22:10.832";"f";"";"76";"CONSOLIDADA";"";"Presencial";
"1223108";"01";"17728";"";"";"51152";"GRADUAÇÃO";"Campus Central";"DOL - Sala 03";"2014";"1";"2014-01-27";"2014-06-14";"6M2345";"4";"25";"REGULAR";"f";"2014-06-11 08:36:17.031";"f";"";"68";"CONSOLIDADA";"";"Presencial";
"1223109";"02";"22759";"";"";"2042202";"GRADUAÇÃO";"Campus Central";"1E1";"2014";"1";"2014-01-27";"2014-06-14";"46M12";"12";"60";"REGULAR";"f";"2014-06-14 06:27:55.852";"f";"";"70";"CONSOLIDADA";"";"Presencial";
"1223110";"01";"19093";"";"";"24860";"GRADUAÇÃO";"Campus Central";"5G1";"2014";"1";"2014-01-27";"2014-06-14";"35N12";"44";"47";"REGULAR";"f";"2014-06-11 08:20:23.905";"f";"";"72";"CONSOLIDADA";"";"Presencial";
"1223111";"02";"17628";"";"";"25281";"GRADUAÇÃO";"Campus Central";"Centro de Biociências - Sala Carnaúba";"2014";"1";"2014-01-27";"2014-06-14";"35T234";"17";"30";"REGULAR";"f";"2014-06-18 16:15:43.417";"f";"";"99";"CONSOLIDADA";"";"Presencial";
"1223111";"02";"18934";"";"";"25281";"GRADUAÇÃO";"Campus Central";"Centro de Biociências - Sala Carnaúba";"2014";"1";"2014-01-27";"2014-06-14";"35T234";"17";"30";"REGULAR";"f";"2014-06-18 16:15:43.417";"f";"";"99";"CONSOLIDADA";"";"Presencial";
"1223112";"02";"5756214";"";"";"21941";"GRADUAÇÃO";"Campus Central";"1G4";"2014";"1";"2014-01-27";"2014-06-14";"4M34";"";"53";"REGULAR";"f";"";"f";"";"";"EXCLUÍDA";"";"Presencial";
"1223113";"02";"5756130";"";"";"24860";"GRADUAÇÃO";"Campus Central";"1B4";"2014";"1";"2014-01-27";"2014-06-14";"35M12";"50";"50";"REGULAR";"f";"2014-06-13 16:45:31.414";"f";"";"66";"CONSOLIDADA";"";"Presencial";
"1223114";"01";"5756214";"";"";"24862";"GRADUAÇÃO";"Campus Central";"1E4";"2014";"1";"2014-01-27";"2014-06-14";"24M34";"62";"55";"REGULAR";"f";"2014-06-10 10:33:12.435";"f";"";"66";"CONSOLIDADA";"";"Presencial";
"1223115";"02";"5756379";"";"";"24862";"GRADUAÇÃO";"Campus Central";"1B3";"2014";"1";"2014-01-27";"2014-06-14";"35N12";"49";"55";"REGULAR";"f";"2014-06-14 12:22:35.888";"f";"";"74";"CONSOLIDADA";"";"Presencial";
"1223116";"01";"5756130";"";"";"24858";"GRADUAÇÃO";"Campus Central";"5G2";"2014";"1";"2014-01-27";"2014-06-14";"46N34";"32";"40";"REGULAR";"f";"2014-06-13 16:58:58.886";"f";"";"77";"CONSOLIDADA";"";"Presencial";
"1223117";"03";"5753069";"";"";"2041804";"GRADUAÇÃO";"Campus Central";"1A2";"2014";"1";"2014-01-27";"2014-06-14";"6M56";"61";"52";"REGULAR";"f";"2014-06-06 11:01:56.27";"f";"";"36";"CONSOLIDADA";"";"Presencial";
"1223118";"02";"22704";"";"";"21172";"GRADUAÇÃO";"Campus Central";"IIE2";"2014";"1";"2014-01-27";"2014-06-14";"5M3456";"22";"60";"REGULAR";"f";"2014-06-17 08:48:53.114";"f";"";"72";"CONSOLIDADA";"";"Presencial";
"1223119";"05";"22827";"";"";"39169";"STRICTO SENSU";"";"Centro de Educação";"2014";"1";"2014-02-10";"2014-06-11";"3M1";"6";"6";"REGULAR";"f";"2014-12-02 22:22:09.519";"f";"";"17";"CONSOLIDADA";"";"Presencial";
"1223119";"05";"22718";"";"";"39169";"STRICTO SENSU";"";"Centro de Educação";"2014";"1";"2014-02-10";"2014-06-11";"3M1";"6";"6";"REGULAR";"f";"2014-12-02 22:22:09.519";"f";"";"17";"CONSOLIDADA";"";"Presencial";
"1223119";"05";"23010";"";"";"39169";"STRICTO SENSU";"";"Centro de Educação";"2014";"1";"2014-02-10";"2014-06-11";"3M1";"6";"6";"REGULAR";"f";"2014-12-02 22:22:09.519";"f";"";"17";"CONSOLIDADA";"";"Presencial";
"1223119";"05";"5753634";"";"";"39169";"STRICTO SENSU";"";"Centro de Educação";"2014";"1";"2014-02-10";"2014-06-11";"3M1";"6";"6";"REGULAR";"f";"2014-12-02 22:22:09.519";"f";"";"17";"CONSOLIDADA";"";"Presencial";
"1223120";"06";"91397";"";"";"39169";"STRICTO SENSU";"";"Centro de Educação";"2014";"1";"2014-02-10";"2014-06-11";"3M1";"4";"6";"REGULAR";"f";"2014-10-27 12:22:09.873";"f";"";"17";"CONSOLIDADA";"";"Presencial";
"1223120";"06";"18387";"";"";"39169";"STRICTO SENSU";"";"Centro de Educação";"2014";"1";"2014-02-10";"2014-06-11";"3M1";"4";"6";"REGULAR";"f";"2014-10-27 12:22:09.873";"f";"";"17";"CONSOLIDADA";"";"Presencial";
"1223120";"06";"62852";"";"";"39169";"STRICTO SENSU";"";"Centro de Educação";"2014";"1";"2014-02-10";"2014-06-11";"3M1";"4";"6";"REGULAR";"f";"2014-10-27 12:22:09.873";"f";"";"17";"CONSOLIDADA";"";"Presencial";
"1223120";"06";"26475";"";"";"39169";"STRICTO SENSU";"";"Centro de Educação";"2014";"1";"2014-02-10";"2014-06-11";"3M1";"4";"6";"REGULAR";"f";"2014-10-27 12:22:09.873";"f";"";"17";"CONSOLIDADA";"";"Presencial";
"1223120";"06";"26633";"";"";"39169";"STRICTO SENSU";"";"Centro de Educação";"2014";"1";"2014-02-10";"2014-06-11";"3M1";"4";"6";"REGULAR";"f";"2014-10-27 12:22:09.873";"f";"";"17";"CONSOLIDADA";"";"Presencial";
"1223121";"02";"26633";"";"";"2036863";"STRICTO SENSU";"";"SETOR I";"2014";"1";"2014-02-10";"2014-06-11";"2N23";"";"1";"REGULAR";"f";"";"f";"";"";"EXCLUÍDA";"";"Presencial";
"1223122";"02";"2258517";"";"";"22024";"GRADUAÇÃO";"Campus Central";"1H3";"2014";"1";"2014-01-27";"2014-06-14";"4M56 56M34";"";"53";"REGULAR";"f";"";"f";"";"";"EXCLUÍDA";"";"Presencial";
"1223123";"03";"5756214";"";"";"24860";"GRADUAÇÃO";"Campus Central";"5G1";"2014";"1";"2014-01-27";"2014-06-14";"35M12";"13";"50";"REGULAR";"f";"2014-06-10 10:30:19.733";"f";"";"66";"CONSOLIDADA";"";"Presencial";
"1223124";"01";"23080";"";"";"21175";"GRADUAÇÃO";"Campus Central";"IIE2";"2014";"1";"2014-01-27";"2014-06-14";"6N1234";"27";"60";"REGULAR";"f";"2014-06-14 20:06:08.959";"f";"";"72";"CONSOLIDADA";"";"Presencial";
"1223125";"01";"5756374";"";"";"46915";"GRADUAÇÃO";"Campus Central";"SETOR V - BLOCO C- SALA 04";"2014";"1";"2014-01-27";"2014-06-14";"24T34";"33";"50";"REGULAR";"f";"2014-06-17 09:37:42.777";"f";"";"72";"CONSOLIDADA";"";"Presencial";
"1223126";"01";"5755976";"";"";"46916";"GRADUAÇÃO";"Campus Central";"SETOR V - BLOCO G - SALA 02";"2014";"1";"2014-01-27";"2014-06-14";"35T56";"41";"50";"REGULAR";"f";"2014-06-19 21:18:13.209";"f";"";"65";"CONSOLIDADA";"";"Presencial";
"1223126";"01";"19164";"";"";"46916";"GRADUAÇÃO";"Campus Central";"SETOR V - BLOCO G - SALA 02";"2014";"1";"2014-01-27";"2014-06-14";"35T56";"41";"50";"REGULAR";"f";"2014-06-19 21:18:13.209";"f";"";"65";"CONSOLIDADA";"";"Presencial";
"1223127";"01";"5756374";"";"";"46918";"GRADUAÇÃO";"Campus Central";"SETOR V - BLOCO C- SALA 02";"2014";"1";"2014-01-27";"2014-06-14";"35T12";"25";"50";"REGULAR";"f";"2014-06-13 14:40:24.525";"f";"";"72";"CONSOLIDADA";"";"Presencial";
"1223128";"01";"25159";"";"";"46924";"GRADUAÇÃO";"Campus Central";"SETOR V - BLOCO C- SALA 03";"2014";"1";"2014-01-27";"2014-06-14";"35T56";"17";"50";"REGULAR";"f";"2014-06-26 17:21:18.684";"f";"";"66";"CONSOLIDADA";"";"Presencial";
"1223129";"02";"5756697";"";"";"23577";"GRADUAÇÃO";"Campus Central";"3B4";"2014";"1";"2014-01-27";"2014-06-14";"246M56";"28";"30";"REGULAR";"f";"2014-06-20 08:47:57.611";"f";"";"110";"CONSOLIDADA";"";"Presencial";
"1223129";"02";"18388";"";"";"23577";"GRADUAÇÃO";"Campus Central";"3B4";"2014";"1";"2014-01-27";"2014-06-14";"246M56";"28";"30";"REGULAR";"f";"2014-06-20 08:47:57.611";"f";"";"110";"CONSOLIDADA";"";"Presencial";
"1223130";"01";"5755485";"";"";"46181";"GRADUAÇÃO";"Campus Central";"Setor II Sala D-3";"2014";"1";"2014-01-27";"2014-06-14";"4M3456 7M34 (27/01/2014 - 14/06/2014)";"38";"36";"REGULAR";"f";"2014-06-18 18:01:25.453";"f";"";"116";"CONSOLIDADA";"";"Presencial";
"1223131";"12";"18387";"";"";"39171";"STRICTO SENSU";"";"Centro de Educação";"2014";"1";"2014-02-10";"2014-06-11";"4M1";"1";"1";"REGULAR";"f";"2015-09-12 23:30:27.113";"f";"";"0";"CONSOLIDADA";"";"Presencial";
"1223132";"11";"18387";"";"";"39175";"STRICTO SENSU";"";"Centro de Educação";"2014";"1";"2014-02-10";"2014-06-11";"5M1";"1";"1";"REGULAR";"f";"2015-10-08 11:04:57.64";"f";"";"15";"CONSOLIDADA";"";"Presencial";
"1223133";"13";"26475";"";"";"39171";"STRICTO SENSU";"";"Centro de Educação";"2014";"1";"2014-02-10";"2014-06-11";"4M1";"1";"1";"REGULAR";"f";"2016-03-23 16:25:57.177";"f";"";"17";"CONSOLIDADA";"";"Presencial";
"1223134";"01";"5755386";"";"";"46182";"GRADUAÇÃO";"Campus Central";"Setor II Sala D-4";"2014";"1";"2014-01-27";"2014-06-14";"7T12  4N1234 (27/01/2014 - 14/06/2014)";"38";"40";"REGULAR";"f";"2014-06-18 17:06:37.746";"f";"";"114";"CONSOLIDADA";"";"Presencial";
"1223135";"01";"5752165";"";"";"42040";"GRADUAÇÃO";"Campus Central";"5G4";"2014";"1";"2014-01-27";"2014-06-14";"35T34";"33";"50";"REGULAR";"f";"2014-06-18 18:58:39.337";"f";"";"70";"CONSOLIDADA";"";"Presencial";
"1223136";"01";"5752165";"";"";"42039";"GRADUAÇÃO";"Campus Central";"1-C-3";"2014";"1";"2014-01-27";"2014-06-14";"35T56";"48";"26";"REGULAR";"f";"2014-06-18 19:45:06.453";"f";"";"70";"CONSOLIDADA";"";"Presencial";
"1223137";"12";"26475";"";"";"39175";"STRICTO SENSU";"";"Centro de Educação";"2014";"1";"2014-02-10";"2014-06-11";"5M1";"1";"1";"REGULAR";"f";"2015-02-03 10:54:18.311";"f";"";"15";"CONSOLIDADA";"";"Presencial";
"1223138";"02";"5755056";"";"";"42039";"GRADUAÇÃO";"Campus Central";"1-C-4";"2014";"1";"2014-01-27";"2014-06-14";"35T56";"37";"26";"REGULAR";"f";"2014-06-13 17:04:40.726";"f";"";"74";"CONSOLIDADA";"";"Presencial";
"1223139";"01";"5755485";"";"";"46183";"GRADUAÇÃO";"Campus Central";"Setor II Sala D-4";"2014";"1";"2014-01-27";"2014-06-14";"2M3456 7M12 (27/01/2014 - 14/06/2014)";"42";"36";"REGULAR";"f";"2014-06-09 20:27:11.94";"f";"";"106";"CONSOLIDADA";"";"Presencial";
"1223140";"14";"26633";"";"";"39171";"STRICTO SENSU";"";"Centro de Educação";"2014";"1";"2014-02-10";"2014-06-11";"4M1";"1";"2";"REGULAR";"f";"2015-11-06 11:50:27.084";"f";"";"15";"CONSOLIDADA";"";"Presencial";
"1223141";"13";"26633";"";"";"39175";"STRICTO SENSU";"";"Centro de Educação";"2014";"1";"2014-02-10";"2014-06-11";"5M1";"2";"2";"REGULAR";"f";"2015-11-06 12:05:32.41";"f";"";"15";"CONSOLIDADA";"";"Presencial";
"1223142";"15";"23010";"";"";"39171";"STRICTO SENSU";"";"Centro de Educação";"2014";"1";"2014-02-10";"2014-06-11";"4M1";"1";"1";"REGULAR";"f";"2014-05-29 09:55:20.405";"f";"";"15";"CONSOLIDADA";"";"Presencial";
"1223143";"14";"23010";"";"";"39175";"STRICTO SENSU";"";"Centro de Educação";"2014";"1";"2014-02-10";"2014-06-11";"5M1";"1";"1";"REGULAR";"f";"2014-05-29 20:18:34.298";"f";"";"14";"CONSOLIDADA";"";"Presencial";
"1223144";"16";"22718";"";"";"39171";"STRICTO SENSU";"";"Centro de Educação";"2014";"1";"2014-02-10";"2014-06-11";"4M1";"1";"1";"REGULAR";"f";"2014-05-30 15:21:30.345";"f";"";"15";"CONSOLIDADA";"";"Presencial";
"1223145";"15";"22718";"";"";"39175";"STRICTO SENSU";"";"Centro de Educação";"2014";"1";"2014-02-10";"2014-06-11";"5M1";"1";"1";"REGULAR";"f";"2014-05-30 15:15:13.158";"f";"";"14";"CONSOLIDADA";"";"Presencial";
"1223146";"17";"22827";"";"";"39171";"STRICTO SENSU";"";"Centro de Educação";"2014";"1";"2014-02-10";"2014-06-11";"4M1";"1";"1";"REGULAR";"f";"2014-12-02 22:33:18.579";"f";"";"17";"CONSOLIDADA";"";"Presencial";
"1223147";"01";"5755386";"";"";"46184";"GRADUAÇÃO";"Campus Central";"Setor II Sala I-21";"2014";"1";"2014-01-27";"2014-06-14";"7T34  3N1234 (27/01/2014 - 14/06/2014)";"13";"40";"REGULAR";"f";"2014-06-18 17:05:36.979";"f";"";"106";"CONSOLIDADA";"";"Presencial";
"1223148";"16";"22827";"";"";"39175";"STRICTO SENSU";"";"Centro de Educação";"2014";"1";"2014-02-10";"2014-06-11";"5M1";"1";"1";"REGULAR";"f";"2014-12-02 21:51:01.85";"f";"";"15";"CONSOLIDADA";"";"Presencial";
"1223149";"10";"26475";"";"";"39172";"STRICTO SENSU";"";"Centro de Educação";"2014";"1";"2014-02-10";"2014-06-11";"6M1";"1";"2";"REGULAR";"f";"2016-03-23 16:23:05.14";"f";"";"16";"CONSOLIDADA";"";"Presencial";
"1223150";"14";"26475";"";"";"39181";"STRICTO SENSU";"";"Centro de Educação";"2014";"1";"2014-02-10";"2014-06-11";"2T1";"1";"2";"REGULAR";"f";"2016-03-23 16:20:48.729";"f";"";"16";"CONSOLIDADA";"";"Presencial";
"1223151";"05";"26475";"";"";"39176";"STRICTO SENSU";"";"Centro de Educação";"2014";"1";"2014-02-10";"2014-06-11";"3T1";"2";"2";"REGULAR";"f";"2015-02-23 17:51:26.568";"f";"";"17";"CONSOLIDADA";"";"Presencial";
"1223152";"11";"26633";"";"";"39172";"STRICTO SENSU";"";"Centro de Educação";"2014";"1";"2014-02-10";"2014-06-11";"6M1";"1";"1";"REGULAR";"f";"";"f";"";"";"ABERTA";"";"Presencial";
"1223153";"15";"26633";"";"";"39181";"STRICTO SENSU";"";"Centro de Educação";"2014";"1";"2014-02-10";"2014-06-11";"2T1";"";"1";"REGULAR";"f";"";"f";"";"";"EXCLUÍDA";"";"Presencial";
"1223154";"06";"26633";"";"";"39176";"STRICTO SENSU";"";"Centro de Educação";"2014";"1";"2014-02-10";"2014-06-11";"3T1";"1";"1";"REGULAR";"f";"";"f";"";"";"ABERTA";"";"Presencial";
"1223155";"12";"22718";"";"";"39172";"STRICTO SENSU";"";"Centro de Educação";"2014";"1";"2014-02-10";"2014-06-11";"6M1";"2";"2";"REGULAR";"f";"2014-05-30 15:24:26.535";"f";"";"15";"CONSOLIDADA";"";"Presencial";
"1223156";"13";"22718";"";"";"39177";"STRICTO SENSU";"";"Centro de Educação";"2014";"1";"2014-02-10";"2014-06-11";"2T1";"2";"2";"REGULAR";"f";"2014-05-30 15:18:19.241";"f";"";"14";"CONSOLIDADA";"";"Presencial";
"1223157";"13";"22827";"";"";"39172";"STRICTO SENSU";"";"Centro de Educação";"2014";"1";"2014-02-10";"2014-06-11";"4T1";"1";"1";"REGULAR";"f";"2014-12-02 22:47:15.004";"f";"";"17";"CONSOLIDADA";"";"Presencial";
"1223158";"01";"5756261";"";"";"42385";"GRADUAÇÃO";"Campus Macaíba";"Sala 06 - Graduação - EAJ";"2014";"1";"2014-01-27";"2014-06-14";"46M23";"20";"30";"REGULAR";"f";"2014-06-13 09:53:29.91";"f";"";"68";"CONSOLIDADA";"";"Presencial";
"1223159";"14";"22827";"";"";"39177";"STRICTO SENSU";"";"Centro de Educação";"2014";"1";"2014-02-10";"2014-06-11";"5T1";"1";"1";"REGULAR";"f";"2014-12-02 22:04:27.436";"f";"";"15";"CONSOLIDADA";"";"Presencial";
"1223160";"01";"5752807";"";"";"42390";"GRADUAÇÃO";"Campus Macaíba";"Sala 05 - Graduação - EAJ";"2014";"1";"2014-01-27";"2014-06-14";"26T12";"22";"50";"REGULAR";"f";"2014-06-20 08:56:22.447";"f";"";"74";"CONSOLIDADA";"";"Presencial";
"1223161";"18";"26475";"";"";"39171";"STRICTO SENSU";"";"Centro de Educação";"2014";"1";"2014-02-10";"2014-06-11";"4T1";"";"1";"REGULAR";"f";"";"f";"";"";"EXCLUÍDA";"";"Presencial";
"1223162";"14";"26475";"";"";"39172";"STRICTO SENSU";"";"Centro de Educação";"2014";"1";"2014-02-10";"2014-06-11";"5T1";"";"1";"REGULAR";"f";"";"f";"";"";"EXCLUÍDA";"";"Presencial";
"1223163";"01";"5753876";"";"";"42397";"GRADUAÇÃO";"Campus Macaíba";"Sala 05 - Graduação - EAJ";"2014";"1";"2014-01-27";"2014-06-14";"35T34";"34";"50";"REGULAR";"f";"2014-06-14 15:11:53.601";"f";"";"74";"CONSOLIDADA";"";"Presencial";
"1223163";"01";"5752238";"";"";"42397";"GRADUAÇÃO";"Campus Macaíba";"Sala 05 - Graduação - EAJ";"2014";"1";"2014-01-27";"2014-06-14";"35T34";"34";"50";"REGULAR";"f";"2014-06-14 15:11:53.601";"f";"";"74";"CONSOLIDADA";"";"Presencial";
"1223164";"15";"26475";"";"";"39177";"STRICTO SENSU";"";"Centro de Educação";"2014";"1";"2014-02-10";"2014-06-11";"6T1";"1";"1";"REGULAR";"f";"2016-03-22 18:25:14.469";"f";"";"16";"CONSOLIDADA";"";"Presencial";
"1223165";"06";"26633";"";"";"39179";"STRICTO SENSU";"";"Centro de Educação";"2014";"1";"2014-02-10";"2014-06-11";"4T1";"1";"1";"REGULAR";"f";"";"f";"";"";"ABERTA";"";"Presencial";
"1223166";"10";"23010";"";"";"39182";"STRICTO SENSU";"";"Centro de Educação";"2014";"1";"2014-02-10";"2014-06-11";"4T1";"1";"1";"REGULAR";"f";"2014-12-15 14:29:24.288";"f";"";"17";"CONSOLIDADA";"";"Presencial";
"1223167";"01";"5756261";"";"";"42394";"GRADUAÇÃO";"Campus Macaíba";"Sala 05 - Graduação - EAJ";"2014";"1";"2014-01-27";"2014-06-14";"35T12";"19";"50";"REGULAR";"f";"2014-06-10 21:16:41.513";"f";"";"70";"CONSOLIDADA";"";"Presencial";
"1223168";"07";"5755559";"";"";"25798";"GRADUAÇÃO";"Campus Central";"3F6";"2014";"1";"2014-01-27";"2014-06-14";"35M12";"24";"55";"REGULAR";"f";"2014-06-14 12:03:46.603";"f";"";"72";"CONSOLIDADA";"";"Presencial";
"1223169";"01";"5753870";"";"";"46207";"GRADUAÇÃO";"Campus Central";"Setor III Sala F-3";"2014";"1";"2014-01-27";"2014-06-14";"7M12  5N1234 (27/01/2014 - 14/06/2014)";"29";"25";"REGULAR";"f";"2014-06-18 14:45:22.027";"f";"";"104";"CONSOLIDADA";"";"Presencial";
"1223170";"07";"23010";"";"";"39179";"STRICTO SENSU";"";"Centro de Educação";"2014";"1";"2014-02-10";"2014-06-11";"6T1";"";"1";"REGULAR";"f";"";"f";"";"";"EXCLUÍDA";"";"Presencial";
"1223171";"03";"22922";"";"";"25800";"GRADUAÇÃO";"Campus Central";"3F5";"2014";"1";"2014-01-27";"2014-06-14";"246N34";"20";"35";"REGULAR";"f";"2014-06-17 12:56:11.029";"f";"";"106";"CONSOLIDADA";"";"Presencial";
"1223172";"01";"23067";"";"";"42402";"GRADUAÇÃO";"Campus Macaíba";"Sala 06 - Graduação - EAJ";"2014";"1";"2014-01-27";"2014-06-14";"35M45";"16";"50";"REGULAR";"f";"2014-06-19 09:17:23.074";"f";"";"70";"CONSOLIDADA";"";"Presencial";
"1223173";"11";"22827";"";"";"39182";"STRICTO SENSU";"";"Centro de Educação";"2014";"1";"2014-02-10";"2014-06-11";"2M6";"1";"1";"REGULAR";"f";"2014-12-02 16:35:49.273";"f";"";"16";"CONSOLIDADA";"";"Presencial";
"1223174";"09";"22827";"";"";"39180";"STRICTO SENSU";"";"Centro de Educação";"2014";"1";"2014-02-10";"2014-06-11";"3M6";"1";"1";"REGULAR";"f";"2014-12-02 22:09:19.16";"f";"";"17";"CONSOLIDADA";"";"Presencial";
"1223175";"01";"5753876";"";"";"42405";"GRADUAÇÃO";"Campus Macaíba";"Sala 06 - Graduação - EAJ";"2014";"1";"2014-01-27";"2014-06-14";"35T12";"18";"50";"REGULAR";"f";"2014-06-14 14:38:29.365";"f";"";"74";"CONSOLIDADA";"";"Presencial";
"1223176";"01";"26163";"";"";"46209";"GRADUAÇÃO";"Campus Central";"Setor III Sala F-3";"2014";"1";"2014-01-27";"2014-06-14";"7T12  3N1234 (27/01/2014 - 14/06/2014)";"8";"50";"REGULAR";"f";"2014-06-20 17:05:33.642";"f";"";"116";"CONSOLIDADA";"";"Presencial";
"1223177";"08";"18387";"";"";"39179";"STRICTO SENSU";"";"Centro de Educação";"2014";"1";"2014-02-10";"2014-06-11";"6T1";"";"15";"REGULAR";"f";"";"f";"";"";"EXCLUÍDA";"";"Presencial";
"1223178";"10";"26475";"";"";"39180";"STRICTO SENSU";"";"Centro de Educação";"2014";"1";"2014-02-10";"2014-06-11";"2M6";"1";"1";"REGULAR";"f";"2015-02-27 14:05:31.236";"f";"";"16";"CONSOLIDADA";"";"Presencial";
"1223179";"01";"5752846";"";"";"42406";"GRADUAÇÃO";"Campus Macaíba";"Sala 06 - Graduação - EAJ";"2014";"1";"2014-01-27";"2014-06-14";"4T12 5T34";"17";"50";"REGULAR";"f";"2014-06-11 11:31:48.502";"f";"";"70";"CONSOLIDADA";"";"Presencial";
"1223180";"02";"26163";"";"";"46209";"GRADUAÇÃO";"Campus Central";"Setor III Sala B-3";"2014";"1";"2014-01-27";"2014-06-14";"3M3456 7M12 (27/01/2014 - 14/06/2014)";"22";"50";"REGULAR";"f";"2014-06-20 17:04:47.157";"f";"";"116";"CONSOLIDADA";"";"Presencial";
"1223181";"12";"26475";"";"";"39182";"STRICTO SENSU";"";"Centro de Educação";"2014";"1";"2014-02-10";"2014-06-11";"3M6";"1";"1";"REGULAR";"f";"2014-12-18 11:17:55.803";"f";"";"17";"CONSOLIDADA";"";"Presencial";
"1223182";"01";"5753988";"";"";"42408";"GRADUAÇÃO";"Campus Macaíba";"Sala 06 - Graduação - EAJ";"2014";"1";"2014-01-27";"2014-06-14";"3T34 6T12";"18";"50";"REGULAR";"f";"2014-06-14 12:22:30.87";"f";"";"68";"CONSOLIDADA";"";"Presencial";
"1223183";"01";"5753596";"";"";"46211";"GRADUAÇÃO";"Campus Central";"Setor III Sala D-5";"2014";"1";"2014-01-27";"2014-06-14";"4T56 7T34  4N12 (27/01/2014 - 14/06/2014)";"16";"50";"REGULAR";"f";"2014-06-13 20:15:56.841";"f";"";"110";"CONSOLIDADA";"";"Presencial";
"1223184";"03";"5756149";"";"";"46387";"GRADUAÇÃO";"Campus Central";"CB - 3T34 Juazeiro, 5T34 Epitélios";"2014";"1";"2014-01-27";"2014-06-14";"35T34";"48";"55";"REGULAR";"f";"2014-06-15 23:19:24.876";"f";"";"68";"CONSOLIDADA";"";"Presencial";
"1223185";"01";"5754372";"";"";"42436";"GRADUAÇÃO";"Campus Macaíba";"Sala 06 - Graduação - EAJ";"2014";"1";"2014-01-27";"2014-06-14";"46T34";"16";"50";"REGULAR";"f";"2014-06-14 00:15:24.406";"f";"";"77";"CONSOLIDADA";"";"Presencial";
"1223186";"02";"5753596";"";"";"46211";"GRADUAÇÃO";"Campus Central";"Setor III Sala H-6";"2014";"1";"2014-01-27";"2014-06-14";"4M3456 7M34 (27/01/2014 - 14/06/2014)";"17";"50";"REGULAR";"f";"2014-06-13 20:14:38.983";"f";"";"110";"CONSOLIDADA";"";"Presencial";
"1223187";"01";"22762";"";"";"46218";"GRADUAÇÃO";"Campus Central";"Setor II Sala H-1";"2014";"1";"2014-01-27";"2014-06-14";"2M2345 7M123 (27/01/2014 - 14/06/2014)";"32";"60";"REGULAR";"f";"2014-06-10 07:26:30.11";"f";"";"119";"CONSOLIDADA";"";"Presencial";
"1223188";"01";"25436";"";"";"42455";"GRADUAÇÃO";"Campus Macaíba";"Lab. de Informática - Graduação - EAJ";"2014";"1";"2014-01-27";"2014-06-14";"2T1234";"23";"50";"REGULAR";"f";"2014-06-13 19:45:50.21";"f";"";"68";"CONSOLIDADA";"";"Presencial";
"1223189";"02";"5756235";"";"";"46218";"GRADUAÇÃO";"Campus Central";"Setor II Sala D-4";"2014";"1";"2014-01-27";"2014-06-14";"7T123  2N1234 (27/01/2014 - 14/06/2014)";"39";"60";"REGULAR";"f";"2014-06-18 02:58:20.854";"f";"";"129";"CONSOLIDADA";"";"Presencial";
"1223190";"03";"5752699";"";"";"21822";"GRADUAÇÃO";"Campus Central";"ANF. DOS ANFÍBIOS";"2014";"1";"2014-01-27";"2014-06-14";"24T34";"2";"20";"REGULAR";"f";"2014-06-03 14:15:49.351";"f";"";"66";"CONSOLIDADA";"";"Presencial";
"1223191";"01";"5753626";"";"";"46220";"GRADUAÇÃO";"Campus Central";"Setor II Sala H-4";"2014";"1";"2014-01-27";"2014-06-14";"4M2345 7M123 (27/01/2014 - 14/06/2014)";"28";"60";"REGULAR";"f";"2014-06-12 15:23:17.389";"f";"";"100";"CONSOLIDADA";"";"Presencial";
"1223192";"01";"5755038";"";"";"46229";"GRADUAÇÃO";"Campus Central";"CB - 3 Mulungú, 5 Jucá";"2014";"1";"2014-01-27";"2014-06-14";"3M1234 5M12 (27/01/2014 - 14/06/2014)";"20";"35";"REGULAR";"f";"2014-05-30 06:05:48.339";"f";"";"64";"CONSOLIDADA";"";"Presencial";
"1223193";"02";"5753626";"";"";"46220";"GRADUAÇÃO";"Campus Central";"Setor II Sala G-3";"2014";"1";"2014-01-27";"2014-06-14";"7T346  4N1234 (27/01/2014 - 14/06/2014)";"40";"60";"REGULAR";"f";"2014-06-12 15:27:30.819";"f";"";"96";"CONSOLIDADA";"";"Presencial";
"1223194";"04";"5756098";"";"";"46387";"GRADUAÇÃO";"Campus Central";"Setor III Sala B-3";"2014";"1";"2014-01-27";"2014-06-14";"35N34";"34";"50";"REGULAR";"f";"2014-06-13 14:34:39.112";"f";"";"74";"CONSOLIDADA";"";"Presencial";
"1223195";"01";"22948";"";"";"39187";"STRICTO SENSU";"";"A definir";"2014";"1";"2014-02-10";"2014-06-11";"3N23";"1";"30";"REGULAR";"f";"2014-07-03 16:15:48.596";"f";"";"34";"CONSOLIDADA";"";"Presencial";
"1223196";"01";"17582";"";"";"2043300";"GRADUAÇÃO";"Campus Central";"Anfiteatro dos Peixes";"2014";"1";"2014-01-27";"2014-06-14";"246M34";"18";"61";"REGULAR";"f";"2014-06-16 10:23:33.381";"f";"";"104";"CONSOLIDADA";"";"Presencial";
"1223196";"01";"22014";"";"";"2043300";"GRADUAÇÃO";"Campus Central";"Anfiteatro dos Peixes";"2014";"1";"2014-01-27";"2014-06-14";"246M34";"18";"61";"REGULAR";"f";"2014-06-16 10:23:33.381";"f";"";"104";"CONSOLIDADA";"";"Presencial";
"1223196";"01";"23018";"";"";"2043300";"GRADUAÇÃO";"Campus Central";"Anfiteatro dos Peixes";"2014";"1";"2014-01-27";"2014-06-14";"246M34";"18";"61";"REGULAR";"f";"2014-06-16 10:23:33.381";"f";"";"104";"CONSOLIDADA";"";"Presencial";
"1223197";"05";"5755936";"";"";"46387";"GRADUAÇÃO";"Campus Central";"Sala 23 EMUFRN";"2014";"1";"2014-01-27";"2014-06-14";"24N34";"28";"50";"REGULAR";"f";"2014-06-21 19:24:02.914";"f";"";"72";"CONSOLIDADA";"";"Presencial";
"1223198";"06";"5756151";"";"";"46387";"GRADUAÇÃO";"Campus Central";"Setor III Sala B-6";"2014";"1";"2014-01-27";"2014-06-14";"35M34";"49";"50";"REGULAR";"f";"2014-06-18 18:01:49.185";"f";"";"74";"CONSOLIDADA";"";"Presencial";
"1223199";"01";"5755914";"";"";"26602";"GRADUAÇÃO";"Campus Central";"Sala Quixabeira, 2º andar, 3ª sala anexo novo CB";"2014";"1";"2014-01-27";"2014-06-14";"2T3456 346T345";"4";"55";"REGULAR";"f";"2014-06-25 15:52:37.247";"f";"";"219";"CONSOLIDADA";"";"Presencial";
"1223199";"01";"17111";"";"";"26602";"GRADUAÇÃO";"Campus Central";"Sala Quixabeira, 2º andar, 3ª sala anexo novo CB";"2014";"1";"2014-01-27";"2014-06-14";"2T3456 346T345";"4";"55";"REGULAR";"f";"2014-06-25 15:52:37.247";"f";"";"219";"CONSOLIDADA";"";"Presencial";
"1223199";"01";"21744";"";"";"26602";"GRADUAÇÃO";"Campus Central";"Sala Quixabeira, 2º andar, 3ª sala anexo novo CB";"2014";"1";"2014-01-27";"2014-06-14";"2T3456 346T345";"4";"55";"REGULAR";"f";"2014-06-25 15:52:37.247";"f";"";"219";"CONSOLIDADA";"";"Presencial";
"1223199";"01";"5751929";"";"";"26602";"GRADUAÇÃO";"Campus Central";"Sala Quixabeira, 2º andar, 3ª sala anexo novo CB";"2014";"1";"2014-01-27";"2014-06-14";"2T3456 346T345";"4";"55";"REGULAR";"f";"2014-06-25 15:52:37.247";"f";"";"219";"CONSOLIDADA";"";"Presencial";
"1223199";"01";"5752182";"";"";"26602";"GRADUAÇÃO";"Campus Central";"Sala Quixabeira, 2º andar, 3ª sala anexo novo CB";"2014";"1";"2014-01-27";"2014-06-14";"2T3456 346T345";"4";"55";"REGULAR";"f";"2014-06-25 15:52:37.247";"f";"";"219";"CONSOLIDADA";"";"Presencial";
"1223199";"01";"17582";"";"";"26602";"GRADUAÇÃO";"Campus Central";"Sala Quixabeira, 2º andar, 3ª sala anexo novo CB";"2014";"1";"2014-01-27";"2014-06-14";"2T3456 346T345";"4";"55";"REGULAR";"f";"2014-06-25 15:52:37.247";"f";"";"219";"CONSOLIDADA";"";"Presencial";
"1223199";"01";"22728";"";"";"26602";"GRADUAÇÃO";"Campus Central";"Sala Quixabeira, 2º andar, 3ª sala anexo novo CB";"2014";"1";"2014-01-27";"2014-06-14";"2T3456 346T345";"4";"55";"REGULAR";"f";"2014-06-25 15:52:37.247";"f";"";"219";"CONSOLIDADA";"";"Presencial";
"1223199";"01";"5752218";"";"";"26602";"GRADUAÇÃO";"Campus Central";"Sala Quixabeira, 2º andar, 3ª sala anexo novo CB";"2014";"1";"2014-01-27";"2014-06-14";"2T3456 346T345";"4";"55";"REGULAR";"f";"2014-06-25 15:52:37.247";"f";"";"219";"CONSOLIDADA";"";"Presencial";
"1223199";"01";"25441";"";"";"26602";"GRADUAÇÃO";"Campus Central";"Sala Quixabeira, 2º andar, 3ª sala anexo novo CB";"2014";"1";"2014-01-27";"2014-06-14";"2T3456 346T345";"4";"55";"REGULAR";"f";"2014-06-25 15:52:37.247";"f";"";"219";"CONSOLIDADA";"";"Presencial";
"1223200";"01";"18772";"";"";"42378";"GRADUAÇÃO";"Campus Macaíba";"Sala 04 - Graduação - EAJ";"2014";"1";"2014-01-27";"2014-06-14";"35T12";"13";"70";"REGULAR";"f";"2014-06-21 22:58:37.118";"f";"";"66";"CONSOLIDADA";"";"Presencial";
"1223201";"01";"5751829";"";"";"20394";"GRADUAÇÃO";"Campus Central";"Centro de Biociências - IMBURANA";"2014";"1";"2014-01-27";"2014-06-14";"6T2345";"19";"20";"REGULAR";"f";"2014-06-11 21:07:32.507";"f";"";"68";"CONSOLIDADA";"";"Presencial";
"1223202";"02";"5755038";"";"";"46229";"GRADUAÇÃO";"Campus Central";"CB - 3 Catolé, 6 Anf. dos Répteis";"2014";"1";"2014-01-27";"2014-06-14";"3N1234 6N34 (27/01/2014 - 14/06/2014)";"29";"35";"REGULAR";"f";"2014-05-30 05:59:29.902";"f";"";"68";"CONSOLIDADA";"";"Presencial";
"1223203";"01";"5754349";"";"";"42379";"GRADUAÇÃO";"Campus Macaíba";"Sala 04 - Graduação - EAJ";"2014";"1";"2014-01-27";"2014-06-14";"24T34";"6";"70";"REGULAR";"f";"2014-06-14 18:17:40.032";"f";"";"74";"CONSOLIDADA";"";"Presencial";
"1223204";"01";"5755587";"";"";"23845";"GRADUAÇÃO";"Campus Central";"Sala Mandacaru, térreo, 3º sala - anexo novo CB";"2014";"1";"2014-01-27";"2014-06-14";"246T34";"27";"40";"REGULAR";"f";"2014-06-20 09:44:22.587";"f";"";"106";"CONSOLIDADA";"";"Presencial";
"1223204";"01";"22727";"";"";"23845";"GRADUAÇÃO";"Campus Central";"Sala Mandacaru, térreo, 3º sala - anexo novo CB";"2014";"1";"2014-01-27";"2014-06-14";"246T34";"27";"40";"REGULAR";"f";"2014-06-20 09:44:22.587";"f";"";"106";"CONSOLIDADA";"";"Presencial";
"1223205";"01";"5752166";"";"";"55104";"GRADUAÇÃO";"Campus Central";"SETOR V - BLOCO C- SALA 04";"2014";"1";"2014-01-27";"2014-06-14";"24T56";"25";"50";"REGULAR";"f";"2014-06-08 14:38:32.147";"f";"";"70";"CONSOLIDADA";"";"Presencial";
"1223206";"01";"5756289";"";"";"42380";"GRADUAÇÃO";"Campus Macaíba";"Sala 04 - Graduação - EAJ";"2014";"1";"2014-01-27";"2014-06-14";"24T12";"7";"70";"REGULAR";"f";"2014-06-20 16:08:08.587";"f";"";"72";"CONSOLIDADA";"";"Presencial";
"1223207";"01";"25090";"";"";"42381";"GRADUAÇÃO";"Campus Macaíba";"Lab. de Informática - Graduação - EAJ";"2014";"1";"2014-01-27";"2014-06-14";"5T34";"2";"70";"REGULAR";"f";"2014-06-19 17:15:25.001";"f";"";"36";"CONSOLIDADA";"";"Presencial";
"1223208";"01";"5753557";"";"";"42387";"GRADUAÇÃO";"Campus Macaíba";"Sala 04 - Graduação - EAJ";"2014";"1";"2014-01-27";"2014-06-14";"3T34";"3";"70";"REGULAR";"f";"2014-06-13 14:59:27.849";"f";"";"38";"CONSOLIDADA";"";"Presencial";
"1223209";"01";"22014";"";"";"24943";"GRADUAÇÃO";"Campus Central";"Sala Pau Darco- 1º andar, 2ª sala - Anexo novo C";"2014";"1";"2014-01-27";"2014-06-14";"5N12";"20";"30";"REGULAR";"f";"2014-06-06 11:29:10.15";"f";"";"34";"CONSOLIDADA";"";"Presencial";
"1223210";"01";"5753669";"";"";"20303";"GRADUAÇÃO";"Campus Central";"LABCON";"2014";"1";"2014-01-27";"2014-06-14";"4M23  5T34";"15";"20";"REGULAR";"f";"2014-06-12 21:38:58.711";"f";"";"68";"CONSOLIDADA";"";"Presencial";
"1223211";"01";"24038";"";"";"2035350";"GRADUAÇÃO";"Campus Central";"4 H4";"2014";"1";"2014-01-27";"2014-06-14";"2M123";"12";"22";"REGULAR";"f";"2014-06-13 12:16:55.79";"f";"";"54";"CONSOLIDADA";"";"Presencial";
"1223212";"01";"5752768";"";"";"26601";"GRADUAÇÃO";"Campus Central";"Sala Umbuzeiro, térreo, 4ª sala, anexo novo CB";"2014";"1";"2014-01-27";"2014-06-14";"24M56";"18";"20";"REGULAR";"f";"2014-06-20 11:49:42.068";"f";"";"74";"CONSOLIDADA";"";"Presencial";
"1223212";"01";"5752025";"";"";"26601";"GRADUAÇÃO";"Campus Central";"Sala Umbuzeiro, térreo, 4ª sala, anexo novo CB";"2014";"1";"2014-01-27";"2014-06-14";"24M56";"18";"20";"REGULAR";"f";"2014-06-20 11:49:42.068";"f";"";"74";"CONSOLIDADA";"";"Presencial";
"1223212";"01";"22728";"";"";"26601";"GRADUAÇÃO";"Campus Central";"Sala Umbuzeiro, térreo, 4ª sala, anexo novo CB";"2014";"1";"2014-01-27";"2014-06-14";"24M56";"18";"20";"REGULAR";"f";"2014-06-20 11:49:42.068";"f";"";"74";"CONSOLIDADA";"";"Presencial";
"1223213";"02";"5752025";"";"";"26601";"GRADUAÇÃO";"Campus Central";"Sala Umbuzeiro, térreo, 4ª sala, anexo novo CB";"2014";"1";"2014-01-27";"2014-06-14";"35N34";"26";"35";"REGULAR";"f";"2014-06-20 11:41:09.034";"f";"";"72";"CONSOLIDADA";"";"Presencial";
"1223213";"02";"22728";"";"";"26601";"GRADUAÇÃO";"Campus Central";"Sala Umbuzeiro, térreo, 4ª sala, anexo novo CB";"2014";"1";"2014-01-27";"2014-06-14";"35N34";"26";"35";"REGULAR";"f";"2014-06-20 11:41:09.034";"f";"";"72";"CONSOLIDADA";"";"Presencial";
"1223213";"02";"5752768";"";"";"26601";"GRADUAÇÃO";"Campus Central";"Sala Umbuzeiro, térreo, 4ª sala, anexo novo CB";"2014";"1";"2014-01-27";"2014-06-14";"35N34";"26";"35";"REGULAR";"f";"2014-06-20 11:41:09.034";"f";"";"72";"CONSOLIDADA";"";"Presencial";
"1223214";"01";"5755468";"";"";"46230";"GRADUAÇÃO";"Campus Central";"CB - 3 Pau-Brasil, 5 Umbuzeiro";"2014";"1";"2014-01-27";"2014-06-14";"3T1234 5T12 (27/01/2014 - 14/06/2014)";"19";"30";"REGULAR";"f";"2014-06-19 20:31:23.148";"f";"";"98";"CONSOLIDADA";"";"Presencial";
"1223215";"01";"5755587";"";"";"24239";"GRADUAÇÃO";"Campus Central";"Sala Umbuzeiro, térreo, 4ª sala, anexo novo CB";"2014";"1";"2014-01-27";"2014-06-14";"35T34";"16";"30";"REGULAR";"f";"2014-06-20 09:47:13.967";"f";"";"70";"CONSOLIDADA";"";"Presencial";
"1223215";"01";"22727";"";"";"24239";"GRADUAÇÃO";"Campus Central";"Sala Umbuzeiro, térreo, 4ª sala, anexo novo CB";"2014";"1";"2014-01-27";"2014-06-14";"35T34";"16";"30";"REGULAR";"f";"2014-06-20 09:47:13.967";"f";"";"70";"CONSOLIDADA";"";"Presencial";
"1223216";"01";"25436";"";"";"42383";"GRADUAÇÃO";"Campus Macaíba";"Lab. de Informática - Graduação - EAJ";"2014";"1";"2014-01-27";"2014-06-14";"6T1234";"1";"70";"REGULAR";"f";"2014-06-13 19:39:53.108";"f";"";"68";"CONSOLIDADA";"";"Presencial";
"1223217";"01";"5756421";"";"";"2049151";"GRADUAÇÃO";"Campus Central";"Sala Pau Brasil, 1º andar, 1ª sala - anexo novo CB";"2014";"1";"2014-01-27";"2014-06-14";"24M34";"27";"40";"REGULAR";"f";"2014-06-18 11:00:38.234";"f";"";"70";"CONSOLIDADA";"";"Presencial";
"1223217";"01";"5754348";"";"";"2049151";"GRADUAÇÃO";"Campus Central";"Sala Pau Brasil, 1º andar, 1ª sala - anexo novo CB";"2014";"1";"2014-01-27";"2014-06-14";"24M34";"27";"40";"REGULAR";"f";"2014-06-18 11:00:38.234";"f";"";"70";"CONSOLIDADA";"";"Presencial";
"1223217";"01";"5751853";"";"";"2049151";"GRADUAÇÃO";"Campus Central";"Sala Pau Brasil, 1º andar, 1ª sala - anexo novo CB";"2014";"1";"2014-01-27";"2014-06-14";"24M34";"27";"40";"REGULAR";"f";"2014-06-18 11:00:38.234";"f";"";"70";"CONSOLIDADA";"";"Presencial";
"1223218";"02";"26013";"";"";"2049151";"GRADUAÇÃO";"Campus Central";"Sala Carnaúba, 1º andar, 3ª sala - anexo novo CB";"2014";"1";"2014-01-27";"2014-06-14";"35N12";"35";"32";"REGULAR";"f";"2014-06-14 09:55:28.514";"f";"";"66";"CONSOLIDADA";"";"Presencial";
"1223218";"02";"5755914";"";"";"2049151";"GRADUAÇÃO";"Campus Central";"Sala Carnaúba, 1º andar, 3ª sala - anexo novo CB";"2014";"1";"2014-01-27";"2014-06-14";"35N12";"35";"32";"REGULAR";"f";"2014-06-14 09:55:28.514";"f";"";"66";"CONSOLIDADA";"";"Presencial";
"1223220";"01A";"5755587";"";"";"2049100";"GRADUAÇÃO";"Campus Central";"Sala Pau Brasil, 1º andar, 1ª sala - anexo novo CB";"2014";"1";"2014-01-27";"2014-06-14";"35M12";"33";"38";"REGULAR";"f";"2014-06-10 15:38:06.605";"f";"1223219";"72";"CONSOLIDADA";"";"Presencial";
"1223221";"02";"5756277";"";"";"21175";"GRADUAÇÃO";"Campus Central";"IIE2";"2014";"1";"2014-01-27";"2014-06-14";"6M3456";"21";"60";"REGULAR";"f";"2014-06-18 10:29:18.467";"f";"";"76";"CONSOLIDADA";"";"Presencial";
"1223222";"05";"5756690";"";"";"24542";"GRADUAÇÃO";"Campus Central";"2I15";"2014";"1";"2014-01-27";"2014-06-14";"35N34";"44";"50";"REGULAR";"f";"2014-06-11 12:23:41.204";"f";"";"70";"CONSOLIDADA";"";"Presencial";
"1223222";"05";"5756210";"";"";"24542";"GRADUAÇÃO";"Campus Central";"2I15";"2014";"1";"2014-01-27";"2014-06-14";"35N34";"44";"50";"REGULAR";"f";"2014-06-11 12:23:41.204";"f";"";"70";"CONSOLIDADA";"";"Presencial";
"1223223";"01";"5752284";"";"";"42388";"GRADUAÇÃO";"Campus Macaíba";"Sala 06 - Graduação - EAJ";"2014";"1";"2014-01-27";"2014-06-14";"46M45";"24";"50";"REGULAR";"f";"2014-06-14 14:03:55.696";"f";"";"76";"CONSOLIDADA";"";"Presencial";
"1223224";"01";"5753988";"";"";"42391";"GRADUAÇÃO";"Campus Macaíba";"Sala 05 - Graduação - EAJ";"2014";"1";"2014-01-27";"2014-06-14";"2T34 4T12";"21";"50";"REGULAR";"f";"2014-06-16 16:25:44.183";"f";"";"65";"CONSOLIDADA";"";"Presencial";
"1223225";"01";"5756289";"";"";"42392";"GRADUAÇÃO";"Campus Macaíba";"Sala 05 - Graduação - EAJ";"2014";"1";"2014-01-27";"2014-06-14";"46T34";"26";"50";"REGULAR";"f";"2014-06-20 16:13:41.581";"f";"";"81";"CONSOLIDADA";"";"Presencial";
"1223226";"01";"5756265";"";"";"26688";"GRADUAÇÃO";"Campus Central";"Piscina Semi-olimpica (Natação) e Sala 10";"2014";"1";"2014-01-27";"2014-06-14";"35M56";"";"25";"REGULAR";"f";"";"f";"";"";"EXCLUÍDA";"";"Presencial";
"1223227";"01";"5751829";"";"";"54917";"GRADUAÇÃO";"Campus Central";"DOL - Sala 01";"2014";"1";"2014-01-27";"2014-06-14";"4T2345";"3";"25";"REGULAR";"f";"2014-06-11 20:56:09.865";"f";"";"68";"CONSOLIDADA";"";"Presencial";
"1223227";"01";"25987";"";"";"54917";"GRADUAÇÃO";"Campus Central";"DOL - Sala 01";"2014";"1";"2014-01-27";"2014-06-14";"4T2345";"3";"25";"REGULAR";"f";"2014-06-11 20:56:09.865";"f";"";"68";"CONSOLIDADA";"";"Presencial";
"1223228";"01";"5756265";"";"";"26687";"GRADUAÇÃO";"Campus Central";"Piscina Semi-olimpica (Hidroginástica) e Sala 10";"2014";"1";"2014-01-27";"2014-06-14";"35M12";"";"25";"REGULAR";"f";"";"f";"";"";"EXCLUÍDA";"";"Presencial";
"1223229";"01";"5753571";"";"";"20390";"GRADUAÇÃO";"Campus Central";"Centro de Biociências - SALA ANF. DOS PEIXES";"2014";"1";"2014-01-27";"2014-06-14";"2T34 4T345";"1";"15";"REGULAR";"f";"";"f";"";"";"EXCLUÍDA";"";"Presencial";
"1223229";"01";"5753068";"";"";"20390";"GRADUAÇÃO";"Campus Central";"Centro de Biociências - SALA ANF. DOS PEIXES";"2014";"1";"2014-01-27";"2014-06-14";"2T34 4T345";"1";"15";"REGULAR";"f";"";"f";"";"";"EXCLUÍDA";"";"Presencial";
"1223229";"01";"18225";"";"";"20390";"GRADUAÇÃO";"Campus Central";"Centro de Biociências - SALA ANF. DOS PEIXES";"2014";"1";"2014-01-27";"2014-06-14";"2T34 4T345";"1";"15";"REGULAR";"f";"";"f";"";"";"EXCLUÍDA";"";"Presencial";
"1223230";"01";"5753850";"";"";"42407";"GRADUAÇÃO";"Campus Macaíba";"2M23 - Sala 06 - 6T12 - Sala 07";"2014";"1";"2014-01-27";"2014-06-14";"2M23  6T12";"19";"30";"REGULAR";"f";"2014-06-14 09:00:52.491";"f";"";"74";"CONSOLIDADA";"";"Presencial";
"1223231";"03";"5751829";"";"";"25281";"GRADUAÇÃO";"Campus Central";"Centro de Biociências - PAU D'ARCO";"2014";"1";"2014-01-27";"2014-06-14";"35T234";"5";"20";"REGULAR";"f";"2014-06-16 19:10:19.563";"f";"";"102";"CONSOLIDADA";"";"Presencial";
"1223231";"03";"5753571";"";"";"25281";"GRADUAÇÃO";"Campus Central";"Centro de Biociências - PAU D'ARCO";"2014";"1";"2014-01-27";"2014-06-14";"35T234";"5";"20";"REGULAR";"f";"2014-06-16 19:10:19.563";"f";"";"102";"CONSOLIDADA";"";"Presencial";
"1223231";"03";"5753068";"";"";"25281";"GRADUAÇÃO";"Campus Central";"Centro de Biociências - PAU D'ARCO";"2014";"1";"2014-01-27";"2014-06-14";"35T234";"5";"20";"REGULAR";"f";"2014-06-16 19:10:19.563";"f";"";"102";"CONSOLIDADA";"";"Presencial";
"1223232";"02";"5752505";"";"";"42085";"GRADUAÇÃO";"Campus Central";"-";"2014";"1";"2014-02-07";"2014-04-04";"6M56 (07/02/2014 - 04/04/2014)";"40";"50";"REGULAR";"f";"2014-06-16 11:59:41.732";"f";"";"0";"CONSOLIDADA";"";"Presencial";
"1223233";"01";"23110";"";"";"41759";"GRADUAÇÃO";"Campus Central";"ID5";"2014";"1";"2014-01-27";"2014-06-14";"6N12";"8";"55";"REGULAR";"f";"2014-06-26 13:51:09.881";"f";"";"34";"CONSOLIDADA";"";"Presencial";
"1223234";"02";"5752505";"";"";"42087";"GRADUAÇÃO";"Campus Central";"-";"2014";"1";"2014-04-11";"2014-06-06";"6M56 (11/04/2014 - 06/06/2014)";"110";"56";"REGULAR";"f";"2014-06-10 23:22:29.951";"f";"";"0";"CONSOLIDADA";"";"Presencial";
"1223235";"01";"22915";"";"";"41731";"GRADUAÇÃO";"Campus Central";"IC3";"2014";"1";"2014-01-27";"2014-06-14";"35M12";"25";"55";"REGULAR";"f";"2014-06-10 17:05:33.722";"f";"";"68";"CONSOLIDADA";"";"Presencial";
"1223237";"01";"62233";"";"";"42446";"GRADUAÇÃO";"Campus Macaíba";"Sala 07 - Graduação - EAJ";"2014";"1";"2014-01-27";"2014-06-14";"4T12 5T34";"13";"30";"REGULAR";"f";"2014-06-10 13:33:11.928";"f";"";"70";"CONSOLIDADA";"";"Presencial";
"1223238";"02";"5752505";"";"";"45994";"GRADUAÇÃO";"Campus Central";"-";"2014";"1";"2014-03-15";"2014-03-29";"7M123456 (15/03/2014 - 29/03/2014)";"53";"51";"REGULAR";"f";"2014-06-10 21:40:00.261";"f";"";"0";"CONSOLIDADA";"";"Presencial";
"1223240";"01";"5754372";"";"";"42442";"GRADUAÇÃO";"Campus Macaíba";"Sala 07 - Graduação - EAJ";"2014";"1";"2014-01-27";"2014-06-14";"2T12 3T34";"14";"40";"REGULAR";"f";"2014-06-13 17:46:34.457";"f";"";"69";"CONSOLIDADA";"";"Presencial";
"1223241";"01";"5753850";"";"";"42445";"GRADUAÇÃO";"Campus Macaíba";"Sala 07 - Graduação - EAJ";"2014";"1";"2014-01-27";"2014-06-14";"24T34";"14";"40";"REGULAR";"f";"2014-06-14 08:40:50.477";"f";"";"74";"CONSOLIDADA";"";"Presencial";
"1223242";"01";"23067";"";"";"42785";"GRADUAÇÃO";"Campus Macaíba";"Lab. de Informática - Graduação - EAJ";"2014";"1";"2014-01-27";"2014-06-14";"6M2345 (27/01/2014 - 14/06/2014)";"";"30";"REGULAR";"f";"";"f";"";"";"EXCLUÍDA";"";"Presencial";
"1223243";"01";"5753876";"";"";"42788";"GRADUAÇÃO";"Campus Macaíba";"Sala 06 - Graduação - EAJ";"2014";"1";"2014-01-27";"2014-06-14";"2M45 3M23";"15";"15";"REGULAR";"f";"2014-06-18 09:37:16.139";"f";"";"74";"CONSOLIDADA";"";"Presencial";
"1223243";"01";"5752238";"";"";"42788";"GRADUAÇÃO";"Campus Macaíba";"Sala 06 - Graduação - EAJ";"2014";"1";"2014-01-27";"2014-06-14";"2M45 3M23";"15";"15";"REGULAR";"f";"2014-06-18 09:37:16.139";"f";"";"74";"CONSOLIDADA";"";"Presencial";
"1223244";"01";"5755761";"";"";"25309";"GRADUAÇÃO";"Campus Central";"Sala 3 do DSC";"2014";"1";"2014-01-27";"2014-06-14";"24T23";"50";"46";"REGULAR";"f";"2014-06-19 20:38:05.955";"f";"";"66";"CONSOLIDADA";"";"Presencial";
"1223245";"01";"5755532";"";"";"24621";"GRADUAÇÃO";"Campus Central";"4 H4 (terça) e 4 H1 (quinta)";"2014";"1";"2014-01-27";"2014-06-14";"35M456";"3";"22";"REGULAR";"f";"2014-06-06 10:55:58.378";"f";"";"99";"CONSOLIDADA";"";"Presencial";
"1223246";"01";"5755965";"";"";"24623";"GRADUAÇÃO";"Campus Central";"4 H4";"2014";"1";"2014-01-27";"2014-06-14";"2M456";"20";"23";"REGULAR";"f";"2014-06-14 09:40:35.148";"f";"";"51";"CONSOLIDADA";"";"Presencial";
"1223247";"01";"5753567";"";"";"48800";"GRADUAÇÃO";"Campus Central";"Sala 01 do DSC";"2014";"1";"2014-01-27";"2014-06-14";"5N1234";"29";"55";"REGULAR";"f";"2014-06-07 15:23:59.308";"f";"";"68";"CONSOLIDADA";"";"Presencial";
"1223248";"03";"5755761";"";"";"2049450";"GRADUAÇÃO";"Campus Central";"Departamento de Farmácia";"2014";"1";"2014-01-27";"2014-06-14";"35N34";"32";"21";"REGULAR";"f";"2014-06-14 20:47:56.798";"f";"";"66";"CONSOLIDADA";"";"Presencial";
"1223248";"03";"5755425";"";"";"2049450";"GRADUAÇÃO";"Campus Central";"Departamento de Farmácia";"2014";"1";"2014-01-27";"2014-06-14";"35N34";"32";"21";"REGULAR";"f";"2014-06-14 20:47:56.798";"f";"";"66";"CONSOLIDADA";"";"Presencial";
"1223250";"02";"18367";"";"";"46194";"GRADUAÇÃO";"Campus Central";"PAU DŽARCO";"2014";"1";"2014-01-27";"2014-06-14";"35N34";"89";"61";"REGULAR";"f";"2014-06-11 08:12:47.493";"f";"";"72";"CONSOLIDADA";"";"Presencial";
"1223251";"03";"5756009";"";"";"46194";"GRADUAÇÃO";"Campus Central";"SALA 2 - DEF";"2014";"1";"2014-01-27";"2014-06-14";"24T34";"47";"50";"REGULAR";"f";"2014-06-20 23:03:22.409";"f";"";"72";"CONSOLIDADA";"";"Presencial";
"1223252";"04";"5754935";"";"";"46194";"GRADUAÇÃO";"Campus Central";"Sala K - DEART (Prédio Anexo)";"2014";"1";"2014-01-27";"2014-06-14";"35M12";"41";"50";"REGULAR";"f";"2014-06-09 14:08:49.892";"f";"";"68";"CONSOLIDADA";"";"Presencial";
"1223253";"12";"5755444";"";"";"25603";"GRADUAÇÃO";"Campus Central";"3-G-1";"2014";"1";"2014-01-27";"2014-06-14";"35N34";"38";"27";"REGULAR";"f";"2014-06-23 07:17:58.222";"f";"";"74";"CONSOLIDADA";"";"Presencial";
"1223254";"03";"23785";"";"";"2052302";"GRADUAÇÃO";"Campus Central";"DEPARTAMENTO DE INFECTOLOGIA - HGT";"2014";"1";"2014-04-29";"2014-06-13";"23456M123456  23456T561234 (29/04/2014 - 13/06/2014)";"18";"18";"REGULAR";"f";"2014-06-20 10:51:14.985";"f";"";"0";"CONSOLIDADA";"";"Presencial";
"1223254";"03";"22770";"";"";"2052302";"GRADUAÇÃO";"Campus Central";"DEPARTAMENTO DE INFECTOLOGIA - HGT";"2014";"1";"2014-04-29";"2014-06-13";"23456M123456  23456T561234 (29/04/2014 - 13/06/2014)";"18";"18";"REGULAR";"f";"2014-06-20 10:51:14.985";"f";"";"0";"CONSOLIDADA";"";"Presencial";
"1223254";"03";"5755228";"";"";"2052302";"GRADUAÇÃO";"Campus Central";"DEPARTAMENTO DE INFECTOLOGIA - HGT";"2014";"1";"2014-04-29";"2014-06-13";"23456M123456  23456T561234 (29/04/2014 - 13/06/2014)";"18";"18";"REGULAR";"f";"2014-06-20 10:51:14.985";"f";"";"0";"CONSOLIDADA";"";"Presencial";
"1223254";"03";"5751876";"";"";"2052302";"GRADUAÇÃO";"Campus Central";"DEPARTAMENTO DE INFECTOLOGIA - HGT";"2014";"1";"2014-04-29";"2014-06-13";"23456M123456  23456T561234 (29/04/2014 - 13/06/2014)";"18";"18";"REGULAR";"f";"2014-06-20 10:51:14.985";"f";"";"0";"CONSOLIDADA";"";"Presencial";
"1223254";"03";"5753869";"";"";"2052302";"GRADUAÇÃO";"Campus Central";"DEPARTAMENTO DE INFECTOLOGIA - HGT";"2014";"1";"2014-04-29";"2014-06-13";"23456M123456  23456T561234 (29/04/2014 - 13/06/2014)";"18";"18";"REGULAR";"f";"2014-06-20 10:51:14.985";"f";"";"0";"CONSOLIDADA";"";"Presencial";
"1223254";"03";"2303375";"";"";"2052302";"GRADUAÇÃO";"Campus Central";"DEPARTAMENTO DE INFECTOLOGIA - HGT";"2014";"1";"2014-04-29";"2014-06-13";"23456M123456  23456T561234 (29/04/2014 - 13/06/2014)";"18";"18";"REGULAR";"f";"2014-06-20 10:51:14.985";"f";"";"0";"CONSOLIDADA";"";"Presencial";
"1223254";"03";"22870";"";"";"2052302";"GRADUAÇÃO";"Campus Central";"DEPARTAMENTO DE INFECTOLOGIA - HGT";"2014";"1";"2014-04-29";"2014-06-13";"23456M123456  23456T561234 (29/04/2014 - 13/06/2014)";"18";"18";"REGULAR";"f";"2014-06-20 10:51:14.985";"f";"";"0";"CONSOLIDADA";"";"Presencial";
"1223254";"03";"5752215";"";"";"2052302";"GRADUAÇÃO";"Campus Central";"DEPARTAMENTO DE INFECTOLOGIA - HGT";"2014";"1";"2014-04-29";"2014-06-13";"23456M123456  23456T561234 (29/04/2014 - 13/06/2014)";"18";"18";"REGULAR";"f";"2014-06-20 10:51:14.985";"f";"";"0";"CONSOLIDADA";"";"Presencial";
"1223254";"03";"23124";"";"";"2052302";"GRADUAÇÃO";"Campus Central";"DEPARTAMENTO DE INFECTOLOGIA - HGT";"2014";"1";"2014-04-29";"2014-06-13";"23456M123456  23456T561234 (29/04/2014 - 13/06/2014)";"18";"18";"REGULAR";"f";"2014-06-20 10:51:14.985";"f";"";"0";"CONSOLIDADA";"";"Presencial";
"1223254";"03";"15579";"";"";"2052302";"GRADUAÇÃO";"Campus Central";"DEPARTAMENTO DE INFECTOLOGIA - HGT";"2014";"1";"2014-04-29";"2014-06-13";"23456M123456  23456T561234 (29/04/2014 - 13/06/2014)";"18";"18";"REGULAR";"f";"2014-06-20 10:51:14.985";"f";"";"0";"CONSOLIDADA";"";"Presencial";
"1223255";"05";"5752201";"";"";"46194";"GRADUAÇÃO";"Campus Central";"2A2";"2014";"1";"2014-01-27";"2014-06-14";"35M12";"48";"50";"REGULAR";"f";"2014-06-17 16:25:50.463";"f";"";"68";"CONSOLIDADA";"";"Presencial";
"1223256";"01";"5752215";"";"";"53941";"GRADUAÇÃO";"Campus Central";"DEPARTAMENTO DE INFECTOLOGIA - HGT";"2014";"1";"2014-01-27";"2014-06-14";"3M5 5M45";"8";"7";"REGULAR";"f";"2014-06-20 11:23:53.597";"f";"";"55";"CONSOLIDADA";"";"Presencial";
"1223257";"02";"23124";"";"";"53941";"GRADUAÇÃO";"Campus Central";"DEPARTAMENTO DE INFECTOLOGIA - HGT";"2014";"1";"2014-01-27";"2014-06-14";"3M5 5M45";"7";"7";"REGULAR";"f";"2014-06-20 10:57:28.78";"f";"";"55";"CONSOLIDADA";"";"Presencial";
"1223258";"03";"2303375";"";"";"53941";"GRADUAÇÃO";"Campus Central";"DEPARTAMENTO DE INFECTOLOGIA - HGT";"2014";"1";"2014-01-27";"2014-06-14";"3M5 5M45";"9";"7";"REGULAR";"f";"2014-06-20 11:10:01.078";"f";"";"55";"CONSOLIDADA";"";"Presencial";
"1223259";"06";"18708";"";"";"46194";"GRADUAÇÃO";"Campus Central";"Sala k-DEART";"2014";"1";"2014-01-27";"2014-06-14";"35N12";"32";"50";"REGULAR";"f";"2014-06-20 15:54:05.343";"f";"";"66";"CONSOLIDADA";"";"Presencial";
"1223260";"04";"23785";"";"";"53941";"GRADUAÇÃO";"Campus Central";"DEPARTAMENTO DE INFECTOLOGIA - HGT";"2014";"1";"2014-01-27";"2014-06-14";"3M5 5M45";"5";"7";"REGULAR";"f";"2014-06-20 11:00:02.994";"f";"";"55";"CONSOLIDADA";"";"Presencial";
"1223261";"07";"5754935";"";"";"46194";"GRADUAÇÃO";"Campus Central";"Sala 20-DEART";"2014";"1";"2014-01-27";"2014-06-14";"35M56";"49";"50";"REGULAR";"f";"2014-07-09 09:25:49.146";"f";"";"70";"CONSOLIDADA";"";"Presencial";
"1223262";"05";"5753869";"";"";"53941";"GRADUAÇÃO";"Campus Central";"DEPARTAMENTO DE INFECTOLOGIA - HGT";"2014";"1";"2014-01-27";"2014-06-14";"3M5 5M45";"6";"7";"REGULAR";"f";"2014-06-20 11:15:36.277";"f";"";"55";"CONSOLIDADA";"";"Presencial";
"1223263";"08";"18367";"";"";"46194";"GRADUAÇÃO";"Campus Central";"3H8";"2014";"1";"2014-01-27";"2014-06-14";"24N12";"37";"50";"REGULAR";"f";"2014-06-11 08:00:19.967";"f";"";"72";"CONSOLIDADA";"";"Presencial";
"1223264";"06";"5751876";"";"";"53941";"GRADUAÇÃO";"Campus Central";"DEPARTAMENTO DE INFECTOLOGIA - HGT";"2014";"1";"2014-01-27";"2014-06-14";"3M5 5M45";"9";"7";"REGULAR";"f";"2014-06-20 10:40:57.862";"f";"";"55";"CONSOLIDADA";"";"Presencial";
"1223265";"07";"22870";"";"";"53941";"GRADUAÇÃO";"Campus Central";"DEPARTAMENTO DE INFECTOLOGIA - HGT";"2014";"1";"2014-01-27";"2014-06-14";"3M5 5M45";"9";"7";"REGULAR";"f";"2014-06-20 11:13:07.581";"f";"";"55";"CONSOLIDADA";"";"Presencial";
"1223266";"08";"22770";"";"";"53941";"GRADUAÇÃO";"Campus Central";"DEPARTAMENTO DE INFECTOLOGIA - HGT";"2014";"1";"2014-01-27";"2014-06-14";"3M5 5M45";"7";"7";"REGULAR";"f";"2014-06-20 10:33:43.147";"f";"";"55";"CONSOLIDADA";"";"Presencial";
"1223267";"01";"5753065";"";"";"41829";"GRADUAÇÃO";"Campus Central";"4C1";"2014";"1";"2014-01-27";"2014-06-14";"35T12";"2";"20";"REGULAR";"f";"2014-06-20 08:29:23.747";"f";"";"68";"CONSOLIDADA";"";"Presencial";
"1223268";"15";"5755559";"";"";"25799";"GRADUAÇÃO";"Campus Central";"LAB I";"2014";"1";"2014-01-27";"2014-06-14";"6T123";"16";"15";"REGULAR";"f";"2014-06-14 12:05:13.787";"f";"";"54";"CONSOLIDADA";"";"Presencial";
"1223269";"01";"5754176";"";"";"55224";"GRADUAÇÃO";"Campus Central";"A definir";"2014";"1";"2014-01-27";"2014-06-14";"6T5234";"";"20";"REGULAR";"f";"";"f";"";"";"EXCLUÍDA";"";"Presencial";
"1223270";"01";"5751852";"";"";"52910";"GRADUAÇÃO";"Campus Central";"Setor I - Bloco H - Sala 7";"2014";"1";"2014-01-30";"2014-06-12";"5N1234 (30/01/2014 - 12/06/2014)";"14";"45";"REGULAR";"f";"2014-06-20 23:15:02.393";"f";"";"72";"CONSOLIDADA";"";"Presencial";
"1223270";"01";"127199";"";"";"52910";"GRADUAÇÃO";"Campus Central";"Setor I - Bloco H - Sala 7";"2014";"1";"2014-01-30";"2014-06-12";"5N1234 (30/01/2014 - 12/06/2014)";"14";"45";"REGULAR";"f";"2014-06-20 23:15:02.393";"f";"";"72";"CONSOLIDADA";"";"Presencial";
"1223271";"01";"5754966";"";"";"24826";"GRADUAÇÃO";"Campus Central";"A DEFINIR";"2014";"1";"2014-01-27";"2014-06-14";"24T56";"26";"45";"REGULAR";"f";"2014-06-11 21:13:53.772";"f";"";"74";"CONSOLIDADA";"";"Presencial";
"1223272";"01";"25991";"";"";"24794";"GRADUAÇÃO";"Campus Central";"SETOR II - B1";"2014";"1";"2014-01-27";"2014-06-14";"35T56";"47";"51";"REGULAR";"f";"2014-06-13 16:12:36.282";"f";"";"66";"CONSOLIDADA";"";"Presencial";
"1223273";"02";"5756308";"";"";"24794";"GRADUAÇÃO";"Campus Central";"SETOR II - H1";"2014";"1";"2014-01-27";"2014-06-14";"35T34";"10";"45";"REGULAR";"f";"2014-06-07 18:33:09.066";"f";"";"66";"CONSOLIDADA";"";"Presencial";
"1223274";"01";"25607";"";"";"24795";"GRADUAÇÃO";"Campus Central";"SETOR II - B1";"2014";"1";"2014-01-27";"2014-06-14";"35T12";"9";"45";"REGULAR";"f";"2014-06-21 11:37:59.75";"f";"";"66";"CONSOLIDADA";"";"Presencial";
"1223275";"02";"5752663";"";"";"24795";"GRADUAÇÃO";"Campus Central";"SETOR II - H1";"2014";"1";"2014-01-27";"2014-06-14";"35T56";"14";"45";"REGULAR";"f";"2014-06-13 11:22:14.323";"f";"";"74";"CONSOLIDADA";"";"Presencial";
"1223276";"01";"5752192";"";"";"2040369";"GRADUAÇÃO";"Campus Central";"SETOR II - B3";"2014";"1";"2014-01-27";"2014-06-14";"35N12";"13";"47";"REGULAR";"f";"2014-06-13 09:49:44.095";"f";"";"72";"CONSOLIDADA";"";"Presencial";
"1223277";"01";"5755442";"";"";"2040359";"GRADUAÇÃO";"Campus Central";"SETOR II - H5";"2014";"1";"2014-01-27";"2014-06-14";"6N1234";"5";"47";"REGULAR";"f";"2014-06-10 17:44:29.88";"f";"";"72";"CONSOLIDADA";"";"Presencial";
"1223278";"01";"5752663";"";"";"2040400";"GRADUAÇÃO";"Campus Central";"SETOR II - B3";"2014";"1";"2014-01-27";"2014-06-14";"35N34";"14";"45";"REGULAR";"f";"2014-06-13 10:29:51.989";"f";"";"76";"CONSOLIDADA";"";"Presencial";
"1223279";"01";"5756029";"";"";"24689";"GRADUAÇÃO";"Campus Central";"Sala J - DEART";"2014";"1";"2014-01-27";"2014-06-14";"2M3456";"14";"25";"REGULAR";"f";"2014-06-02 13:09:25.355";"f";"";"68";"CONSOLIDADA";"";"Presencial";
"1223280";"02";"5756029";"";"";"24689";"GRADUAÇÃO";"Campus Central";"Sala J - DEART";"2014";"1";"2014-01-27";"2014-06-14";"4M3456";"9";"25";"REGULAR";"f";"2014-06-02 13:12:46.235";"f";"";"68";"CONSOLIDADA";"";"Presencial";
"1223281";"01";"5751769";"";"";"25076";"GRADUAÇÃO";"Campus Central";"Sala K - DEART";"2014";"1";"2014-01-27";"2014-06-14";"5M3456";"33";"45";"REGULAR";"f";"2014-06-17 22:42:39.874";"f";"";"68";"CONSOLIDADA";"";"Presencial";
"1223282";"01";"5753851";"";"";"43808";"GRADUAÇÃO";"Campus Central";"Sala G - DEART";"2014";"1";"2014-01-27";"2014-06-14";"6T5234";"13";"25";"REGULAR";"f";"2014-06-11 12:57:46.242";"f";"";"68";"CONSOLIDADA";"";"Presencial";
"1223283";"02";"5753851";"";"";"43808";"GRADUAÇÃO";"Campus Central";"Sala G - DEART";"2014";"1";"2014-01-27";"2014-06-14";"6M3456";"29";"30";"REGULAR";"f";"2014-06-11 13:04:17.91";"f";"";"72";"CONSOLIDADA";"";"Presencial";
"1223284";"02";"5755937";"";"";"46196";"GRADUAÇÃO";"Campus Central";"Setor II Sala I-20";"2014";"1";"2014-01-27";"2014-06-14";"3M3456 6M34 (27/01/2014 - 14/06/2014)";"3";"20";"REGULAR";"f";"2014-06-13 07:53:16.845";"f";"";"112";"CONSOLIDADA";"";"Presencial";
"1223285";"01";"18240";"";"";"24710";"GRADUAÇÃO";"Campus Central";"Sala 11 - DEART";"2014";"1";"2014-01-27";"2014-06-14";"4M3456";"22";"20";"REGULAR";"f";"2014-06-04 11:04:48.699";"f";"";"68";"CONSOLIDADA";"";"Presencial";
"1223286";"02";"18240";"";"";"24710";"GRADUAÇÃO";"Campus Central";"Sala 11 - DEART";"2014";"1";"2014-01-27";"2014-06-14";"6M3456";"22";"20";"REGULAR";"f";"2014-06-05 11:04:17.953";"f";"";"68";"CONSOLIDADA";"";"Presencial";
"1223287";"01";"5754967";"";"";"24723";"GRADUAÇÃO";"Campus Central";"Sala H - DEART";"2014";"1";"2014-01-27";"2014-06-14";"5M3456";"24";"20";"REGULAR";"f";"2014-06-17 18:24:02.481";"f";"";"72";"CONSOLIDADA";"";"Presencial";
"1223288";"01";"22099";"";"";"23589";"GRADUAÇÃO";"Campus Central";"3H6";"2014";"1";"2014-01-27";"2014-06-14";"35M345";"41";"41";"REGULAR";"f";"2014-06-19 19:03:52.679";"f";"";"108";"CONSOLIDADA";"";"Presencial";
"1223289";"02";"5754967";"";"";"24723";"GRADUAÇÃO";"Campus Central";"Sala H - DEART";"2014";"1";"2014-01-27";"2014-06-14";"3M3456";"23";"20";"REGULAR";"f";"2014-06-17 18:26:32.166";"f";"";"72";"CONSOLIDADA";"";"Presencial";
"1223290";"01";"19159";"";"";"26553";"GRADUAÇÃO";"Campus Central";"Sala K - DEART";"2014";"1";"2014-01-27";"2014-06-14";"2M3456";"12";"40";"REGULAR";"f";"2014-06-19 22:34:18.409";"f";"";"68";"CONSOLIDADA";"";"Presencial";
"1223291";"01";"5756029";"";"";"43809";"GRADUAÇÃO";"Campus Central";"Sala D - DEART";"2014";"1";"2014-01-27";"2014-06-14";"5M3456";"12";"20";"REGULAR";"f";"2014-06-05 21:54:18.476";"f";"";"72";"CONSOLIDADA";"";"Presencial";
"1223292";"02";"5756029";"";"";"43809";"GRADUAÇÃO";"Campus Central";"Sala D - DEART";"2014";"1";"2014-01-27";"2014-06-14";"3M3456";"15";"20";"REGULAR";"f";"2014-06-02 08:42:58.801";"f";"";"68";"CONSOLIDADA";"";"Presencial";
"1223293";"01";"5753495";"";"";"23592";"GRADUAÇÃO";"Campus Central";"3H3";"2014";"1";"2014-01-27";"2014-06-14";"246M34";"14";"20";"REGULAR";"f";"2014-06-18 08:42:12.329";"f";"";"110";"CONSOLIDADA";"";"Presencial";
"1223294";"01";"5753989";"";"";"22736";"GRADUAÇÃO";"Campus Central";"3H3";"2014";"1";"2014-01-27";"2014-06-14";"35M34";"11";"20";"REGULAR";"f";"2014-06-01 20:19:15.883";"f";"";"66";"CONSOLIDADA";"";"Presencial";
"1223295";"01";"5753049";"";"";"24713";"GRADUAÇÃO";"Campus Central";"Sala 14 - DEART";"2014";"1";"2014-01-27";"2014-06-14";"4M3456";"30";"40";"REGULAR";"f";"2014-06-13 17:51:46.178";"f";"";"68";"CONSOLIDADA";"";"Presencial";
"1223296";"01";"5753495";"";"";"22735";"GRADUAÇÃO";"Campus Central";"3B2";"2014";"1";"2014-01-27";"2014-06-14";"246M56";"8";"25";"REGULAR";"f";"2014-06-18 08:35:47.491";"f";"";"112";"CONSOLIDADA";"";"Presencial";
"1223297";"01";"21788";"";"";"22743";"GRADUAÇÃO";"Campus Central";"3H8";"2014";"1";"2014-01-27";"2014-06-14";"35M34";"6";"10";"REGULAR";"f";"2014-06-11 09:10:22.256";"f";"";"72";"CONSOLIDADA";"";"Presencial";
"1223298";"01";"24797";"";"";"24718";"GRADUAÇÃO";"Campus Central";"Sala 19 - DEART";"2014";"1";"2014-01-27";"2014-06-14";"3M3456";"69";"40";"REGULAR";"f";"2014-06-02 13:44:39.745";"f";"";"68";"CONSOLIDADA";"";"Presencial";
"1223299";"01";"19220";"";"";"22742";"GRADUAÇÃO";"Campus Central";"3F4";"2014";"1";"2014-01-27";"2014-06-14";"246M34";"5";"10";"REGULAR";"f";"2014-06-13 07:48:43.358";"f";"";"98";"CONSOLIDADA";"";"Presencial";
"1223300";"01";"24797";"";"";"26565";"GRADUAÇÃO";"Campus Central";"Sala 21 - DEART";"2014";"1";"2014-01-27";"2014-06-14";"3T5234";"20";"40";"REGULAR";"f";"2014-06-02 09:52:05.441";"f";"";"68";"CONSOLIDADA";"";"Presencial";
"1223301";"01";"23849";"";"";"20020";"GRADUAÇÃO";"Campus Central";"3B1";"2014";"1";"2014-01-27";"2014-06-14";"246M12";"17";"20";"REGULAR";"f";"2014-06-21 07:27:13.402";"f";"";"108";"CONSOLIDADA";"";"Presencial";
"1223302";"01";"5754967";"";"";"26561";"GRADUAÇÃO";"Campus Central";"Sala 19 - DEART";"2014";"1";"2014-01-27";"2014-06-14";"3T5234";"13";"20";"REGULAR";"f";"2014-06-14 12:55:46.809";"f";"";"76";"CONSOLIDADA";"";"Presencial";
"1223303";"01";"22826";"";"";"22750";"GRADUAÇÃO";"Campus Central";"SALA 3H3";"2014";"1";"2014-01-27";"2014-06-14";"35M12";"6";"15";"REGULAR";"f";"2014-06-20 03:11:01.2";"f";"";"74";"CONSOLIDADA";"";"Presencial";
"1223304";"01";"19159";"";"";"43816";"GRADUAÇÃO";"Campus Central";"Sala 19 - DEART";"2014";"1";"2014-01-27";"2014-06-14";"4M3456";"9";"40";"REGULAR";"f";"2014-06-19 22:39:15.338";"f";"";"68";"CONSOLIDADA";"";"Presencial";
"1223305";"01";"5753049";"";"";"26559";"GRADUAÇÃO";"Campus Central";"Sala 10 - DEART";"2014";"1";"2014-01-27";"2014-06-14";"4T5634";"18";"20";"REGULAR";"f";"2014-06-15 14:43:13.367";"f";"";"72";"CONSOLIDADA";"";"Presencial";
"1223306";"01";"19205";"";"";"2043051";"GRADUAÇÃO";"Campus Central";"sala 3B3 ESTMAT";"2014";"1";"2014-01-27";"2014-06-14";"35M12";"24";"30";"REGULAR";"f";"2014-06-13 09:48:52.646";"f";"";"72";"CONSOLIDADA";"";"Presencial";
"1223307";"01";"15472";"";"";"24696";"GRADUAÇÃO";"Campus Central";"Sala G - DEART";"2014";"1";"2014-01-27";"2014-06-14";"4T5634";"7";"20";"REGULAR";"f";"2014-06-18 20:26:38.313";"f";"";"72";"CONSOLIDADA";"";"Presencial";
"1223308";"01";"5753990";"";"";"48284";"GRADUAÇÃO";"Campus Central";"3G3";"2014";"1";"2014-01-27";"2014-06-14";"246M34";"6";"65";"REGULAR";"f";"2014-06-20 11:34:03.584";"f";"";"102";"CONSOLIDADA";"";"Presencial";
"1223308";"01";"22099";"";"";"48284";"GRADUAÇÃO";"Campus Central";"3G3";"2014";"1";"2014-01-27";"2014-06-14";"246M34";"6";"65";"REGULAR";"f";"2014-06-20 11:34:03.584";"f";"";"102";"CONSOLIDADA";"";"Presencial";
"1223309";"01";"5753820";"";"";"24714";"GRADUAÇÃO";"Campus Central";"Sala 25 - DEART";"2014";"1";"2014-01-27";"2014-06-14";"5M3456";"62";"25";"REGULAR";"f";"2014-06-17 11:59:13.194";"f";"";"72";"CONSOLIDADA";"";"Presencial";
"1223310";"01";"5753990";"";"";"48285";"GRADUAÇÃO";"Campus Central";"3G3";"2014";"1";"2014-01-27";"2014-06-14";"246M56";"9";"30";"REGULAR";"f";"2014-06-20 11:39:26.994";"f";"";"106";"CONSOLIDADA";"";"Presencial";
"1223311";"01";"5752219";"";"";"24698";"GRADUAÇÃO";"Campus Central";"Sala 14 - DEART";"2014";"1";"2014-01-27";"2014-06-14";"6T5234";"21";"20";"REGULAR";"f";"2014-06-21 14:38:18.119";"f";"";"76";"CONSOLIDADA";"";"Presencial";
"1223312";"01";"23835";"";"";"48287";"GRADUAÇÃO";"Campus Central";"3B2";"2014";"1";"2014-01-27";"2014-06-14";"46M34";"5";"30";"REGULAR";"f";"2014-06-11 11:18:02.849";"f";"";"74";"CONSOLIDADA";"";"Presencial";
"1223313";"01";"1574976";"";"";"2041854";"GRADUAÇÃO";"Campus Central";"Sala 3 DNUT";"2014";"1";"2014-01-27";"2014-06-14";"6M34";"10";"48";"REGULAR";"f";"2014-06-06 17:56:36.652";"f";"";"36";"CONSOLIDADA";"";"Presencial";
"1223313";"01";"22932";"";"";"2041854";"GRADUAÇÃO";"Campus Central";"Sala 3 DNUT";"2014";"1";"2014-01-27";"2014-06-14";"6M34";"10";"48";"REGULAR";"f";"2014-06-06 17:56:36.652";"f";"";"36";"CONSOLIDADA";"";"Presencial";
"1223313";"01";"5755970";"";"";"2041854";"GRADUAÇÃO";"Campus Central";"Sala 3 DNUT";"2014";"1";"2014-01-27";"2014-06-14";"6M34";"10";"48";"REGULAR";"f";"2014-06-06 17:56:36.652";"f";"";"36";"CONSOLIDADA";"";"Presencial";
"1223314";"01";"22826";"";"";"48288";"GRADUAÇÃO";"Campus Central";"3H6";"2014";"1";"2014-01-27";"2014-06-14";"2M5";"1";"65";"REGULAR";"f";"2014-06-21 23:27:54.904";"f";"";"18";"CONSOLIDADA";"";"Presencial";
"1223315";"01";"15389";"";"";"42026";"GRADUAÇÃO";"Campus Central";"2-I-14";"2014";"1";"2014-01-27";"2014-06-14";"46M34";"12";"20";"REGULAR";"f";"2014-06-20 01:29:51.302";"f";"";"70";"CONSOLIDADA";"";"Presencial";
"1223317";"01A";"26173";"";"";"2045607";"GRADUAÇÃO";"Campus Central";"Sala 4 DNUT";"2014";"1";"2014-01-27";"2014-06-14";"3M2345 5M234";"12";"10";"REGULAR";"f";"2014-06-05 09:20:22.193";"f";"1223316";"116";"CONSOLIDADA";"";"Presencial";
"1223317";"01A";"5756281";"";"";"2045607";"GRADUAÇÃO";"Campus Central";"Sala 4 DNUT";"2014";"1";"2014-01-27";"2014-06-14";"3M2345 5M234";"12";"10";"REGULAR";"f";"2014-06-05 09:20:22.193";"f";"1223316";"116";"CONSOLIDADA";"";"Presencial";
"1223317";"01A";"25448";"";"";"2045607";"GRADUAÇÃO";"Campus Central";"Sala 4 DNUT";"2014";"1";"2014-01-27";"2014-06-14";"3M2345 5M234";"12";"10";"REGULAR";"f";"2014-06-05 09:20:22.193";"f";"1223316";"116";"CONSOLIDADA";"";"Presencial";
"1223318";"01";"5756039";"";"";"42008";"GRADUAÇÃO";"Campus Central";"2-i-15";"2014";"1";"2014-01-27";"2014-06-14";"24N34";"21";"25";"REGULAR";"f";"2014-06-13 09:31:26.125";"f";"";"72";"CONSOLIDADA";"";"Presencial";
"1223319";"01B";"26173";"";"";"2045607";"GRADUAÇÃO";"Campus Central";"Sala 4 DNUT";"2014";"1";"2014-01-27";"2014-06-14";"3M2345 5M234";"12";"10";"REGULAR";"f";"2014-06-05 09:20:17.495";"f";"1223316";"116";"CONSOLIDADA";"";"Presencial";
"1223320";"01C";"5756281";"";"";"2045607";"GRADUAÇÃO";"Campus Central";"Sala 4 DNUT";"2014";"1";"2014-01-27";"2014-06-14";"3M2345 5M256";"7";"10";"REGULAR";"f";"2014-06-05 09:20:19.696";"f";"1223316";"116";"CONSOLIDADA";"";"Presencial";
"1223321";"01D";"25448";"";"";"2045607";"GRADUAÇÃO";"Campus Central";"Sala 4 DNUT";"2014";"1";"2014-01-27";"2014-06-14";"3M2345 5M256";"";"10";"REGULAR";"f";"2014-06-05 09:20:20.946";"f";"1223316";"116";"CONSOLIDADA";"";"Presencial";
"1223323";"01A";"5756456";"";"";"2045601";"GRADUAÇÃO";"Campus Central";"Sala 4 DNUT";"2014";"1";"2014-01-27";"2014-06-14";"24M2345  3T2345";"13";"10";"REGULAR";"f";"2014-06-11 16:16:01.31";"f";"1223322";"212";"CONSOLIDADA";"";"Presencial";
"1223323";"01A";"2298306";"";"";"2045601";"GRADUAÇÃO";"Campus Central";"Sala 4 DNUT";"2014";"1";"2014-01-27";"2014-06-14";"24M2345  3T2345";"13";"10";"REGULAR";"f";"2014-06-11 16:16:01.31";"f";"1223322";"212";"CONSOLIDADA";"";"Presencial";
"1223323";"01A";"5756586";"";"";"2045601";"GRADUAÇÃO";"Campus Central";"Sala 4 DNUT";"2014";"1";"2014-01-27";"2014-06-14";"24M2345  3T2345";"13";"10";"REGULAR";"f";"2014-06-11 16:16:01.31";"f";"1223322";"212";"CONSOLIDADA";"";"Presencial";
"1223324";"01";"5756595";"";"";"43810";"GRADUAÇÃO";"Campus Central";"Sala 21 - DEART";"2014";"1";"2014-01-27";"2014-06-14";"2T3456";"15";"40";"REGULAR";"f";"2014-06-13 20:53:14.764";"f";"";"72";"CONSOLIDADA";"";"Presencial";
"1223326";"01A";"5752200";"";"";"23859";"GRADUAÇÃO";"Campus Central";"HUOL-4º SUBSOLO - SALA 2 (TERÇA) E SALA 5 (QUINTA)";"2014";"1";"2014-01-27";"2014-06-14";"3M12 5M1";"28";"26";"REGULAR";"f";"2014-06-14 08:18:28.161";"f";"1223325";"51";"CONSOLIDADA";"";"Presencial";
"1223328";"01A";"5755970";"";"";"2045632";"GRADUAÇÃO";"Campus Central";"DNUT - SALA DE AULA B";"2014";"1";"2014-01-27";"2014-06-14";"4T234";"31";"10";"REGULAR";"f";"2014-06-14 14:57:55.203";"f";"1223327";"57";"CONSOLIDADA";"";"Presencial";
"1223328";"01A";"26301";"";"";"2045632";"GRADUAÇÃO";"Campus Central";"DNUT - SALA DE AULA B";"2014";"1";"2014-01-27";"2014-06-14";"4T234";"31";"10";"REGULAR";"f";"2014-06-14 14:57:55.203";"f";"1223327";"57";"CONSOLIDADA";"";"Presencial";
"1223329";"01B";"5752200";"";"";"23859";"GRADUAÇÃO";"Campus Central";"HUOL-4º SUBSOLO - SALA 2 (TERÇA) E SALA 5 (QUINTA)";"2014";"1";"2014-01-27";"2014-06-14";"3M12 5M2";"27";"27";"REGULAR";"f";"2014-06-14 08:18:28.917";"f";"1223325";"51";"CONSOLIDADA";"";"Presencial";
"1223330";"01B";"2298306";"";"";"2045601";"GRADUAÇÃO";"Campus Central";"Sala 4 DNUT";"2014";"1";"2014-01-27";"2014-06-14";"24M2345  3T2345";"11";"10";"REGULAR";"f";"2014-06-11 16:16:00.2";"f";"1223322";"212";"CONSOLIDADA";"";"Presencial";
"1223331";"01C";"5756456";"";"";"2045601";"GRADUAÇÃO";"Campus Central";"Sala 4 DNUT";"2014";"1";"2014-01-27";"2014-06-14";"24M2345  3T2345";"10";"10";"REGULAR";"f";"2014-06-11 16:15:58.576";"f";"1223322";"212";"CONSOLIDADA";"";"Presencial";
"1223332";"01B";"26301";"";"";"2045632";"GRADUAÇÃO";"Campus Central";"DNUT - SALA DE AULA B";"2014";"1";"2014-01-27";"2014-06-14";"4T523";"22";"10";"REGULAR";"f";"2014-06-14 14:57:56.278";"f";"1223327";"57";"CONSOLIDADA";"";"Presencial";
"1223332";"01B";"5755970";"";"";"2045632";"GRADUAÇÃO";"Campus Central";"DNUT - SALA DE AULA B";"2014";"1";"2014-01-27";"2014-06-14";"4T523";"22";"10";"REGULAR";"f";"2014-06-14 14:57:56.278";"f";"1223327";"57";"CONSOLIDADA";"";"Presencial";
"1223333";"01D";"5756586";"";"";"2045601";"GRADUAÇÃO";"Campus Central";"Sala 4 DNUT";"2014";"1";"2014-01-27";"2014-06-14";"24M2345  3T2345";"8";"11";"REGULAR";"f";"2014-06-11 16:16:02.559";"f";"1223322";"212";"CONSOLIDADA";"";"Presencial";
"1223334";"01";"5756456";"";"";"42948";"GRADUAÇÃO";"Campus Central";"Sala 4 DNUT";"2014";"1";"2014-01-27";"2014-06-14";"5T456";"10";"30";"REGULAR";"f";"2014-06-10 16:07:15.667";"f";"";"51";"CONSOLIDADA";"";"Presencial";
"1223334";"01";"2298306";"";"";"42948";"GRADUAÇÃO";"Campus Central";"Sala 4 DNUT";"2014";"1";"2014-01-27";"2014-06-14";"5T456";"10";"30";"REGULAR";"f";"2014-06-10 16:07:15.667";"f";"";"51";"CONSOLIDADA";"";"Presencial";
"1223334";"01";"5756281";"";"";"42948";"GRADUAÇÃO";"Campus Central";"Sala 4 DNUT";"2014";"1";"2014-01-27";"2014-06-14";"5T456";"10";"30";"REGULAR";"f";"2014-06-10 16:07:15.667";"f";"";"51";"CONSOLIDADA";"";"Presencial";
"1223335";"01";"26173";"";"";"48238";"GRADUAÇÃO";"Campus Central";"Sala 4 DNUT";"2014";"1";"2014-01-27";"2014-06-14";"6M1 (27/01/2014 - 14/06/2014)";"6";"8";"REGULAR";"f";"2014-06-06 13:51:46.847";"f";"";"17";"CONSOLIDADA";"";"Presencial";
"1223337";"02A";"5755970";"";"";"2045632";"GRADUAÇÃO";"Campus Central";"DNUT - SALA DE AULA B";"2014";"1";"2014-01-27";"2014-06-14";"2T123";"13";"10";"REGULAR";"f";"2014-06-17 22:08:05.076";"f";"1223336";"54";"CONSOLIDADA";"";"Presencial";
"1223337";"02A";"5752256";"";"";"2045632";"GRADUAÇÃO";"Campus Central";"DNUT - SALA DE AULA B";"2014";"1";"2014-01-27";"2014-06-14";"2T123";"13";"10";"REGULAR";"f";"2014-06-17 22:08:05.076";"f";"1223336";"54";"CONSOLIDADA";"";"Presencial";
"1223338";"02";"5756281";"";"";"48238";"GRADUAÇÃO";"Campus Central";"Sala 4 DNUT";"2014";"1";"2014-01-27";"2014-06-14";"6M1 (27/01/2014 - 14/06/2014)";"6";"8";"REGULAR";"f";"2014-06-06 11:32:11.864";"f";"";"18";"CONSOLIDADA";"";"Presencial";
"1223339";"03";"25448";"";"";"48238";"GRADUAÇÃO";"Campus Central";"Sala 4 DNUT";"2014";"1";"2014-01-27";"2014-06-14";"6M1 (27/01/2014 - 14/06/2014)";"6";"8";"REGULAR";"f";"2014-06-06 11:37:38.458";"f";"";"18";"CONSOLIDADA";"";"Presencial";
"1223340";"04";"5756456";"";"";"48238";"GRADUAÇÃO";"Campus Central";"Sala 4 DNUT";"2014";"1";"2014-01-27";"2014-06-14";"6M1 (27/01/2014 - 14/06/2014)";"5";"8";"REGULAR";"f";"2014-06-09 14:34:39.854";"f";"";"18";"CONSOLIDADA";"";"Presencial";
"1223341";"05";"5756586";"";"";"48238";"GRADUAÇÃO";"Campus Central";"Sala 4 DNUT";"2014";"1";"2014-01-27";"2014-06-14";"6M1 (27/01/2014 - 14/06/2014)";"7";"8";"REGULAR";"f";"2014-06-09 15:17:52.808";"f";"";"18";"CONSOLIDADA";"";"Presencial";
"1223342";"02B";"5755970";"";"";"2045632";"GRADUAÇÃO";"Campus Central";"DNUT - SALA DE AULA B";"2014";"1";"2014-01-27";"2014-06-14";"2T124";"10";"10";"REGULAR";"f";"2014-06-17 22:08:04.204";"f";"1223336";"54";"CONSOLIDADA";"";"Presencial";
"1223342";"02B";"5752256";"";"";"2045632";"GRADUAÇÃO";"Campus Central";"DNUT - SALA DE AULA B";"2014";"1";"2014-01-27";"2014-06-14";"2T124";"10";"10";"REGULAR";"f";"2014-06-17 22:08:04.204";"f";"1223336";"54";"CONSOLIDADA";"";"Presencial";
"1223343";"01";"5755970";"";"";"2055200";"GRADUAÇÃO";"Campus Central";"Setor IV, Sala C4";"2014";"1";"2014-01-27";"2014-06-14";"35N12";"50";"40";"REGULAR";"f";"2014-06-14 15:01:34.863";"f";"";"74";"CONSOLIDADA";"";"Presencial";
"1223344";"01";"22147";"";"";"26145";"GRADUAÇÃO";"Campus Central";"Salas B/21 - DEART";"2014";"1";"2014-01-27";"2014-06-14";"3N1234";"9";"42";"REGULAR";"f";"2014-06-18 20:58:26.676";"f";"";"72";"CONSOLIDADA";"";"Presencial";
"1223345";"01";"26173";"";"";"48196";"GRADUAÇÃO";"Campus Central";"FORA";"2014";"1";"2014-01-27";"2014-06-14";"";"6";"8";"REGULAR";"f";"2014-06-06 13:52:19.148";"f";"";"0";"CONSOLIDADA";"";"Presencial";
"1223346";"02";"5756281";"";"";"48196";"GRADUAÇÃO";"Campus Central";"FORA";"2014";"1";"2014-01-27";"2014-06-14";"";"6";"8";"REGULAR";"f";"2014-06-06 11:33:11.584";"f";"";"0";"CONSOLIDADA";"";"Presencial";
"1223346";"02";"26173";"";"";"48196";"GRADUAÇÃO";"Campus Central";"FORA";"2014";"1";"2014-01-27";"2014-06-14";"";"6";"8";"REGULAR";"f";"2014-06-06 11:33:11.584";"f";"";"0";"CONSOLIDADA";"";"Presencial";
"1223347";"01";"23144";"";"";"2037507";"GRADUAÇÃO";"Campus Central";"Sala dos Embriões/CB - Sala B/DEART";"2014";"1";"2014-01-27";"2014-06-14";"4N34 6N1234";"5";"42";"REGULAR";"f";"2014-06-21 10:50:22.996";"f";"";"98";"CONSOLIDADA";"";"Presencial";
"1223348";"03";"25448";"";"";"48196";"GRADUAÇÃO";"Campus Central";"FORA";"2014";"1";"2014-01-27";"2014-06-14";"";"6";"8";"REGULAR";"f";"2014-06-06 11:38:26.857";"f";"";"0";"CONSOLIDADA";"";"Presencial";
"1223349";"04";"5756586";"";"";"48196";"GRADUAÇÃO";"Campus Central";"FORA";"2014";"1";"2014-01-27";"2014-06-14";"";"5";"8";"REGULAR";"f";"2014-06-09 14:36:45.189";"f";"";"0";"CONSOLIDADA";"";"Presencial";
"1223349";"04";"5756456";"";"";"48196";"GRADUAÇÃO";"Campus Central";"FORA";"2014";"1";"2014-01-27";"2014-06-14";"";"5";"8";"REGULAR";"f";"2014-06-09 14:36:45.189";"f";"";"0";"CONSOLIDADA";"";"Presencial";
"1223350";"05";"5756456";"";"";"48196";"GRADUAÇÃO";"Campus Central";"FORA";"2014";"1";"2014-01-27";"2014-06-14";"";"7";"8";"REGULAR";"f";"2014-06-09 14:37:53.143";"f";"";"0";"CONSOLIDADA";"";"Presencial";
"1223350";"05";"5756586";"";"";"48196";"GRADUAÇÃO";"Campus Central";"FORA";"2014";"1";"2014-01-27";"2014-06-14";"";"7";"8";"REGULAR";"f";"2014-06-09 14:37:53.143";"f";"";"0";"CONSOLIDADA";"";"Presencial";
"1223351";"01";"5755098";"";"";"21438";"GRADUAÇÃO";"Campus Central";"DNUT - SALA DE AULA A";"2014";"1";"2014-01-27";"2014-06-14";"35N12";"25";"45";"REGULAR";"f";"2014-06-03 21:22:09.423";"f";"";"66";"CONSOLIDADA";"";"Presencial";
"1223352";"01";"25470";"";"";"24949";"GRADUAÇÃO";"Campus Central";"PAU DARCO";"2014";"1";"2014-01-27";"2014-06-14";"24T56";"68";"40";"REGULAR";"f";"2014-06-13 13:07:08.401";"f";"";"66";"CONSOLIDADA";"";"Presencial";
"1223352";"01";"26153";"";"";"24949";"GRADUAÇÃO";"Campus Central";"PAU DARCO";"2014";"1";"2014-01-27";"2014-06-14";"24T56";"68";"40";"REGULAR";"f";"2014-06-13 13:07:08.401";"f";"";"66";"CONSOLIDADA";"";"Presencial";
"1223352";"01";"3030265";"";"";"24949";"GRADUAÇÃO";"Campus Central";"PAU DARCO";"2014";"1";"2014-01-27";"2014-06-14";"24T56";"68";"40";"REGULAR";"f";"2014-06-13 13:07:08.401";"f";"";"66";"CONSOLIDADA";"";"Presencial";
"1223353";"01";"26173";"";"";"48239";"GRADUAÇÃO";"Campus Central";"Sala 4 DNUT";"2014";"1";"2014-01-27";"2014-06-14";"2T23 (27/01/2014 - 14/06/2014)";"5";"8";"REGULAR";"f";"2014-06-11 15:58:34.541";"f";"";"36";"CONSOLIDADA";"";"Presencial";
"1223354";"01";"5755434";"";"";"42942";"GRADUAÇÃO";"Campus Central";"DNUT - SALA DE AULA 2";"2014";"1";"2014-01-27";"2014-06-14";"6M234";"20";"40";"REGULAR";"f";"2014-06-20 16:31:35.957";"f";"";"57";"CONSOLIDADA";"";"Presencial";
"1223354";"01";"22932";"";"";"42942";"GRADUAÇÃO";"Campus Central";"DNUT - SALA DE AULA 2";"2014";"1";"2014-01-27";"2014-06-14";"6M234";"20";"40";"REGULAR";"f";"2014-06-20 16:31:35.957";"f";"";"57";"CONSOLIDADA";"";"Presencial";
"1223355";"01";"5752714";"";"";"2037502";"GRADUAÇÃO";"Campus Central";"Sala 21 - DEART";"2014";"1";"2014-01-27";"2014-06-14";"5N1234";"14";"46";"REGULAR";"f";"2014-06-18 21:00:40.808";"f";"";"72";"CONSOLIDADA";"";"Presencial";
"1223356";"02";"2298306";"";"";"48239";"GRADUAÇÃO";"Campus Central";"Sala 4 DNUT";"2014";"1";"2014-01-27";"2014-06-14";"2T23 (27/01/2014 - 14/06/2014)";"6";"8";"REGULAR";"f";"2014-06-11 13:22:52.045";"f";"";"34";"CONSOLIDADA";"";"Presencial";
"1223357";"01";"5752200";"";"";"2044200";"GRADUAÇÃO";"Campus Central";"DNUT - SALA DE AULA 6";"2014";"1";"2014-01-27";"2014-06-14";"4M34";"49";"55";"REGULAR";"f";"2014-06-14 08:20:59.518";"f";"";"34";"CONSOLIDADA";"";"Presencial";
"1223358";"03";"25448";"";"";"48239";"GRADUAÇÃO";"Campus Central";"Sala 4 DNUT";"2014";"1";"2014-01-27";"2014-06-14";"2T23 (27/01/2014 - 14/06/2014)";"6";"8";"REGULAR";"f";"2014-06-11 16:11:17.148";"f";"";"34";"CONSOLIDADA";"";"Presencial";
"1223358";"03";"5756281";"";"";"48239";"GRADUAÇÃO";"Campus Central";"Sala 4 DNUT";"2014";"1";"2014-01-27";"2014-06-14";"2T23 (27/01/2014 - 14/06/2014)";"6";"8";"REGULAR";"f";"2014-06-11 16:11:17.148";"f";"";"34";"CONSOLIDADA";"";"Presencial";
"1223359";"01";"5756469";"";"";"2045634";"GRADUAÇÃO";"Campus Central";"DNUT - SALA DE AULA 5";"2014";"1";"2014-01-27";"2014-06-14";"2M45";"16";"40";"REGULAR";"f";"2014-06-08 10:23:48.511";"f";"";"34";"CONSOLIDADA";"";"Presencial";
"1223360";"04";"5756456";"";"";"48239";"GRADUAÇÃO";"Campus Central";"Sala 4 DNUT";"2014";"1";"2014-01-27";"2014-06-14";"2T23 (27/01/2014 - 14/06/2014)";"7";"8";"REGULAR";"f";"2014-06-10 15:27:42.239";"f";"";"34";"CONSOLIDADA";"";"Presencial";
"1223361";"05";"5756586";"";"";"48239";"GRADUAÇÃO";"Campus Central";"Sala 4 DNUT";"2014";"1";"2014-01-27";"2014-06-14";"2T23 (27/01/2014 - 14/06/2014)";"5";"8";"REGULAR";"f";"2014-06-11 16:25:53.338";"f";"";"34";"CONSOLIDADA";"";"Presencial";
"1223363";"01";"26027";"";"";"2037503";"GRADUAÇÃO";"Campus Central";"Sala 18/19 - DEART";"2014";"1";"2014-01-27";"2014-06-14";"3N1234";"29";"40";"REGULAR";"f";"2014-06-14 10:11:14.901";"f";"";"76";"CONSOLIDADA";"";"Presencial";
"1223364";"01";"5756456";"";"";"48202";"GRADUAÇÃO";"Campus Central";"FORA";"2014";"1";"2014-01-27";"2014-06-14";"";"5";"8";"REGULAR";"f";"2014-06-10 15:30:01.827";"f";"";"0";"CONSOLIDADA";"";"Presencial";
"1223364";"01";"26173";"";"";"48202";"GRADUAÇÃO";"Campus Central";"FORA";"2014";"1";"2014-01-27";"2014-06-14";"";"5";"8";"REGULAR";"f";"2014-06-10 15:30:01.827";"f";"";"0";"CONSOLIDADA";"";"Presencial";
"1223365";"02";"2298306";"";"";"48202";"GRADUAÇÃO";"Campus Central";"FORA";"2014";"1";"2014-01-27";"2014-06-14";"";"6";"8";"REGULAR";"f";"2014-06-10 15:32:31.896";"f";"";"0";"CONSOLIDADA";"";"Presencial";
"1223365";"02";"5756456";"";"";"48202";"GRADUAÇÃO";"Campus Central";"FORA";"2014";"1";"2014-01-27";"2014-06-14";"";"6";"8";"REGULAR";"f";"2014-06-10 15:32:31.896";"f";"";"0";"CONSOLIDADA";"";"Presencial";
"1223365";"02";"5756586";"";"";"48202";"GRADUAÇÃO";"Campus Central";"FORA";"2014";"1";"2014-01-27";"2014-06-14";"";"6";"8";"REGULAR";"f";"2014-06-10 15:32:31.896";"f";"";"0";"CONSOLIDADA";"";"Presencial";
"1223367";"03";"25448";"";"";"48202";"GRADUAÇÃO";"Campus Central";"FORA";"2014";"1";"2014-01-27";"2014-06-14";"";"6";"8";"REGULAR";"f";"2014-06-11 14:48:24.285";"f";"";"0";"CONSOLIDADA";"";"Presencial";
"1223367";"03";"5756281";"";"";"48202";"GRADUAÇÃO";"Campus Central";"FORA";"2014";"1";"2014-01-27";"2014-06-14";"";"6";"8";"REGULAR";"f";"2014-06-11 14:48:24.285";"f";"";"0";"CONSOLIDADA";"";"Presencial";
"1223368";"04";"5756456";"";"";"48202";"GRADUAÇÃO";"Campus Central";"FORA";"2014";"1";"2014-01-27";"2014-06-14";"";"7";"8";"REGULAR";"f";"2014-06-10 15:35:24.203";"f";"";"0";"CONSOLIDADA";"";"Presencial";
"1223368";"04";"5756586";"";"";"48202";"GRADUAÇÃO";"Campus Central";"FORA";"2014";"1";"2014-01-27";"2014-06-14";"";"7";"8";"REGULAR";"f";"2014-06-10 15:35:24.203";"f";"";"0";"CONSOLIDADA";"";"Presencial";
"1223368";"04";"26173";"";"";"48202";"GRADUAÇÃO";"Campus Central";"FORA";"2014";"1";"2014-01-27";"2014-06-14";"";"7";"8";"REGULAR";"f";"2014-06-10 15:35:24.203";"f";"";"0";"CONSOLIDADA";"";"Presencial";
"1223369";"05";"26173";"";"";"48202";"GRADUAÇÃO";"Campus Central";"FORA";"2014";"1";"2014-01-27";"2014-06-14";"";"5";"8";"REGULAR";"f";"2014-06-11 16:20:13.114";"f";"";"0";"CONSOLIDADA";"";"Presencial";
"1223369";"05";"5756586";"";"";"48202";"GRADUAÇÃO";"Campus Central";"FORA";"2014";"1";"2014-01-27";"2014-06-14";"";"5";"8";"REGULAR";"f";"2014-06-11 16:20:13.114";"f";"";"0";"CONSOLIDADA";"";"Presencial";
"1223372";"01A";"25448";"";"";"2045619";"GRADUAÇÃO";"Campus Central";"DNUT - SALA DE AULA B";"2014";"1";"2014-01-27";"2014-06-14";"3T234";"20";"14";"REGULAR";"f";"2014-06-04 11:16:32.868";"f";"1223371";"51";"CONSOLIDADA";"";"Presencial";
"1223373";"01";"5753061";"";"";"2055050";"GRADUAÇÃO";"Campus Central";"Salas 09/K - DEART";"2014";"1";"2014-01-27";"2014-06-14";"2N1234";"15";"40";"REGULAR";"f";"2014-06-10 14:48:44.16";"f";"";"68";"CONSOLIDADA";"";"Presencial";
"1223375";"01A";"5755970";"";"";"2045613";"GRADUAÇÃO";"Campus Central";"DNUT - SALA DE AULA 1";"2014";"1";"2014-01-27";"2014-06-14";"2M56 4M45 5M2345";"24";"20";"REGULAR";"f";"2014-06-13 10:48:02.073";"f";"1223374";"146";"CONSOLIDADA";"";"Presencial";
"1223375";"01A";"15539";"";"";"2045613";"GRADUAÇÃO";"Campus Central";"DNUT - SALA DE AULA 1";"2014";"1";"2014-01-27";"2014-06-14";"2M56 4M45 5M2345";"24";"20";"REGULAR";"f";"2014-06-13 10:48:02.073";"f";"1223374";"146";"CONSOLIDADA";"";"Presencial";
"1223376";"02";"25470";"";"";"24949";"GRADUAÇÃO";"Campus Central";"MULUNGÚ";"2014";"1";"2014-01-27";"2014-06-14";"24N34";"29";"35";"REGULAR";"f";"2014-06-12 00:19:09.792";"f";"";"66";"CONSOLIDADA";"";"Presencial";
"1223376";"02";"3030265";"";"";"24949";"GRADUAÇÃO";"Campus Central";"MULUNGÚ";"2014";"1";"2014-01-27";"2014-06-14";"24N34";"29";"35";"REGULAR";"f";"2014-06-12 00:19:09.792";"f";"";"66";"CONSOLIDADA";"";"Presencial";
"1223377";"01B";"25448";"";"";"2045619";"GRADUAÇÃO";"Campus Central";"DNUT - SALA DE AULA B";"2014";"1";"2014-01-27";"2014-06-14";"3T235";"10";"13";"REGULAR";"f";"2014-06-04 11:16:33.804";"f";"1223371";"51";"CONSOLIDADA";"";"Presencial";
"1223378";"01";"5755890";"";"";"53183";"GRADUAÇÃO";"Campus Central";"2-H-4";"2014";"1";"2014-01-27";"2014-06-14";"35N12";"43";"40";"REGULAR";"f";"2014-06-12 20:13:16.497";"f";"";"70";"CONSOLIDADA";"";"Presencial";
"1223379";"01C";"25448";"";"";"2045619";"GRADUAÇÃO";"Campus Central";"DNUT - SALA DE AULA B";"2014";"1";"2014-01-27";"2014-06-14";"3T236";"4";"13";"REGULAR";"f";"2014-06-04 11:16:31.799";"f";"1223371";"51";"CONSOLIDADA";"";"Presencial";
"1223380";"02";"5755890";"";"";"53183";"GRADUAÇÃO";"Campus Central";"2-H-4";"2014";"1";"2014-01-27";"2014-06-14";"35N34";"18";"8";"REGULAR";"f";"";"f";"";"";"EXCLUÍDA";"";"Presencial";
"1223381";"03";"5752810";"";"";"24949";"GRADUAÇÃO";"Campus Central";"CATOLÉ";"2014";"1";"2014-01-27";"2014-06-14";"6N1234";"35";"40";"REGULAR";"f";"2014-06-14 20:09:03.488";"f";"";"76";"CONSOLIDADA";"";"Presencial";
"1223383";"01A";"5755098";"";"";"2046252";"GRADUAÇÃO";"Campus Central";"DNUT - SALA DE AULA 3";"2014";"1";"2014-01-27";"2014-06-14";"5M234";"22";"15";"REGULAR";"f";"2014-06-12 20:47:34.126";"f";"1223382";"50";"CONSOLIDADA";"";"Presencial";
"1223384";"01";"5755915";"";"";"53186";"GRADUAÇÃO";"Campus Central";"2-H-4";"2014";"1";"2014-01-27";"2014-06-14";"356N12 (27/01/2014 - 14/06/2014)";"6";"8";"REGULAR";"f";"";"f";"";"";"EXCLUÍDA";"";"Presencial";
"1223385";"01";"5752810";"";"";"24946";"GRADUAÇÃO";"Campus Central";"IMBURANA";"2014";"1";"2014-01-27";"2014-06-14";"2M34 4M345";"12";"52";"REGULAR";"f";"2014-06-14 23:28:30.6";"f";"";"93";"CONSOLIDADA";"";"Presencial";
"1223386";"02";"24897";"";"";"46205";"GRADUAÇÃO";"Campus Central";"Setor III Sala F-2";"2014";"1";"2014-01-27";"2014-06-14";"35N123 (27/01/2014 - 14/06/2014)";"33";"25";"REGULAR";"f";"2014-06-08 22:04:19.379";"f";"";"105";"CONSOLIDADA";"";"Presencial";
"1223387";"01B";"5755098";"";"";"2046252";"GRADUAÇÃO";"Campus Central";"DNUT - SALA DE AULA 3";"2014";"1";"2014-01-27";"2014-06-14";"5M235";"16";"20";"REGULAR";"f";"2014-06-12 20:47:34.668";"f";"1223382";"50";"CONSOLIDADA";"";"Presencial";
"1223388";"02";"20881";"";"";"24946";"GRADUAÇÃO";"Campus Central";"AROEIRA";"2014";"1";"2014-01-27";"2014-06-14";"2M234 4M12";"7";"54";"REGULAR";"f";"2014-06-14 22:59:00.062";"f";"";"90";"CONSOLIDADA";"";"Presencial";
"1223389";"01B";"15539";"";"";"2045613";"GRADUAÇÃO";"Campus Central";"DNUT - SALA DE AULA 1";"2014";"1";"2014-01-27";"2014-06-14";"2M56 4M45 6M2345";"27";"23";"REGULAR";"f";"2014-06-13 10:48:03.245";"f";"1223374";"146";"CONSOLIDADA";"";"Presencial";
"1223389";"01B";"5755970";"";"";"2045613";"GRADUAÇÃO";"Campus Central";"DNUT - SALA DE AULA 1";"2014";"1";"2014-01-27";"2014-06-14";"2M56 4M45 6M2345";"27";"23";"REGULAR";"f";"2014-06-13 10:48:03.245";"f";"1223374";"146";"CONSOLIDADA";"";"Presencial";
"1223390";"03";"5752218";"";"";"24946";"GRADUAÇÃO";"Campus Central";"AROEIRA";"2014";"1";"2014-01-27";"2014-06-14";"3M345 5M56";"11";"58";"REGULAR";"f";"2014-07-07 16:07:14.426";"f";"";"76";"CONSOLIDADA";"";"Presencial";
"1223391";"01C";"5755098";"";"";"2046252";"GRADUAÇÃO";"Campus Central";"DNUT - SALA DE AULA 3";"2014";"1";"2014-01-27";"2014-06-14";"5M236";"1";"10";"REGULAR";"f";"2014-06-12 20:47:33.189";"f";"1223382";"50";"CONSOLIDADA";"";"Presencial";
"1223392";"02";"5755915";"";"";"53186";"GRADUAÇÃO";"Campus Central";"2-H-4";"2014";"1";"2014-01-27";"2014-06-14";"356N34 (27/01/2014 - 14/06/2014)";"35";"35";"REGULAR";"f";"2014-06-11 14:27:52.816";"f";"";"108";"CONSOLIDADA";"";"Presencial";
"1223393";"01";"5755897";"";"";"53223";"GRADUAÇÃO";"Campus Central";"2-H-4";"2014";"1";"2014-01-27";"2014-06-14";"24N12";"2";"2";"REGULAR";"f";"";"f";"";"";"INTERROMPIDA";"";"Presencial";
"1223394";"02";"5755897";"";"";"53223";"GRADUAÇÃO";"Campus Central";"2-H-4";"2014";"1";"2014-01-27";"2014-06-14";"24N34";"42";"36";"REGULAR";"f";"2014-06-20 16:48:16.256";"f";"";"74";"CONSOLIDADA";"";"Presencial";
"1223395";"01";"3030265";"";"";"24945";"GRADUAÇÃO";"Campus Central";"DNA";"2014";"1";"2014-01-27";"2014-06-14";"24T12";"10";"50";"REGULAR";"f";"2014-06-12 14:17:00.709";"f";"";"66";"CONSOLIDADA";"";"Presencial";
"1223395";"01";"25470";"";"";"24945";"GRADUAÇÃO";"Campus Central";"DNA";"2014";"1";"2014-01-27";"2014-06-14";"24T12";"10";"50";"REGULAR";"f";"2014-06-12 14:17:00.709";"f";"";"66";"CONSOLIDADA";"";"Presencial";
"1223395";"01";"26153";"";"";"24945";"GRADUAÇÃO";"Campus Central";"DNA";"2014";"1";"2014-01-27";"2014-06-14";"24T12";"10";"50";"REGULAR";"f";"2014-06-12 14:17:00.709";"f";"";"66";"CONSOLIDADA";"";"Presencial";
"1223396";"01";"22147";"";"";"26147";"GRADUAÇÃO";"Campus Central";"Salas K/B";"2014";"1";"2014-01-27";"2014-06-14";"5N1234";"27";"40";"REGULAR";"f";"2014-06-16 09:43:27.336";"f";"";"72";"CONSOLIDADA";"";"Presencial";
"1223397";"01";"5755030";"";"";"26146";"GRADUAÇÃO";"Campus Central";"Sala K - DEART";"2014";"1";"2014-01-27";"2014-06-14";"4N1234";"14";"40";"REGULAR";"f";"2014-06-11 17:30:44.789";"f";"";"72";"CONSOLIDADA";"";"Presencial";
"1223398";"01";"5756007";"";"";"28229";"GRADUAÇÃO";"Campus Central";"IB5";"2014";"1";"2014-01-27";"2014-06-14";"3M345";"5";"51";"REGULAR";"f";"2014-06-12 00:31:39.945";"f";"";"54";"CONSOLIDADA";"";"Presencial";
"1223399";"01";"20881";"";"";"2041855";"GRADUAÇÃO";"Campus Central";"AROEIRA";"2014";"1";"2014-01-27";"2014-06-14";"35T34";"32";"55";"REGULAR";"f";"2014-06-14 22:35:00.304";"f";"";"70";"CONSOLIDADA";"";"Presencial";
"1223401";"01A";"5755977";"";"";"2045642";"GRADUAÇÃO";"Campus Central";"DNUT - SALA DE AULA B";"2014";"1";"2014-01-27";"2014-06-14";"6M234";"17";"15";"REGULAR";"f";"2014-06-13 16:22:27.006";"f";"1223400";"57";"CONSOLIDADA";"";"Presencial";
"1223401";"01A";"5753016";"";"";"2045642";"GRADUAÇÃO";"Campus Central";"DNUT - SALA DE AULA B";"2014";"1";"2014-01-27";"2014-06-14";"6M234";"17";"15";"REGULAR";"f";"2014-06-13 16:22:27.006";"f";"1223400";"57";"CONSOLIDADA";"";"Presencial";
"1223402";"01";"5755596";"";"";"2037505";"GRADUAÇÃO";"Campus Central";"Salas 21/1 - DEART";"2014";"1";"2014-01-27";"2014-06-14";"2N1234";"38";"40";"REGULAR";"f";"2014-06-11 07:12:42.459";"f";"";"72";"CONSOLIDADA";"";"Presencial";
"1223403";"01";"5756324";"";"";"26579";"GRADUAÇÃO";"Campus Central";"DNA";"2014";"1";"2014-01-27";"2014-06-14";"35N34";"41";"42";"REGULAR";"f";"2014-06-10 18:39:31.523";"f";"";"68";"CONSOLIDADA";"";"Presencial";
"1223404";"01";"5755940";"";"";"25827";"GRADUAÇÃO";"Campus Central";"IB5";"2014";"1";"2014-01-27";"2014-06-14";"2M56 5M345";"5";"51";"REGULAR";"f";"2014-06-14 04:22:39.969";"f";"";"82";"CONSOLIDADA";"";"Presencial";
"1223405";"01B";"5755977";"";"";"2045642";"GRADUAÇÃO";"Campus Central";"DNUT - SALA DE AULA B";"2014";"1";"2014-01-27";"2014-06-14";"6M235";"18";"15";"REGULAR";"f";"2014-06-13 16:22:25.855";"f";"1223400";"57";"CONSOLIDADA";"";"Presencial";
"1223405";"01B";"5753016";"";"";"2045642";"GRADUAÇÃO";"Campus Central";"DNUT - SALA DE AULA B";"2014";"1";"2014-01-27";"2014-06-14";"6M235";"18";"15";"REGULAR";"f";"2014-06-13 16:22:25.855";"f";"1223400";"57";"CONSOLIDADA";"";"Presencial";
"1223406";"01";"5752682";"";"";"2041856";"GRADUAÇÃO";"Campus Central";"JUCÁ";"2014";"1";"2014-01-27";"2014-06-14";"24M34";"27";"56";"REGULAR";"f";"2014-06-16 14:10:02.901";"f";"";"68";"CONSOLIDADA";"";"Presencial";
"1223406";"01";"21385";"";"";"2041856";"GRADUAÇÃO";"Campus Central";"JUCÁ";"2014";"1";"2014-01-27";"2014-06-14";"24M34";"27";"56";"REGULAR";"f";"2014-06-16 14:10:02.901";"f";"";"68";"CONSOLIDADA";"";"Presencial";
"1223407";"01";"5755596";"";"";"2037511";"GRADUAÇÃO";"Campus Central";"Salas 21/B - DEART";"2014";"1";"2014-01-27";"2014-06-14";"5T5234";"7";"40";"REGULAR";"f";"2014-06-13 08:43:29.724";"f";"";"72";"CONSOLIDADA";"";"Presencial";
"1223408";"01";"26253";"";"";"24732";"GRADUAÇÃO";"Campus Central";"IB5";"2014";"1";"2014-01-27";"2014-06-14";"6M123";"13";"51";"REGULAR";"f";"2014-06-09 10:55:51.977";"f";"";"54";"CONSOLIDADA";"";"Presencial";
"1223409";"01";"5755030";"";"";"2050602";"GRADUAÇÃO";"Campus Central";"Sala 20 - DEART";"2014";"1";"2014-01-27";"2014-06-14";"2N1234";"18";"40";"REGULAR";"f";"2014-06-17 09:44:47.012";"f";"";"72";"CONSOLIDADA";"";"Presencial";
"1223410";"01";"5753061";"";"";"2037512";"GRADUAÇÃO";"Campus Central";"Salas 20/Teatro Jesiel - DEART";"2014";"1";"2014-01-27";"2014-06-14";"4N1234";"5";"40";"REGULAR";"f";"2014-06-12 13:53:13.898";"f";"";"72";"CONSOLIDADA";"";"Presencial";
"1223411";"01";"5753658";"";"";"41823";"GRADUAÇÃO";"Campus Central";"4C6";"2014";"1";"2014-01-27";"2014-06-14";"35N34";"35";"33";"REGULAR";"f";"2014-06-12 08:28:44.091";"f";"";"70";"CONSOLIDADA";"";"Presencial";
"1223412";"01";"22827";"";"";"46338";"GRADUAÇÃO";"Campus Central";"a definir";"2014";"1";"2014-01-27";"2014-06-14";"5T2345";"3";"50";"REGULAR";"f";"";"f";"";"";"EXCLUÍDA";"";"Presencial";
"1223413";"01";"5753076";"";"";"46340";"GRADUAÇÃO";"Campus Central";"IA1";"2014";"1";"2014-01-27";"2014-06-14";"3T3456";"17";"58";"REGULAR";"f";"2014-06-14 14:26:33.68";"f";"";"72";"CONSOLIDADA";"";"Presencial";
"1223414";"01";"5755397";"";"";"46343";"GRADUAÇÃO";"Campus Central";"IA1";"2014";"1";"2014-01-27";"2014-06-14";"24T56";"18";"57";"REGULAR";"f";"2014-06-10 09:38:13.487";"f";"";"72";"CONSOLIDADA";"";"Presencial";
"1223415";"01";"22718";"";"";"46345";"GRADUAÇÃO";"Campus Central";"a definir";"2014";"1";"2014-01-27";"2014-06-14";"3T12";"";"50";"REGULAR";"f";"";"f";"";"";"EXCLUÍDA";"";"Presencial";
"1223416";"01";"5756358";"";"";"24397";"GRADUAÇÃO";"Campus Central";"IB4";"2014";"1";"2014-01-27";"2014-06-14";"2M456 4M12";"41";"50";"REGULAR";"f";"2014-06-12 02:02:12.902";"f";"";"92";"CONSOLIDADA";"";"Presencial";
"1223417";"01";"26153";"";"";"24947";"GRADUAÇÃO";"Campus Central";"DNA";"2014";"1";"2014-01-27";"2014-06-14";"24M34";"2";"35";"REGULAR";"f";"2014-06-11 15:31:13.046";"f";"";"70";"CONSOLIDADA";"";"Presencial";
"1223418";"09";"5753614";"";"";"46194";"GRADUAÇÃO";"Campus Central";"2E3";"2014";"1";"2014-01-27";"2014-06-14";"5N1234";"54";"50";"REGULAR";"f";"2014-06-21 03:12:07.718";"f";"";"72";"CONSOLIDADA";"";"Presencial";
"1223419";"02";"15553";"";"";"2055440";"GRADUAÇÃO";"Campus Central";"A definir";"2014";"1";"2014-01-27";"2014-06-14";"2M56 4M3456";"";"50";"REGULAR";"f";"";"f";"";"";"EXCLUÍDA";"";"Presencial";
"1223420";"01";"5753815";"";"";"26158";"GRADUAÇÃO";"Campus Central";"Sala 20 - DEART";"2014";"1";"2014-01-27";"2014-06-14";"4T1234";"12";"40";"REGULAR";"f";"";"f";"";"";"EXCLUÍDA";"";"Presencial";
"1223421";"02";"5752714";"";"";"26553";"GRADUAÇÃO";"Campus Central";"Sala 19 - DEART";"2014";"1";"2014-01-27";"2014-06-14";"6N1234";"10";"40";"REGULAR";"f";"2014-06-18 09:17:43.681";"f";"";"68";"CONSOLIDADA";"";"Presencial";
"1223422";"02";"3030265";"";"";"24947";"GRADUAÇÃO";"Campus Central";"DNA";"2014";"1";"2014-01-27";"2014-06-14";"3T5234";"4";"50";"REGULAR";"f";"2014-06-16 20:38:58.774";"f";"";"72";"CONSOLIDADA";"";"Presencial";
"1223422";"02";"25470";"";"";"24947";"GRADUAÇÃO";"Campus Central";"DNA";"2014";"1";"2014-01-27";"2014-06-14";"3T5234";"4";"50";"REGULAR";"f";"2014-06-16 20:38:58.774";"f";"";"72";"CONSOLIDADA";"";"Presencial";
"1223422";"02";"26153";"";"";"24947";"GRADUAÇÃO";"Campus Central";"DNA";"2014";"1";"2014-01-27";"2014-06-14";"3T5234";"4";"50";"REGULAR";"f";"2014-06-16 20:38:58.774";"f";"";"72";"CONSOLIDADA";"";"Presencial";
"1223423";"01";"15472";"";"";"2036854";"GRADUAÇÃO";"Campus Central";"Sala J - DEART";"2014";"1";"2014-01-27";"2014-06-14";"5T5234";"42";"40";"REGULAR";"f";"2014-06-18 21:04:05.032";"f";"";"68";"CONSOLIDADA";"";"Presencial";
"1223424";"01";"5752682";"";"";"2042300";"GRADUAÇÃO";"Campus Central";"CATOLÉ";"2014";"1";"2014-01-27";"2014-06-14";"24T34";"46";"60";"REGULAR";"f";"2014-06-16 13:01:21.696";"f";"";"70";"CONSOLIDADA";"";"Presencial";
"1223424";"01";"21385";"";"";"2042300";"GRADUAÇÃO";"Campus Central";"CATOLÉ";"2014";"1";"2014-01-27";"2014-06-14";"24T34";"46";"60";"REGULAR";"f";"2014-06-16 13:01:21.696";"f";"";"70";"CONSOLIDADA";"";"Presencial";
"1223425";"02";"5756304";"";"";"25650";"GRADUAÇÃO";"Campus Central";"2-D-1";"2014";"1";"2014-01-27";"2014-06-14";"35M12";"4";"50";"REGULAR";"f";"2014-06-19 19:18:11.21";"f";"";"72";"CONSOLIDADA";"";"Presencial";
"1223426";"01";"5753109";"";"";"2036852";"GRADUAÇÃO";"Campus Central";"Sala 3 - DEART";"2014";"1";"2014-01-27";"2014-06-14";"4T5234";"36";"21";"REGULAR";"f";"2014-06-15 13:50:47.897";"f";"";"76";"CONSOLIDADA";"";"Presencial";
"1223427";"01";"20881";"";"";"2043350";"GRADUAÇÃO";"Campus Central";"DNA";"2014";"1";"2014-01-27";"2014-06-14";"24N34";"40";"58";"REGULAR";"f";"2014-06-14 22:47:03.532";"f";"";"70";"CONSOLIDADA";"";"Presencial";
"1223428";"03";"15553";"";"";"2055440";"GRADUAÇÃO";"Campus Central";"2-D-1";"2014";"1";"2014-01-27";"2014-06-14";"2M34 4M3456";"9";"50";"REGULAR";"f";"2014-06-09 23:36:38.752";"f";"";"106";"CONSOLIDADA";"";"Presencial";
"1223429";"02";"5753109";"";"";"2036852";"GRADUAÇÃO";"Campus Central";"Sala 3 - DEART";"2014";"1";"2014-01-27";"2014-06-14";"2T5234";"23";"22";"REGULAR";"f";"2014-06-15 13:17:19.525";"f";"";"72";"CONSOLIDADA";"";"Presencial";
"1223430";"01";"15548";"";"";"23382";"GRADUAÇÃO";"Campus Central";"2-D-2";"2014";"1";"2014-01-27";"2014-06-14";"24M56";"24";"50";"REGULAR";"f";"2014-06-25 09:13:33.377";"f";"";"74";"CONSOLIDADA";"";"Presencial";
"1223431";"01";"15517";"";"";"23206";"GRADUAÇÃO";"Campus Central";"2-D-2";"2014";"1";"2014-01-27";"2014-06-14";"24M34 6M12";"22";"50";"REGULAR";"f";"2014-06-21 12:48:13.758";"f";"";"112";"CONSOLIDADA";"";"Presencial";
"1223432";"01";"5755205";"";"";"2036853";"GRADUAÇÃO";"Campus Central";"Sala K - DEART";"2014";"1";"2014-01-27";"2014-06-14";"3T5234";"41";"41";"REGULAR";"f";"2014-06-19 14:36:29.36";"f";"";"68";"CONSOLIDADA";"";"Presencial";
"1223433";"02";"5752181";"";"";"23219";"GRADUAÇÃO";"Campus Central";"2-D-2";"2014";"1";"2014-01-27";"2014-06-14";"35M34";"23";"50";"REGULAR";"f";"2014-06-18 11:13:08.343";"f";"";"68";"CONSOLIDADA";"";"Presencial";
"1223434";"02";"5756405";"";"";"23227";"GRADUAÇÃO";"Campus Central";"2-D-2";"2014";"1";"2014-01-27";"2014-06-14";"6M3456";"23";"50";"REGULAR";"f";"2014-06-13 08:23:31.392";"f";"";"68";"CONSOLIDADA";"";"Presencial";
"1223435";"01";"5752219";"";"";"24724";"GRADUAÇÃO";"Campus Central";"Sala 12 - DEART";"2014";"1";"2014-01-27";"2014-06-14";"6M2345";"18";"20";"REGULAR";"f";"2014-06-21 14:40:47.832";"f";"";"76";"CONSOLIDADA";"";"Presencial";
"1223436";"01";"22154";"";"";"2055427";"GRADUAÇÃO";"Campus Central";"2-D-2";"2014";"1";"2014-01-27";"2014-06-14";"35M12";"32";"50";"REGULAR";"f";"2014-06-09 13:00:06.113";"f";"";"66";"CONSOLIDADA";"";"Presencial";
"1223437";"02";"5752219";"";"";"24724";"GRADUAÇÃO";"Campus Central";"Sala 12 - DEART";"2014";"1";"2014-01-27";"2014-06-14";"5M2345";"26";"20";"REGULAR";"f";"2014-06-21 14:43:01.673";"f";"";"72";"CONSOLIDADA";"";"Presencial";
"1223438";"02";"5756604";"";"";"2055441";"GRADUAÇÃO";"Campus Central";"2-D-3";"2014";"1";"2014-01-27";"2014-06-14";"35M56";"40";"50";"REGULAR";"f";"2014-06-06 08:28:44.622";"f";"";"66";"CONSOLIDADA";"";"Presencial";
"1223439";"01";"22154";"";"";"23233";"GRADUAÇÃO";"Campus Central";"2-D-3";"2014";"1";"2014-01-27";"2014-06-14";"35M34";"26";"50";"REGULAR";"f";"2014-06-17 12:10:43.949";"f";"";"68";"CONSOLIDADA";"";"Presencial";
"1223440";"02";"5756324";"";"";"2043350";"GRADUAÇÃO";"Campus Central";"QUIXABEIRA";"2014";"1";"2014-01-27";"2014-06-14";"2M34 5M12";"15";"68";"REGULAR";"f";"2014-06-10 11:55:32.24";"f";"";"66";"CONSOLIDADA";"";"Presencial";
"1223441";"01";"5751769";"";"";"26552";"GRADUAÇÃO";"Campus Central";"Sala 20 - DEART";"2014";"1";"2014-01-27";"2014-06-14";"4M2345";"";"40";"REGULAR";"f";"";"f";"";"";"EXCLUÍDA";"";"Presencial";
"1223442";"01";"20851";"";"";"25665";"GRADUAÇÃO";"Campus Central";"2-D-3";"2014";"1";"2014-01-27";"2014-06-14";"2M3456";"23";"50";"REGULAR";"f";"2014-06-16 11:16:02.473";"f";"";"68";"CONSOLIDADA";"";"Presencial";
"1223443";"01";"17967";"";"";"52333";"GRADUAÇÃO";"Campus Central";"2-D-3";"2014";"1";"2014-01-27";"2014-06-14";"6M3456";"22";"50";"REGULAR";"f";"2014-06-05 10:52:43.563";"f";"";"68";"CONSOLIDADA";"";"Presencial";
"1223444";"01";"5752682";"";"";"2043351";"GRADUAÇÃO";"Campus Central";"QUIXABEIRA";"2014";"1";"2014-01-27";"2014-06-14";"3N34 6N1";"27";"46";"REGULAR";"f";"2014-06-08 16:25:29.952";"f";"";"50";"CONSOLIDADA";"";"Presencial";
"1223444";"01";"26118";"";"";"2043351";"GRADUAÇÃO";"Campus Central";"QUIXABEIRA";"2014";"1";"2014-01-27";"2014-06-14";"3N34 6N1";"27";"46";"REGULAR";"f";"2014-06-08 16:25:29.952";"f";"";"50";"CONSOLIDADA";"";"Presencial";
"1223445";"01";"5755205";"";"";"2049301";"GRADUAÇÃO";"Campus Central";"Sala K - DEART";"2014";"1";"2014-01-27";"2014-06-14";"2T5234";"42";"40";"REGULAR";"f";"2014-06-19 14:30:59.93";"f";"";"68";"CONSOLIDADA";"";"Presencial";
"1223446";"01";"5752824";"";"";"23237";"GRADUAÇÃO";"Campus Central";"2B1";"2014";"1";"2014-01-27";"2014-06-14";"35M34";"6";"50";"REGULAR";"f";"2014-06-19 16:22:24.859";"f";"";"72";"CONSOLIDADA";"";"Presencial";
"1223447";"01";"18871";"";"";"2055430";"GRADUAÇÃO";"Campus Central";"A definir";"2014";"1";"2014-01-27";"2014-06-14";"5M3456";"";"50";"REGULAR";"f";"";"f";"";"";"EXCLUÍDA";"";"Presencial";
"1223448";"01";"5754923";"";"";"2049651";"GRADUAÇÃO";"Campus Central";"Sala K - DEART";"2014";"1";"2014-01-27";"2014-06-14";"5T12";"49";"40";"REGULAR";"f";"2014-06-19 09:32:15.048";"f";"";"36";"CONSOLIDADA";"";"Presencial";
"1223449";"02";"26118";"";"";"2043351";"GRADUAÇÃO";"Campus Central";"DNA";"2014";"1";"2014-01-27";"2014-06-14";"5M345";"17";"71";"REGULAR";"f";"2014-06-09 13:09:01.615";"f";"";"51";"CONSOLIDADA";"";"Presencial";
"1223449";"02";"5752682";"";"";"2043351";"GRADUAÇÃO";"Campus Central";"DNA";"2014";"1";"2014-01-27";"2014-06-14";"5M345";"17";"71";"REGULAR";"f";"2014-06-09 13:09:01.615";"f";"";"51";"CONSOLIDADA";"";"Presencial";
"1223450";"01";"5755267";"";"";"2036860";"GRADUAÇÃO";"Campus Central";"Sala K - DEART";"2014";"1";"2014-01-27";"2014-06-14";"5T5634";"29";"20";"REGULAR";"f";"2014-06-18 08:55:20.894";"f";"";"72";"CONSOLIDADA";"";"Presencial";
"1223451";"02";"5755267";"";"";"2036860";"GRADUAÇÃO";"Campus Central";"Sala D - DEART";"2014";"1";"2014-01-27";"2014-06-14";"6T5234";"20";"20";"REGULAR";"f";"2014-06-18 08:54:41.025";"f";"";"76";"CONSOLIDADA";"";"Presencial";
"1223452";"01";"5752569";"";"";"25654";"GRADUAÇÃO";"Campus Central";"2-B-1";"2014";"1";"2014-01-27";"2014-06-14";"35M56";"16";"50";"REGULAR";"f";"2014-06-17 14:24:50.503";"f";"";"74";"CONSOLIDADA";"";"Presencial";
"1223453";"01";"5756324";"";"";"2043352";"GRADUAÇÃO";"Campus Central";"ANF. DOS ANFÍBIOS";"2014";"1";"2014-01-27";"2014-06-14";"36M12";"8";"60";"REGULAR";"f";"2014-06-10 18:35:09.68";"f";"";"70";"CONSOLIDADA";"";"Presencial";
"1223454";"01";"5755224";"";"";"2036861";"GRADUAÇÃO";"Campus Central";"Sala H - DEART";"2014";"1";"2014-01-27";"2014-06-14";"6T5234";"25";"22";"REGULAR";"f";"2014-06-21 17:01:04.431";"f";"";"76";"CONSOLIDADA";"";"Presencial";
"1223455";"01";"5756453";"";"";"48576";"GRADUAÇÃO";"Campus Central";"2-I-11";"2014";"1";"2014-01-27";"2014-06-14";"6N1234";"19";"30";"REGULAR";"f";"2014-06-11 20:34:09.471";"f";"";"72";"CONSOLIDADA";"";"Presencial";
"1223456";"02";"37484";"";"";"23190";"GRADUAÇÃO";"Campus Central";"2-I-11";"2014";"1";"2014-01-27";"2014-06-14";"24N34";"33";"50";"REGULAR";"f";"2014-06-25 12:48:24.359";"f";"";"70";"CONSOLIDADA";"";"Presencial";
"1223457";"02";"5755224";"";"";"2036861";"GRADUAÇÃO";"Campus Central";"Sala H - DEART";"2014";"1";"2014-01-27";"2014-06-14";"5T5634";"21";"21";"REGULAR";"f";"2014-06-21 17:28:17.667";"f";"";"72";"CONSOLIDADA";"";"Presencial";
"1223458";"01";"5756304";"";"";"25652";"GRADUAÇÃO";"Campus Central";"2-I-11";"2014";"1";"2014-01-27";"2014-06-14";"24N12";"33";"50";"REGULAR";"f";"2014-06-19 19:27:39.045";"f";"";"74";"CONSOLIDADA";"";"Presencial";
"1223459";"01";"21385";"";"";"20974";"GRADUAÇÃO";"Campus Central";"DNA";"2014";"1";"2014-01-27";"2014-06-14";"34M56";"3";"35";"REGULAR";"f";"2014-06-16 18:00:01.899";"f";"";"72";"CONSOLIDADA";"";"Presencial";
"1223459";"01";"5752164";"";"";"20974";"GRADUAÇÃO";"Campus Central";"DNA";"2014";"1";"2014-01-27";"2014-06-14";"34M56";"3";"35";"REGULAR";"f";"2014-06-16 18:00:01.899";"f";"";"72";"CONSOLIDADA";"";"Presencial";
"1223460";"01";"5755543";"";"";"2036871";"GRADUAÇÃO";"Campus Central";"Sala J - DEART";"2014";"1";"2014-01-27";"2014-06-14";"3M23";"29";"40";"REGULAR";"f";"2014-06-16 00:58:53.201";"f";"";"36";"CONSOLIDADA";"";"Presencial";
"1223461";"03";"32879";"";"";"25656";"GRADUAÇÃO";"Campus Central";"2-I-12";"2014";"1";"2014-01-27";"2014-06-14";"6N1234";"31";"50";"REGULAR";"f";"2014-06-19 22:54:48.401";"f";"";"72";"CONSOLIDADA";"";"Presencial";
"1223462";"01";"5752164";"";"";"21050";"GRADUAÇÃO";"Campus Central";"JUCÁ";"2014";"1";"2014-01-27";"2014-06-14";"24T54";"40";"51";"REGULAR";"f";"2014-06-04 10:16:52.643";"f";"";"68";"CONSOLIDADA";"";"Presencial";
"1223463";"01";"5755205";"";"";"2036872";"GRADUAÇÃO";"Campus Central";"Sala 5 - DEART";"2014";"1";"2014-01-27";"2014-06-14";"4M23";"31";"40";"REGULAR";"f";"2014-06-19 14:33:34.766";"f";"";"34";"CONSOLIDADA";"";"Presencial";
"1223464";"02";"15562";"";"";"25654";"GRADUAÇÃO";"Campus Central";"2-I-12";"2014";"1";"2014-01-27";"2014-06-14";"24N12";"30";"50";"REGULAR";"f";"2014-06-13 12:50:30.476";"f";"";"72";"CONSOLIDADA";"";"Presencial";
"1223465";"04";"5756310";"";"";"25658";"GRADUAÇÃO";"Campus Central";"2-I-13";"2014";"1";"2014-01-27";"2014-06-14";"6N1234";"17";"50";"REGULAR";"f";"2014-06-08 08:46:23.908";"f";"";"72";"CONSOLIDADA";"";"Presencial";
"1223466";"01";"23680";"";"";"43239";"GRADUAÇÃO";"Campus Central";"DNA";"2014";"1";"2014-01-27";"2014-06-14";"35N12";"18";"35";"REGULAR";"f";"2014-06-09 12:00:33.951";"f";"";"70";"CONSOLIDADA";"";"Presencial";
"1223467";"02";"23680";"";"";"43239";"GRADUAÇÃO";"Campus Central";"MULUNGÚ";"2014";"1";"2014-01-27";"2014-06-14";"35T34";"29";"35";"REGULAR";"f";"2014-06-09 11:49:17.029";"f";"";"70";"CONSOLIDADA";"";"Presencial";
"1223468";"01";"5753663";"";"";"2036874";"GRADUAÇÃO";"Campus Central";"Sala 14 - DEART";"2014";"1";"2014-01-27";"2014-06-14";"6M2345";"12";"20";"REGULAR";"f";"2014-06-24 20:40:03.096";"f";"";"76";"CONSOLIDADA";"";"Presencial";
"1223469";"01";"5756310";"";"";"23198";"GRADUAÇÃO";"Campus Central";"2-I-14";"2014";"1";"2014-01-27";"2014-06-14";"5N1234";"23";"50";"REGULAR";"f";"2014-06-08 08:48:17.037";"f";"";"68";"CONSOLIDADA";"";"Presencial";
"1223470";"02";"5753663";"";"";"2036874";"GRADUAÇÃO";"Campus Central";"Sala 14 - DEART";"2014";"1";"2014-01-27";"2014-06-14";"5M2345";"12";"20";"REGULAR";"f";"2014-06-24 20:42:25.794";"f";"";"72";"CONSOLIDADA";"";"Presencial";
"1223471";"01";"22718";"";"";"46347";"GRADUAÇÃO";"Campus Central";"a definir";"2014";"1";"2014-01-27";"2014-06-14";"5T12";"";"50";"REGULAR";"f";"";"f";"";"";"EXCLUÍDA";"";"Presencial";
"1223472";"01";"16614";"";"";"46370";"GRADUAÇÃO";"Campus Central";"IA1";"2014";"1";"2014-01-27";"2014-06-14";"24T34";"22";"58";"REGULAR";"f";"2014-06-13 11:34:46.655";"f";"";"74";"CONSOLIDADA";"";"Presencial";
"1223473";"01";"5754923";"";"";"2036873";"GRADUAÇÃO";"Campus Central";"Sala J - DEART";"2014";"1";"2014-01-27";"2014-06-14";"5M2345";"11";"20";"REGULAR";"f";"2014-06-05 21:20:14.115";"f";"";"68";"CONSOLIDADA";"";"Presencial";
"1223474";"01";"18328";"";"";"43238";"GRADUAÇÃO";"Campus Central";"DNA";"2014";"1";"2014-01-27";"2014-06-14";"246N12";"30";"35";"REGULAR";"f";"2014-06-11 20:23:56.509";"f";"";"102";"CONSOLIDADA";"";"Presencial";
"1223474";"01";"5755490";"";"";"43238";"GRADUAÇÃO";"Campus Central";"DNA";"2014";"1";"2014-01-27";"2014-06-14";"246N12";"30";"35";"REGULAR";"f";"2014-06-11 20:23:56.509";"f";"";"102";"CONSOLIDADA";"";"Presencial";
"1223475";"01";"62852";"";"";"46350";"GRADUAÇÃO";"Campus Central";"IA2";"2014";"1";"2014-01-27";"2014-06-14";"24T123";"36";"50";"REGULAR";"f";"2014-06-16 13:51:28.549";"f";"";"102";"CONSOLIDADA";"";"Presencial";
"1223476";"02";"5754923";"";"";"2036873";"GRADUAÇÃO";"Campus Central";"Sala J - DEART";"2014";"1";"2014-01-27";"2014-06-14";"6M2345";"12";"20";"REGULAR";"f";"2014-06-14 15:18:39.061";"f";"";"76";"CONSOLIDADA";"";"Presencial";
"1223477";"02";"23019";"";"";"43238";"GRADUAÇÃO";"Campus Central";"DNA";"2014";"1";"2014-01-27";"2014-06-14";"246T34";"9";"30";"REGULAR";"f";"2014-06-10 13:33:15.245";"f";"";"104";"CONSOLIDADA";"";"Presencial";
"1223478";"02";"5752248";"";"";"25653";"GRADUAÇÃO";"Campus Central";"2-D-1";"2014";"1";"2014-01-27";"2014-06-14";"4N34 6N12";"36";"50";"REGULAR";"f";"2014-06-12 07:08:16.562";"f";"";"70";"CONSOLIDADA";"";"Presencial";
"1223479";"03";"15553";"";"";"23190";"GRADUAÇÃO";"Campus Central";"2-D-1";"2014";"1";"2014-01-27";"2014-06-14";"3N1234";"32";"50";"REGULAR";"f";"2014-06-09 23:40:51.059";"f";"";"72";"CONSOLIDADA";"";"Presencial";
"1223480";"01";"5756405";"";"";"25662";"GRADUAÇÃO";"Campus Central";"2-D-4";"2014";"1";"2014-01-27";"2014-06-14";"3N1234";"7";"50";"REGULAR";"f";"2014-06-16 09:02:35.573";"f";"";"72";"CONSOLIDADA";"";"Presencial";
"1223481";"01";"20851";"";"";"25667";"GRADUAÇÃO";"Campus Central";"2-D-4";"2014";"1";"2014-01-27";"2014-06-14";"6N1234";"24";"50";"REGULAR";"f";"2014-06-16 12:13:45.338";"f";"";"68";"CONSOLIDADA";"";"Presencial";
"1223482";"01";"5752224";"";"";"2052050";"GRADUAÇÃO";"Campus Central";"2-D-4";"2014";"1";"2014-01-27";"2014-06-14";"5N1234";"27";"50";"REGULAR";"f";"2014-06-11 09:22:15.048";"f";"";"68";"CONSOLIDADA";"";"Presencial";
"1223483";"01";"5754354";"";"";"23191";"GRADUAÇÃO";"Campus Central";"2-I-11";"2014";"1";"2014-01-27";"2014-06-14";"35T56";"14";"50";"REGULAR";"f";"2014-06-13 18:34:46.409";"f";"";"72";"CONSOLIDADA";"";"Presencial";
"1223484";"01";"15553";"";"";"27750";"GRADUAÇÃO";"Campus Central";"2-H-1";"2014";"1";"2014-01-27";"2014-06-14";"24T56";"43";"50";"REGULAR";"f";"2014-06-09 23:19:55.548";"f";"";"70";"CONSOLIDADA";"";"Presencial";
"1223485";"01";"5753882";"";"";"54832";"STRICTO SENSU";"";"4A6";"2014";"1";"2014-01-27";"2014-06-14";"35M56";"12";"20";"REGULAR";"f";"2014-06-20 00:50:14.733";"f";"";"74";"CONSOLIDADA";"";"Presencial";
"1223486";"01";"5755543";"";"";"2036878";"GRADUAÇÃO";"Campus Central";"Sala D - DEART";"2014";"1";"2014-01-27";"2014-06-14";"3T5234";"17";"20";"REGULAR";"f";"2014-06-26 01:59:40.031";"f";"";"76";"CONSOLIDADA";"";"Presencial";
"1223487";"02";"5755543";"";"";"2036878";"GRADUAÇÃO";"Campus Central";"Sala J - DEART";"2014";"1";"2014-01-27";"2014-06-14";"4T5234";"9";"20";"REGULAR";"f";"2014-06-16 01:05:07.235";"f";"";"72";"CONSOLIDADA";"";"Presencial";
"1223488";"01";"37484";"";"";"23195";"GRADUAÇÃO";"Campus Central";"2-I-15";"2014";"1";"2014-01-27";"2014-06-14";"3T3456";"3";"20";"REGULAR";"f";"2014-07-09 09:23:41.457";"f";"";"76";"CONSOLIDADA";"";"Presencial";
"1223489";"01";"17908";"";"";"23467";"GRADUAÇÃO";"Campus Central";"4C4";"2014";"1";"2014-01-27";"2014-06-14";"24T34 5T56";"14";"30";"REGULAR";"f";"2014-06-17 09:30:09.143";"f";"";"110";"CONSOLIDADA";"";"Presencial";
"1223490";"01";"23956";"";"";"54841";"STRICTO SENSU";"";"DCA - Sala 2";"2014";"1";"2014-01-27";"2014-06-14";"35M34";"7";"20";"REGULAR";"f";"2014-06-20 11:32:44.742";"f";"";"72";"CONSOLIDADA";"";"Presencial";
"1223491";"01";"19048";"";"";"49494";"GRADUAÇÃO";"Campus Central";"4G4";"2014";"1";"2014-01-27";"2014-06-14";"2T1234 (27/01/2014 - 14/06/2014)";"69";"25";"REGULAR";"f";"2014-06-20 22:56:17.191";"f";"";"68";"CONSOLIDADA";"";"Presencial";
"1223492";"01";"5752243";"";"";"52976";"GRADUAÇÃO";"Campus Central";"4 H4";"2014";"1";"2014-01-27";"2014-05-02";"5T5234 (27/01/2014 - 02/05/2014)";"22";"14";"REGULAR";"f";"2014-06-09 19:04:33.751";"f";"";"50";"CONSOLIDADA";"";"Presencial";
"1223493";"02";"21604";"";"";"52976";"GRADUAÇÃO";"Campus Central";"4 H4";"2014";"1";"2014-01-27";"2014-05-02";"5T5234 (27/01/2014 - 02/05/2014)";"12";"15";"REGULAR";"f";"2014-06-05 17:10:04.805";"f";"";"51";"CONSOLIDADA";"";"Presencial";
"1223494";"01";"5756070";"";"";"24630";"GRADUAÇÃO";"Campus Central";"4 G2";"2014";"1";"2014-01-27";"2014-06-14";"36M123";"1";"22";"REGULAR";"f";"2014-06-17 11:55:37.628";"f";"";"111";"CONSOLIDADA";"";"Presencial";
"1223495";"01";"5755965";"";"";"24626";"GRADUAÇÃO";"Campus Central";"4 H4";"2014";"1";"2014-01-27";"2014-06-14";"4M3456";"9";"22";"REGULAR";"f";"2014-06-09 21:27:50.763";"f";"";"72";"CONSOLIDADA";"";"Presencial";
"1223496";"03";"5756602";"";"";"26078";"GRADUAÇÃO";"Campus Central";"4 H1";"2014";"1";"2014-01-27";"2014-06-14";"24T12";"22";"25";"REGULAR";"f";"2014-06-16 11:01:48.239";"f";"";"72";"CONSOLIDADA";"";"Presencial";
"1223497";"04";"5756602";"";"";"26078";"GRADUAÇÃO";"Campus Central";"4 H1";"2014";"1";"2014-01-27";"2014-06-14";"24T34";"29";"27";"REGULAR";"f";"2014-06-16 11:03:31.99";"f";"";"72";"CONSOLIDADA";"";"Presencial";
"1223499";"01A";"34292";"";"";"26570";"GRADUAÇÃO";"Campus Central";"Anfiteatro do DBF - CB - Piso Superior";"2014";"1";"2014-01-27";"2014-06-14";"24M12";"32";"20";"REGULAR";"f";"2014-06-17 09:27:33.811";"f";"1223498";"70";"CONSOLIDADA";"";"Presencial";
"1223499";"01A";"17583";"";"";"26570";"GRADUAÇÃO";"Campus Central";"Anfiteatro do DBF - CB - Piso Superior";"2014";"1";"2014-01-27";"2014-06-14";"24M12";"32";"20";"REGULAR";"f";"2014-06-17 09:27:33.811";"f";"1223498";"70";"CONSOLIDADA";"";"Presencial";
"1223500";"01B";"17583";"";"";"26570";"GRADUAÇÃO";"Campus Central";"Anfiteatro do DBF - CB - Piso Superior";"2014";"1";"2014-01-27";"2014-06-14";"24M12";"8";"20";"REGULAR";"f";"2014-06-17 09:27:31.273";"f";"1223498";"70";"CONSOLIDADA";"";"Presencial";
"1223500";"01B";"34292";"";"";"26570";"GRADUAÇÃO";"Campus Central";"Anfiteatro do DBF - CB - Piso Superior";"2014";"1";"2014-01-27";"2014-06-14";"24M12";"8";"20";"REGULAR";"f";"2014-06-17 09:27:31.273";"f";"1223498";"70";"CONSOLIDADA";"";"Presencial";
"1223502";"02A";"5753311";"";"";"26570";"GRADUAÇÃO";"Campus Central";"Anfiteatro do DBF - CB - Piso Superior";"2014";"1";"2014-01-27";"2014-06-14";"24N34";"31";"20";"REGULAR";"f";"2014-06-18 19:15:18.979";"f";"1223501";"66";"CONSOLIDADA";"";"Presencial";
"1223502";"02A";"5752590";"";"";"26570";"GRADUAÇÃO";"Campus Central";"Anfiteatro do DBF - CB - Piso Superior";"2014";"1";"2014-01-27";"2014-06-14";"24N34";"31";"20";"REGULAR";"f";"2014-06-18 19:15:18.979";"f";"1223501";"66";"CONSOLIDADA";"";"Presencial";
"1223503";"02B";"5752590";"";"";"26570";"GRADUAÇÃO";"Campus Central";"Anfiteatro do DBF - CB - Piso Superior";"2014";"1";"2014-01-27";"2014-06-14";"24N34";"6";"20";"REGULAR";"f";"2014-06-18 19:15:19.911";"f";"1223501";"66";"CONSOLIDADA";"";"Presencial";
"1223503";"02B";"5753311";"";"";"26570";"GRADUAÇÃO";"Campus Central";"Anfiteatro do DBF - CB - Piso Superior";"2014";"1";"2014-01-27";"2014-06-14";"24N34";"6";"20";"REGULAR";"f";"2014-06-18 19:15:19.911";"f";"1223501";"66";"CONSOLIDADA";"";"Presencial";
"1223504";"01";"19009";"";"";"24628";"GRADUAÇÃO";"Campus Central";"4 G2";"2014";"1";"2014-01-27";"2014-06-14";"6M456";"3";"22";"REGULAR";"f";"2014-06-11 15:10:33.975";"f";"";"51";"CONSOLIDADA";"";"Presencial";
"1223505";"01";"24038";"";"";"20281";"GRADUAÇÃO";"Campus Central";"4 H3";"2014";"1";"2014-01-27";"2014-06-14";"4M456";"22";"20";"REGULAR";"f";"2014-06-13 12:14:10.118";"f";"";"51";"CONSOLIDADA";"";"Presencial";
"1223506";"01";"17572";"";"";"20278";"GRADUAÇÃO";"Campus Central";"4 H3";"2014";"1";"2014-01-27";"2014-06-14";"2M3456";"21";"21";"REGULAR";"f";"2014-06-13 17:11:35.55";"f";"";"68";"CONSOLIDADA";"";"Presencial";
"1223507";"01";"5756070";"";"";"20282";"GRADUAÇÃO";"Campus Central";"4 H3";"2014";"1";"2014-01-27";"2014-06-14";"36M56";"21";"21";"REGULAR";"f";"2014-06-17 11:58:37.573";"f";"";"74";"CONSOLIDADA";"";"Presencial";
"1223508";"01";"5755351";"";"";"20279";"GRADUAÇÃO";"Campus Central";"4 H3";"2014";"1";"2014-01-27";"2014-06-14";"5M3456";"20";"20";"REGULAR";"f";"2014-06-06 11:45:21.104";"f";"";"68";"CONSOLIDADA";"";"Presencial";
"1223509";"01";"5755965";"";"";"20277";"GRADUAÇÃO";"Campus Central";"4 H3";"2014";"1";"2014-01-27";"2014-06-14";"3M234";"22";"21";"REGULAR";"f";"2014-06-14 09:44:14.735";"f";"";"54";"CONSOLIDADA";"";"Presencial";
"1223510";"01";"5755419";"";"";"24650";"GRADUAÇÃO";"Campus Central";"4 H3";"2014";"1";"2014-01-27";"2014-06-14";"25M12";"22";"21";"REGULAR";"f";"2014-06-16 18:37:35.832";"f";"";"72";"CONSOLIDADA";"";"Presencial";
"1223511";"01";"22822";"";"";"24645";"GRADUAÇÃO";"Campus Central";"4 H4";"2014";"1";"2014-01-27";"2014-06-14";"5M3456";"19";"25";"REGULAR";"f";"2014-06-17 09:44:00.985";"f";"";"68";"CONSOLIDADA";"";"Presencial";
"1223513";"01";"5755419";"";"";"20290";"GRADUAÇÃO";"Campus Central";"4 G3";"2014";"1";"2014-01-27";"2014-06-14";"6M3456";"19";"25";"REGULAR";"f";"2014-06-16 18:28:25.659";"f";"";"72";"CONSOLIDADA";"";"Presencial";
"1223515";"01";"5753648";"";"";"54143";"GRADUAÇÃO";"Campus Central";"Campus Central";"2014";"1";"2014-01-27";"2014-06-14";"7M1234";"";"12";"REGULAR";"f";"2014-07-07 09:34:42.407";"f";"";"80";"CONSOLIDADA";"";"Presencial";
"1223516";"02";"19048";"";"";"49494";"GRADUAÇÃO";"Campus Central";"Setor IV";"2014";"1";"2014-01-27";"2014-06-14";"2N1234 (27/01/2014 - 14/06/2014)";"12";"25";"REGULAR";"f";"2014-06-20 22:21:42.597";"f";"";"68";"CONSOLIDADA";"";"Presencial";
"1223517";"01";"26007";"";"";"48854";"GRADUAÇÃO";"Campus Central";"Sala da professora";"2014";"1";"2014-01-27";"2014-06-14";"5N1234";"";"2";"REGULAR";"f";"2014-06-10 19:52:16";"f";"";"68";"CONSOLIDADA";"";"Presencial";
"1223518";"01";"26007";"";"";"48856";"GRADUAÇÃO";"Campus Central";"Sala da professora";"2014";"1";"2014-01-27";"2014-06-14";"6N1234";"";"2";"REGULAR";"f";"";"f";"";"";"EXCLUÍDA";"";"Presencial";
"1223519";"01";"5756437";"";"";"25248";"GRADUAÇÃO";"Campus Central";"3G3";"2014";"1";"2014-01-27";"2014-06-14";"24T56";"51";"40";"REGULAR";"f";"2014-06-15 11:14:04.544";"f";"";"72";"CONSOLIDADA";"";"Presencial";
"1223520";"01";"115827";"";"";"26923";"GRADUAÇÃO";"Campus Central";"3E3";"2014";"1";"2014-01-27";"2014-06-14";"24M34";"23";"30";"REGULAR";"f";"2014-06-13 21:50:04.141";"f";"";"68";"CONSOLIDADA";"";"Presencial";
"1223520";"01";"5755408";"";"";"26923";"GRADUAÇÃO";"Campus Central";"3E3";"2014";"1";"2014-01-27";"2014-06-14";"24M34";"23";"30";"REGULAR";"f";"2014-06-13 21:50:04.141";"f";"";"68";"CONSOLIDADA";"";"Presencial";
"1223521";"01";"5756592";"";"";"21705";"GRADUAÇÃO";"Campus Central";"3D5";"2014";"1";"2014-01-27";"2014-06-14";"24M34";"9";"25";"REGULAR";"f";"2014-06-20 14:27:00.077";"f";"";"72";"CONSOLIDADA";"";"Presencial";
"1223521";"01";"25978";"";"";"21705";"GRADUAÇÃO";"Campus Central";"3D5";"2014";"1";"2014-01-27";"2014-06-14";"24M34";"9";"25";"REGULAR";"f";"2014-06-20 14:27:00.077";"f";"";"72";"CONSOLIDADA";"";"Presencial";
"1223522";"01";"5755047";"";"";"26920";"GRADUAÇÃO";"Campus Central";"LCC";"2014";"1";"2014-01-27";"2014-06-14";"24T12";"31";"35";"REGULAR";"f";"2014-06-19 10:16:29.593";"f";"";"70";"CONSOLIDADA";"";"Presencial";
"1223523";"01";"5752241";"";"";"25764";"GRADUAÇÃO";"Campus Central";"IMD - LAB A305";"2014";"1";"2014-01-27";"2014-06-14";"24T56";"56";"50";"REGULAR";"f";"2014-06-13 23:14:26.142";"f";"";"70";"CONSOLIDADA";"";"Presencial";
"1223524";"01";"22933";"";"";"26930";"GRADUAÇÃO";"Campus Central";"3D5";"2014";"1";"2014-01-27";"2014-06-14";"35M12";"2";"20";"REGULAR";"f";"2014-06-12 14:16:40.032";"f";"";"74";"CONSOLIDADA";"";"Presencial";
"1223525";"01";"23713";"";"";"26922";"GRADUAÇÃO";"Campus Central";"3D5";"2014";"1";"2014-01-27";"2014-06-14";"35M34";"2";"20";"REGULAR";"f";"2014-06-11 07:59:44.724";"f";"";"72";"CONSOLIDADA";"";"Presencial";
"1223526";"01";"24853";"";"";"21703";"GRADUAÇÃO";"Campus Central";"3D5";"2014";"1";"2014-01-27";"2014-06-14";"35M56";"3";"20";"REGULAR";"f";"2014-06-11 16:20:52.956";"f";"";"72";"CONSOLIDADA";"";"Presencial";
"1223527";"01";"5755874";"";"";"25247";"GRADUAÇÃO";"Campus Central";"3E3";"2014";"1";"2014-01-27";"2014-06-14";"35T12";"13";"50";"REGULAR";"f";"2014-06-10 15:01:52.784";"f";"";"72";"CONSOLIDADA";"";"Presencial";
"1223528";"01";"64472";"";"";"21717";"GRADUAÇÃO";"Campus Central";"3D5";"2014";"1";"2014-01-27";"2014-06-14";"35T12";"3";"25";"REGULAR";"f";"2014-06-06 17:06:46.223";"f";"";"70";"CONSOLIDADA";"";"Presencial";
"1223529";"01";"5753044";"";"";"2054906";"GRADUAÇÃO";"Campus Central";"IMD - LAB A305";"2014";"1";"2014-01-27";"2014-06-14";"35T34";"15";"27";"REGULAR";"f";"2014-06-23 14:52:46.5";"f";"";"68";"CONSOLIDADA";"";"Presencial";
"1223530";"01";"5755046";"";"";"42161";"GRADUAÇÃO";"Campus Central";"IMD - LAB A307";"2014";"1";"2014-01-27";"2014-06-14";"35T34";"25";"30";"REGULAR";"f";"2014-06-21 13:36:16.237";"f";"";"74";"CONSOLIDADA";"";"Presencial";
"1223531";"01";"5755046";"";"";"42162";"GRADUAÇÃO";"Campus Central";"IMD - LAB A307";"2014";"1";"2014-01-27";"2014-06-14";"6T34";"25";"30";"REGULAR";"f";"2014-06-21 13:33:30.032";"f";"";"38";"CONSOLIDADA";"";"Presencial";
"1223532";"02";"5756003";"";"";"25247";"GRADUAÇÃO";"Campus Central";"3E2";"2014";"1";"2014-01-27";"2014-06-14";"35T56";"7";"50";"REGULAR";"f";"2014-06-11 18:09:55.042";"f";"";"68";"CONSOLIDADA";"";"Presencial";
"1223532";"02";"5756437";"";"";"25247";"GRADUAÇÃO";"Campus Central";"3E2";"2014";"1";"2014-01-27";"2014-06-14";"35T56";"7";"50";"REGULAR";"f";"2014-06-11 18:09:55.042";"f";"";"68";"CONSOLIDADA";"";"Presencial";
"1223533";"01";"5755047";"";"";"25258";"GRADUAÇÃO";"Campus Central";"LCC";"2014";"1";"2014-01-27";"2014-06-14";"6M56";"26";"70";"REGULAR";"f";"2014-06-18 19:06:36.92";"f";"";"36";"CONSOLIDADA";"";"Presencial";
"1223534";"01";"5752481";"";"";"2022854";"GRADUAÇÃO";"Campus Central";"3E3";"2014";"1";"2014-01-27";"2014-06-14";"24T12";"31";"40";"REGULAR";"f";"2014-06-20 13:44:13.887";"f";"";"74";"CONSOLIDADA";"";"Presencial";
"1223535";"01";"5752467";"";"";"2022855";"GRADUAÇÃO";"Campus Central";"LCC";"2014";"1";"2014-01-27";"2014-06-14";"2T34";"14";"20";"REGULAR";"f";"2014-06-20 17:49:40.279";"f";"";"36";"CONSOLIDADA";"";"Presencial";
"1223536";"02";"5752467";"";"";"2022855";"GRADUAÇÃO";"Campus Central";"LCC";"2014";"1";"2014-01-27";"2014-06-14";"4T34";"17";"20";"REGULAR";"f";"2014-06-21 10:44:55.982";"f";"";"36";"CONSOLIDADA";"";"Presencial";
"1223537";"01";"26044";"";"";"21759";"GRADUAÇÃO";"Campus Central";"3H7";"2014";"1";"2014-01-27";"2014-06-14";"35T12";"46";"40";"REGULAR";"f";"2014-06-16 10:23:08.619";"f";"";"68";"CONSOLIDADA";"";"Presencial";
"1223537";"01";"5756003";"";"";"21759";"GRADUAÇÃO";"Campus Central";"3H7";"2014";"1";"2014-01-27";"2014-06-14";"35T12";"46";"40";"REGULAR";"f";"2014-06-16 10:23:08.619";"f";"";"68";"CONSOLIDADA";"";"Presencial";
"1223538";"01";"18154";"";"";"23499";"GRADUAÇÃO";"Campus Central";"3B3";"2014";"1";"2014-01-27";"2014-06-14";"246T34";"16";"40";"REGULAR";"f";"2014-06-18 15:36:24.183";"f";"";"102";"CONSOLIDADA";"";"Presencial";
"1223539";"02";"18154";"";"";"23499";"GRADUAÇÃO";"Campus Central";"3C4";"2014";"1";"2014-01-27";"2014-06-14";"246N12";"12";"40";"REGULAR";"f";"2014-06-18 15:56:42.021";"f";"";"106";"CONSOLIDADA";"";"Presencial";
"1223540";"02";"5756437";"";"";"25248";"GRADUAÇÃO";"Campus Central";"3E1";"2014";"1";"2014-01-27";"2014-06-14";"35T34";"26";"60";"REGULAR";"f";"2014-06-15 11:18:32.284";"f";"";"70";"CONSOLIDADA";"";"Presencial";
"1223540";"02";"5756003";"";"";"25248";"GRADUAÇÃO";"Campus Central";"3E1";"2014";"1";"2014-01-27";"2014-06-14";"35T34";"26";"60";"REGULAR";"f";"2014-06-15 11:18:32.284";"f";"";"70";"CONSOLIDADA";"";"Presencial";
"1223541";"03";"5756437";"";"";"25248";"GRADUAÇÃO";"Campus Central";"3E1";"2014";"1";"2014-01-27";"2014-06-14";"2M3456";"52";"49";"REGULAR";"f";"2014-06-11 18:17:22.465";"f";"";"72";"CONSOLIDADA";"";"Presencial";
"1223542";"03";"25868";"";"";"25247";"GRADUAÇÃO";"Campus Central";"3E2";"2014";"1";"2014-01-27";"2014-06-14";"35M56";"12";"40";"REGULAR";"f";"2014-06-13 14:40:38.45";"f";"";"74";"CONSOLIDADA";"";"Presencial";
"1223543";"04";"5756412";"";"";"25247";"GRADUAÇÃO";"Campus Central";"3G4";"2014";"1";"2014-01-27";"2014-06-14";"35M56";"28";"55";"REGULAR";"f";"2014-06-17 12:19:41.548";"f";"";"84";"CONSOLIDADA";"";"Presencial";
"1223544";"05";"5755874";"";"";"25247";"GRADUAÇÃO";"Campus Central";"3G1";"2014";"1";"2014-01-27";"2014-06-14";"35T34";"15";"50";"REGULAR";"f";"2014-06-10 16:52:34.103";"f";"";"72";"CONSOLIDADA";"";"Presencial";
"1223545";"06";"21618";"";"";"25247";"GRADUAÇÃO";"Campus Central";"3E3";"2014";"1";"2014-01-27";"2014-06-14";"35T56";"44";"50";"REGULAR";"f";"2014-06-20 11:49:55.575";"f";"";"74";"CONSOLIDADA";"";"Presencial";
"1223546";"01";"5756479";"";"";"21753";"GRADUAÇÃO";"Campus Central";"3E1";"2014";"1";"2014-01-27";"2014-06-14";"35T56";"23";"40";"REGULAR";"f";"2014-06-20 00:34:46.37";"f";"";"68";"CONSOLIDADA";"";"Presencial";
"1223547";"07";"5756479";"";"";"25247";"GRADUAÇÃO";"Campus Central";"3E1";"2014";"1";"2014-01-27";"2014-06-14";"35T12";"2";"30";"REGULAR";"f";"2014-06-20 00:30:06.409";"f";"";"72";"CONSOLIDADA";"";"Presencial";
"1223548";"08";"21618";"";"";"25247";"GRADUAÇÃO";"Campus Central";"3A2";"2014";"1";"2014-01-27";"2014-06-14";"35N12";"58";"45";"REGULAR";"f";"2014-06-20 11:54:40.888";"f";"";"74";"CONSOLIDADA";"";"Presencial";
"1223549";"09";"5756003";"";"";"25247";"GRADUAÇÃO";"Campus Central";"3E1";"2014";"1";"2014-01-27";"2014-06-14";"35N12";"19";"40";"REGULAR";"f";"2014-06-20 00:32:50.63";"f";"";"66";"CONSOLIDADA";"";"Presencial";
"1223549";"09";"5756479";"";"";"25247";"GRADUAÇÃO";"Campus Central";"3E1";"2014";"1";"2014-01-27";"2014-06-14";"35N12";"19";"40";"REGULAR";"f";"2014-06-20 00:32:50.63";"f";"";"66";"CONSOLIDADA";"";"Presencial";
"1223550";"02";"115827";"";"";"21753";"GRADUAÇÃO";"Campus Central";"3E1";"2014";"1";"2014-01-27";"2014-06-14";"24T56";"12";"20";"REGULAR";"f";"2014-06-18 23:02:41.961";"f";"";"72";"CONSOLIDADA";"";"Presencial";
"1223551";"01";"5752467";"";"";"21791";"GRADUAÇÃO";"Campus Central";"3A4";"2014";"1";"2014-01-27";"2014-06-14";"35M56";"30";"40";"REGULAR";"f";"2014-06-20 16:59:43.698";"f";"";"72";"CONSOLIDADA";"";"Presencial";
"1223552";"01";"26012";"";"";"21779";"GRADUAÇÃO";"Campus Central";"3A2";"2014";"1";"2014-01-27";"2014-06-14";"35M56";"35";"40";"REGULAR";"f";"2014-06-21 23:00:43.657";"f";"";"74";"CONSOLIDADA";"";"Presencial";
"1223553";"01";"25868";"";"";"21783";"GRADUAÇÃO";"Campus Central";"3E3";"2014";"1";"2014-01-27";"2014-06-14";"35M34";"19";"40";"REGULAR";"f";"2014-06-13 14:48:49.286";"f";"";"74";"CONSOLIDADA";"";"Presencial";
"1223554";"01";"5752378";"";"";"49505";"GRADUAÇÃO";"Campus Central";"Setor IV";"2014";"1";"2014-01-27";"2014-06-14";"24T34 (27/01/2014 - 14/06/2014)";"21";"25";"REGULAR";"f";"2014-06-13 09:49:59.427";"f";"";"72";"CONSOLIDADA";"";"Presencial";
"1223555";"02";"5752378";"";"";"49505";"GRADUAÇÃO";"Campus Central";"4I6";"2014";"1";"2014-01-27";"2014-06-14";"24N12 (27/01/2014 - 14/06/2014)";"24";"25";"REGULAR";"f";"2014-06-13 11:38:05.179";"f";"";"74";"CONSOLIDADA";"";"Presencial";
"1223556";"01";"5752378";"";"";"21327";"GRADUAÇÃO";"Campus Central";"4C1";"2014";"1";"2014-01-27";"2014-06-14";"35T34";"3";"6";"REGULAR";"f";"2014-06-13 09:26:49.749";"f";"";"74";"CONSOLIDADA";"";"Presencial";
"1223557";"01";"5753771";"";"";"49503";"GRADUAÇÃO";"Campus Central";"4B3";"2014";"1";"2014-01-27";"2014-06-14";"35N12 (27/01/2014 - 14/06/2014)";"21";"25";"REGULAR";"f";"2014-06-15 16:01:02.501";"f";"";"74";"CONSOLIDADA";"";"Presencial";
"1223558";"01";"5753771";"";"";"49493";"GRADUAÇÃO";"Campus Central";"4B3";"2014";"1";"2014-01-27";"2014-06-14";"35T56 (27/01/2014 - 14/06/2014)";"20";"25";"REGULAR";"f";"2014-06-11 16:36:41.972";"f";"";"72";"CONSOLIDADA";"";"Presencial";
"1223559";"01";"5753561";"";"";"47001";"GRADUAÇÃO";"Campus Central";"4C5";"2014";"1";"2014-01-27";"2014-06-14";"46M56";"18";"40";"REGULAR";"f";"2014-06-13 12:44:39.049";"f";"";"70";"CONSOLIDADA";"";"Presencial";
"1223560";"02";"18677";"";"";"49493";"GRADUAÇÃO";"Campus Central";"4C1";"2014";"1";"2014-01-27";"2014-06-14";"35M34 (27/01/2014 - 14/06/2014)";"37";"32";"REGULAR";"f";"2014-06-10 09:10:49.113";"f";"";"72";"CONSOLIDADA";"";"Presencial";
"1223561";"01";"5753761";"";"";"52447";"GRADUAÇÃO";"Campus Central";"4I6";"2014";"1";"2014-01-27";"2014-06-14";"35T34 (27/01/2014 - 14/06/2014)";"53";"40";"REGULAR";"f";"2014-06-19 22:18:28.47";"f";"";"68";"CONSOLIDADA";"";"Presencial";
"1223562";"01";"5755423";"";"";"49492";"GRADUAÇÃO";"Campus Central";"4A6";"2014";"1";"2014-01-27";"2014-06-14";"35T12 (27/01/2014 - 14/06/2014)";"62";"36";"REGULAR";"f";"2014-06-19 15:04:37.578";"f";"";"66";"CONSOLIDADA";"";"Presencial";
"1223563";"01";"23842";"";"";"47049";"GRADUAÇÃO";"Campus Central";"4E3";"2014";"1";"2014-01-27";"2014-06-14";"24T56";"4";"20";"REGULAR";"f";"2014-06-13 09:29:27.825";"f";"";"68";"CONSOLIDADA";"";"Presencial";
"1223564";"02";"18423";"";"";"49492";"GRADUAÇÃO";"Campus Central";"4I5";"2014";"1";"2014-01-27";"2014-06-14";"24N12 (27/01/2014 - 14/06/2014)";"34";"33";"REGULAR";"f";"2014-06-13 11:10:42.681";"f";"";"68";"CONSOLIDADA";"";"Presencial";
"1223565";"01";"5756001";"";"";"46719";"GRADUAÇÃO";"Campus Central";"414";"2014";"1";"2014-01-27";"2014-06-14";"3N123";"1";"20";"REGULAR";"f";"2014-06-13 17:38:13.036";"f";"";"54";"CONSOLIDADA";"";"Presencial";
"1223566";"01";"5755906";"";"";"47061";"GRADUAÇÃO";"Campus Central";"4B1";"2014";"1";"2014-01-27";"2014-06-14";"35M34";"44";"25";"REGULAR";"f";"2014-06-10 22:09:56.652";"f";"";"68";"CONSOLIDADA";"";"Presencial";
"1223566";"01";"5753631";"";"";"47061";"GRADUAÇÃO";"Campus Central";"4B1";"2014";"1";"2014-01-27";"2014-06-14";"35M34";"44";"25";"REGULAR";"f";"2014-06-10 22:09:56.652";"f";"";"68";"CONSOLIDADA";"";"Presencial";
"1223567";"01";"25437";"";"";"48331";"GRADUAÇÃO";"Campus Central";"4A1";"2014";"1";"2014-01-27";"2014-06-14";"35T34 (27/01/2014 - 14/06/2014)";"57";"50";"REGULAR";"f";"2014-06-21 17:55:41.443";"f";"";"74";"CONSOLIDADA";"";"Presencial";
"1223568";"02";"25437";"";"";"49503";"GRADUAÇÃO";"Campus Central";"4A1";"2014";"1";"2014-01-27";"2014-06-14";"35T12 (27/01/2014 - 14/06/2014)";"25";"30";"REGULAR";"f";"2014-06-21 17:11:05.764";"f";"";"74";"CONSOLIDADA";"";"Presencial";
"1223569";"01";"5755906";"";"";"47040";"GRADUAÇÃO";"Campus Central";"4C1";"2014";"1";"2014-01-27";"2014-06-14";"24M12";"13";"20";"REGULAR";"f";"2014-06-09 20:57:36.376";"f";"";"68";"CONSOLIDADA";"";"Presencial";
"1223569";"01";"5753631";"";"";"47040";"GRADUAÇÃO";"Campus Central";"4C1";"2014";"1";"2014-01-27";"2014-06-14";"24M12";"13";"20";"REGULAR";"f";"2014-06-09 20:57:36.376";"f";"";"68";"CONSOLIDADA";"";"Presencial";
"1223570";"01";"18202";"";"";"49504";"GRADUAÇÃO";"Campus Central";"4I7";"2014";"1";"2014-01-27";"2014-06-14";"35T34 (27/01/2014 - 14/06/2014)";"20";"30";"REGULAR";"f";"2014-06-04 15:45:44.032";"f";"";"70";"CONSOLIDADA";"";"Presencial";
"1223571";"02";"18202";"";"";"49504";"GRADUAÇÃO";"Campus Central";"4C3";"2014";"1";"2014-01-27";"2014-06-14";"35N34 (27/01/2014 - 14/06/2014)";"14";"25";"REGULAR";"f";"2014-06-04 15:51:56.813";"f";"";"66";"CONSOLIDADA";"";"Presencial";
"1223572";"01";"17740";"";"";"46736";"GRADUAÇÃO";"Campus Central";"4A7";"2014";"1";"2014-01-27";"2014-06-14";"6T1234";"10";"20";"REGULAR";"f";"2014-06-04 11:27:11.741";"f";"";"68";"CONSOLIDADA";"";"Presencial";
"1223573";"01";"5753561";"";"";"49512";"GRADUAÇÃO";"Campus Central";"4A8";"2014";"1";"2014-01-27";"2014-06-14";"35N34 (27/01/2014 - 14/06/2014)";"12";"25";"REGULAR";"f";"2014-06-13 11:54:46.594";"f";"";"66";"CONSOLIDADA";"";"Presencial";
"1223574";"02";"5753561";"";"";"49512";"GRADUAÇÃO";"Campus Central";"4F3";"2014";"1";"2014-01-27";"2014-06-14";"35T34 (27/01/2014 - 14/06/2014)";"24";"30";"REGULAR";"f";"2014-06-13 12:07:37.113";"f";"";"66";"CONSOLIDADA";"";"Presencial";
"1223575";"01";"2261705";"";"";"21307";"GRADUAÇÃO";"Campus Central";"4B2";"2014";"1";"2014-01-27";"2014-06-14";"6T234";"7";"7";"REGULAR";"f";"2014-06-13 20:39:42.263";"f";"";"57";"CONSOLIDADA";"";"Presencial";
"1223576";"01";"18210";"";"";"23715";"GRADUAÇÃO";"Campus Central";"Setor IV";"2014";"1";"2014-01-27";"2014-06-14";"2T234 4T23";"6";"6";"REGULAR";"f";"";"f";"";"";"EXCLUÍDA";"";"Presencial";
"1223577";"01";"18210";"";"";"21353";"GRADUAÇÃO";"Campus Central";"4B4";"2014";"1";"2014-01-27";"2014-06-14";"2M12 4M123";"31";"26";"REGULAR";"f";"2014-06-10 15:19:39.835";"f";"";"83";"CONSOLIDADA";"";"Presencial";
"1223578";"01";"5753661";"";"";"47003";"GRADUAÇÃO";"Campus Central";"4F3";"2014";"1";"2014-01-27";"2014-06-14";"246T34";"4";"10";"REGULAR";"f";"2014-06-16 21:00:07.307";"f";"";"112";"CONSOLIDADA";"";"Presencial";
"1223579";"01";"5753661";"";"";"52386";"GRADUAÇÃO";"Campus Central";"4C1";"2014";"1";"2014-01-27";"2014-06-14";"35M56 (27/01/2014 - 14/06/2014)";"4";"10";"REGULAR";"f";"2014-06-16 21:12:51.397";"f";"";"72";"CONSOLIDADA";"";"Presencial";
"1223580";"02";"2261705";"";"";"48331";"GRADUAÇÃO";"Campus Central";"4I4";"2014";"1";"2014-01-27";"2014-06-14";"24N12 (27/01/2014 - 14/06/2014)";"57";"50";"REGULAR";"f";"2014-06-13 20:48:54.778";"f";"";"74";"CONSOLIDADA";"";"Presencial";
"1223581";"01";"5756585";"";"";"21329";"GRADUAÇÃO";"Campus Central";"4B4";"2014";"1";"2014-01-27";"2014-06-14";"35M34";"7";"7";"REGULAR";"f";"2014-06-13 02:22:58.263";"f";"";"66";"CONSOLIDADA";"";"Presencial";
"1223582";"02";"5756585";"";"";"41440";"GRADUAÇÃO";"Campus Central";"4A7";"2014";"1";"2014-01-27";"2014-06-14";"36N34 (27/01/2014 - 14/06/2014)";"27";"25";"REGULAR";"f";"2014-06-13 02:12:22.134";"f";"";"66";"CONSOLIDADA";"";"Presencial";
"1223583";"01";"5756585";"";"";"49490";"GRADUAÇÃO";"Campus Central";"4A10";"2014";"1";"2014-01-27";"2014-06-14";"46T12 (27/01/2014 - 14/06/2014)";"38";"30";"REGULAR";"f";"2014-06-13 02:29:35.417";"f";"";"66";"CONSOLIDADA";"";"Presencial";
"1223584";"02";"5756585";"";"";"49490";"GRADUAÇÃO";"Campus Central";"4A8";"2014";"1";"2014-01-27";"2014-06-14";"4N34 6N12 (27/01/2014 - 14/06/2014)";"17";"25";"REGULAR";"f";"2014-06-13 02:33:48.861";"f";"";"66";"CONSOLIDADA";"";"Presencial";
"1223585";"01";"5753543";"";"";"25713";"GRADUAÇÃO";"Campus Central";"Laboratório de Manufatura";"2014";"1";"2014-01-27";"2014-06-14";"6M1234";"8";"8";"REGULAR";"f";"2014-06-18 15:16:09.851";"f";"";"68";"CONSOLIDADA";"";"Presencial";
"1223586";"01";"5753244";"";"";"43029";"GRADUAÇÃO";"Campus Caicó";"A5";"2014";"1";"2014-01-27";"2014-06-14";"6M1234";"5";"60";"REGULAR";"f";"2014-06-06 19:30:20.145";"f";"";"76";"CONSOLIDADA";"";"Presencial";
"1223587";"01";"5755580";"";"";"51774";"GRADUAÇÃO";"Campus Caicó";"A6";"2014";"1";"2014-01-27";"2014-06-14";"4M1234";"4";"16";"REGULAR";"f";"2014-06-17 23:16:04.873";"f";"";"92";"CONSOLIDADA";"";"Presencial";
"1223588";"01";"25154";"";"";"43041";"GRADUAÇÃO";"Campus Caicó";"A7";"2014";"1";"2014-01-27";"2014-06-14";"5M34 6M12";"30";"50";"REGULAR";"f";"2014-06-21 03:03:28.97";"f";"";"74";"CONSOLIDADA";"";"Presencial";
"1223589";"01";"5752035";"";"";"49501";"GRADUAÇÃO";"Campus Central";"4C2";"2014";"1";"2014-01-27";"2014-06-14";"35T56 (27/01/2014 - 14/06/2014)";"36";"35";"REGULAR";"f";"2014-06-17 22:52:43.819";"f";"";"72";"CONSOLIDADA";"";"Presencial";
"1223590";"01";"23898";"";"";"43033";"GRADUAÇÃO";"Campus Caicó";"A7";"2014";"1";"2014-01-27";"2014-06-14";"2M12 6M34";"31";"50";"REGULAR";"f";"2014-06-11 14:22:20.155";"f";"";"66";"CONSOLIDADA";"";"Presencial";
"1223591";"02";"5752035";"";"";"49501";"GRADUAÇÃO";"Campus Central";"4G4";"2014";"1";"2014-01-27";"2014-06-14";"46T56 (27/01/2014 - 14/06/2014)";"26";"25";"REGULAR";"f";"2014-06-17 22:55:06.685";"f";"";"72";"CONSOLIDADA";"";"Presencial";
"1223592";"01";"5753244";"";"";"43053";"GRADUAÇÃO";"Campus Caicó";"A10";"2014";"1";"2014-01-27";"2014-06-14";"4M1234";"7";"15";"REGULAR";"f";"2014-06-04 18:35:14.021";"f";"";"68";"CONSOLIDADA";"";"Presencial";
"1223593";"01";"5752792";"";"";"2048113";"GRADUAÇÃO";"Campus Caicó";"a definir";"2014";"1";"2014-01-27";"2014-06-14";"4M123456";"";"50";"REGULAR";"f";"";"f";"";"";"EXCLUÍDA";"";"Presencial";
"1223594";"01";"5753661";"";"";"22428";"GRADUAÇÃO";"Campus Central";"4A3";"2014";"1";"2014-01-27";"2014-06-14";"46M56";"15";"12";"REGULAR";"f";"2014-06-16 21:11:23.973";"f";"";"78";"CONSOLIDADA";"";"Presencial";
"1223595";"01";"5755994";"";"";"2048382";"GRADUAÇÃO";"Campus Caicó";"SALA A4";"2014";"1";"2014-01-27";"2014-06-14";"2N1234";"36";"50";"REGULAR";"f";"2014-06-07 13:43:25.328";"f";"";"68";"CONSOLIDADA";"";"Presencial";
"1223596";"01";"5756032";"";"";"43027";"GRADUAÇÃO";"Campus Caicó";"A5";"2014";"1";"2014-01-27";"2014-06-14";"2M34 3M12";"1";"60";"REGULAR";"f";"2014-06-04 19:07:40.188";"f";"";"72";"CONSOLIDADA";"";"Presencial";
"1223597";"01";"5756318";"";"";"43028";"GRADUAÇÃO";"Campus Caicó";"A5";"2014";"1";"2014-01-27";"2014-06-14";"2M12 3M34";"2";"60";"REGULAR";"f";"2014-06-11 19:11:32.649";"f";"";"74";"CONSOLIDADA";"";"Presencial";
"1223598";"01";"5756598";"";"";"43030";"GRADUAÇÃO";"Campus Caicó";"A5";"2014";"1";"2014-01-27";"2014-06-14";"5M1234";"4";"60";"REGULAR";"f";"2014-06-12 12:45:25.114";"f";"";"71";"CONSOLIDADA";"";"Presencial";
"1223599";"01";"5756329";"";"";"43032";"GRADUAÇÃO";"Campus Caicó";"A7";"2014";"1";"2014-01-27";"2014-06-14";"2M34 3M12";"32";"50";"REGULAR";"f";"2014-06-11 10:10:56.558";"f";"";"70";"CONSOLIDADA";"";"Presencial";
"1223600";"01";"5755959";"";"";"2048259";"GRADUAÇÃO";"Campus Caicó";"SALA A5";"2014";"1";"2014-01-27";"2014-06-14";"46N12";"10";"56";"REGULAR";"f";"2014-06-20 21:49:31.06";"f";"";"72";"CONSOLIDADA";"";"Presencial";
"1223601";"01";"20832";"";"";"54901";"GRADUAÇÃO";"Campus Central";"4B4";"2014";"1";"2014-01-27";"2014-06-14";"3M12 46M56";"9";"20";"REGULAR";"f";"";"f";"";"";"EXCLUÍDA";"";"Presencial";
"1223602";"01";"5755423";"";"";"52449";"GRADUAÇÃO";"Campus Central";"Setor IV";"2014";"1";"2014-01-27";"2014-06-14";"35M56 (27/01/2014 - 14/06/2014)";"";"35";"REGULAR";"f";"";"f";"";"";"EXCLUÍDA";"";"Presencial";
"1223603";"02";"5755423";"";"";"52449";"GRADUAÇÃO";"Campus Central";"4C2";"2014";"1";"2014-01-27";"2014-06-14";"24N12 (27/01/2014 - 14/06/2014)";"56";"50";"REGULAR";"f";"2014-06-19 14:25:22.734";"f";"";"66";"CONSOLIDADA";"";"Presencial";
"1223604";"01";"26567";"";"";"2048077";"GRADUAÇÃO";"Campus Caicó";"SALA A1";"2014";"1";"2014-01-27";"2014-06-14";"4M12345";"2";"55";"REGULAR";"f";"2014-06-21 19:51:05.43";"f";"";"96";"CONSOLIDADA";"";"Presencial";
"1223605";"01";"5755571";"";"";"2048078";"GRADUAÇÃO";"Campus Caicó";"SALA A1";"2014";"1";"2014-01-27";"2014-06-14";"3M1234";"7";"55";"REGULAR";"f";"2014-06-14 15:17:01.22";"f";"";"76";"CONSOLIDADA";"";"Presencial";
"1223606";"01";"5755973";"";"";"43084";"GRADUAÇÃO";"Campus Caicó";"A8";"2014";"1";"2014-01-27";"2014-06-14";"34M34";"34";"45";"REGULAR";"f";"2014-06-13 22:15:19.506";"f";"";"72";"CONSOLIDADA";"";"Presencial";
"1223607";"03";"5755423";"";"";"52449";"GRADUAÇÃO";"Campus Central";"4F4";"2014";"1";"2014-01-27";"2014-06-14";"34M56 (27/01/2014 - 14/06/2014)";"65";"50";"REGULAR";"f";"2014-06-19 14:39:53.55";"f";"";"66";"CONSOLIDADA";"";"Presencial";
"1223608";"01";"5753050";"";"";"26126";"GRADUAÇÃO";"Campus Central";"Sala B - DEART";"2014";"1";"2014-01-27";"2014-06-14";"2M1234";"9";"21";"REGULAR";"f";"2014-06-04 12:18:01.243";"f";"";"68";"CONSOLIDADA";"";"Presencial";
"1223609";"01";"5755973";"";"";"43080";"GRADUAÇÃO";"Campus Caicó";"A8";"2014";"1";"2014-01-27";"2014-06-14";"2M34 3M12";"34";"45";"REGULAR";"f";"2014-06-09 00:38:08.448";"f";"";"80";"CONSOLIDADA";"";"Presencial";
"1223610";"02";"5753050";"";"";"26126";"GRADUAÇÃO";"Campus Central";"Sala B - DEART";"2014";"1";"2014-01-27";"2014-06-14";"4M1234";"14";"24";"REGULAR";"f";"2014-06-04 12:15:55.495";"f";"";"68";"CONSOLIDADA";"";"Presencial";
"1223611";"01";"5755057";"";"";"2048079";"GRADUAÇÃO";"Campus Caicó";"a definir";"2014";"1";"2014-01-27";"2014-06-14";"2M12345  3T1";"";"50";"REGULAR";"f";"";"f";"";"";"EXCLUÍDA";"";"Presencial";
"1223612";"01";"26221";"";"";"43083";"GRADUAÇÃO";"Campus Caicó";"A8";"2014";"1";"2014-01-27";"2014-06-14";"6M1234";"32";"45";"REGULAR";"f";"2014-06-14 07:59:20.463";"f";"";"76";"CONSOLIDADA";"";"Presencial";
"1223613";"01";"3031948";"";"";"26129";"GRADUAÇÃO";"Campus Central";"Sala 21 - DEART";"2014";"1";"2014-01-27";"2014-06-14";"35M12";"12";"43";"REGULAR";"f";"2014-06-12 14:15:51.659";"f";"";"72";"CONSOLIDADA";"";"Presencial";
"1223614";"01";"5756376";"";"";"2048101";"GRADUAÇÃO";"Campus Caicó";"SALA A2";"2014";"1";"2014-01-27";"2014-06-14";"5M1234";"30";"50";"REGULAR";"f";"2014-06-13 09:40:02.037";"f";"";"72";"CONSOLIDADA";"";"Presencial";
"1223615";"01";"5754348";"";"";"2049150";"GRADUAÇÃO";"Campus Central";"Sala Umbuzeiro, térreo, 4ª sala, anexo novo CB";"2014";"1";"2014-01-27";"2014-06-14";"35M56";"45";"45";"REGULAR";"f";"2014-06-19 12:33:59.756";"f";"";"68";"CONSOLIDADA";"";"Presencial";
"1223616";"01";"5752555";"";"";"43078";"GRADUAÇÃO";"Campus Caicó";"A8";"2014";"1";"2014-01-27";"2014-06-14";"24M12";"29";"45";"REGULAR";"f";"2014-06-05 14:31:43.826";"f";"";"72";"CONSOLIDADA";"";"Presencial";
"1223617";"01";"5755903";"";"";"2048086";"GRADUAÇÃO";"Campus Caicó";"SALA A2";"2014";"1";"2014-01-27";"2014-06-14";"6M12345";"36";"50";"REGULAR";"f";"2014-06-18 00:18:49.232";"f";"";"95";"CONSOLIDADA";"";"Presencial";
"1223618";"01";"5752792";"";"";"2048105";"GRADUAÇÃO";"Campus Caicó";"a definir";"2014";"1";"2014-01-27";"2014-06-14";"3M12345  3T1";"";"50";"REGULAR";"f";"";"f";"";"";"EXCLUÍDA";"";"Presencial";
"1223619";"01";"5756069";"";"";"26154";"GRADUAÇÃO";"Campus Central";"Sala 18 - DEART";"2014";"1";"2014-01-27";"2014-06-14";"2M12";"46";"31";"REGULAR";"f";"2014-06-11 20:48:06.771";"f";"";"34";"CONSOLIDADA";"";"Presencial";
"1223620";"01";"127199";"";"";"2048087";"GRADUAÇÃO";"Campus Caicó";"a definir";"2014";"1";"2014-01-27";"2014-06-14";"4M12345  4T1";"";"50";"REGULAR";"f";"";"f";"";"";"EXCLUÍDA";"";"Presencial";
"1223621";"01";"23158";"";"";"26137";"GRADUAÇÃO";"Campus Central";"Teatro - DEART";"2014";"1";"2014-01-27";"2014-06-14";"25M3456";"30";"40";"REGULAR";"f";"2014-06-11 21:48:44.205";"f";"";"140";"CONSOLIDADA";"";"Presencial";
"1223622";"02";"26307";"";"";"26158";"GRADUAÇÃO";"Campus Central";"Sala 17 - DEART";"2014";"1";"2014-01-27";"2014-06-14";"4M3456";"34";"40";"REGULAR";"f";"2014-06-20 22:03:59.348";"f";"";"76";"CONSOLIDADA";"";"Presencial";
"1223623";"01";"5755985";"";"";"2048094";"GRADUAÇÃO";"Campus Caicó";"SALA A3";"2014";"1";"2014-01-27";"2014-06-14";"6M1234";"39";"50";"REGULAR";"f";"2014-06-20 17:46:48.896";"f";"";"72";"CONSOLIDADA";"";"Presencial";
"1223624";"02";"5756144";"";"";"52447";"GRADUAÇÃO";"Campus Central";"4C1";"2014";"1";"2014-01-27";"2014-06-14";"34N34 (27/01/2014 - 14/06/2014)";"30";"30";"REGULAR";"f";"2014-06-13 09:28:18.209";"f";"";"76";"CONSOLIDADA";"";"Presencial";
"1223625";"01";"5756012";"";"";"26152";"GRADUAÇÃO";"Campus Central";"Sala 19 - DEART";"2014";"1";"2014-01-27";"2014-06-14";"46M12";"11";"40";"REGULAR";"f";"2014-06-11 16:24:10.538";"f";"";"80";"CONSOLIDADA";"";"Presencial";
"1223626";"01";"5755580";"";"";"43088";"GRADUAÇÃO";"Campus Caicó";"A9";"2014";"1";"2014-01-27";"2014-06-14";"6M1234";"34";"45";"REGULAR";"f";"2014-06-17 21:08:08.625";"f";"";"92";"CONSOLIDADA";"";"Presencial";
"1223627";"01";"5756069";"";"";"26157";"GRADUAÇÃO";"Campus Central";"Sala A - DEART";"2014";"1";"2014-01-27";"2014-06-14";"6M3456";"43";"20";"REGULAR";"f";"2014-06-11 20:57:19.854";"f";"";"68";"CONSOLIDADA";"";"Presencial";
"1223628";"01";"5756402";"";"";"43089";"GRADUAÇÃO";"Campus Caicó";"A9";"2014";"1";"2014-01-27";"2014-06-14";"4M1234";"39";"45";"REGULAR";"f";"2014-06-12 23:42:47.049";"f";"";"72";"CONSOLIDADA";"";"Presencial";
"1223629";"01";"5756631";"";"";"24709";"GRADUAÇÃO";"Campus Central";"Sala D - DEART";"2014";"1";"2014-01-27";"2014-06-14";"2T2345";"26";"20";"REGULAR";"f";"2014-06-13 22:42:41.716";"f";"";"76";"CONSOLIDADA";"";"Presencial";
"1223630";"02";"5756631";"";"";"24709";"GRADUAÇÃO";"Campus Central";"Sala D - DEART";"2014";"1";"2014-01-27";"2014-06-14";"2M2345";"18";"20";"REGULAR";"f";"2014-06-13 23:53:40.213";"f";"";"72";"CONSOLIDADA";"";"Presencial";
"1223631";"01";"5753260";"";"";"24999";"GRADUAÇÃO";"Campus Central";"Sala de Aula 2 e Metade da Quadra do Ginasio I";"2014";"1";"2014-01-27";"2014-06-14";"35M56";"19";"65";"REGULAR";"f";"2014-06-13 10:17:19.366";"f";"";"70";"CONSOLIDADA";"";"Presencial";
"1223632";"01";"5756631";"";"";"2036857";"GRADUAÇÃO";"Campus Central";"Sala J - DEART";"2014";"1";"2014-01-27";"2014-06-14";"3T12";"39";"40";"REGULAR";"f";"2014-06-14 10:11:39.486";"f";"";"38";"CONSOLIDADA";"";"Presencial";
"1223633";"01";"5756329";"";"";"43068";"GRADUAÇÃO";"Campus Caicó";"A8";"2014";"1";"2014-01-27";"2014-06-14";"4T1234";"32";"40";"REGULAR";"f";"2014-06-11 11:44:15.778";"f";"";"82";"CONSOLIDADA";"";"Presencial";
"1223634";"01";"5756450";"";"";"2036859";"GRADUAÇÃO";"Campus Central";"Sala K - DEART";"2014";"1";"2014-01-27";"2014-06-14";"4T2345";"39";"40";"REGULAR";"f";"2014-06-13 07:35:57.657";"f";"";"76";"CONSOLIDADA";"";"Presencial";
"1223635";"02";"5756032";"";"";"43027";"GRADUAÇÃO";"Campus Caicó";"A6";"2014";"1";"2014-01-27";"2014-06-14";"3N12 4N34";"6";"45";"REGULAR";"f";"2014-06-04 19:11:08.259";"f";"";"76";"CONSOLIDADA";"";"Presencial";
"1223636";"02";"5756584";"";"";"26561";"GRADUAÇÃO";"Campus Central";"Sala 25 - DEART";"2014";"1";"2014-01-27";"2014-06-14";"3M2345";"11";"20";"REGULAR";"f";"2014-06-09 13:19:05.142";"f";"";"68";"CONSOLIDADA";"";"Presencial";
"1223637";"01";"5756468";"";"";"25012";"GRADUAÇÃO";"Campus Central";"Sala de Aula 2";"2014";"1";"2014-01-27";"2014-06-14";"24M56";"21";"51";"REGULAR";"f";"2014-06-09 16:12:44.505";"f";"";"72";"CONSOLIDADA";"";"Presencial";
"1223638";"02";"5756400";"";"";"43028";"GRADUAÇÃO";"Campus Caicó";"A6";"2014";"1";"2014-01-27";"2014-06-14";"6N1234";"8";"45";"REGULAR";"f";"2014-06-07 21:37:44.69";"f";"";"72";"CONSOLIDADA";"";"Presencial";
"1223639";"01";"5756584";"";"";"2036879";"GRADUAÇÃO";"Campus Central";"Sala 12 - DEART";"2014";"1";"2014-01-27";"2014-06-14";"4T2345";"23";"20";"REGULAR";"f";"2014-06-06 16:54:06.837";"f";"";"68";"CONSOLIDADA";"";"Presencial";
"1223640";"01";"17961";"";"";"25009";"GRADUAÇÃO";"Campus Central";"Sala de Aula 2 e CAD II";"2014";"1";"2014-01-27";"2014-06-14";"35M34";"10";"67";"REGULAR";"f";"2014-06-19 18:27:23.286";"f";"";"68";"CONSOLIDADA";"";"Presencial";
"1223641";"02";"5753244";"";"";"43029";"GRADUAÇÃO";"Campus Caicó";"A6";"2014";"1";"2014-01-27";"2014-06-14";"4N12 5N34";"5";"45";"REGULAR";"f";"2014-06-06 19:25:46.035";"f";"";"70";"CONSOLIDADA";"";"Presencial";
"1223642";"02";"5756584";"";"";"2036879";"GRADUAÇÃO";"Campus Central";"Sala 12 - DEART";"2014";"1";"2014-01-27";"2014-06-14";"3T2345";"13";"20";"REGULAR";"f";"2014-06-06 16:40:04.127";"f";"";"68";"CONSOLIDADA";"";"Presencial";
"1223643";"05";"5755965";"";"";"24583";"GRADUAÇÃO";"Campus Central";"4 G6";"2014";"1";"2014-01-27";"2014-06-14";"24T12";"25";"25";"REGULAR";"f";"2014-06-10 16:54:08.27";"f";"";"70";"CONSOLIDADA";"";"Presencial";
"1223644";"01";"5752681";"";"";"24983";"GRADUAÇÃO";"Campus Central";"Sala de Aula 2 e Sala de Dança";"2014";"1";"2014-01-27";"2014-06-14";"24M34";"19";"51";"REGULAR";"f";"2014-06-11 15:33:25.165";"f";"";"76";"CONSOLIDADA";"";"Presencial";
"1223645";"02";"5756598";"";"";"43030";"GRADUAÇÃO";"Campus Caicó";"A6";"2014";"1";"2014-01-27";"2014-06-14";"3N34 5N12";"4";"50";"REGULAR";"f";"2014-06-12 13:01:12.834";"f";"";"70";"CONSOLIDADA";"";"Presencial";
"1223646";"01";"5752155";"";"";"21212";"GRADUAÇÃO";"Campus Central";"Sala de Aula 4 e Metade da Quadra do Ginasio I";"2014";"1";"2014-01-27";"2014-06-14";"24M56";"39";"50";"REGULAR";"f";"2014-06-06 13:11:53.001";"f";"";"70";"CONSOLIDADA";"";"Presencial";
"1223647";"02";"5756032";"";"";"43041";"GRADUAÇÃO";"Campus Caicó";"A7";"2014";"1";"2014-01-27";"2014-06-14";"2N1234";"24";"45";"REGULAR";"f";"2014-06-04 19:13:03.213";"f";"";"68";"CONSOLIDADA";"";"Presencial";
"1223648";"01";"19175";"";"";"26675";"GRADUAÇÃO";"Campus Central";"Sala de Aula 4 e Laboratório de Ludicidade";"2014";"1";"2014-01-27";"2014-06-14";"35M56";"45";"50";"REGULAR";"f";"2014-06-19 01:20:48.522";"f";"";"72";"CONSOLIDADA";"";"Presencial";
"1223649";"02";"23898";"";"";"43033";"GRADUAÇÃO";"Campus Caicó";"A7";"2014";"1";"2014-01-27";"2014-06-14";"3N34 5N12";"19";"45";"REGULAR";"f";"2014-06-11 14:30:49.083";"f";"";"68";"CONSOLIDADA";"";"Presencial";
"1223650";"01";"5754348";"";"";"51456";"GRADUAÇÃO";"Campus Central";"Sala Catolé, 1º andar, 5ª sala - anexo novo CB";"2014";"1";"2014-01-27";"2014-06-14";"24M56";"36";"42";"REGULAR";"f";"2014-06-19 12:45:33.463";"f";"";"66";"CONSOLIDADA";"";"Presencial";
"1223651";"02";"5756329";"";"";"43032";"GRADUAÇÃO";"Campus Caicó";"A7";"2014";"1";"2014-01-27";"2014-06-14";"6N1234";"20";"45";"REGULAR";"f";"2014-06-13 09:49:44.019";"f";"";"68";"CONSOLIDADA";"";"Presencial";
"1223652";"01";"21718";"";"";"25025";"GRADUAÇÃO";"Campus Central";"Sala de Aula 4 e Pista de Atletismo";"2014";"1";"2014-01-27";"2014-06-14";"24M34";"16";"50";"REGULAR";"f";"2014-06-13 23:01:26.17";"f";"";"70";"CONSOLIDADA";"";"Presencial";
"1223653";"01";"15570";"";"";"41942";"GRADUAÇÃO";"Campus Central";"Sala de Aula 2";"2014";"1";"2014-01-27";"2014-06-14";"24T56";"18";"50";"REGULAR";"f";"2014-06-09 11:23:32.59";"f";"";"66";"CONSOLIDADA";"";"Presencial";
"1223654";"01";"18845";"";"";"21437";"GRADUAÇÃO";"Campus Central";"Sala de Aula 9";"2014";"1";"2014-01-27";"2014-06-14";"35N12";"52";"52";"REGULAR";"f";"2014-06-11 12:23:37.615";"f";"";"72";"CONSOLIDADA";"";"Presencial";
"1223655";"01";"21791";"";"";"43046";"GRADUAÇÃO";"Campus Caicó";"A8";"2014";"1";"2014-01-27";"2014-06-14";"3N34 5N12";"40";"40";"REGULAR";"f";"2014-06-11 08:48:29.639";"f";"";"72";"CONSOLIDADA";"";"Presencial";
"1223656";"01";"5753870";"";"";"46205";"GRADUAÇÃO";"Campus Central";"Setor III Sala F-4";"2014";"1";"2014-01-27";"2014-06-14";"35T123 (27/01/2014 - 14/06/2014)";"24";"25";"REGULAR";"f";"2014-06-21 10:06:49.679";"f";"";"105";"CONSOLIDADA";"";"Presencial";
"1223657";"01";"5752243";"";"";"24655";"GRADUAÇÃO";"Campus Central";"4 H1";"2014";"1";"2014-01-27";"2014-06-14";"4M23456";"26";"28";"REGULAR";"f";"2014-06-14 20:35:09.475";"f";"";"85";"CONSOLIDADA";"";"Presencial";
"1223658";"01";"5753046";"";"";"21439";"GRADUAÇÃO";"Campus Central";"Sala de Aula 5";"2014";"1";"2014-01-27";"2014-06-14";"24M56";"35";"50";"REGULAR";"f";"2014-06-03 19:19:28.4";"f";"";"66";"CONSOLIDADA";"";"Presencial";
"1223659";"01";"5753005";"";"";"46213";"GRADUAÇÃO";"Campus Central";"Setor III Sala E-2";"2014";"1";"2014-01-27";"2014-06-14";"7M12  2N1234 (27/01/2014 - 14/06/2014)";"37";"26";"REGULAR";"f";"2014-06-21 00:17:02.947";"f";"";"110";"CONSOLIDADA";"";"Presencial";
"1223660";"01";"5756427";"";"";"21271";"GRADUAÇÃO";"Campus Central";"Sala de Aula 5";"2014";"1";"2014-01-27";"2014-06-14";"35M34";"47";"50";"REGULAR";"f";"2014-06-11 11:47:29.982";"f";"";"68";"CONSOLIDADA";"";"Presencial";
"1223660";"01";"5752677";"";"";"21271";"GRADUAÇÃO";"Campus Central";"Sala de Aula 5";"2014";"1";"2014-01-27";"2014-06-14";"35M34";"47";"50";"REGULAR";"f";"2014-06-11 11:47:29.982";"f";"";"68";"CONSOLIDADA";"";"Presencial";
"1223661";"01";"5753005";"";"";"46215";"GRADUAÇÃO";"Campus Central";"Setor III Sala B-2";"2014";"1";"2014-01-27";"2014-06-14";"7M34  5T56  5N12 (27/01/2014 - 14/06/2014)";"19";"25";"REGULAR";"f";"2014-06-21 07:57:28.642";"f";"";"110";"CONSOLIDADA";"";"Presencial";
"1223662";"01";"5756431";"";"";"25037";"GRADUAÇÃO";"Campus Central";"Sala de Aula 4 e Piscina Semi-Olimpica";"2014";"1";"2014-01-27";"2014-06-14";"35T34";"21";"23";"REGULAR";"f";"2014-06-05 14:48:31.285";"f";"";"66";"CONSOLIDADA";"";"Presencial";
"1223663";"01";"5756012";"";"";"53375";"GRADUAÇÃO";"Campus Central";"A DEFINIR";"2014";"1";"2014-01-27";"2014-06-14";"3M2345";"";"40";"REGULAR";"f";"";"f";"";"";"EXCLUÍDA";"";"Presencial";
"1223664";"01";"34348";"";"";"25043";"GRADUAÇÃO";"Campus Central";"Sala de Aula 4 e Sala de Lutas";"2014";"1";"2014-01-27";"2014-06-14";"24T34";"11";"40";"REGULAR";"f";"2014-06-09 22:12:07.925";"f";"";"70";"CONSOLIDADA";"";"Presencial";
"1223665";"01";"34348";"";"";"24995";"GRADUAÇÃO";"Campus Central";"Sala de Aula 4";"2014";"1";"2014-01-27";"2014-06-14";"24T56";"15";"40";"REGULAR";"f";"2014-06-04 01:53:34.821";"f";"";"70";"CONSOLIDADA";"";"Presencial";
"1223666";"01";"5752674";"";"";"21229";"GRADUAÇÃO";"Campus Central";"Sala de Aula 8";"2014";"1";"2014-01-27";"2014-06-14";"24M56";"46";"50";"REGULAR";"f";"2014-06-05 09:53:49.293";"f";"";"68";"CONSOLIDADA";"";"Presencial";
"1223667";"01";"5752674";"";"";"53678";"GRADUAÇÃO";"Campus Central";"Sala de Aula 8";"2014";"1";"2014-01-27";"2014-06-14";"35M34";"31";"50";"REGULAR";"f";"2014-06-03 14:59:34.586";"f";"";"66";"CONSOLIDADA";"";"Presencial";
"1223668";"01";"5756071";"";"";"41737";"GRADUAÇÃO";"Campus Central";"ID1";"2014";"1";"2014-01-27";"2014-06-14";"24N34";"9";"45";"REGULAR";"f";"2014-06-10 08:23:34.004";"f";"";"72";"CONSOLIDADA";"";"Presencial";
"1223669";"01";"17227";"";"";"25042";"GRADUAÇÃO";"Campus Central";"Sala de Aula 2 e Ginásio I";"2014";"1";"2014-01-27";"2014-06-14";"35T12";"40";"40";"REGULAR";"f";"2014-06-17 14:21:05.01";"f";"";"66";"CONSOLIDADA";"";"Presencial";
"1223670";"01";"18182";"";"";"25039";"GRADUAÇÃO";"Campus Central";"Sala de Aula 5 e Sala de Dança";"2014";"1";"2014-01-27";"2014-06-14";"35M56";"12";"40";"REGULAR";"f";"2014-06-09 16:00:52.185";"f";"";"68";"CONSOLIDADA";"";"Presencial";
"1223671";"01";"15570";"";"";"26670";"GRADUAÇÃO";"Campus Central";"Sala de Aula 8";"2014";"1";"2014-01-27";"2014-06-14";"24T34";"32";"40";"REGULAR";"f";"2014-06-11 20:36:57.339";"f";"";"70";"CONSOLIDADA";"";"Presencial";
"1223672";"01";"5756468";"";"";"26671";"GRADUAÇÃO";"Campus Central";"Sala de Aula 8";"2014";"1";"2014-01-27";"2014-06-14";"35T56";"6";"40";"REGULAR";"f";"2014-06-06 02:26:02.88";"f";"";"72";"CONSOLIDADA";"";"Presencial";
"1223673";"01";"5756427";"";"";"25049";"GRADUAÇÃO";"Campus Central";"Sala de Aula 8";"2014";"1";"2014-01-27";"2014-06-14";"6T3456";"13";"40";"REGULAR";"f";"2014-06-06 10:22:34.187";"f";"";"70";"CONSOLIDADA";"";"Presencial";
"1223674";"01";"5753260";"";"";"21219";"GRADUAÇÃO";"Campus Central";"Sala de Aula 8 e Metade da Quadra do Ginasio I";"2014";"1";"2014-01-27";"2014-06-14";"35N12";"50";"50";"REGULAR";"f";"2014-06-13 10:11:57.396";"f";"";"68";"CONSOLIDADA";"";"Presencial";
"1223675";"01";"5756353";"";"";"25016";"GRADUAÇÃO";"Campus Central";"Sala de Aula 8";"2014";"1";"2014-01-27";"2014-06-14";"35N34";"35";"50";"REGULAR";"f";"2014-06-12 22:48:12.453";"f";"";"66";"CONSOLIDADA";"";"Presencial";
"1223676";"01";"5755754";"";"";"26668";"GRADUAÇÃO";"Campus Central";"Sala de Aula 8 e Labortaório de Informática";"2014";"1";"2014-01-27";"2014-06-14";"35T34";"15";"25";"REGULAR";"f";"2014-06-13 20:21:52.447";"f";"";"72";"CONSOLIDADA";"";"Presencial";
"1223677";"01";"5756431";"";"";"25047";"GRADUAÇÃO";"Campus Central";"Sala de Aula 5 e Piscina Sermi-Olimpica";"2014";"1";"2014-01-27";"2014-06-14";"35T56";"26";"17";"REGULAR";"f";"2014-06-05 13:51:12.09";"f";"";"66";"CONSOLIDADA";"";"Presencial";
"1223678";"01";"5756607";"";"";"26128";"GRADUAÇÃO";"Campus Central";"Sala A - DEART";"2014";"1";"2014-01-27";"2014-06-14";"2M3456";"25";"25";"REGULAR";"f";"2014-06-26 12:30:29.423";"f";"";"70";"CONSOLIDADA";"";"Presencial";
"1223679";"01";"18306";"";"";"25046";"GRADUAÇÃO";"Campus Central";"Sala de Aula 5 e Núcleo de Yoga";"2014";"1";"2014-01-27";"2014-06-14";"6T3456";"79";"32";"REGULAR";"f";"2014-06-07 20:53:42.228";"f";"";"68";"CONSOLIDADA";"";"Presencial";
"1223680";"02";"5752681";"";"";"24983";"GRADUAÇÃO";"Campus Central";"Sala de Aula 9 e Metade da Quadra do Ginasio I";"2014";"1";"2014-01-27";"2014-06-14";"35N34";"53";"53";"REGULAR";"f";"2014-06-11 15:39:39.634";"f";"";"74";"CONSOLIDADA";"";"Presencial";
"1223681";"01";"5753094";"";"";"25001";"GRADUAÇÃO";"Campus Central";"Sala de Aula 9";"2014";"1";"2014-01-27";"2014-06-14";"24N12";"49";"50";"REGULAR";"f";"2014-06-10 20:17:47.794";"f";"";"68";"CONSOLIDADA";"";"Presencial";
"1223682";"01";"5756427";"";"";"25006";"GRADUAÇÃO";"Campus Central";"Sala de Aula 9";"2014";"1";"2014-01-27";"2014-06-14";"24N34";"4";"40";"REGULAR";"f";"2014-06-06 10:19:04.232";"f";"";"66";"CONSOLIDADA";"";"Presencial";
"1223683";"01";"5755033";"";"";"26664";"GRADUAÇÃO";"Campus Central";"Sala de Aula 1";"2014";"1";"2014-01-27";"2014-06-14";"35N12";"44";"50";"REGULAR";"f";"2014-06-11 13:33:37.562";"f";"";"66";"CONSOLIDADA";"";"Presencial";
"1223684";"01";"5755812";"";"";"21211";"GRADUAÇÃO";"Campus Central";"Sala de Aula 10 e Sala de Ginástica";"2014";"1";"2014-01-27";"2014-06-14";"35N34";"39";"50";"REGULAR";"f";"2014-06-12 20:53:07.929";"f";"";"74";"CONSOLIDADA";"";"Presencial";
"1223685";"01";"18411";"";"";"25014";"GRADUAÇÃO";"Campus Central";"Sala de Aula 10";"2014";"1";"2014-01-27";"2014-06-14";"24N34";"76";"55";"REGULAR";"f";"2014-06-09 23:39:06.429";"f";"";"70";"CONSOLIDADA";"";"Presencial";
"1223686";"02";"5756698";"";"";"48332";"GRADUAÇÃO";"Campus Central";"4B3";"2014";"1";"2014-01-27";"2014-06-14";"46M56 (27/01/2014 - 14/06/2014)";"65";"50";"REGULAR";"f";"2014-06-21 14:27:47.815";"f";"";"68";"CONSOLIDADA";"";"Presencial";
"1223686";"02";"5756389";"";"";"48332";"GRADUAÇÃO";"Campus Central";"4B3";"2014";"1";"2014-01-27";"2014-06-14";"46M56 (27/01/2014 - 14/06/2014)";"65";"50";"REGULAR";"f";"2014-06-21 14:27:47.815";"f";"";"68";"CONSOLIDADA";"";"Presencial";
"1223687";"01";"17227";"";"";"25028";"GRADUAÇÃO";"Campus Central";"Sala de Aula 5 e Campo dos Eucaliptos";"2014";"1";"2014-01-27";"2014-06-14";"24T34";"7";"45";"REGULAR";"f";"2014-06-17 14:19:30.514";"f";"";"70";"CONSOLIDADA";"";"Presencial";
"1223688";"01";"19175";"";"";"21249";"GRADUAÇÃO";"Campus Central";"Sala de Aula 2 e Laboratório de Ludicidade";"2014";"1";"2014-01-27";"2014-06-14";"35T56";"20";"45";"REGULAR";"f";"2014-06-19 03:29:12.908";"f";"";"72";"CONSOLIDADA";"";"Presencial";
"1223689";"02";"18624";"";"";"53678";"GRADUAÇÃO";"Campus Central";"Sala de Aula 5";"2014";"1";"2014-01-27";"2014-06-14";"35T34";"22";"60";"REGULAR";"f";"2014-06-02 08:55:19.144";"f";"";"66";"CONSOLIDADA";"";"Presencial";
"1223690";"01";"18845";"";"";"25045";"GRADUAÇÃO";"Campus Central";"Sala de Aula 5";"2014";"1";"2014-01-27";"2014-06-14";"35N34";"6";"50";"REGULAR";"f";"2014-06-11 12:20:47.245";"f";"";"72";"CONSOLIDADA";"";"Presencial";
"1223691";"01";"17115";"";"";"45117";"GRADUAÇÃO";"Campus Central";"4F2";"2014";"1";"2014-01-27";"2014-06-14";"24N12";"32";"50";"REGULAR";"f";"2014-06-15 19:24:39.227";"f";"";"66";"CONSOLIDADA";"";"Presencial";
"1223692";"01";"20790";"";"";"25038";"GRADUAÇÃO";"Campus Central";"Sala de Aula 4 e Quadra do Ginasio I";"2014";"1";"2014-01-27";"2014-06-14";"35T56";"8";"45";"REGULAR";"f";"2014-06-03 15:44:01.514";"f";"";"68";"CONSOLIDADA";"";"Presencial";
"1223693";"01";"5756353";"";"";"22788";"GRADUAÇÃO";"Campus Central";"Sala de Aula 9";"2014";"1";"2014-01-27";"2014-06-14";"35T56";"72";"52";"REGULAR";"f";"2014-06-12 23:00:24.202";"f";"";"66";"CONSOLIDADA";"";"Presencial";
"1223694";"01";"5753657";"";"";"45118";"GRADUAÇÃO";"Campus Central";"4A3";"2014";"1";"2014-01-27";"2014-06-14";"24N34";"29";"25";"REGULAR";"f";"2014-06-17 12:25:06.135";"f";"";"74";"CONSOLIDADA";"";"Presencial";
"1223695";"01";"5755393";"";"";"21210";"GRADUAÇÃO";"Campus Central";"Sala de Aula 4 e Sala de Musculação";"2014";"1";"2014-01-27";"2014-06-14";"35N12";"23";"60";"REGULAR";"f";"2014-06-12 18:45:04.239";"f";"";"68";"CONSOLIDADA";"";"Presencial";
"1223696";"01";"5753871";"";"";"45120";"GRADUAÇÃO";"Campus Central";"4G5";"2014";"1";"2014-01-27";"2014-06-14";"24N12";"36";"36";"REGULAR";"f";"2014-06-18 10:19:05.966";"f";"";"69";"CONSOLIDADA";"";"Presencial";
"1223697";"01";"34348";"";"";"26662";"GRADUAÇÃO";"Campus Central";"Sala de Aula 4 e Sala de Lutas";"2014";"1";"2014-01-27";"2014-06-14";"6T3456";"40";"40";"REGULAR";"f";"2014-06-04 01:44:35.8";"f";"";"68";"CONSOLIDADA";"";"Presencial";
"1223698";"01";"5755233";"";"";"25036";"GRADUAÇÃO";"Campus Central";"Sala de Aula 4 e Sala de Lutas";"2014";"1";"2014-01-27";"2014-06-14";"24T12";"14";"40";"REGULAR";"f";"2014-06-14 21:49:43.551";"f";"";"74";"CONSOLIDADA";"";"Presencial";
"1223699";"01";"17733";"";"";"45122";"GRADUAÇÃO";"Campus Central";"4I3";"2014";"1";"2014-01-27";"2014-06-14";"24T56";"9";"25";"REGULAR";"f";"2014-06-18 20:24:14.016";"f";"";"72";"CONSOLIDADA";"";"Presencial";
"1223700";"02";"18182";"";"";"25012";"GRADUAÇÃO";"Campus Central";"Sala de Aula 8";"2014";"1";"2014-01-27";"2014-06-14";"24T56";"9";"50";"REGULAR";"f";"2014-06-06 10:00:29.964";"f";"";"70";"CONSOLIDADA";"";"Presencial";
"1223701";"01";"17277";"";"";"45124";"GRADUAÇÃO";"Campus Central";"4A6";"2014";"1";"2014-01-27";"2014-06-14";"35T56";"21";"30";"REGULAR";"f";"2014-06-09 17:29:16.529";"f";"";"68";"CONSOLIDADA";"";"Presencial";
"1223702";"01";"5752251";"";"";"25040";"GRADUAÇÃO";"Campus Central";"Sala de Aula 9 e Sala de Dança";"2014";"1";"2014-01-27";"2014-06-14";"24T56";"51";"50";"REGULAR";"f";"2014-06-02 08:31:28.426";"f";"";"66";"CONSOLIDADA";"";"Presencial";
"1223703";"01";"5756413";"";"";"26156";"GRADUAÇÃO";"Campus Central";"Teatro - DEART";"2014";"1";"2014-01-27";"2014-06-14";"25M12";"8";"40";"REGULAR";"f";"2014-06-20 21:13:35.8";"f";"";"82";"CONSOLIDADA";"";"Presencial";
"1223704";"01";"5756468";"";"";"26665";"GRADUAÇÃO";"Campus Central";"Sala de Aula 9";"2014";"1";"2014-01-27";"2014-06-14";"35T34";"5";"40";"REGULAR";"f";"2014-06-06 03:27:42.186";"f";"";"72";"CONSOLIDADA";"";"Presencial";
"1223705";"01";"5756012";"";"";"26139";"GRADUAÇÃO";"Campus Central";"Teatro - DEART";"2014";"1";"2014-01-27";"2014-06-14";"46M3456";"32";"40";"REGULAR";"f";"2014-06-11 21:44:17.687";"f";"";"148";"CONSOLIDADA";"";"Presencial";
"1223706";"02";"22150";"";"";"25039";"GRADUAÇÃO";"Campus Central";"Sala de Aula 9 e CAD II";"2014";"1";"2014-01-27";"2014-06-14";"5M3456";"19";"40";"REGULAR";"f";"2014-06-05 08:56:27.535";"f";"";"68";"CONSOLIDADA";"";"Presencial";
"1223707";"02";"5753815";"";"";"26145";"GRADUAÇÃO";"Campus Central";"Sala A - DEART";"2014";"1";"2014-01-27";"2014-06-14";"3M3456";"11";"25";"REGULAR";"f";"2014-06-18 12:51:28.151";"f";"";"76";"CONSOLIDADA";"";"Presencial";
"1223708";"01";"18306";"";"";"26677";"GRADUAÇÃO";"Campus Central";"Sala de Aula 10 e Sala de Dança";"2014";"1";"2014-01-27";"2014-06-14";"35T34";"24";"53";"REGULAR";"f";"2014-06-07 20:58:32.457";"f";"";"68";"CONSOLIDADA";"";"Presencial";
"1223709";"01";"20835";"";"";"45156";"GRADUAÇÃO";"Campus Central";"4A6";"2014";"1";"2014-01-27";"2014-06-14";"35N12";"22";"25";"REGULAR";"f";"2014-06-11 12:21:35.335";"f";"";"70";"CONSOLIDADA";"";"Presencial";
"1223710";"01";"5756413";"";"";"26153";"GRADUAÇÃO";"Campus Central";"Sala 17 - DEART";"2014";"1";"2014-01-27";"2014-06-14";"2M3456";"16";"40";"REGULAR";"f";"2014-06-20 21:32:31.441";"f";"";"75";"CONSOLIDADA";"";"Presencial";
"1223711";"01";"5756069";"";"";"25755";"GRADUAÇÃO";"Campus Central";"Sala 18 - DEART";"2014";"1";"2014-01-27";"2014-06-14";"4M12";"53";"25";"REGULAR";"f";"2014-06-11 20:24:50.579";"f";"";"34";"CONSOLIDADA";"";"Presencial";
"1223712";"02";"17908";"";"";"23467";"GRADUAÇÃO";"Campus Central";"4I4";"2014";"1";"2014-01-27";"2014-06-14";"56N123";"27";"45";"REGULAR";"f";"2014-06-18 11:40:36.791";"f";"";"108";"CONSOLIDADA";"";"Presencial";
"1223713";"01";"18081";"";"";"26141";"GRADUAÇÃO";"Campus Central";"Sala 20 - DEART";"2014";"1";"2014-01-27";"2014-06-14";"35M12";"3";"40";"REGULAR";"f";"2014-06-06 22:03:54.376";"f";"";"66";"CONSOLIDADA";"";"Presencial";
"1223714";"01";"5756595";"";"";"43803";"GRADUAÇÃO";"Campus Central";"Sala 20 - DEART";"2014";"1";"2014-01-27";"2014-06-14";"5T1234 7T12345 (27/01/2014 - 14/06/2014)";"25";"40";"REGULAR";"f";"2014-06-13 20:22:48.156";"f";"";"0";"CONSOLIDADA";"";"Presencial";
"1223715";"01";"5756595";"";"";"43805";"GRADUAÇÃO";"Campus Central";"Sala 04 - DEART";"2014";"1";"2014-01-27";"2014-06-14";"7M12345  3T1234 (27/01/2014 - 14/06/2014)";"17";"40";"REGULAR";"f";"2014-06-13 20:24:57.501";"f";"";"0";"CONSOLIDADA";"";"Presencial";
"1223716";"01";"20893";"";"";"25048";"GRADUAÇÃO";"Campus Central";"Sala de Aula 1";"2014";"1";"2014-01-27";"2014-06-14";"24T34";"3";"40";"REGULAR";"f";"";"f";"";"";"EXCLUÍDA";"";"Presencial";
"1223718";"01A";"22766";"";"";"23656";"GRADUAÇÃO";"Campus Central";"HOSPED";"2014";"1";"2014-01-27";"2014-06-14";"2M12  2N3";"56";"57";"REGULAR";"f";"2014-06-11 10:40:51.483";"f";"1223717";"51";"CONSOLIDADA";"";"Presencial";
"1223718";"01A";"5752229";"";"";"23656";"GRADUAÇÃO";"Campus Central";"HOSPED";"2014";"1";"2014-01-27";"2014-06-14";"2M12  2N3";"56";"57";"REGULAR";"f";"2014-06-11 10:40:51.483";"f";"1223717";"51";"CONSOLIDADA";"";"Presencial";
"1223718";"01A";"5756338";"";"";"23656";"GRADUAÇÃO";"Campus Central";"HOSPED";"2014";"1";"2014-01-27";"2014-06-14";"2M12  2N3";"56";"57";"REGULAR";"f";"2014-06-11 10:40:51.483";"f";"1223717";"51";"CONSOLIDADA";"";"Presencial";
"1223718";"01A";"5755029";"";"";"23656";"GRADUAÇÃO";"Campus Central";"HOSPED";"2014";"1";"2014-01-27";"2014-06-14";"2M12  2N3";"56";"57";"REGULAR";"f";"2014-06-11 10:40:51.483";"f";"1223717";"51";"CONSOLIDADA";"";"Presencial";
"1223718";"01A";"5753063";"";"";"23656";"GRADUAÇÃO";"Campus Central";"HOSPED";"2014";"1";"2014-01-27";"2014-06-14";"2M12  2N3";"56";"57";"REGULAR";"f";"2014-06-11 10:40:51.483";"f";"1223717";"51";"CONSOLIDADA";"";"Presencial";
"1223718";"01A";"22203";"";"";"23656";"GRADUAÇÃO";"Campus Central";"HOSPED";"2014";"1";"2014-01-27";"2014-06-14";"2M12  2N3";"56";"57";"REGULAR";"f";"2014-06-11 10:40:51.483";"f";"1223717";"51";"CONSOLIDADA";"";"Presencial";
"1223718";"01A";"18092";"";"";"23656";"GRADUAÇÃO";"Campus Central";"HOSPED";"2014";"1";"2014-01-27";"2014-06-14";"2M12  2N3";"56";"57";"REGULAR";"f";"2014-06-11 10:40:51.483";"f";"1223717";"51";"CONSOLIDADA";"";"Presencial";
"1223718";"01A";"5755735";"";"";"23656";"GRADUAÇÃO";"Campus Central";"HOSPED";"2014";"1";"2014-01-27";"2014-06-14";"2M12  2N3";"56";"57";"REGULAR";"f";"2014-06-11 10:40:51.483";"f";"1223717";"51";"CONSOLIDADA";"";"Presencial";
"1223718";"01A";"5752205";"";"";"23656";"GRADUAÇÃO";"Campus Central";"HOSPED";"2014";"1";"2014-01-27";"2014-06-14";"2M12  2N3";"56";"57";"REGULAR";"f";"2014-06-11 10:40:51.483";"f";"1223717";"51";"CONSOLIDADA";"";"Presencial";
"1223718";"01A";"23007";"";"";"23656";"GRADUAÇÃO";"Campus Central";"HOSPED";"2014";"1";"2014-01-27";"2014-06-14";"2M12  2N3";"56";"57";"REGULAR";"f";"2014-06-11 10:40:51.483";"f";"1223717";"51";"CONSOLIDADA";"";"Presencial";
"1223718";"01A";"23117";"";"";"23656";"GRADUAÇÃO";"Campus Central";"HOSPED";"2014";"1";"2014-01-27";"2014-06-14";"2M12  2N3";"56";"57";"REGULAR";"f";"2014-06-11 10:40:51.483";"f";"1223717";"51";"CONSOLIDADA";"";"Presencial";
"1223718";"01A";"5755855";"";"";"23656";"GRADUAÇÃO";"Campus Central";"HOSPED";"2014";"1";"2014-01-27";"2014-06-14";"2M12  2N3";"56";"57";"REGULAR";"f";"2014-06-11 10:40:51.483";"f";"1223717";"51";"CONSOLIDADA";"";"Presencial";
"1223718";"01A";"5753649";"";"";"23656";"GRADUAÇÃO";"Campus Central";"HOSPED";"2014";"1";"2014-01-27";"2014-06-14";"2M12  2N3";"56";"57";"REGULAR";"f";"2014-06-11 10:40:51.483";"f";"1223717";"51";"CONSOLIDADA";"";"Presencial";
"1223718";"01A";"23833";"";"";"23656";"GRADUAÇÃO";"Campus Central";"HOSPED";"2014";"1";"2014-01-27";"2014-06-14";"2M12  2N3";"56";"57";"REGULAR";"f";"2014-06-11 10:40:51.483";"f";"1223717";"51";"CONSOLIDADA";"";"Presencial";
"1223718";"01A";"37301";"";"";"23656";"GRADUAÇÃO";"Campus Central";"HOSPED";"2014";"1";"2014-01-27";"2014-06-14";"2M12  2N3";"56";"57";"REGULAR";"f";"2014-06-11 10:40:51.483";"f";"1223717";"51";"CONSOLIDADA";"";"Presencial";
"1223720";"01A";"22766";"";"";"28042";"GRADUAÇÃO";"Campus Central";"HOSPED";"2014";"1";"2014-01-27";"2014-06-14";"46M12  35T12";"14";"8";"REGULAR";"f";"2014-06-20 09:44:05.725";"f";"1223719";"134";"CONSOLIDADA";"";"Presencial";
"1223720";"01A";"23833";"";"";"28042";"GRADUAÇÃO";"Campus Central";"HOSPED";"2014";"1";"2014-01-27";"2014-06-14";"46M12  35T12";"14";"8";"REGULAR";"f";"2014-06-20 09:44:05.725";"f";"1223719";"134";"CONSOLIDADA";"";"Presencial";
"1223722";"02A";"5755002";"";"";"28042";"GRADUAÇÃO";"Campus Central";"HOSPED";"2014";"1";"2014-01-27";"2014-06-14";"46M12  35T12";"8";"7";"REGULAR";"f";"2014-06-20 09:46:14.283";"f";"1223721";"134";"CONSOLIDADA";"";"Presencial";
"1223722";"02A";"23117";"";"";"28042";"GRADUAÇÃO";"Campus Central";"HOSPED";"2014";"1";"2014-01-27";"2014-06-14";"46M12  35T12";"8";"7";"REGULAR";"f";"2014-06-20 09:46:14.283";"f";"1223721";"134";"CONSOLIDADA";"";"Presencial";
"1223724";"03A";"22877";"";"";"28042";"GRADUAÇÃO";"Campus Central";"HOSPED";"2014";"1";"2014-01-27";"2014-06-14";"46M12  35T12";"7";"7";"REGULAR";"f";"2014-06-20 09:29:49";"f";"1223723";"134";"CONSOLIDADA";"";"Presencial";
"1223724";"03A";"5755855";"";"";"28042";"GRADUAÇÃO";"Campus Central";"HOSPED";"2014";"1";"2014-01-27";"2014-06-14";"46M12  35T12";"7";"7";"REGULAR";"f";"2014-06-20 09:29:49";"f";"1223723";"134";"CONSOLIDADA";"";"Presencial";
"1223726";"04A";"5756338";"";"";"28042";"GRADUAÇÃO";"Campus Central";"HOSPED";"2014";"1";"2014-01-27";"2014-06-14";"46M12  35T12";"7";"7";"REGULAR";"f";"2014-06-11 11:32:03.461";"f";"1223725";"134";"CONSOLIDADA";"";"Presencial";
"1223726";"04A";"18092";"";"";"28042";"GRADUAÇÃO";"Campus Central";"HOSPED";"2014";"1";"2014-01-27";"2014-06-14";"46M12  35T12";"7";"7";"REGULAR";"f";"2014-06-11 11:32:03.461";"f";"1223725";"134";"CONSOLIDADA";"";"Presencial";
"1223728";"05A";"5752205";"";"";"28042";"GRADUAÇÃO";"Campus Central";"HOSPED";"2014";"1";"2014-01-27";"2014-06-14";"46M12  35T12";"8";"7";"REGULAR";"f";"2014-06-20 09:25:19.809";"f";"1223727";"134";"CONSOLIDADA";"";"Presencial";
"1223728";"05A";"5753649";"";"";"28042";"GRADUAÇÃO";"Campus Central";"HOSPED";"2014";"1";"2014-01-27";"2014-06-14";"46M12  35T12";"8";"7";"REGULAR";"f";"2014-06-20 09:25:19.809";"f";"1223727";"134";"CONSOLIDADA";"";"Presencial";
"1223730";"06A";"22203";"";"";"28042";"GRADUAÇÃO";"Campus Central";"HOSPED";"2014";"1";"2014-01-27";"2014-06-14";"46M12  35T12";"7";"7";"REGULAR";"f";"2014-06-20 09:22:38.955";"f";"1223729";"134";"CONSOLIDADA";"";"Presencial";
"1223730";"06A";"19166";"";"";"28042";"GRADUAÇÃO";"Campus Central";"HOSPED";"2014";"1";"2014-01-27";"2014-06-14";"46M12  35T12";"7";"7";"REGULAR";"f";"2014-06-20 09:22:38.955";"f";"1223729";"134";"CONSOLIDADA";"";"Presencial";
"1223732";"07A";"23007";"";"";"28042";"GRADUAÇÃO";"Campus Central";"HOSPED";"2014";"1";"2014-01-27";"2014-06-14";"46M12  35T12";"8";"7";"REGULAR";"f";"2014-06-11 13:01:48.92";"f";"1223731";"134";"CONSOLIDADA";"";"Presencial";
"1223732";"07A";"37301";"";"";"28042";"GRADUAÇÃO";"Campus Central";"HOSPED";"2014";"1";"2014-01-27";"2014-06-14";"46M12  35T12";"8";"7";"REGULAR";"f";"2014-06-11 13:01:48.92";"f";"1223731";"134";"CONSOLIDADA";"";"Presencial";
"1223734";"08A";"5755002";"";"";"28042";"GRADUAÇÃO";"Campus Central";"HOSPED";"2014";"1";"2014-01-27";"2014-06-14";"46M12  35T12";"7";"7";"REGULAR";"f";"2014-06-20 09:54:07.523";"f";"1223733";"134";"CONSOLIDADA";"";"Presencial";
"1223734";"08A";"5755735";"";"";"28042";"GRADUAÇÃO";"Campus Central";"HOSPED";"2014";"1";"2014-01-27";"2014-06-14";"46M12  35T12";"7";"7";"REGULAR";"f";"2014-06-20 09:54:07.523";"f";"1223733";"134";"CONSOLIDADA";"";"Presencial";
"1223735";"01";"5755393";"";"";"53063";"GRADUAÇÃO";"Campus Central";"Sala de Aula 10";"2014";"1";"2014-01-27";"2014-06-14";"35T56";"16";"50";"REGULAR";"f";"2014-06-12 18:49:02.655";"f";"";"74";"CONSOLIDADA";"";"Presencial";
"1223736";"01";"26118";"";"";"2048652";"GRADUAÇÃO";"Campus Central";"DNA";"2014";"1";"2014-01-27";"2014-06-14";"6M34";"48";"47";"REGULAR";"f";"2014-06-09 14:21:52.766";"f";"";"36";"CONSOLIDADA";"";"Presencial";
"1223736";"01";"5755490";"";"";"2048652";"GRADUAÇÃO";"Campus Central";"DNA";"2014";"1";"2014-01-27";"2014-06-14";"6M34";"48";"47";"REGULAR";"f";"2014-06-09 14:21:52.766";"f";"";"36";"CONSOLIDADA";"";"Presencial";
"1223737";"02";"18414";"";"";"26687";"GRADUAÇÃO";"Campus Central";"S. de Ginástica (Ginástica com equipamentos) e S 1";"2014";"1";"2014-01-27";"2014-06-14";"24M56";"30";"30";"REGULAR";"f";"2014-06-05 10:05:01.084";"f";"";"66";"CONSOLIDADA";"";"Presencial";
"1223738";"09";"";"85659823";"";"39167";"STRICTO SENSU";"";"Centro de Educação";"2014";"1";"2014-02-10";"2014-06-11";"2M1";"6";"6";"REGULAR";"f";"2014-06-14 19:28:30.984";"f";"";"16";"CONSOLIDADA";"";"Presencial";
"1223738";"09";"26242";"";"";"39167";"STRICTO SENSU";"";"Centro de Educação";"2014";"1";"2014-02-10";"2014-06-11";"2M1";"6";"6";"REGULAR";"f";"2014-06-14 19:28:30.984";"f";"";"16";"CONSOLIDADA";"";"Presencial";
"1223738";"09";"26590";"";"";"39167";"STRICTO SENSU";"";"Centro de Educação";"2014";"1";"2014-02-10";"2014-06-11";"2M1";"6";"6";"REGULAR";"f";"2014-06-14 19:28:30.984";"f";"";"16";"CONSOLIDADA";"";"Presencial";
"1223738";"09";"5752201";"";"";"39167";"STRICTO SENSU";"";"Centro de Educação";"2014";"1";"2014-02-10";"2014-06-11";"2M1";"6";"6";"REGULAR";"f";"2014-06-14 19:28:30.984";"f";"";"16";"CONSOLIDADA";"";"Presencial";
"1223739";"03";"18414";"";"";"26687";"GRADUAÇÃO";"Campus Central";"S. de Ginástica (Ginástica com equipamentos) e S 1";"2014";"1";"2014-01-27";"2014-06-14";"35M34";"13";"30";"REGULAR";"f";"2014-06-05 10:28:30.297";"f";"";"66";"CONSOLIDADA";"";"Presencial";
"1223740";"04";"18414";"";"";"26687";"GRADUAÇÃO";"Campus Central";"S. de Ginástica (Ginástica com equipamentos) e S 1";"2014";"1";"2014-01-27";"2014-06-14";"35M56";"26";"30";"REGULAR";"f";"2014-06-05 10:19:29.465";"f";"";"66";"CONSOLIDADA";"";"Presencial";
"1223741";"02";"5756130";"";"";"24858";"GRADUAÇÃO";"Campus Central";"5G2";"2014";"1";"2014-01-27";"2014-06-14";"46M34";"41";"50";"REGULAR";"f";"2014-06-13 17:06:16.616";"f";"";"74";"CONSOLIDADA";"";"Presencial";
"1223742";"02";"60551";"";"";"25264";"GRADUAÇÃO";"Campus Central";"4E6";"2014";"1";"2014-01-27";"2014-06-14";"35T56";"19";"25";"REGULAR";"f";"2014-06-25 22:31:14.489";"f";"";"72";"CONSOLIDADA";"";"Presencial";
"1223743";"05";"18414";"";"";"26687";"GRADUAÇÃO";"Campus Central";"S. de Ginástica (Ginástica com equipamentos) e S 1";"2014";"1";"2014-01-27";"2014-06-14";"24T34";"30";"30";"REGULAR";"f";"2014-06-05 10:35:02.196";"f";"";"66";"CONSOLIDADA";"";"Presencial";
"1223744";"01";"5756688";"";"";"2048653";"GRADUAÇÃO";"Campus Central";"MULUNGÚ";"2014";"1";"2014-01-27";"2014-06-14";"35M56 6M34";"24";"40";"REGULAR";"f";"2014-06-13 13:17:09.801";"f";"";"106";"CONSOLIDADA";"";"Presencial";
"1223744";"01";"5755491";"";"";"2048653";"GRADUAÇÃO";"Campus Central";"MULUNGÚ";"2014";"1";"2014-01-27";"2014-06-14";"35M56 6M34";"24";"40";"REGULAR";"f";"2014-06-13 13:17:09.801";"f";"";"106";"CONSOLIDADA";"";"Presencial";
"1223745";"01";"23158";"";"";"52844";"GRADUAÇÃO";"Campus Central";"Sala 21 - DEART";"2014";"1";"2014-01-27";"2014-06-14";"4M56";"7";"40";"REGULAR";"f";"2014-06-11 21:50:56.831";"f";"";"36";"CONSOLIDADA";"";"Presencial";
"1223746";"02";"5753410";"";"";"2041851";"GRADUAÇÃO";"Campus Central";"1A3";"2014";"1";"2014-01-27";"2014-06-14";"6M12";"25";"50";"REGULAR";"f";"2014-06-11 16:03:33.326";"f";"";"36";"CONSOLIDADA";"";"Presencial";
"1223747";"03";"60551";"";"";"25264";"GRADUAÇÃO";"Campus Central";"4E6";"2014";"1";"2014-01-27";"2014-06-14";"35N12";"27";"25";"REGULAR";"f";"2014-06-25 22:34:37.202";"f";"";"74";"CONSOLIDADA";"";"Presencial";
"1223748";"02";"5756688";"";"";"2048653";"GRADUAÇÃO";"Campus Central";"CATOLÉ";"2014";"1";"2014-01-27";"2014-06-14";"245N34";"22";"32";"REGULAR";"f";"2014-06-13 13:24:16.579";"f";"";"104";"CONSOLIDADA";"";"Presencial";
"1223749";"06";"5755754";"";"";"26687";"GRADUAÇÃO";"Campus Central";"Ginásio I (Ativi. física e emagrecimento) e Sala 1";"2014";"1";"2014-01-27";"2014-06-14";"35T56";"55";"29";"REGULAR";"f";"2014-06-13 22:38:19.223";"f";"";"72";"CONSOLIDADA";"";"Presencial";
"1223750";"07";"5752201";"";"";"39169";"STRICTO SENSU";"";"Centro de Educação";"2014";"1";"2014-02-10";"2014-06-11";"4M1";"4";"4";"REGULAR";"f";"2014-06-17 16:39:29.74";"f";"";"17";"CONSOLIDADA";"";"Presencial";
"1223750";"07";"";"85659823";"";"39169";"STRICTO SENSU";"";"Centro de Educação";"2014";"1";"2014-02-10";"2014-06-11";"4M1";"4";"4";"REGULAR";"f";"2014-06-17 16:39:29.74";"f";"";"17";"CONSOLIDADA";"";"Presencial";
"1223751";"01";"20835";"";"";"45125";"GRADUAÇÃO";"Campus Central";"4A6";"2014";"1";"2014-01-27";"2014-06-14";"35N34";"7";"25";"REGULAR";"f";"2014-06-11 12:01:38.011";"f";"";"68";"CONSOLIDADA";"";"Presencial";
"1223752";"03";"5756379";"";"";"22024";"GRADUAÇÃO";"Campus Central";"1H3";"2014";"1";"2014-01-27";"2014-06-14";"5M1234 6M34";"40";"53";"REGULAR";"f";"2014-06-10 10:18:28.096";"f";"";"104";"CONSOLIDADA";"";"Presencial";
"1223752";"03";"5753410";"";"";"22024";"GRADUAÇÃO";"Campus Central";"1H3";"2014";"1";"2014-01-27";"2014-06-14";"5M1234 6M34";"40";"53";"REGULAR";"f";"2014-06-10 10:18:28.096";"f";"";"104";"CONSOLIDADA";"";"Presencial";
"1223753";"07";"5755754";"";"";"26687";"GRADUAÇÃO";"Campus Central";"Ginásio I (Caminhada) e Sala de Aula 1";"2014";"1";"2014-01-27";"2014-06-14";"24T56";"45";"30";"REGULAR";"f";"2014-06-13 19:46:03.966";"f";"";"74";"CONSOLIDADA";"";"Presencial";
"1223754";"08";"5756431";"";"";"26687";"GRADUAÇÃO";"Campus Central";"Piscina Semi-olimpica (Natação) e Sala 10";"2014";"1";"2014-01-27";"2014-06-14";"35M34";"22";"32";"REGULAR";"f";"2014-06-05 14:45:56.642";"f";"";"66";"CONSOLIDADA";"";"Presencial";
"1223755";"19";"26242";"";"";"39171";"STRICTO SENSU";"";"Centro de Educação";"2014";"1";"2014-02-10";"2014-06-11";"4M1";"1";"2";"REGULAR";"f";"2015-02-20 07:03:20.611";"f";"";"17";"CONSOLIDADA";"";"Presencial";
"1223756";"01";"5755490";"";"";"2048903";"GRADUAÇÃO";"Campus Central";"QUIXABEIRA";"2014";"1";"2014-01-27";"2014-06-14";"246N34";"21";"32";"REGULAR";"f";"2014-06-04 11:27:01.883";"f";"";"98";"CONSOLIDADA";"";"Presencial";
"1223756";"01";"5755491";"";"";"2048903";"GRADUAÇÃO";"Campus Central";"QUIXABEIRA";"2014";"1";"2014-01-27";"2014-06-14";"246N34";"21";"32";"REGULAR";"f";"2014-06-04 11:27:01.883";"f";"";"98";"CONSOLIDADA";"";"Presencial";
"1223757";"09";"34348";"";"";"26687";"GRADUAÇÃO";"Campus Central";"Sala de lutas (Judô) e Sala de Aula 9";"2014";"1";"2014-01-27";"2014-06-14";"24M56";"18";"25";"REGULAR";"f";"2014-06-09 22:03:18.996";"f";"";"70";"CONSOLIDADA";"";"Presencial";
"1223758";"01";"5755491";"";"";"20951";"GRADUAÇÃO";"Campus Central";"MULUNGÚ";"2014";"1";"2014-01-27";"2014-06-14";"2M56 4M345";"29";"40";"REGULAR";"f";"2014-06-12 08:37:13.16";"f";"";"83";"CONSOLIDADA";"";"Presencial";
"1223759";"01";"26307";"";"";"52883";"GRADUAÇÃO";"Campus Central";"Sala 17 - DEART";"2014";"1";"2014-01-27";"2014-06-14";"6M3456";"5";"40";"REGULAR";"f";"2014-06-21 00:51:24.269";"f";"";"68";"CONSOLIDADA";"";"Presencial";
"1223760";"01";"17517";"";"";"45151";"GRADUAÇÃO";"Campus Central";"4I5";"2014";"1";"2014-01-27";"2014-06-14";"24T34";"8";"25";"REGULAR";"f";"2014-06-11 12:13:57.177";"f";"";"74";"CONSOLIDADA";"";"Presencial";
"1223761";"01";"3031948";"";"";"26132";"GRADUAÇÃO";"Campus Central";"Sala 21 - DEART";"2014";"1";"2014-01-27";"2014-06-14";"35M34";"33";"40";"REGULAR";"f";"2014-06-18 14:56:49.656";"f";"";"72";"CONSOLIDADA";"";"Presencial";
"1223762";"01";"64640";"";"";"20993";"GRADUAÇÃO";"Campus Central";"CATOLÉ";"2014";"1";"2014-01-27";"2014-06-14";"3M123 5M12";"9";"20";"REGULAR";"f";"2014-06-05 12:13:22.866";"f";"";"82";"CONSOLIDADA";"";"Presencial";
"1223762";"01";"26118";"";"";"20993";"GRADUAÇÃO";"Campus Central";"CATOLÉ";"2014";"1";"2014-01-27";"2014-06-14";"3M123 5M12";"9";"20";"REGULAR";"f";"2014-06-05 12:13:22.866";"f";"";"82";"CONSOLIDADA";"";"Presencial";
"1223763";"01";"23685";"";"";"45155";"GRADUAÇÃO";"Campus Central";"4A7";"2014";"1";"2014-01-27";"2014-06-14";"24N34";"9";"25";"REGULAR";"f";"2014-06-06 15:21:37.589";"f";"";"68";"CONSOLIDADA";"";"Presencial";
"1223765";"01A";"5753007";"";"";"51463";"GRADUAÇÃO";"Campus Central";"Sala 3 DNUT";"2014";"1";"2014-01-27";"2014-06-14";"2M2345 3M23456";"15";"7";"REGULAR";"f";"2014-06-20 13:28:49.199";"f";"1223764";"167";"CONSOLIDADA";"";"Presencial";
"1223765";"01A";"5755977";"";"";"51463";"GRADUAÇÃO";"Campus Central";"Sala 3 DNUT";"2014";"1";"2014-01-27";"2014-06-14";"2M2345 3M23456";"15";"7";"REGULAR";"f";"2014-06-20 13:28:49.199";"f";"1223764";"167";"CONSOLIDADA";"";"Presencial";
"1223765";"01A";"5753016";"";"";"51463";"GRADUAÇÃO";"Campus Central";"Sala 3 DNUT";"2014";"1";"2014-01-27";"2014-06-14";"2M2345 3M23456";"15";"7";"REGULAR";"f";"2014-06-20 13:28:49.199";"f";"1223764";"167";"CONSOLIDADA";"";"Presencial";
"1223765";"01A";"5756676";"";"";"51463";"GRADUAÇÃO";"Campus Central";"Sala 3 DNUT";"2014";"1";"2014-01-27";"2014-06-14";"2M2345 3M23456";"15";"7";"REGULAR";"f";"2014-06-20 13:28:49.199";"f";"1223764";"167";"CONSOLIDADA";"";"Presencial";
"1223765";"01A";"26267";"";"";"51463";"GRADUAÇÃO";"Campus Central";"Sala 3 DNUT";"2014";"1";"2014-01-27";"2014-06-14";"2M2345 3M23456";"15";"7";"REGULAR";"f";"2014-06-20 13:28:49.199";"f";"1223764";"167";"CONSOLIDADA";"";"Presencial";
"1223766";"01";"26118";"";"";"26590";"GRADUAÇÃO";"Campus Central";"MULUNGÚ";"2014";"1";"2014-01-27";"2014-06-14";"35T56";"29";"50";"REGULAR";"f";"2014-06-08 16:20:16.333";"f";"";"66";"CONSOLIDADA";"";"Presencial";
"1223766";"01";"64640";"";"";"26590";"GRADUAÇÃO";"Campus Central";"MULUNGÚ";"2014";"1";"2014-01-27";"2014-06-14";"35T56";"29";"50";"REGULAR";"f";"2014-06-08 16:20:16.333";"f";"";"66";"CONSOLIDADA";"";"Presencial";
"1223767";"02";"17227";"";"";"26688";"GRADUAÇÃO";"Campus Central";"Piscina Semi-olimpica (Natação) e Sala 1";"2014";"1";"2014-01-27";"2014-06-14";"35T34";"26";"25";"REGULAR";"f";"2014-06-05 14:37:53.695";"f";"";"68";"CONSOLIDADA";"";"Presencial";
"1223768";"01";"5753096";"";"";"45159";"GRADUAÇÃO";"Campus Central";"4I5";"2014";"1";"2014-01-27";"2014-06-14";"35N12";"14";"20";"REGULAR";"f";"2014-06-14 09:59:05.207";"f";"";"72";"CONSOLIDADA";"";"Presencial";
"1223769";"01B";"5755977";"";"";"51463";"GRADUAÇÃO";"Campus Central";"Sala 3 DNUT";"2014";"1";"2014-01-27";"2014-06-14";"2M2345 3M23456";"8";"7";"REGULAR";"f";"2014-06-20 13:28:50.333";"f";"1223764";"167";"CONSOLIDADA";"";"Presencial";
"1223769";"01B";"5753016";"";"";"51463";"GRADUAÇÃO";"Campus Central";"Sala 3 DNUT";"2014";"1";"2014-01-27";"2014-06-14";"2M2345 3M23456";"8";"7";"REGULAR";"f";"2014-06-20 13:28:50.333";"f";"1223764";"167";"CONSOLIDADA";"";"Presencial";
"1223769";"01B";"26267";"";"";"51463";"GRADUAÇÃO";"Campus Central";"Sala 3 DNUT";"2014";"1";"2014-01-27";"2014-06-14";"2M2345 3M23456";"8";"7";"REGULAR";"f";"2014-06-20 13:28:50.333";"f";"1223764";"167";"CONSOLIDADA";"";"Presencial";
"1223769";"01B";"5756676";"";"";"51463";"GRADUAÇÃO";"Campus Central";"Sala 3 DNUT";"2014";"1";"2014-01-27";"2014-06-14";"2M2345 3M23456";"8";"7";"REGULAR";"f";"2014-06-20 13:28:50.333";"f";"1223764";"167";"CONSOLIDADA";"";"Presencial";
"1223769";"01B";"5753007";"";"";"51463";"GRADUAÇÃO";"Campus Central";"Sala 3 DNUT";"2014";"1";"2014-01-27";"2014-06-14";"2M2345 3M23456";"8";"7";"REGULAR";"f";"2014-06-20 13:28:50.333";"f";"1223764";"167";"CONSOLIDADA";"";"Presencial";
"1223770";"03";"17227";"";"";"26688";"GRADUAÇÃO";"Campus Central";"Piscina Semi-olimpica (Natação) e Sala 11";"2014";"1";"2014-01-27";"2014-06-14";"35T56";"47";"25";"REGULAR";"f";"2014-06-05 16:17:18.926";"f";"";"70";"CONSOLIDADA";"";"Presencial";
"1223771";"04";"18414";"";"";"26688";"GRADUAÇÃO";"Campus Central";"S. de Ginástica (Ginástica com equipamentos) e S 1";"2014";"1";"2014-01-27";"2014-06-14";"24M34";"28";"30";"REGULAR";"f";"2014-06-05 09:54:43.348";"f";"";"66";"CONSOLIDADA";"";"Presencial";
"1223772";"01C";"5753007";"";"";"51463";"GRADUAÇÃO";"Campus Central";"Sala 3 DNUT";"2014";"1";"2014-01-27";"2014-06-14";"2M2345 3M23456";"5";"7";"REGULAR";"f";"2014-06-20 13:28:48.33";"f";"1223764";"167";"CONSOLIDADA";"";"Presencial";
"1223772";"01C";"5756676";"";"";"51463";"GRADUAÇÃO";"Campus Central";"Sala 3 DNUT";"2014";"1";"2014-01-27";"2014-06-14";"2M2345 3M23456";"5";"7";"REGULAR";"f";"2014-06-20 13:28:48.33";"f";"1223764";"167";"CONSOLIDADA";"";"Presencial";
"1223772";"01C";"26267";"";"";"51463";"GRADUAÇÃO";"Campus Central";"Sala 3 DNUT";"2014";"1";"2014-01-27";"2014-06-14";"2M2345 3M23456";"5";"7";"REGULAR";"f";"2014-06-20 13:28:48.33";"f";"1223764";"167";"CONSOLIDADA";"";"Presencial";
"1223772";"01C";"5755977";"";"";"51463";"GRADUAÇÃO";"Campus Central";"Sala 3 DNUT";"2014";"1";"2014-01-27";"2014-06-14";"2M2345 3M23456";"5";"7";"REGULAR";"f";"2014-06-20 13:28:48.33";"f";"1223764";"167";"CONSOLIDADA";"";"Presencial";
"1223772";"01C";"5753016";"";"";"51463";"GRADUAÇÃO";"Campus Central";"Sala 3 DNUT";"2014";"1";"2014-01-27";"2014-06-14";"2M2345 3M23456";"5";"7";"REGULAR";"f";"2014-06-20 13:28:48.33";"f";"1223764";"167";"CONSOLIDADA";"";"Presencial";
"1223773";"17";"26242";"";"";"39175";"STRICTO SENSU";"";"CENTRO DE EDUCAÇÃO";"2014";"1";"2014-02-10";"2014-06-11";"5M1";"1";"2";"REGULAR";"f";"2015-01-05 05:03:36.052";"f";"";"8";"CONSOLIDADA";"";"Presencial";
"1223774";"05";"18414";"";"";"26688";"GRADUAÇÃO";"Campus Central";"S. Ginástica (Ginástica com equipamentos) e S 11";"2014";"1";"2014-01-27";"2014-06-14";"24T56";"32";"30";"REGULAR";"f";"2014-06-04 11:59:02.387";"f";"";"66";"CONSOLIDADA";"";"Presencial";
"1223775";"20";"5755397";"";"";"39171";"STRICTO SENSU";"";"CENTRO DE EDUCAÇÃO";"2014";"1";"2014-02-10";"2014-06-11";"3M1";"2";"4";"REGULAR";"f";"2014-06-13 10:22:48.96";"f";"";"16";"CONSOLIDADA";"";"Presencial";
"1223776";"01";"21385";"";"";"25870";"GRADUAÇÃO";"Campus Central";"3 -DNA ; 5 - ANF. DOS PEIXES";"2014";"1";"2014-01-27";"2014-06-14";"3M23  5T23";"15";"52";"REGULAR";"f";"2014-06-16 14:05:09.494";"f";"";"66";"CONSOLIDADA";"";"Presencial";
"1223776";"01";"5752682";"";"";"25870";"GRADUAÇÃO";"Campus Central";"3 -DNA ; 5 - ANF. DOS PEIXES";"2014";"1";"2014-01-27";"2014-06-14";"3M23  5T23";"15";"52";"REGULAR";"f";"2014-06-16 14:05:09.494";"f";"";"66";"CONSOLIDADA";"";"Presencial";
"1223777";"06";"21718";"";"";"26688";"GRADUAÇÃO";"Campus Central";"Sala de Musculação (Musculação) e Sala Aula Gin. 1";"2014";"1";"2014-01-27";"2014-06-14";"35M34";"25";"22";"REGULAR";"f";"2014-06-13 22:42:46.667";"f";"";"72";"CONSOLIDADA";"";"Presencial";
"1223778";"01D";"26267";"";"";"51463";"GRADUAÇÃO";"Campus Central";"Sala 3 DNUT";"2014";"1";"2014-01-27";"2014-06-14";"2M2345 3M23456";"2";"8";"REGULAR";"f";"2014-06-20 13:28:51.361";"f";"1223764";"167";"CONSOLIDADA";"";"Presencial";
"1223778";"01D";"5756676";"";"";"51463";"GRADUAÇÃO";"Campus Central";"Sala 3 DNUT";"2014";"1";"2014-01-27";"2014-06-14";"2M2345 3M23456";"2";"8";"REGULAR";"f";"2014-06-20 13:28:51.361";"f";"1223764";"167";"CONSOLIDADA";"";"Presencial";
"1223778";"01D";"5753016";"";"";"51463";"GRADUAÇÃO";"Campus Central";"Sala 3 DNUT";"2014";"1";"2014-01-27";"2014-06-14";"2M2345 3M23456";"2";"8";"REGULAR";"f";"2014-06-20 13:28:51.361";"f";"1223764";"167";"CONSOLIDADA";"";"Presencial";
"1223778";"01D";"5755977";"";"";"51463";"GRADUAÇÃO";"Campus Central";"Sala 3 DNUT";"2014";"1";"2014-01-27";"2014-06-14";"2M2345 3M23456";"2";"8";"REGULAR";"f";"2014-06-20 13:28:51.361";"f";"1223764";"167";"CONSOLIDADA";"";"Presencial";
"1223778";"01D";"5753007";"";"";"51463";"GRADUAÇÃO";"Campus Central";"Sala 3 DNUT";"2014";"1";"2014-01-27";"2014-06-14";"2M2345 3M23456";"2";"8";"REGULAR";"f";"2014-06-20 13:28:51.361";"f";"1223764";"167";"CONSOLIDADA";"";"Presencial";
"1223779";"01";"5753050";"";"";"26133";"GRADUAÇÃO";"Campus Central";"Sala B - DEART";"2014";"1";"2014-01-27";"2014-06-14";"6M3456";"40";"25";"REGULAR";"f";"2014-06-06 17:51:12.52";"f";"";"72";"CONSOLIDADA";"";"Presencial";
"1223780";"01E";"5756676";"";"";"51463";"GRADUAÇÃO";"Campus Central";"Sala 3 DNUT";"2014";"1";"2014-01-27";"2014-06-14";"2M2345 3M23456";"4";"8";"REGULAR";"f";"2014-06-20 13:28:47.235";"f";"1223764";"167";"CONSOLIDADA";"";"Presencial";
"1223780";"01E";"5753016";"";"";"51463";"GRADUAÇÃO";"Campus Central";"Sala 3 DNUT";"2014";"1";"2014-01-27";"2014-06-14";"2M2345 3M23456";"4";"8";"REGULAR";"f";"2014-06-20 13:28:47.235";"f";"1223764";"167";"CONSOLIDADA";"";"Presencial";
"1223780";"01E";"5755977";"";"";"51463";"GRADUAÇÃO";"Campus Central";"Sala 3 DNUT";"2014";"1";"2014-01-27";"2014-06-14";"2M2345 3M23456";"4";"8";"REGULAR";"f";"2014-06-20 13:28:47.235";"f";"1223764";"167";"CONSOLIDADA";"";"Presencial";
"1223780";"01E";"26267";"";"";"51463";"GRADUAÇÃO";"Campus Central";"Sala 3 DNUT";"2014";"1";"2014-01-27";"2014-06-14";"2M2345 3M23456";"4";"8";"REGULAR";"f";"2014-06-20 13:28:47.235";"f";"1223764";"167";"CONSOLIDADA";"";"Presencial";
"1223780";"01E";"5753007";"";"";"51463";"GRADUAÇÃO";"Campus Central";"Sala 3 DNUT";"2014";"1";"2014-01-27";"2014-06-14";"2M2345 3M23456";"4";"8";"REGULAR";"f";"2014-06-20 13:28:47.235";"f";"1223764";"167";"CONSOLIDADA";"";"Presencial";
"1223781";"02";"5756607";"";"";"26133";"GRADUAÇÃO";"Campus Central";"Sala A - DEART";"2014";"1";"2014-01-27";"2014-06-14";"4M3456";"21";"20";"REGULAR";"f";"2014-06-25 09:00:08.854";"f";"";"66";"CONSOLIDADA";"";"Presencial";
"1223782";"07";"5755754";"";"";"26688";"GRADUAÇÃO";"Campus Central";"Ginásio I (Caminhada) e Sala de Aula 9";"2014";"1";"2014-01-27";"2014-06-14";"24T34";"32";"29";"REGULAR";"f";"2014-06-10 13:43:51.446";"f";"";"74";"CONSOLIDADA";"";"Presencial";
"1223783";"18";"5755397";"";"";"39175";"STRICTO SENSU";"";"CENTRO DE EDUCAÇÃO";"2014";"1";"2014-02-10";"2014-06-11";"2M1";"2";"4";"REGULAR";"f";"2014-06-10 11:35:51.115";"f";"";"16";"CONSOLIDADA";"";"Presencial";
"1223784";"01";"5756607";"";"";"52845";"GRADUAÇÃO";"Campus Central";"Sala A - DEART";"2014";"1";"2014-01-27";"2014-06-14";"2M12";"11";"22";"REGULAR";"f";"2014-06-25 09:12:25.19";"f";"";"34";"CONSOLIDADA";"";"Presencial";
"1223785";"21";"26590";"";"";"39171";"STRICTO SENSU";"";"CENTRO DE EDUCAÇÃO";"2014";"1";"2014-02-10";"2014-06-11";"3M1";"2";"2";"REGULAR";"f";"2014-06-14 19:31:43.342";"f";"";"17";"CONSOLIDADA";"";"Presencial";
"1223786";"01";"23677";"";"";"43237";"GRADUAÇÃO";"Campus Central";"MULUNGÚ";"2014";"1";"2014-01-27";"2014-06-14";"26T34 4T1234";"15";"30";"REGULAR";"f";"2014-06-14 17:09:29.343";"f";"";"138";"CONSOLIDADA";"";"Presencial";
"1223786";"01";"5755490";"";"";"43237";"GRADUAÇÃO";"Campus Central";"MULUNGÚ";"2014";"1";"2014-01-27";"2014-06-14";"26T34 4T1234";"15";"30";"REGULAR";"f";"2014-06-14 17:09:29.343";"f";"";"138";"CONSOLIDADA";"";"Presencial";
"1223786";"01";"64640";"";"";"43237";"GRADUAÇÃO";"Campus Central";"MULUNGÚ";"2014";"1";"2014-01-27";"2014-06-14";"26T34 4T1234";"15";"30";"REGULAR";"f";"2014-06-14 17:09:29.343";"f";"";"138";"CONSOLIDADA";"";"Presencial";
"1223787";"02";"5756607";"";"";"52845";"GRADUAÇÃO";"Campus Central";"Sala A - DEART";"2014";"1";"2014-01-27";"2014-06-14";"4M12";"18";"24";"REGULAR";"f";"2014-06-25 10:04:39.336";"f";"";"36";"CONSOLIDADA";"";"Presencial";
"1223788";"19";"26590";"";"";"39175";"STRICTO SENSU";"";"CENTRO DE EDUCAÇÃO";"2014";"1";"2014-02-10";"2014-06-11";"5M1";"2";"2";"REGULAR";"f";"2014-06-14 18:23:03.986";"f";"";"15";"CONSOLIDADA";"";"Presencial";
"1223790";"01A";"5753007";"";"";"2045604";"GRADUAÇÃO";"Campus Central";"Sala 3 DNUT";"2014";"1";"2014-01-27";"2014-06-14";"4M234";"9";"7";"REGULAR";"f";"2014-06-20 14:27:15.635";"f";"1223789";"54";"CONSOLIDADA";"";"Presencial";
"1223790";"01A";"5753016";"";"";"2045604";"GRADUAÇÃO";"Campus Central";"Sala 3 DNUT";"2014";"1";"2014-01-27";"2014-06-14";"4M234";"9";"7";"REGULAR";"f";"2014-06-20 14:27:15.635";"f";"1223789";"54";"CONSOLIDADA";"";"Presencial";
"1223790";"01A";"26267";"";"";"2045604";"GRADUAÇÃO";"Campus Central";"Sala 3 DNUT";"2014";"1";"2014-01-27";"2014-06-14";"4M234";"9";"7";"REGULAR";"f";"2014-06-20 14:27:15.635";"f";"1223789";"54";"CONSOLIDADA";"";"Presencial";
"1223791";"15";"5755397";"";"";"39172";"STRICTO SENSU";"";"CENTRO DE EDUCAÇÃO";"2014";"1";"2014-02-10";"2014-06-11";"6M1";"1";"1";"REGULAR";"f";"2014-06-13 10:32:26.317";"f";"";"15";"CONSOLIDADA";"";"Presencial";
"1223792";"08";"5756431";"";"";"26688";"GRADUAÇÃO";"Campus Central";"Sala de Musculação (Musculação) e Sala de Aula 10";"2014";"1";"2014-01-27";"2014-06-14";"24T56";"37";"27";"REGULAR";"f";"2014-06-05 13:48:22.819";"f";"";"66";"CONSOLIDADA";"";"Presencial";
"1223793";"07";"5755397";"";"";"39176";"STRICTO SENSU";"";"CENTRO DE EDUCAÇÃO";"2014";"1";"2014-02-10";"2014-06-11";"5M1";"1";"1";"REGULAR";"f";"2014-06-10 11:47:48.871";"f";"";"15";"CONSOLIDADA";"";"Presencial";
"1223794";"01";"5756069";"";"";"52849";"GRADUAÇÃO";"Campus Central";"Sala 18 - DEART";"2014";"1";"2014-01-27";"2014-06-14";"2M34";"8";"22";"REGULAR";"f";"2014-06-11 20:39:42.69";"f";"";"34";"CONSOLIDADA";"";"Presencial";
"1223795";"01";"26521";"";"";"2021750";"GRADUAÇÃO";"Campus Central";"HUOL";"2014";"1";"2014-01-27";"2014-06-14";"4N12";"12";"30";"REGULAR";"f";"2014-06-02 22:10:20.322";"f";"";"34";"CONSOLIDADA";"";"Presencial";
"1223795";"01";"16331";"";"";"2021750";"GRADUAÇÃO";"Campus Central";"HUOL";"2014";"1";"2014-01-27";"2014-06-14";"4N12";"12";"30";"REGULAR";"f";"2014-06-02 22:10:20.322";"f";"";"34";"CONSOLIDADA";"";"Presencial";
"1223795";"01";"16607";"";"";"2021750";"GRADUAÇÃO";"Campus Central";"HUOL";"2014";"1";"2014-01-27";"2014-06-14";"4N12";"12";"30";"REGULAR";"f";"2014-06-02 22:10:20.322";"f";"";"34";"CONSOLIDADA";"";"Presencial";
"1223795";"01";"25441";"";"";"2021750";"GRADUAÇÃO";"Campus Central";"HUOL";"2014";"1";"2014-01-27";"2014-06-14";"4N12";"12";"30";"REGULAR";"f";"2014-06-02 22:10:20.322";"f";"";"34";"CONSOLIDADA";"";"Presencial";
"1223795";"01";"5753705";"";"";"2021750";"GRADUAÇÃO";"Campus Central";"HUOL";"2014";"1";"2014-01-27";"2014-06-14";"4N12";"12";"30";"REGULAR";"f";"2014-06-02 22:10:20.322";"f";"";"34";"CONSOLIDADA";"";"Presencial";
"1223796";"09";"5756265";"";"";"26688";"GRADUAÇÃO";"Campus Central";"Piscina Semi-olimpica (Hidroginástica) e S. do G1";"2014";"1";"2014-01-27";"2014-06-14";"35T34";"21";"25";"REGULAR";"f";"2014-06-13 11:37:27.863";"f";"";"74";"CONSOLIDADA";"";"Presencial";
"1223797";"16";"26242";"";"";"39172";"STRICTO SENSU";"";"CENTRO DE EDUCAÇÃO";"2014";"1";"2014-02-10";"2014-06-11";"4T6";"1";"1";"REGULAR";"f";"2015-02-20 07:10:10.902";"f";"";"17";"CONSOLIDADA";"";"Presencial";
"1223798";"01B";"26267";"";"";"2045604";"GRADUAÇÃO";"Campus Central";"Sala 3 DNUT";"2014";"1";"2014-01-27";"2014-06-14";"4M234";"8";"7";"REGULAR";"f";"2014-06-20 14:27:13.817";"f";"1223789";"54";"CONSOLIDADA";"";"Presencial";
"1223799";"02";"5756069";"";"";"52849";"GRADUAÇÃO";"Campus Central";"Sala 18 - DEART";"2014";"1";"2014-01-27";"2014-06-14";"4M34";"7";"20";"REGULAR";"f";"2014-06-11 20:38:37.714";"f";"";"36";"CONSOLIDADA";"";"Presencial";
"1223800";"10";"5756265";"";"";"26688";"GRADUAÇÃO";"Campus Central";"Piscina Semi-olimpica (Hidroginástica) e Sala 11";"2014";"1";"2014-01-27";"2014-06-14";"35M34";"13";"25";"REGULAR";"f";"2014-06-13 11:43:22.669";"f";"";"74";"CONSOLIDADA";"";"Presencial";
"1223801";"08";"26242";"";"";"39176";"STRICTO SENSU";"";"CENTRO DE EDUCAÇÃO";"2014";"1";"2014-02-10";"2014-06-11";"3M1";"1";"1";"REGULAR";"f";"2015-02-20 06:49:38.481";"f";"";"15";"CONSOLIDADA";"";"Presencial";
"1223802";"01C";"5753007";"";"";"2045604";"GRADUAÇÃO";"Campus Central";"Sala 3 DNUT";"2014";"1";"2014-01-27";"2014-06-14";"4M234";"3";"7";"REGULAR";"f";"2014-06-20 14:27:16.84";"f";"1223789";"54";"CONSOLIDADA";"";"Presencial";
"1223803";"09";"26242";"";"";"39173";"STRICTO SENSU";"";"CENTRO DE EDUCAÇÃO";"2014";"1";"2014-02-10";"2014-06-11";"4M6";"1";"1";"REGULAR";"f";"2015-02-20 07:17:30.105";"f";"";"17";"CONSOLIDADA";"";"Presencial";
"1223804";"11";"34348";"";"";"26688";"GRADUAÇÃO";"Campus Central";"Sala de lutas (Judô) e Sala de Aula do Ginásio";"2014";"1";"2014-01-27";"2014-06-14";"24M34";"11";"25";"REGULAR";"f";"2014-06-04 01:30:16.767";"f";"";"68";"CONSOLIDADA";"";"Presencial";
"1223805";"16";"26242";"";"";"39181";"STRICTO SENSU";"";"CENTRO DE EDUCAÇÃO";"2014";"1";"2014-02-10";"2014-06-11";"6M1";"1";"1";"REGULAR";"f";"2015-02-20 06:55:28.27";"f";"";"15";"CONSOLIDADA";"";"Presencial";
"1223806";"01D";"5755977";"";"";"2045604";"GRADUAÇÃO";"Campus Central";"Sala 3 DNUT";"2014";"1";"2014-01-27";"2014-06-14";"4M234";"4";"8";"REGULAR";"f";"2014-06-20 14:27:12.869";"f";"1223789";"54";"CONSOLIDADA";"";"Presencial";
"1223807";"01";"24038";"";"";"24624";"GRADUAÇÃO";"Campus Central";"4 H4";"2014";"1";"2014-01-27";"2014-06-14";"6T5234";"3";"22";"REGULAR";"f";"2014-06-13 12:06:45.146";"f";"";"72";"CONSOLIDADA";"";"Presencial";
"1223808";"01E";"5756676";"";"";"2045604";"GRADUAÇÃO";"Campus Central";"Sala 3 DNUT";"2014";"1";"2014-01-27";"2014-06-14";"4M234";"6";"8";"REGULAR";"f";"2014-06-20 14:27:17.963";"f";"1223789";"54";"CONSOLIDADA";"";"Presencial";
"1223809";"01";"5755033";"";"";"2034050";"GRADUAÇÃO";"Campus Central";"A definir pelo docente";"2014";"1";"2014-01-27";"2014-06-14";"";"4";"5";"REGULAR";"f";"2014-06-04 22:14:24.97";"f";"";"0";"CONSOLIDADA";"";"Presencial";
"1223810";"02";"5755393";"";"";"2034050";"GRADUAÇÃO";"Campus Central";"A definir pelo docente";"2014";"1";"2014-01-27";"2014-06-14";"";"6";"5";"REGULAR";"f";"2014-06-12 18:50:08.928";"f";"";"0";"CONSOLIDADA";"";"Presencial";
"1223812";"01A";"5753007";"";"";"51464";"GRADUAÇÃO";"Campus Central";"DNUT - SALA DE AULA 2";"2014";"1";"2014-01-27";"2014-06-14";"2T234";"29";"30";"REGULAR";"f";"2014-06-13 19:54:04.187";"f";"1223811";"54";"CONSOLIDADA";"";"Presencial";
"1223812";"01A";"5756676";"";"";"51464";"GRADUAÇÃO";"Campus Central";"DNUT - SALA DE AULA 2";"2014";"1";"2014-01-27";"2014-06-14";"2T234";"29";"30";"REGULAR";"f";"2014-06-13 19:54:04.187";"f";"1223811";"54";"CONSOLIDADA";"";"Presencial";
"1223813";"03";"15570";"";"";"2034050";"GRADUAÇÃO";"Campus Central";"A definir pelo docente";"2014";"1";"2014-01-27";"2014-06-14";"";"7";"5";"REGULAR";"f";"2014-06-10 20:09:43.689";"f";"";"0";"CONSOLIDADA";"";"Presencial";
"1223814";"04";"5753703";"";"";"2034050";"GRADUAÇÃO";"Campus Central";"A definir pelo docente";"2014";"1";"2014-01-27";"2014-06-14";"";"7";"3";"REGULAR";"f";"2014-06-08 00:57:12.017";"f";"";"0";"CONSOLIDADA";"";"Presencial";
"1223815";"01";"22819";"";"";"54045";"GRADUAÇÃO";"Campus Central";"IIe4";"2014";"1";"2014-01-27";"2014-06-14";"4M3456";"38";"40";"REGULAR";"f";"2014-06-13 11:21:21.639";"f";"";"72";"CONSOLIDADA";"";"Presencial";
"1223816";"01";"5753007";"";"";"48106";"GRADUAÇÃO";"Campus Central";"Sala 3 DNUT";"2014";"1";"2014-01-27";"2014-06-14";"3T2 (27/01/2014 - 14/06/2014)";"5";"5";"REGULAR";"f";"2014-06-13 18:35:01.652";"f";"";"18";"CONSOLIDADA";"";"Presencial";
"1223818";"01A";"18642";"";"";"51462";"GRADUAÇÃO";"Campus Central";"DNUT - SALA DE AULA 2 (1º ANDAR)";"2014";"1";"2014-01-27";"2014-06-14";"2M56 4M23 6M5";"16";"10";"REGULAR";"f";"2014-06-16 08:07:37.421";"f";"1223817";"88";"CONSOLIDADA";"";"Presencial";
"1223818";"01A";"26301";"";"";"51462";"GRADUAÇÃO";"Campus Central";"DNUT - SALA DE AULA 2 (1º ANDAR)";"2014";"1";"2014-01-27";"2014-06-14";"2M56 4M23 6M5";"16";"10";"REGULAR";"f";"2014-06-16 08:07:37.421";"f";"1223817";"88";"CONSOLIDADA";"";"Presencial";
"1223819";"05";"5753260";"";"";"2034050";"GRADUAÇÃO";"Campus Central";"A definir pelo docente";"2014";"1";"2014-01-27";"2014-06-14";"";"4";"5";"REGULAR";"f";"2014-06-22 19:09:00.631";"f";"";"0";"CONSOLIDADA";"";"Presencial";
"1223820";"02";"5755977";"";"";"48106";"GRADUAÇÃO";"Campus Central";"Sala 3 DNUT";"2014";"1";"2014-01-27";"2014-06-14";"3T2 (27/01/2014 - 14/06/2014)";"5";"5";"REGULAR";"f";"2014-06-14 18:25:38.221";"f";"";"18";"CONSOLIDADA";"";"Presencial";
"1223821";"06";"5755233";"";"";"2034050";"GRADUAÇÃO";"Campus Central";"A definir pelo docente";"2014";"1";"2014-01-27";"2014-06-14";"";"4";"5";"REGULAR";"f";"2014-06-14 22:10:45.857";"f";"";"0";"CONSOLIDADA";"";"Presencial";
"1223822";"16";"26242";"";"";"39177";"STRICTO SENSU";"";"Centro de Educação";"2014";"1";"2014-02-10";"2014-06-11";"2T1";"1";"1";"REGULAR";"f";"2015-02-20 06:28:01.218";"f";"";"15";"CONSOLIDADA";"";"Presencial";
"1223823";"07";"5755754";"";"";"2034050";"GRADUAÇÃO";"Campus Central";"A definir pelo docente";"2014";"1";"2014-01-27";"2014-06-14";"";"7";"5";"REGULAR";"f";"2014-06-13 19:50:57.444";"f";"";"0";"CONSOLIDADA";"";"Presencial";
"1223824";"03";"5756676";"";"";"48106";"GRADUAÇÃO";"Campus Central";"Sala 3 DNUT";"2014";"1";"2014-01-27";"2014-06-14";"3T2 (27/01/2014 - 14/06/2014)";"5";"5";"REGULAR";"f";"2014-06-14 09:54:13.639";"f";"";"18";"CONSOLIDADA";"";"Presencial";
"1223825";"08";"20790";"";"";"2034050";"GRADUAÇÃO";"Campus Central";"A definir pelo docente";"2014";"1";"2014-01-27";"2014-06-14";"";"5";"5";"REGULAR";"f";"2014-06-03 15:58:45.505";"f";"";"0";"CONSOLIDADA";"";"Presencial";
"1223826";"01B";"26301";"";"";"51462";"GRADUAÇÃO";"Campus Central";"DNUT - SALA DE AULA 2 (1º ANDAR)";"2014";"1";"2014-01-27";"2014-06-14";"2M56 4M23 6M5";"12";"11";"REGULAR";"f";"2014-06-16 08:07:38.151";"f";"1223817";"88";"CONSOLIDADA";"";"Presencial";
"1223826";"01B";"18642";"";"";"51462";"GRADUAÇÃO";"Campus Central";"DNUT - SALA DE AULA 2 (1º ANDAR)";"2014";"1";"2014-01-27";"2014-06-14";"2M56 4M23 6M5";"12";"11";"REGULAR";"f";"2014-06-16 08:07:38.151";"f";"1223817";"88";"CONSOLIDADA";"";"Presencial";
"1223827";"01";"5755812";"";"";"2034051";"GRADUAÇÃO";"Campus Central";"A definir pelo docente";"2014";"1";"2014-01-27";"2014-06-14";"";"3";"5";"REGULAR";"f";"2014-06-02 18:11:29.4";"f";"";"0";"CONSOLIDADA";"";"Presencial";
"1223828";"17";"";"5674951";"";"39172";"STRICTO SENSU";"";"Centro de Educação";"2014";"1";"2014-02-10";"2014-06-11";"2M1";"1";"1";"REGULAR";"f";"2015-03-11 12:57:58.35";"f";"";"16";"CONSOLIDADA";"";"Presencial";
"1223829";"02";"5753046";"";"";"2034051";"GRADUAÇÃO";"Campus Central";"A definir pelo docente";"2014";"1";"2014-01-27";"2014-06-14";"";"2";"5";"REGULAR";"f";"2014-06-03 15:19:19.836";"f";"";"0";"CONSOLIDADA";"";"Presencial";
"1223830";"03";"34348";"";"";"2034051";"GRADUAÇÃO";"Campus Central";"A definir pelo docente";"2014";"1";"2014-01-27";"2014-06-14";"";"5";"5";"REGULAR";"f";"2014-06-11 21:46:00.803";"f";"";"0";"CONSOLIDADA";"";"Presencial";
"1223831";"04";"5753007";"";"";"48106";"GRADUAÇÃO";"Campus Central";"Sala 3 DNUT";"2014";"1";"2014-01-27";"2014-06-14";"6T2 (27/01/2014 - 14/06/2014)";"5";"5";"REGULAR";"f";"2014-06-13 18:42:14.012";"f";"";"17";"CONSOLIDADA";"";"Presencial";
"1223832";"17";"26242";"";"";"39177";"STRICTO SENSU";"";"Centro de Educação";"2014";"1";"2014-02-10";"2014-06-11";"3T1";"";"1";"REGULAR";"f";"";"f";"";"";"EXCLUÍDA";"";"Presencial";
"1223833";"04";"5756431";"";"";"2034051";"GRADUAÇÃO";"Campus Central";"A definir pelo docente";"2014";"1";"2014-01-27";"2014-06-14";"";"4";"5";"REGULAR";"f";"2014-06-05 14:50:46.392";"f";"";"0";"CONSOLIDADA";"";"Presencial";
"1223834";"01";"21736";"";"";"20276";"GRADUAÇÃO";"Campus Central";"4 H3";"2014";"1";"2014-01-27";"2014-06-14";"46M123";"21";"21";"REGULAR";"f";"2014-06-14 03:43:44.016";"f";"";"114";"CONSOLIDADA";"";"Presencial";
"1223835";"05";"18845";"";"";"2034051";"GRADUAÇÃO";"Campus Central";"A definir pelo docente";"2014";"1";"2014-01-27";"2014-06-14";"";"10";"5";"REGULAR";"f";"2014-06-12 12:18:16.701";"f";"";"0";"CONSOLIDADA";"";"Presencial";
"1223836";"06";"18624";"";"";"2034051";"GRADUAÇÃO";"Campus Central";"A definir pelo docente";"2014";"1";"2014-01-27";"2014-06-14";"";"2";"5";"REGULAR";"f";"2014-05-26 20:36:41.235";"f";"";"0";"CONSOLIDADA";"";"Presencial";
"1223837";"03";"5752505";"";"";"42095";"GRADUAÇÃO";"Campus Central";"-";"2014";"1";"2014-05-24";"2014-06-07";"7M123456 (24/05/2014 - 07/06/2014)";"87";"56";"REGULAR";"f";"2014-06-10 21:39:19.556";"f";"";"0";"CONSOLIDADA";"";"Presencial";
"1223838";"07";"5752155";"";"";"2034051";"GRADUAÇÃO";"Campus Central";"A definir pelo docente";"2014";"1";"2014-01-27";"2014-06-14";"";"5";"5";"REGULAR";"f";"2014-06-13 10:58:51.475";"f";"";"0";"CONSOLIDADA";"";"Presencial";
"1223839";"10";"5755397";"";"";"39173";"STRICTO SENSU";"";"Centro de Educação";"2014";"1";"2014-02-10";"2014-06-11";"2T1";"1";"1";"REGULAR";"f";"2014-06-13 10:53:10.053";"f";"";"16";"CONSOLIDADA";"";"Presencial";
"1223840";"05";"5755977";"";"";"48106";"GRADUAÇÃO";"Campus Central";"Sala 3 DNUT";"2014";"1";"2014-01-27";"2014-06-14";"6T2 (27/01/2014 - 14/06/2014)";"5";"5";"REGULAR";"f";"2014-06-14 18:29:56.82";"f";"";"17";"CONSOLIDADA";"";"Presencial";
"1223841";"08";"21718";"";"";"2034051";"GRADUAÇÃO";"Campus Central";"A definir pelo docente";"2014";"1";"2014-01-27";"2014-06-14";"";"4";"5";"REGULAR";"f";"2014-06-13 22:47:08.972";"f";"";"0";"CONSOLIDADA";"";"Presencial";
"1223842";"17";"5755397";"";"";"39181";"STRICTO SENSU";"";"Centro de Educação";"2014";"1";"2014-02-10";"2014-06-11";"3T1";"1";"1";"REGULAR";"f";"";"f";"";"";"EXCLUÍDA";"";"Presencial";
"1223843";"01C";"26301";"";"";"51462";"GRADUAÇÃO";"Campus Central";"DNUT - SALA DE AULA 2 (1º ANDAR)";"2014";"1";"2014-01-27";"2014-06-14";"2M56 4M45 6M6";"3";"11";"REGULAR";"f";"2014-06-16 08:07:39.059";"f";"1223817";"88";"CONSOLIDADA";"";"Presencial";
"1223843";"01C";"18642";"";"";"51462";"GRADUAÇÃO";"Campus Central";"DNUT - SALA DE AULA 2 (1º ANDAR)";"2014";"1";"2014-01-27";"2014-06-14";"2M56 4M45 6M6";"3";"11";"REGULAR";"f";"2014-06-16 08:07:39.059";"f";"1223817";"88";"CONSOLIDADA";"";"Presencial";
"1223844";"06";"5756676";"";"";"48106";"GRADUAÇÃO";"Campus Central";"Sala 3 DNUT";"2014";"1";"2014-01-27";"2014-06-14";"6T2 (27/01/2014 - 14/06/2014)";"5";"5";"REGULAR";"f";"2014-06-14 10:12:46.815";"f";"";"18";"CONSOLIDADA";"";"Presencial";
"1223845";"18";"5755397";"";"";"39177";"STRICTO SENSU";"";"Centro de Educação";"2014";"1";"2014-02-10";"2014-06-11";"4T1";"1";"1";"REGULAR";"f";"2014-06-10 11:59:00.023";"f";"";"16";"CONSOLIDADA";"";"Presencial";
"1223846";"01";"5755033";"";"";"2034052";"GRADUAÇÃO";"Campus Central";"A definir pelo docente";"2014";"1";"2014-01-27";"2014-06-14";"";"7";"5";"REGULAR";"f";"2014-06-04 22:12:34.946";"f";"";"0";"CONSOLIDADA";"";"Presencial";
"1223847";"07";"5755977";"";"";"48106";"GRADUAÇÃO";"Campus Central";"Sala 3 DNUT";"2014";"1";"2014-01-27";"2014-06-14";"6T3 (27/01/2014 - 14/06/2014)";"4";"5";"REGULAR";"f";"2014-06-14 18:27:20.496";"f";"";"17";"CONSOLIDADA";"";"Presencial";
"1223848";"02";"5755393";"";"";"2034052";"GRADUAÇÃO";"Campus Central";"A definir pelo docente";"2014";"1";"2014-01-27";"2014-06-14";"";"1";"5";"REGULAR";"f";"2014-06-12 18:51:01.018";"f";"";"0";"CONSOLIDADA";"";"Presencial";
"1223849";"03";"15570";"";"";"2034052";"GRADUAÇÃO";"Campus Central";"A definir pelo docente";"2014";"1";"2014-01-27";"2014-06-14";"";"2";"5";"REGULAR";"f";"2014-05-31 09:43:45.16";"f";"";"0";"CONSOLIDADA";"";"Presencial";
"1223850";"04";"5753703";"";"";"2034052";"GRADUAÇÃO";"Campus Central";"A definir pelo docente";"2014";"1";"2014-01-27";"2014-06-14";"";"6";"2";"REGULAR";"f";"2014-06-08 00:50:04.776";"f";"";"0";"CONSOLIDADA";"";"Presencial";
"1223851";"08";"5756676";"";"";"48106";"GRADUAÇÃO";"Campus Central";"Sala 3 DNUT";"2014";"1";"2014-01-27";"2014-06-14";"6T3 (27/01/2014 - 14/06/2014)";"1";"5";"REGULAR";"f";"2014-06-14 10:02:56.094";"f";"";"18";"CONSOLIDADA";"";"Presencial";
"1223852";"01D";"26301";"";"";"51462";"GRADUAÇÃO";"Campus Central";"DNUT - SALA DE AULA 2 (1º ANDAR)";"2014";"1";"2014-01-27";"2014-06-14";"2M56 4M45 6M6";"2";"10";"REGULAR";"f";"2014-06-16 08:07:36.536";"f";"1223817";"88";"CONSOLIDADA";"";"Presencial";
"1223852";"01D";"18642";"";"";"51462";"GRADUAÇÃO";"Campus Central";"DNUT - SALA DE AULA 2 (1º ANDAR)";"2014";"1";"2014-01-27";"2014-06-14";"2M56 4M45 6M6";"2";"10";"REGULAR";"f";"2014-06-16 08:07:36.536";"f";"1223817";"88";"CONSOLIDADA";"";"Presencial";
"1223853";"05";"5753260";"";"";"2034052";"GRADUAÇÃO";"Campus Central";"A definir pela docente";"2014";"1";"2014-01-27";"2014-06-14";"";"";"5";"REGULAR";"f";"";"f";"";"";"EXCLUÍDA";"";"Presencial";
"1223854";"06";"5755233";"";"";"2034052";"GRADUAÇÃO";"Campus Central";"A definir pelo docente";"2014";"1";"2014-01-27";"2014-06-14";"";"1";"5";"REGULAR";"f";"2014-06-14 22:11:47.894";"f";"";"0";"CONSOLIDADA";"";"Presencial";
"1223855";"18";"5755397";"";"";"39172";"STRICTO SENSU";"";"Centro de Educação";"2014";"1";"2014-02-10";"2014-06-11";"5T1";"1";"1";"REGULAR";"f";"2014-06-13 10:42:45.86";"f";"";"15";"CONSOLIDADA";"";"Presencial";
"1223856";"07";"5755754";"";"";"2034052";"GRADUAÇÃO";"Campus Central";"A definir pela docente";"2014";"1";"2014-01-27";"2014-06-14";"";"4";"5";"REGULAR";"f";"2014-06-13 19:49:27.409";"f";"";"0";"CONSOLIDADA";"";"Presencial";
"1223857";"19";"5755397";"";"";"39177";"STRICTO SENSU";"";"Centro de Educação";"2014";"1";"2014-02-10";"2014-06-11";"6T1";"1";"1";"REGULAR";"f";"2014-06-10 12:06:46.93";"f";"";"15";"CONSOLIDADA";"";"Presencial";
"1223858";"08";"20790";"";"";"2034052";"GRADUAÇÃO";"Campus Central";"A definir pela docente";"2014";"1";"2014-01-27";"2014-06-14";"";"4";"5";"REGULAR";"f";"2014-06-03 16:04:15.014";"f";"";"0";"CONSOLIDADA";"";"Presencial";
"1223859";"01";"5755812";"";"";"2034100";"GRADUAÇÃO";"Campus Central";"A definir pelo docente";"2014";"1";"2014-01-27";"2014-06-14";"";"2";"5";"REGULAR";"f";"2014-06-02 18:12:57.618";"f";"";"0";"CONSOLIDADA";"";"Presencial";
"1223860";"11";"26242";"";"";"39180";"STRICTO SENSU";"";"Centro de Educação";"2014";"1";"2014-02-10";"2014-06-11";"6T1";"1";"1";"REGULAR";"f";"2014-07-30 11:49:45.406";"f";"";"16";"CONSOLIDADA";"";"Presencial";
"1223861";"02";"5753046";"";"";"2034100";"GRADUAÇÃO";"Campus Central";"A definir pelo docente";"2014";"1";"2014-01-27";"2014-06-14";"";"3";"5";"REGULAR";"f";"2014-06-03 15:17:09.748";"f";"";"0";"CONSOLIDADA";"";"Presencial";
"1223862";"06";"26242";"";"";"39174";"STRICTO SENSU";"";"Centro de Educação";"2014";"1";"2014-02-10";"2014-06-11";"5T1";"1";"1";"REGULAR";"f";"2014-07-30 11:35:27.803";"f";"";"15";"CONSOLIDADA";"";"Presencial";
"1223863";"03";"34348";"";"";"2034100";"GRADUAÇÃO";"Campus Central";"A definir pelo docente";"2014";"1";"2014-01-27";"2014-06-14";"";"1";"5";"REGULAR";"f";"2014-06-11 21:25:47.194";"f";"";"0";"CONSOLIDADA";"";"Presencial";
"1223864";"04";"5756431";"";"";"2034100";"GRADUAÇÃO";"Campus Central";"A definir pelo docente";"2014";"1";"2014-01-27";"2014-06-14";"";"2";"5";"REGULAR";"f";"2014-06-05 14:52:06.405";"f";"";"0";"CONSOLIDADA";"";"Presencial";
"1223865";"05";"18845";"";"";"2034100";"GRADUAÇÃO";"Campus Central";"A definir pelo docente";"2014";"1";"2014-01-27";"2014-06-14";"";"3";"5";"REGULAR";"f";"2014-06-12 12:21:38.365";"f";"";"0";"CONSOLIDADA";"";"Presencial";
"1223866";"01";"5752647";"";"";"55081";"GRADUAÇÃO";"Campus Central";"HUOL";"2014";"1";"2014-01-27";"2014-06-14";"6M12";"1";"30";"REGULAR";"f";"";"f";"";"";"EXCLUÍDA";"";"Presencial";
"1223866";"01";"5752557";"";"";"55081";"GRADUAÇÃO";"Campus Central";"HUOL";"2014";"1";"2014-01-27";"2014-06-14";"6M12";"1";"30";"REGULAR";"f";"";"f";"";"";"EXCLUÍDA";"";"Presencial";
"1223866";"01";"5752029";"";"";"55081";"GRADUAÇÃO";"Campus Central";"HUOL";"2014";"1";"2014-01-27";"2014-06-14";"6M12";"1";"30";"REGULAR";"f";"";"f";"";"";"EXCLUÍDA";"";"Presencial";
"1223866";"01";"5751929";"";"";"55081";"GRADUAÇÃO";"Campus Central";"HUOL";"2014";"1";"2014-01-27";"2014-06-14";"6M12";"1";"30";"REGULAR";"f";"";"f";"";"";"EXCLUÍDA";"";"Presencial";
"1223866";"01";"23832";"";"";"55081";"GRADUAÇÃO";"Campus Central";"HUOL";"2014";"1";"2014-01-27";"2014-06-14";"6M12";"1";"30";"REGULAR";"f";"";"f";"";"";"EXCLUÍDA";"";"Presencial";
"1223866";"01";"5753106";"";"";"55081";"GRADUAÇÃO";"Campus Central";"HUOL";"2014";"1";"2014-01-27";"2014-06-14";"6M12";"1";"30";"REGULAR";"f";"";"f";"";"";"EXCLUÍDA";"";"Presencial";
"1223866";"01";"24989";"";"";"55081";"GRADUAÇÃO";"Campus Central";"HUOL";"2014";"1";"2014-01-27";"2014-06-14";"6M12";"1";"30";"REGULAR";"f";"";"f";"";"";"EXCLUÍDA";"";"Presencial";
"1223867";"06";"18624";"";"";"2034100";"GRADUAÇÃO";"Campus Central";"A definir pelo docente";"2014";"1";"2014-01-27";"2014-06-14";"";"1";"5";"REGULAR";"f";"2014-05-28 07:54:43.547";"f";"";"0";"CONSOLIDADA";"";"Presencial";
"1223868";"07";"5752155";"";"";"2034100";"GRADUAÇÃO";"Campus Central";"A definir pelo docente";"2014";"1";"2014-01-27";"2014-06-14";"";"2";"5";"REGULAR";"f";"2014-06-03 15:38:33.183";"f";"";"0";"CONSOLIDADA";"";"Presencial";
"1223869";"03";"26068";"";"";"21934";"GRADUAÇÃO";"Campus Central";"1G4";"2014";"1";"2014-01-27";"2014-06-14";"4M1234";"56";"54";"REGULAR";"f";"2014-06-24 17:50:54.967";"f";"";"72";"CONSOLIDADA";"";"Presencial";
"1223870";"08";"21718";"";"";"2034100";"GRADUAÇÃO";"Campus Central";"A definir pelo docente";"2014";"1";"2014-01-27";"2014-06-14";"";"2";"5";"REGULAR";"f";"2014-06-08 22:15:42.355";"f";"";"0";"CONSOLIDADA";"";"Presencial";
"1223871";"09";"";"85704299";"";"39179";"STRICTO SENSU";"";"Centro de Educação";"2014";"1";"2014-02-10";"2014-06-11";"2T1";"1";"1";"REGULAR";"f";"2015-01-05 05:07:09.741";"f";"";"0";"CONSOLIDADA";"";"Presencial";
"1223872";"01";"22992";"";"";"21270";"GRADUAÇÃO";"Campus Central";"A definir pelo docente";"2014";"1";"2014-01-27";"2014-06-14";"";"11";"5";"REGULAR";"f";"2014-06-13 09:05:48.676";"f";"";"0";"CONSOLIDADA";"";"Presencial";
"1223873";"02";"5752674";"";"";"21270";"GRADUAÇÃO";"Campus Central";"A definir pelo docente";"2014";"1";"2014-01-27";"2014-06-14";"";"6";"5";"REGULAR";"f";"2014-06-05 10:01:33.212";"f";"";"0";"CONSOLIDADA";"";"Presencial";
"1223874";"01";"5753007";"";"";"48107";"GRADUAÇÃO";"Campus Central";"FORA";"2014";"1";"2014-01-27";"2014-06-14";"";"5";"5";"REGULAR";"f";"2014-06-13 19:41:55.739";"f";"";"0";"CONSOLIDADA";"";"Presencial";
"1223875";"03";"5752681";"";"";"21270";"GRADUAÇÃO";"Campus Central";"A definir pelo docente";"2014";"1";"2014-01-27";"2014-06-14";"";"3";"5";"REGULAR";"f";"2014-06-11 15:29:18.316";"f";"";"0";"CONSOLIDADA";"";"Presencial";
"1223876";"12";"";"85704299";"";"39180";"STRICTO SENSU";"";"Centro de Educação";"2014";"1";"2014-02-10";"2014-06-11";"3T1";"1";"1";"REGULAR";"f";"";"f";"";"";"ABERTA";"";"Presencial";
"1223877";"04";"19175";"";"";"21270";"GRADUAÇÃO";"Campus Central";"A definir pela docente";"2014";"1";"2014-01-27";"2014-06-14";"";"8";"6";"REGULAR";"f";"2014-06-19 03:51:58.309";"f";"";"0";"CONSOLIDADA";"";"Presencial";
"1223878";"02";"5755977";"";"";"48107";"GRADUAÇÃO";"Campus Central";"FORA";"2014";"1";"2014-01-27";"2014-06-14";"";"5";"5";"REGULAR";"f";"2014-06-14 18:34:44.016";"f";"";"0";"CONSOLIDADA";"";"Presencial";
"1223879";"01";"23125";"";"";"20908";"GRADUAÇÃO";"Campus Central";"IIe4";"2014";"1";"2014-01-27";"2014-06-14";"4N1234";"34";"40";"REGULAR";"f";"2014-06-19 17:31:22.484";"f";"";"76";"CONSOLIDADA";"";"Presencial";
"1223880";"13";"";"5674951";"";"39182";"STRICTO SENSU";"";"Centro de Educação";"2014";"1";"2014-02-10";"2014-06-11";"5M1";"2";"2";"REGULAR";"f";"2015-03-11 12:59:34.938";"f";"";"15";"CONSOLIDADA";"";"Presencial";
"1223881";"05";"5752677";"";"";"21270";"GRADUAÇÃO";"Campus Central";"A definir pela docente";"2014";"1";"2014-01-27";"2014-06-14";"";"17";"8";"REGULAR";"f";"2014-06-11 11:49:12.473";"f";"";"0";"CONSOLIDADA";"";"Presencial";
"1223882";"13";"";"5674951";"";"39180";"STRICTO SENSU";"";"Centro de Educação";"2014";"1";"2014-02-10";"2014-06-11";"5T1";"2";"2";"REGULAR";"f";"2015-03-11 13:00:51.516";"f";"";"15";"CONSOLIDADA";"";"Presencial";
"1223883";"06";"5756468";"";"";"21270";"GRADUAÇÃO";"Campus Central";"A definir pela docente";"2014";"1";"2014-01-27";"2014-06-14";"";"9";"5";"REGULAR";"f";"2014-06-09 16:08:56.327";"f";"";"0";"CONSOLIDADA";"";"Presencial";
"1223884";"03";"5756676";"";"";"48107";"GRADUAÇÃO";"Campus Central";"FORA";"2014";"1";"2014-01-27";"2014-06-14";"";"5";"5";"REGULAR";"f";"2014-06-13 20:14:02.867";"f";"";"0";"CONSOLIDADA";"";"Presencial";
"1223885";"07";"5752251";"";"";"21270";"GRADUAÇÃO";"Campus Central";"A definir pela docente";"2014";"1";"2014-01-27";"2014-06-14";"";"13";"6";"REGULAR";"f";"2014-06-02 08:26:36.922";"f";"";"0";"CONSOLIDADA";"";"Presencial";
"1223886";"14";"26590";"";"";"39182";"STRICTO SENSU";"";"Centro de Educação";"2014";"1";"2014-02-10";"2014-06-11";"2T1";"2";"2";"REGULAR";"f";"2014-06-14 19:23:08.293";"f";"";"16";"CONSOLIDADA";"";"Presencial";
"1223887";"08";"22150";"";"";"21270";"GRADUAÇÃO";"Campus Central";"A definir pela docente";"2014";"1";"2014-01-27";"2014-06-14";"";"3";"5";"REGULAR";"f";"2014-06-05 08:57:23.781";"f";"";"0";"CONSOLIDADA";"";"Presencial";
"1223888";"01";"22005";"";"";"21173";"GRADUAÇÃO";"Campus Central";"IIE3";"2014";"1";"2014-01-27";"2014-06-14";"3M3456";"45";"50";"REGULAR";"f";"2014-06-09 08:16:33.335";"f";"";"68";"CONSOLIDADA";"";"Presencial";
"1223889";"14";"26590";"";"";"39180";"STRICTO SENSU";"";"Centro de Educação";"2014";"1";"2014-02-10";"2014-06-11";"3T1";"2";"2";"REGULAR";"f";"2014-06-14 19:17:21.224";"f";"";"17";"CONSOLIDADA";"";"Presencial";
"1223890";"01";"5756427";"";"";"21263";"GRADUAÇÃO";"Campus Central";"A definir pelo docente";"2014";"1";"2014-01-27";"2014-06-14";"";"3";"5";"REGULAR";"f";"2014-06-06 09:52:08.924";"f";"";"0";"CONSOLIDADA";"";"Presencial";
"1223891";"04";"5753007";"";"";"48107";"GRADUAÇÃO";"Campus Central";"FORA";"2014";"1";"2014-01-27";"2014-06-14";"";"5";"5";"REGULAR";"f";"2014-06-13 19:42:56.182";"f";"";"0";"CONSOLIDADA";"";"Presencial";
"1223892";"15";"5755397";"";"";"39182";"STRICTO SENSU";"";"Centro de Educação";"2014";"1";"2014-02-10";"2014-06-11";"2M6";"1";"1";"REGULAR";"f";"2014-06-10 12:27:33.079";"f";"";"16";"CONSOLIDADA";"";"Presencial";
"1223893";"02";"5756265";"";"";"21263";"GRADUAÇÃO";"Campus Central";"A definir pelo docente";"2014";"1";"2014-01-27";"2014-06-14";"";"1";"5";"REGULAR";"f";"2014-06-13 11:47:10.689";"f";"";"0";"CONSOLIDADA";"";"Presencial";
"1223894";"15";"5755397";"";"";"39180";"STRICTO SENSU";"";"Centro de Educação";"2014";"1";"2014-02-10";"2014-06-11";"3M6";"1";"1";"REGULAR";"f";"2014-06-10 12:18:28.814";"f";"";"17";"CONSOLIDADA";"";"Presencial";
"1223895";"03";"18306";"";"";"21263";"GRADUAÇÃO";"Campus Central";"A definir pela docente";"2014";"1";"2014-01-27";"2014-06-14";"";"5";"5";"REGULAR";"f";"2014-06-07 20:48:49.735";"f";"";"0";"CONSOLIDADA";"";"Presencial";
"1223896";"05";"5755977";"";"";"48107";"GRADUAÇÃO";"Campus Central";"FORA";"2014";"1";"2014-01-27";"2014-06-14";"";"5";"5";"REGULAR";"f";"2014-06-14 18:35:28.038";"f";"";"0";"CONSOLIDADA";"";"Presencial";
"1223897";"01";"5752482";"";"";"26637";"GRADUAÇÃO";"Campus Central";"IIe4";"2014";"1";"2014-01-27";"2014-06-14";"3M3456";"15";"40";"REGULAR";"f";"2014-06-15 02:14:46.935";"f";"";"71";"CONSOLIDADA";"";"Presencial";
"1223898";"04";"18182";"";"";"21263";"GRADUAÇÃO";"Campus Central";"A definir pelo docente";"2014";"1";"2014-01-27";"2014-06-14";"";"5";"5";"REGULAR";"f";"2014-06-06 10:04:22.13";"f";"";"0";"CONSOLIDADA";"";"Presencial";
"1223899";"03";"5756130";"";"";"21941";"GRADUAÇÃO";"Campus Central";"1G4";"2014";"1";"2014-01-27";"2014-06-14";"4M56";"63";"57";"REGULAR";"f";"2014-06-14 10:03:10.365";"f";"";"34";"CONSOLIDADA";"";"Presencial";
"1223900";"01";"17706";"";"";"20283";"GRADUAÇÃO";"Campus Central";"LABMAQ";"2014";"1";"2014-01-27";"2014-06-14";"3T564";"24";"21";"REGULAR";"f";"2014-06-18 22:56:50.635";"f";"";"54";"CONSOLIDADA";"";"Presencial";
"1223901";"05";"18411";"";"";"21263";"GRADUAÇÃO";"Campus Central";"A definir pelo docente";"2014";"1";"2014-01-27";"2014-06-14";"";"2";"5";"REGULAR";"f";"2014-06-10 23:11:56.088";"f";"";"0";"CONSOLIDADA";"";"Presencial";
"1223902";"01";"5753077";"";"";"2045620";"GRADUAÇÃO";"Campus Central";"DNUT - SALA DE AULA 1";"2014";"1";"2014-01-27";"2014-06-14";"4M123";"37";"40";"REGULAR";"f";"2014-06-16 13:29:01.289";"f";"";"57";"CONSOLIDADA";"";"Presencial";
"1223903";"06";"22992";"";"";"21263";"GRADUAÇÃO";"Campus Central";"A definir pelo docente";"2014";"1";"2014-01-27";"2014-06-14";"";"";"5";"REGULAR";"f";"";"f";"";"";"EXCLUÍDA";"";"Presencial";
"1223904";"07";"17227";"";"";"21263";"GRADUAÇÃO";"Campus Central";"A definir pelo docente";"2014";"1";"2014-01-27";"2014-06-14";"";"1";"5";"REGULAR";"f";"2014-06-17 14:04:17.18";"f";"";"0";"CONSOLIDADA";"";"Presencial";
"1223905";"06";"5756676";"";"";"48107";"GRADUAÇÃO";"Campus Central";"FORA";"2014";"1";"2014-01-27";"2014-06-14";"";"5";"5";"REGULAR";"f";"2014-06-13 20:15:58.432";"f";"";"0";"CONSOLIDADA";"";"Presencial";
"1223906";"01";"5755351";"";"";"24588";"GRADUAÇÃO";"Campus Central";"4 H2";"2014";"1";"2014-01-27";"2014-06-14";"3M3456";"19";"25";"REGULAR";"f";"2014-06-06 10:11:07.154";"f";"";"72";"CONSOLIDADA";"";"Presencial";
"1223907";"08";"17961";"";"";"21263";"GRADUAÇÃO";"Campus Central";"A definir pela docente";"2014";"1";"2014-01-27";"2014-06-14";"";"1";"5";"REGULAR";"f";"2014-06-20 11:52:45.192";"f";"";"0";"CONSOLIDADA";"";"Presencial";
"1223908";"07";"5755977";"";"";"48107";"GRADUAÇÃO";"Campus Central";"FORA";"2014";"1";"2014-01-27";"2014-06-14";"";"5";"5";"REGULAR";"f";"2014-06-14 18:37:09.99";"f";"";"0";"CONSOLIDADA";"";"Presencial";
"1223909";"01";"22992";"";"";"21264";"GRADUAÇÃO";"Campus Central";"A definir pelo docente";"2014";"1";"2014-01-27";"2014-06-14";"";"6";"5";"REGULAR";"f";"2014-06-13 09:06:50.581";"f";"";"0";"CONSOLIDADA";"";"Presencial";
"1223910";"08";"5756676";"";"";"48107";"GRADUAÇÃO";"Campus Central";"FORA";"2014";"1";"2014-01-27";"2014-06-14";"";"";"5";"REGULAR";"f";"2014-06-13 20:17:36.748";"f";"";"0";"CONSOLIDADA";"";"Presencial";
"1223911";"02";"5752674";"";"";"21264";"GRADUAÇÃO";"Campus Central";"A definir pelo docente";"2014";"1";"2014-01-27";"2014-06-14";"";"1";"5";"REGULAR";"f";"2014-06-06 13:53:32.215";"f";"";"0";"CONSOLIDADA";"";"Presencial";
"1223912";"03";"5752681";"";"";"21264";"GRADUAÇÃO";"Campus Central";"A definir pelo docente";"2014";"1";"2014-01-27";"2014-06-14";"";"";"5";"REGULAR";"f";"";"f";"";"";"EXCLUÍDA";"";"Presencial";
"1223914";"01A";"22932";"";"";"2045617";"GRADUAÇÃO";"Campus Central";"DNUT - SALA DE AULA 1 (1º ANDAR)";"2014";"1";"2014-01-27";"2014-06-14";"3T234";"19";"13";"REGULAR";"f";"2014-06-11 10:51:53.905";"f";"1223913";"60";"CONSOLIDADA";"";"Presencial";
"1223915";"04";"19175";"";"";"21264";"GRADUAÇÃO";"Campus Central";"A definir pelo docente";"2014";"1";"2014-01-27";"2014-06-14";"";"3";"5";"REGULAR";"f";"2014-06-19 03:48:38.584";"f";"";"0";"CONSOLIDADA";"";"Presencial";
"1223916";"05";"5752677";"";"";"21264";"GRADUAÇÃO";"Campus Central";"A definir pela docente";"2014";"1";"2014-01-27";"2014-06-14";"";"8";"5";"REGULAR";"f";"2014-06-11 11:51:18.148";"f";"";"0";"CONSOLIDADA";"";"Presencial";
"1223917";"01";"5754362";"";"";"20289";"GRADUAÇÃO";"Campus Central";"4 G3";"2014";"1";"2014-01-27";"2014-06-14";"2M453 4M123";"20";"25";"REGULAR";"f";"2014-06-13 07:18:12.702";"f";"";"111";"CONSOLIDADA";"";"Presencial";
"1223918";"01";"5755869";"";"";"21184";"GRADUAÇÃO";"Campus Central";"IIE3";"2014";"1";"2014-01-27";"2014-06-14";"46N34";"40";"50";"REGULAR";"f";"2014-06-11 09:46:54.565";"f";"";"68";"CONSOLIDADA";"";"Presencial";
"1223919";"06";"5756468";"";"";"21264";"GRADUAÇÃO";"Campus Central";"A definir pelo docente";"2014";"1";"2014-01-27";"2014-06-14";"";"2";"5";"REGULAR";"f";"2014-06-05 22:21:13.238";"f";"";"0";"CONSOLIDADA";"";"Presencial";
"1223920";"01";"23011";"";"";"40106";"GRADUAÇÃO";"Campus Central";"4A2";"2014";"1";"2014-01-27";"2014-06-14";"35T12";"58";"40";"REGULAR";"f";"2014-06-17 04:12:15.415";"f";"";"68";"CONSOLIDADA";"";"Presencial";
"1223921";"01";"5753007";"";"";"48237";"GRADUAÇÃO";"Campus Central";"Sala 3 DNUT";"2014";"1";"2014-01-27";"2014-06-14";"3T34 (27/01/2014 - 14/06/2014)";"5";"5";"REGULAR";"f";"2014-06-13 19:04:10.552";"f";"";"36";"CONSOLIDADA";"";"Presencial";
"1223922";"07";"5752251";"";"";"21264";"GRADUAÇÃO";"Campus Central";"A definir pelo docente";"2014";"1";"2014-01-27";"2014-06-14";"";"7";"5";"REGULAR";"f";"2014-06-02 08:25:40.354";"f";"";"0";"CONSOLIDADA";"";"Presencial";
"1223923";"01B";"22932";"";"";"2045617";"GRADUAÇÃO";"Campus Central";"DNUT - SALA DE AULA 1 (1º ANDAR)";"2014";"1";"2014-01-27";"2014-06-14";"3T235";"12";"13";"REGULAR";"f";"2014-06-11 10:51:57.402";"f";"1223913";"60";"CONSOLIDADA";"";"Presencial";
"1223924";"02";"5752257";"";"";"2020107";"GRADUAÇÃO";"Campus Central";"2F2";"2014";"1";"2014-01-27";"2014-06-14";"2T234 4T56";"43";"50";"REGULAR";"f";"2014-06-18 10:45:21.62";"f";"";"94";"CONSOLIDADA";"";"Presencial";
"1223924";"02";"5755601";"";"";"2020107";"GRADUAÇÃO";"Campus Central";"2F2";"2014";"1";"2014-01-27";"2014-06-14";"2T234 4T56";"43";"50";"REGULAR";"f";"2014-06-18 10:45:21.62";"f";"";"94";"CONSOLIDADA";"";"Presencial";
"1223924";"02";"23159";"";"";"2020107";"GRADUAÇÃO";"Campus Central";"2F2";"2014";"1";"2014-01-27";"2014-06-14";"2T234 4T56";"43";"50";"REGULAR";"f";"2014-06-18 10:45:21.62";"f";"";"94";"CONSOLIDADA";"";"Presencial";
"1223925";"08";"22150";"";"";"21264";"GRADUAÇÃO";"Campus Central";"A definir pelo docente";"2014";"1";"2014-01-27";"2014-06-14";"";"3";"5";"REGULAR";"f";"2014-06-05 08:58:04.796";"f";"";"0";"CONSOLIDADA";"";"Presencial";
"1223926";"01";"5756427";"";"";"21266";"GRADUAÇÃO";"Campus Central";"A definir pelo docente";"2014";"1";"2014-01-27";"2014-06-14";"";"1";"5";"REGULAR";"f";"2014-06-06 09:51:21.908";"f";"";"0";"CONSOLIDADA";"";"Presencial";
"1223927";"02";"5753016";"";"";"48237";"GRADUAÇÃO";"Campus Central";"Sala 3 DNUT";"2014";"1";"2014-01-27";"2014-06-14";"3T34 (27/01/2014 - 14/06/2014)";"5";"5";"REGULAR";"f";"2014-06-20 20:39:10.203";"f";"";"36";"CONSOLIDADA";"";"Presencial";
"1223928";"02";"5756265";"";"";"21266";"GRADUAÇÃO";"Campus Central";"A definir pela docente";"2014";"1";"2014-01-27";"2014-06-14";"";"1";"5";"REGULAR";"f";"2014-06-13 11:47:52.797";"f";"";"0";"CONSOLIDADA";"";"Presencial";
"1223929";"03";"5755977";"";"";"48237";"GRADUAÇÃO";"Campus Central";"Sala 3 DNUT";"2014";"1";"2014-01-27";"2014-06-14";"3T34 (27/01/2014 - 14/06/2014)";"5";"5";"REGULAR";"f";"2014-06-14 18:31:28.786";"f";"";"36";"CONSOLIDADA";"";"Presencial";
"1223930";"03";"18306";"";"";"21266";"GRADUAÇÃO";"Campus Central";"A definir pela docente";"2014";"1";"2014-01-27";"2014-06-14";"";"2";"5";"REGULAR";"f";"2014-06-07 20:49:44.506";"f";"";"0";"CONSOLIDADA";"";"Presencial";
"1223931";"01C";"22932";"";"";"2045617";"GRADUAÇÃO";"Campus Central";"DNUT - SALA DE AULA 1 (1º ANDAR)";"2014";"1";"2014-01-27";"2014-06-14";"3T236";"3";"14";"REGULAR";"f";"2014-06-11 10:51:56.209";"f";"1223913";"60";"CONSOLIDADA";"";"Presencial";
"1223933";"04";"18182";"";"";"21266";"GRADUAÇÃO";"Campus Central";"A definir pelo docente";"2014";"1";"2014-01-27";"2014-06-14";"";"1";"5";"REGULAR";"f";"2014-06-06 10:02:47.043";"f";"";"0";"CONSOLIDADA";"";"Presencial";
"1223934";"04";"5756676";"";"";"48237";"GRADUAÇÃO";"Campus Central";"Sala 3 DNUT";"2014";"1";"2014-01-27";"2014-06-14";"3T34 (27/01/2014 - 14/06/2014)";"5";"5";"REGULAR";"f";"2014-06-14 10:21:06.419";"f";"";"36";"CONSOLIDADA";"";"Presencial";
"1223935";"05";"18411";"";"";"21266";"GRADUAÇÃO";"Campus Central";"A definir pelo docente";"2014";"1";"2014-01-27";"2014-06-14";"";"2";"5";"REGULAR";"f";"2014-06-14 01:22:16.94";"f";"";"0";"CONSOLIDADA";"";"Presencial";
"1223936";"06";"22992";"";"";"21266";"GRADUAÇÃO";"Campus Central";"A definir pelo docente";"2014";"1";"2014-01-27";"2014-06-14";"";"";"5";"REGULAR";"f";"";"f";"";"";"EXCLUÍDA";"";"Presencial";
"1223937";"05";"5753007";"";"";"48237";"GRADUAÇÃO";"Campus Central";"Sala 3 DNUT";"2014";"1";"2014-01-27";"2014-06-14";"3T56 (27/01/2014 - 14/06/2014)";"5";"5";"REGULAR";"f";"2014-06-13 19:38:01.464";"f";"";"36";"CONSOLIDADA";"";"Presencial";
"1223938";"07";"17227";"";"";"21266";"GRADUAÇÃO";"Campus Central";"A definir pelo docente";"2014";"1";"2014-01-27";"2014-06-14";"";"3";"5";"REGULAR";"f";"2014-06-17 14:05:09.909";"f";"";"0";"CONSOLIDADA";"";"Presencial";
"1223939";"08";"17961";"";"";"21266";"GRADUAÇÃO";"Campus Central";"A definir pelo docente";"2014";"1";"2014-01-27";"2014-06-14";"";"";"5";"REGULAR";"f";"";"f";"";"";"EXCLUÍDA";"";"Presencial";
"1223940";"06";"5753016";"";"";"48237";"GRADUAÇÃO";"Campus Central";"Sala 3 DNUT";"2014";"1";"2014-01-27";"2014-06-14";"3T56 (27/01/2014 - 14/06/2014)";"5";"5";"REGULAR";"f";"2014-06-20 20:40:18.143";"f";"";"36";"CONSOLIDADA";"";"Presencial";
"1223941";"01";"5755867";"";"";"54596";"GRADUAÇÃO";"Campus Central";"Laboratório de Geologia";"2014";"1";"2014-01-27";"2014-06-14";"35M12";"1";"30";"REGULAR";"f";"2014-06-16 17:52:08.159";"f";"";"66";"CONSOLIDADA";"";"Presencial";
"1223942";"01";"5756701";"";"";"24639";"GRADUAÇÃO";"Campus Central";"4 G3";"2014";"1";"2014-01-27";"2014-06-14";"26M12";"19";"25";"REGULAR";"f";"2014-06-03 18:22:03.065";"f";"";"66";"CONSOLIDADA";"";"Presencial";
"1223943";"07";"5755977";"";"";"48237";"GRADUAÇÃO";"Campus Central";"Sala 3 DNUT";"2014";"1";"2014-01-27";"2014-06-14";"3T56 (27/01/2014 - 14/06/2014)";"5";"5";"REGULAR";"f";"2014-06-14 18:32:21.957";"f";"";"36";"CONSOLIDADA";"";"Presencial";
"1223944";"01";"5756450";"";"";"2049307";"GRADUAÇÃO";"Campus Central";"Sala K - DEART";"2014";"1";"2014-01-27";"2014-06-14";"6T2345";"13";"40";"REGULAR";"f";"2014-06-13 09:03:37.213";"f";"";"72";"CONSOLIDADA";"";"Presencial";
"1223945";"02";"5755867";"";"";"54596";"GRADUAÇÃO";"Campus Central";"Laboratório de Geologia";"2014";"1";"2014-01-27";"2014-06-14";"35M34";"4";"30";"REGULAR";"f";"2014-06-16 17:55:07.962";"f";"";"66";"CONSOLIDADA";"";"Presencial";
"1223946";"08";"5756676";"";"";"48237";"GRADUAÇÃO";"Campus Central";"Sala 3 DNUT";"2014";"1";"2014-01-27";"2014-06-14";"3T56 (27/01/2014 - 14/06/2014)";"3";"5";"REGULAR";"f";"2014-06-14 10:25:08.854";"f";"";"36";"CONSOLIDADA";"";"Presencial";
"1223948";"01A";"5753077";"";"";"2045610";"GRADUAÇÃO";"Campus Central";"DNUT - SALA DE AULA 1 (1º ANDAR)";"2014";"1";"2014-01-27";"2014-06-14";"5T1234";"20";"20";"REGULAR";"f";"2014-06-16 13:30:57.833";"f";"1223947";"68";"CONSOLIDADA";"";"Presencial";
"1223949";"01";"4308385";"";"";"40107";"GRADUAÇÃO";"Campus Central";"4A3";"2014";"1";"2014-01-27";"2014-06-14";"246T56";"67";"52";"REGULAR";"f";"2014-06-09 19:47:57.689";"f";"";"102";"CONSOLIDADA";"";"Presencial";
"1223950";"01";"19088";"";"";"25825";"GRADUAÇÃO";"Campus Central";"IB3";"2014";"1";"2014-01-27";"2014-06-14";"5T5234";"21";"45";"REGULAR";"f";"2014-06-14 20:39:49.125";"f";"";"68";"CONSOLIDADA";"";"Presencial";
"1223951";"10";"5753073";"";"";"39167";"STRICTO SENSU";"";"Centro de Educação";"2014";"1";"2014-02-10";"2014-06-11";"2M1";"9";"9";"REGULAR";"f";"2015-02-19 16:51:31.596";"f";"";"16";"CONSOLIDADA";"";"Presencial";
"1223951";"10";"26503";"";"";"39167";"STRICTO SENSU";"";"Centro de Educação";"2014";"1";"2014-02-10";"2014-06-11";"2M1";"9";"9";"REGULAR";"f";"2015-02-19 16:51:31.596";"f";"";"16";"CONSOLIDADA";"";"Presencial";
"1223951";"10";"22762";"";"";"39167";"STRICTO SENSU";"";"Centro de Educação";"2014";"1";"2014-02-10";"2014-06-11";"2M1";"9";"9";"REGULAR";"f";"2015-02-19 16:51:31.596";"f";"";"16";"CONSOLIDADA";"";"Presencial";
"1223951";"10";"22948";"";"";"39167";"STRICTO SENSU";"";"Centro de Educação";"2014";"1";"2014-02-10";"2014-06-11";"2M1";"9";"9";"REGULAR";"f";"2015-02-19 16:51:31.596";"f";"";"16";"CONSOLIDADA";"";"Presencial";
"1223952";"01";"5753007";"";"";"48192";"GRADUAÇÃO";"Campus Central";"FORA";"2014";"1";"2014-01-27";"2014-06-14";"";"5";"5";"REGULAR";"f";"2014-06-13 19:46:36.105";"f";"";"0";"CONSOLIDADA";"";"Presencial";
"1223953";"02";"5753016";"";"";"48192";"GRADUAÇÃO";"Campus Central";"FORA";"2014";"1";"2014-01-27";"2014-06-14";"";"5";"5";"REGULAR";"f";"2014-06-20 20:40:53.27";"f";"";"0";"CONSOLIDADA";"";"Presencial";
"1223954";"01";"";"100172702";"";"51729";"GRADUAÇÃO";"Campus Central";"Laboratório de Geologia";"2014";"1";"2014-01-27";"2014-06-14";"2M56 (27/01/2014 - 14/06/2014)";"1";"10";"REGULAR";"f";"2015-01-20 11:36:46.187";"f";"";"18";"CONSOLIDADA";"";"Presencial";
"1223955";"02";"18182";"";"";"25016";"GRADUAÇÃO";"Campus Central";"Sala de Aula 5";"2014";"1";"2014-01-27";"2014-06-14";"24M34";"5";"50";"REGULAR";"f";"2014-06-06 09:55:52.182";"f";"";"70";"CONSOLIDADA";"";"Presencial";
"1223956";"01B";"5753077";"";"";"2045610";"GRADUAÇÃO";"Campus Central";"DNUT - SALA DE AULA 1 (1º ANDAR)";"2014";"1";"2014-01-27";"2014-06-14";"5T1235";"15";"20";"REGULAR";"f";"2014-06-16 13:30:58.587";"f";"1223947";"68";"CONSOLIDADA";"";"Presencial";
"1223957";"03";"5755977";"";"";"48192";"GRADUAÇÃO";"Campus Central";"FORA";"2014";"1";"2014-01-27";"2014-06-14";"";"5";"5";"REGULAR";"f";"2014-06-14 18:38:11.396";"f";"";"0";"CONSOLIDADA";"";"Presencial";
"1223958";"02";"5756353";"";"";"23841";"GRADUAÇÃO";"Campus Central";"Sala de Aula 4";"2014";"1";"2014-01-27";"2014-06-14";"6N1234";"15";"50";"REGULAR";"f";"2014-06-13 19:08:37.734";"f";"";"68";"CONSOLIDADA";"";"Presencial";
"1223959";"04";"5756676";"";"";"48192";"GRADUAÇÃO";"Campus Central";"FORA";"2014";"1";"2014-01-27";"2014-06-14";"";"5";"5";"REGULAR";"f";"2014-06-13 20:19:47.307";"f";"";"0";"CONSOLIDADA";"";"Presencial";
"1223960";"05";"5756676";"";"";"48192";"GRADUAÇÃO";"Campus Central";"FORA";"2014";"1";"2014-01-27";"2014-06-14";"";"5";"5";"REGULAR";"f";"2014-06-13 20:21:42.568";"f";"";"0";"CONSOLIDADA";"";"Presencial";
"1223962";"01A";"5752990";"";"";"2045641";"GRADUAÇÃO";"Campus Central";"DNUT - SALA DE AULA 1 (1º ANDAR)";"2014";"1";"2014-01-27";"2014-06-14";"3M1234";"14";"15";"REGULAR";"f";"2014-06-10 13:38:28.495";"f";"1223961";"72";"CONSOLIDADA";"";"Presencial";
"1223962";"01A";"20538";"";"";"2045641";"GRADUAÇÃO";"Campus Central";"DNUT - SALA DE AULA 1 (1º ANDAR)";"2014";"1";"2014-01-27";"2014-06-14";"3M1234";"14";"15";"REGULAR";"f";"2014-06-10 13:38:28.495";"f";"1223961";"72";"CONSOLIDADA";"";"Presencial";
"1223963";"06";"5756676";"";"";"48192";"GRADUAÇÃO";"Campus Central";"FORA";"2014";"1";"2014-01-27";"2014-06-14";"";"5";"5";"REGULAR";"f";"2014-06-13 20:23:54.542";"f";"";"0";"CONSOLIDADA";"";"Presencial";
"1223964";"07";"5755977";"";"";"48192";"GRADUAÇÃO";"Campus Central";"FORA";"2014";"1";"2014-01-27";"2014-06-14";"";"5";"5";"REGULAR";"f";"2014-06-14 18:39:02.176";"f";"";"0";"CONSOLIDADA";"";"Presencial";
"1223965";"11";"5752275";"";"";"39167";"STRICTO SENSU";"";"Centro de Educação";"2014";"1";"2014-02-10";"2014-06-11";"2M1";"5";"6";"REGULAR";"f";"2014-12-11 11:57:05.329";"f";"";"16";"CONSOLIDADA";"";"Presencial";
"1223965";"11";"21949";"";"";"39167";"STRICTO SENSU";"";"Centro de Educação";"2014";"1";"2014-02-10";"2014-06-11";"2M1";"5";"6";"REGULAR";"f";"2014-12-11 11:57:05.329";"f";"";"16";"CONSOLIDADA";"";"Presencial";
"1223965";"11";"20855";"";"";"39167";"STRICTO SENSU";"";"Centro de Educação";"2014";"1";"2014-02-10";"2014-06-11";"2M1";"5";"6";"REGULAR";"f";"2014-12-11 11:57:05.329";"f";"";"16";"CONSOLIDADA";"";"Presencial";
"1223965";"11";"26478";"";"";"39167";"STRICTO SENSU";"";"Centro de Educação";"2014";"1";"2014-02-10";"2014-06-11";"2M1";"5";"6";"REGULAR";"f";"2014-12-11 11:57:05.329";"f";"";"16";"CONSOLIDADA";"";"Presencial";
"1223966";"08";"5756676";"";"";"48192";"GRADUAÇÃO";"Campus Central";"FORA";"2014";"1";"2014-01-27";"2014-06-14";"";"3";"5";"REGULAR";"f";"2014-06-13 20:25:42.037";"f";"";"0";"CONSOLIDADA";"";"Presencial";
"1223967";"01";"5753097";"";"";"40108";"GRADUAÇÃO";"Campus Central";"4A6";"2014";"1";"2014-01-27";"2014-06-14";"46M12";"30";"50";"REGULAR";"f";"2014-06-19 21:17:07.783";"f";"";"70";"CONSOLIDADA";"";"Presencial";
"1223968";"01";"21603";"";"";"20333";"GRADUAÇÃO";"Campus Central";"4 H4";"2014";"1";"2014-01-27";"2014-06-14";"24T561234";"17";"15";"REGULAR";"f";"2014-06-12 14:10:07.196";"f";"";"210";"CONSOLIDADA";"";"Presencial";
"1223970";"01A";"25924";"";"";"2045616";"GRADUAÇÃO";"Campus Central";"Sala A DNUT";"2014";"1";"2014-01-27";"2014-06-14";"2T23";"24";"20";"REGULAR";"f";"2014-06-17 19:04:27.95";"f";"1223969";"34";"CONSOLIDADA";"";"Presencial";
"1223970";"01A";"5755414";"";"";"2045616";"GRADUAÇÃO";"Campus Central";"Sala A DNUT";"2014";"1";"2014-01-27";"2014-06-14";"2T23";"24";"20";"REGULAR";"f";"2014-06-17 19:04:27.95";"f";"1223969";"34";"CONSOLIDADA";"";"Presencial";
"1223971";"01";"17706";"";"";"20295";"GRADUAÇÃO";"Campus Central";"4 G2";"2014";"1";"2014-01-27";"2014-06-14";"5T564";"5";"20";"REGULAR";"f";"2014-06-19 14:08:23.879";"f";"";"54";"CONSOLIDADA";"";"Presencial";
"1223972";"01B";"25924";"";"";"2045616";"GRADUAÇÃO";"Campus Central";"Sala A DNUT";"2014";"1";"2014-01-27";"2014-06-14";"2T24";"11";"20";"REGULAR";"f";"2014-06-17 19:04:26.937";"f";"1223969";"34";"CONSOLIDADA";"";"Presencial";
"1223972";"01B";"5755414";"";"";"2045616";"GRADUAÇÃO";"Campus Central";"Sala A DNUT";"2014";"1";"2014-01-27";"2014-06-14";"2T24";"11";"20";"REGULAR";"f";"2014-06-17 19:04:26.937";"f";"1223969";"34";"CONSOLIDADA";"";"Presencial";
"1223973";"01";"5752794";"";"";"20317";"GRADUAÇÃO";"Campus Central";"4 G3";"2014";"1";"2014-01-27";"2014-06-14";"3N1234";"18";"20";"REGULAR";"f";"2014-06-13 18:55:26.976";"f";"";"68";"CONSOLIDADA";"";"Presencial";
"1223974";"01B";"5752990";"";"";"2045641";"GRADUAÇÃO";"Campus Central";"DNUT - SALA DE AULA 1 (1º ANDAR)";"2014";"1";"2014-01-27";"2014-06-14";"3M1235";"13";"15";"REGULAR";"f";"2014-06-10 13:38:29.574";"f";"1223961";"72";"CONSOLIDADA";"";"Presencial";
"1223974";"01B";"20538";"";"";"2045641";"GRADUAÇÃO";"Campus Central";"DNUT - SALA DE AULA 1 (1º ANDAR)";"2014";"1";"2014-01-27";"2014-06-14";"3M1235";"13";"15";"REGULAR";"f";"2014-06-10 13:38:29.574";"f";"1223961";"72";"CONSOLIDADA";"";"Presencial";
"1223975";"04";"5756375";"";"";"25694";"GRADUAÇÃO";"Campus Central";"3C3";"2014";"1";"2014-01-27";"2014-06-14";"246M56";"16";"40";"REGULAR";"f";"2014-07-03 11:28:55.049";"f";"";"106";"CONSOLIDADA";"";"Presencial";
"1223976";"01";"5752388";"";"";"20315";"GRADUAÇÃO";"Campus Central";"4 H1";"2014";"1";"2014-01-27";"2014-06-14";"3T234 5T12";"18";"20";"REGULAR";"f";"2014-06-16 18:03:21.833";"f";"";"89";"CONSOLIDADA";"";"Presencial";
"1223977";"01";"5755351";"";"";"20307";"GRADUAÇÃO";"Campus Central";"LABCON";"2014";"1";"2014-01-27";"2014-06-14";"5N1234";"34";"26";"REGULAR";"f";"2014-06-13 13:11:58.389";"f";"";"72";"CONSOLIDADA";"";"Presencial";
"1223978";"01C";"5752990";"";"";"2045641";"GRADUAÇÃO";"Campus Central";"DNUT - SALA DE AULA 1 (1º ANDAR)";"2014";"1";"2014-01-27";"2014-06-14";"3M1236";"10";"15";"REGULAR";"f";"2014-06-10 13:38:27.4";"f";"1223961";"72";"CONSOLIDADA";"";"Presencial";
"1223978";"01C";"20538";"";"";"2045641";"GRADUAÇÃO";"Campus Central";"DNUT - SALA DE AULA 1 (1º ANDAR)";"2014";"1";"2014-01-27";"2014-06-14";"3M1236";"10";"15";"REGULAR";"f";"2014-06-10 13:38:27.4";"f";"1223961";"72";"CONSOLIDADA";"";"Presencial";
"1223980";"01A";"25924";"";"";"2045608";"GRADUAÇÃO";"Campus Central";"Sala A DNUT";"2014";"1";"2014-01-27";"2014-06-14";"5M234";"20";"20";"REGULAR";"f";"2014-06-17 21:47:44.197";"f";"1223979";"51";"CONSOLIDADA";"";"Presencial";
"1223980";"01A";"5755414";"";"";"2045608";"GRADUAÇÃO";"Campus Central";"Sala A DNUT";"2014";"1";"2014-01-27";"2014-06-14";"5M234";"20";"20";"REGULAR";"f";"2014-06-17 21:47:44.197";"f";"1223979";"51";"CONSOLIDADA";"";"Presencial";
"1223981";"08";"22948";"";"";"39169";"STRICTO SENSU";"";"Centro de Educação";"2014";"1";"2014-02-10";"2014-06-11";"3M6";"3";"5";"REGULAR";"f";"2015-02-28 13:04:36.069";"f";"";"17";"CONSOLIDADA";"";"Presencial";
"1223981";"08";"22129";"";"";"39169";"STRICTO SENSU";"";"Centro de Educação";"2014";"1";"2014-02-10";"2014-06-11";"3M6";"3";"5";"REGULAR";"f";"2015-02-28 13:04:36.069";"f";"";"17";"CONSOLIDADA";"";"Presencial";
"1223981";"08";"5753073";"";"";"39169";"STRICTO SENSU";"";"Centro de Educação";"2014";"1";"2014-02-10";"2014-06-11";"3M6";"3";"5";"REGULAR";"f";"2015-02-28 13:04:36.069";"f";"";"17";"CONSOLIDADA";"";"Presencial";
"1223981";"08";"5752225";"";"";"39169";"STRICTO SENSU";"";"Centro de Educação";"2014";"1";"2014-02-10";"2014-06-11";"3M6";"3";"5";"REGULAR";"f";"2015-02-28 13:04:36.069";"f";"";"17";"CONSOLIDADA";"";"Presencial";
"1223981";"08";"26503";"";"";"39169";"STRICTO SENSU";"";"Centro de Educação";"2014";"1";"2014-02-10";"2014-06-11";"3M6";"3";"5";"REGULAR";"f";"2015-02-28 13:04:36.069";"f";"";"17";"CONSOLIDADA";"";"Presencial";
"1223982";"01B";"25924";"";"";"2045608";"GRADUAÇÃO";"Campus Central";"Sala A DNUT";"2014";"1";"2014-01-27";"2014-06-14";"5M235";"14";"20";"REGULAR";"f";"2014-06-17 21:47:43.18";"f";"1223979";"51";"CONSOLIDADA";"";"Presencial";
"1223982";"01B";"5755414";"";"";"2045608";"GRADUAÇÃO";"Campus Central";"Sala A DNUT";"2014";"1";"2014-01-27";"2014-06-14";"5M235";"14";"20";"REGULAR";"f";"2014-06-17 21:47:43.18";"f";"1223979";"51";"CONSOLIDADA";"";"Presencial";
"1223983";"01";"5755434";"";"";"42946";"GRADUAÇÃO";"Campus Central";"DNUT - SALA DE AULA 2 (1º ANDAR)";"2014";"1";"2014-01-27";"2014-06-14";"5T234";"34";"40";"REGULAR";"f";"2014-06-13 20:26:06.62";"f";"";"54";"CONSOLIDADA";"";"Presencial";
"1223984";"01";"5755970";"";"";"53684";"GRADUAÇÃO";"Campus Central";"Sala 1 DNUT";"2014";"1";"2014-01-27";"2014-06-14";"6T34";"30";"40";"REGULAR";"f";"2014-06-14 15:03:15.705";"f";"";"38";"CONSOLIDADA";"";"Presencial";
"1223985";"01";"23842";"";"";"24641";"GRADUAÇÃO";"Campus Central";"4 G3";"2014";"1";"2014-01-27";"2014-06-14";"35M12";"20";"25";"REGULAR";"f";"2014-06-09 11:42:00.844";"f";"";"72";"CONSOLIDADA";"";"Presencial";
"1223986";"01";"22932";"";"";"42944";"GRADUAÇÃO";"Campus Central";"DNUT - SALA DE AULA 4 (1º ANDAR)";"2014";"1";"2014-01-27";"2014-06-14";"5T123";"6";"30";"REGULAR";"f";"2014-06-06 15:01:44.274";"f";"";"54";"CONSOLIDADA";"";"Presencial";
"1223986";"01";"5756469";"";"";"42944";"GRADUAÇÃO";"Campus Central";"DNUT - SALA DE AULA 4 (1º ANDAR)";"2014";"1";"2014-01-27";"2014-06-14";"5T123";"6";"30";"REGULAR";"f";"2014-06-06 15:01:44.274";"f";"";"54";"CONSOLIDADA";"";"Presencial";
"1223987";"01";"5756012";"";"";"52842";"GRADUAÇÃO";"Campus Central";"Sala 21 - DEART";"2014";"1";"2014-01-27";"2014-06-14";"35M56";"4";"42";"REGULAR";"f";"2014-06-11 21:16:40.898";"f";"";"68";"CONSOLIDADA";"";"Presencial";
"1223988";"01";"18543";"";"";"40109";"GRADUAÇÃO";"Campus Central";"4A6";"2014";"1";"2014-01-27";"2014-06-14";"35M56";"47";"50";"REGULAR";"f";"2014-06-20 11:58:28.904";"f";"";"72";"CONSOLIDADA";"";"Presencial";
"1223989";"09";"5752225";"";"";"39169";"STRICTO SENSU";"";"Centro de Educação";"2014";"1";"2014-02-10";"2014-06-11";"3M1";"5";"5";"REGULAR";"f";"2015-03-13 17:28:52.31";"f";"";"17";"CONSOLIDADA";"";"Presencial";
"1223989";"09";"21949";"";"";"39169";"STRICTO SENSU";"";"Centro de Educação";"2014";"1";"2014-02-10";"2014-06-11";"3M1";"5";"5";"REGULAR";"f";"2015-03-13 17:28:52.31";"f";"";"17";"CONSOLIDADA";"";"Presencial";
"1223989";"09";"26478";"";"";"39169";"STRICTO SENSU";"";"Centro de Educação";"2014";"1";"2014-02-10";"2014-06-11";"3M1";"5";"5";"REGULAR";"f";"2015-03-13 17:28:52.31";"f";"";"17";"CONSOLIDADA";"";"Presencial";
"1223989";"09";"5752275";"";"";"39169";"STRICTO SENSU";"";"Centro de Educação";"2014";"1";"2014-02-10";"2014-06-11";"3M1";"5";"5";"REGULAR";"f";"2015-03-13 17:28:52.31";"f";"";"17";"CONSOLIDADA";"";"Presencial";
"1223990";"01";"18741";"";"";"40111";"GRADUAÇÃO";"Campus Central";"4F1";"2014";"1";"2014-01-27";"2014-06-14";"35M34";"35";"50";"REGULAR";"f";"2014-06-20 11:21:10.638";"f";"";"72";"CONSOLIDADA";"";"Presencial";
"1223991";"22";"26503";"";"";"39171";"STRICTO SENSU";"";"Centro de Educação";"2014";"1";"2014-02-10";"2014-06-11";"4M1";"1";"1";"REGULAR";"f";"2015-02-28 13:07:48.684";"f";"";"17";"CONSOLIDADA";"";"Presencial";
"1223992";"01";"23033";"";"";"40112";"GRADUAÇÃO";"Campus Central";"4B3";"2014";"1";"2014-01-27";"2014-06-14";"35T34";"30";"40";"REGULAR";"f";"2014-06-10 20:16:18.022";"f";"";"72";"CONSOLIDADA";"";"Presencial";
"1223993";"01";"21790";"";"";"40114";"GRADUAÇÃO";"Campus Central";"4F1";"2014";"1";"2014-01-27";"2014-06-14";"35T56";"36";"40";"REGULAR";"f";"2014-06-20 10:39:08.794";"f";"";"74";"CONSOLIDADA";"";"Presencial";
"1223994";"01";"5756002";"";"";"40117";"GRADUAÇÃO";"Campus Central";"4A5";"2014";"1";"2014-01-27";"2014-06-14";"246T12";"33";"50";"REGULAR";"f";"2014-06-14 09:38:07.737";"f";"";"102";"CONSOLIDADA";"";"Presencial";
"1223995";"01";"24792";"";"";"40118";"GRADUAÇÃO";"Campus Central";"Laboratório de Graduação/DCA";"2014";"1";"2014-01-27";"2014-06-14";"35T34";"13";"40";"REGULAR";"f";"2014-06-18 01:02:55.759";"f";"";"66";"CONSOLIDADA";"";"Presencial";
"1223996";"01";"17421";"";"";"40119";"GRADUAÇÃO";"Campus Central";"Laboratório de Graduação/DCA";"2014";"1";"2014-01-27";"2014-06-14";"24T12";"11";"50";"REGULAR";"f";"2014-06-20 15:42:19.125";"f";"";"66";"CONSOLIDADA";"";"Presencial";
"1223997";"01";"5753710";"";"";"40122";"GRADUAÇÃO";"Campus Central";"4A7";"2014";"1";"2014-01-27";"2014-06-14";"24M12";"23";"50";"REGULAR";"f";"2014-06-08 11:32:54.452";"f";"";"66";"CONSOLIDADA";"";"Presencial";
"1223998";"01";"5753848";"";"";"40123";"GRADUAÇÃO";"Campus Central";"Laboratório de Graduação/DCA";"2014";"1";"2014-01-27";"2014-06-14";"24T34";"29";"40";"REGULAR";"f";"2014-06-19 10:13:58.444";"f";"";"74";"CONSOLIDADA";"";"Presencial";
"1223999";"01";"5752548";"";"";"40124";"GRADUAÇÃO";"Campus Central";"4F1";"2014";"1";"2014-01-27";"2014-06-14";"24M34";"24";"50";"REGULAR";"f";"2014-06-11 11:57:45.755";"f";"";"74";"CONSOLIDADA";"";"Presencial";
"1224000";"01";"5753848";"";"";"40125";"GRADUAÇÃO";"Campus Central";"Laboratório de Graduação/DCA";"2014";"1";"2014-01-27";"2014-06-14";"24T56";"33";"40";"REGULAR";"f";"2014-06-19 10:13:18.964";"f";"";"74";"CONSOLIDADA";"";"Presencial";
"1224001";"01";"5754362";"";"";"54123";"GRADUAÇÃO";"Campus Central";"LABCON";"2014";"1";"2014-01-29";"2014-05-28";"4M456 (29/01/2014 - 26/02/2014), 4M456 (12/03/2014 - 30/04/2014), 6M456 (01/05/2014 - 02/05/2014), 4M456 (07/05/2014 - 28/05/2014)";"";"20";"REGULAR";"f";"";"f";"";"";"EXCLUÍDA";"";"Presencial";
"1224002";"01";"5753987";"";"";"46676";"GRADUAÇÃO";"Campus Central";"4B1";"2014";"1";"2014-01-27";"2014-06-14";"24M56";"31";"40";"REGULAR";"f";"2014-06-14 09:55:56.552";"f";"";"66";"CONSOLIDADA";"";"Presencial";
"1224003";"01";"5752286";"";"";"46677";"GRADUAÇÃO";"Campus Central";"LABORATÓRIO DE GRADUAÇÃO(DCA)";"2014";"1";"2014-01-27";"2014-06-14";"35M56";"14";"40";"REGULAR";"f";"2014-06-24 20:26:21.677";"f";"";"74";"CONSOLIDADA";"";"Presencial";
"1224004";"01";"5753647";"";"";"54122";"GRADUAÇÃO";"Campus Central";"LABINFO";"2014";"1";"2014-01-29";"2014-05-28";"4M123 (29/01/2014 - 26/02/2014), 4M123 (12/03/2014 - 30/04/2014), 6M123 (01/05/2014 - 02/05/2014), 4M123 (07/05/2014 - 28/05/2014)";"";"20";"REGULAR";"f";"";"f";"";"";"EXCLUÍDA";"";"Presencial";
"1224005";"01";"5752548";"";"";"46678";"GRADUAÇÃO";"Campus Central";"SALA 01 (DCA)";"2014";"1";"2014-01-27";"2014-06-14";"24M56";"17";"50";"REGULAR";"f";"2014-06-12 05:57:58.945";"f";"";"74";"CONSOLIDADA";"";"Presencial";
"1224006";"01";"23033";"";"";"46679";"GRADUAÇÃO";"Campus Central";"Laboratório de Graduaçao/DCA";"2014";"1";"2014-01-27";"2014-06-14";"35M34";"22";"40";"REGULAR";"f";"2014-06-10 19:53:16.919";"f";"";"72";"CONSOLIDADA";"";"Presencial";
"1224008";"01A";"5756058";"";"";"46638";"GRADUAÇÃO";"Campus Central";"a definir";"2014";"1";"2014-01-27";"2014-06-14";"246T34";"31";"30";"REGULAR";"f";"";"f";"1224007";"";"EXCLUÍDA";"";"Presencial";
"1224010";"02A";"22939";"";"";"46638";"GRADUAÇÃO";"Campus Central";"LAMP - Lab. de Medição em Petróleo/DCA";"2014";"1";"2014-01-27";"2014-06-14";"246T34";"6";"31";"REGULAR";"f";"2014-06-18 18:38:25.256";"f";"1224009";"108";"CONSOLIDADA";"";"Presencial";
"1224011";"01";"22871";"";"";"54062";"GRADUAÇÃO";"Campus Central";"Departamento de Patologia";"2014";"1";"2014-01-27";"2014-06-14";"26T34";"52";"52";"REGULAR";"f";"2014-06-13 09:17:57.585";"f";"";"76";"CONSOLIDADA";"";"Presencial";
"1224011";"01";"22757";"";"";"54062";"GRADUAÇÃO";"Campus Central";"Departamento de Patologia";"2014";"1";"2014-01-27";"2014-06-14";"26T34";"52";"52";"REGULAR";"f";"2014-06-13 09:17:57.585";"f";"";"76";"CONSOLIDADA";"";"Presencial";
"1224011";"01";"23181";"";"";"54062";"GRADUAÇÃO";"Campus Central";"Departamento de Patologia";"2014";"1";"2014-01-27";"2014-06-14";"26T34";"52";"52";"REGULAR";"f";"2014-06-13 09:17:57.585";"f";"";"76";"CONSOLIDADA";"";"Presencial";
"1224011";"01";"23816";"";"";"54062";"GRADUAÇÃO";"Campus Central";"Departamento de Patologia";"2014";"1";"2014-01-27";"2014-06-14";"26T34";"52";"52";"REGULAR";"f";"2014-06-13 09:17:57.585";"f";"";"76";"CONSOLIDADA";"";"Presencial";
"1224011";"01";"5751840";"";"";"54062";"GRADUAÇÃO";"Campus Central";"Departamento de Patologia";"2014";"1";"2014-01-27";"2014-06-14";"26T34";"52";"52";"REGULAR";"f";"2014-06-13 09:17:57.585";"f";"";"76";"CONSOLIDADA";"";"Presencial";
"1224011";"01";"5755753";"";"";"54062";"GRADUAÇÃO";"Campus Central";"Departamento de Patologia";"2014";"1";"2014-01-27";"2014-06-14";"26T34";"52";"52";"REGULAR";"f";"2014-06-13 09:17:57.585";"f";"";"76";"CONSOLIDADA";"";"Presencial";
"1224011";"01";"23754";"";"";"54062";"GRADUAÇÃO";"Campus Central";"Departamento de Patologia";"2014";"1";"2014-01-27";"2014-06-14";"26T34";"52";"52";"REGULAR";"f";"2014-06-13 09:17:57.585";"f";"";"76";"CONSOLIDADA";"";"Presencial";
"1224011";"01";"22755";"";"";"54062";"GRADUAÇÃO";"Campus Central";"Departamento de Patologia";"2014";"1";"2014-01-27";"2014-06-14";"26T34";"52";"52";"REGULAR";"f";"2014-06-13 09:17:57.585";"f";"";"76";"CONSOLIDADA";"";"Presencial";
"1224013";"01A";"25444";"";"";"46683";"GRADUAÇÃO";"Campus Central";"DCA-SALA 1";"2014";"1";"2014-01-27";"2014-06-14";"246M34";"7";"17";"REGULAR";"f";"2014-06-10 11:19:13.242";"f";"1224012";"98";"CONSOLIDADA";"";"Presencial";
"1224014";"01";"5751840";"";"";"54063";"GRADUAÇÃO";"Campus Central";"Departamento de Patologia";"2014";"1";"2014-01-27";"2014-06-14";"4T34";"51";"8";"REGULAR";"f";"2014-06-13 09:32:56.082";"f";"";"36";"CONSOLIDADA";"";"Presencial";
"1224015";"01";"4308385";"";"";"40128";"GRADUAÇÃO";"Campus Central";"4I3";"2014";"1";"2014-01-27";"2014-06-14";"24M12";"21";"21";"REGULAR";"f";"2014-06-09 19:50:08.738";"f";"";"70";"CONSOLIDADA";"";"Presencial";
"1224016";"01";"25444";"";"";"40130";"GRADUAÇÃO";"Campus Central";"SALA 01/DCA";"2014";"1";"2014-01-27";"2014-06-14";"24M12";"3";"30";"REGULAR";"f";"2014-06-10 08:30:29.887";"f";"";"72";"CONSOLIDADA";"";"Presencial";
"1224018";"01";"23816";"";"";"54078";"GRADUAÇÃO";"Campus Central";"Departamento de Patologia";"2014";"1";"2014-01-27";"2014-06-14";"2M2";"32";"12";"REGULAR";"f";"2014-06-13 18:36:14.176";"f";"";"18";"CONSOLIDADA";"";"Presencial";
"1224018";"01";"22755";"";"";"54078";"GRADUAÇÃO";"Campus Central";"Departamento de Patologia";"2014";"1";"2014-01-27";"2014-06-14";"2M2";"32";"12";"REGULAR";"f";"2014-06-13 18:36:14.176";"f";"";"18";"CONSOLIDADA";"";"Presencial";
"1224018";"01";"23754";"";"";"54078";"GRADUAÇÃO";"Campus Central";"Departamento de Patologia";"2014";"1";"2014-01-27";"2014-06-14";"2M2";"32";"12";"REGULAR";"f";"2014-06-13 18:36:14.176";"f";"";"18";"CONSOLIDADA";"";"Presencial";
"1224019";"01";"22755";"";"";"54077";"GRADUAÇÃO";"Campus Central";"Departamento de Patologia";"2014";"1";"2014-01-27";"2014-06-14";"2M3 4M23";"32";"45";"REGULAR";"f";"2014-06-17 08:44:44.999";"f";"";"54";"CONSOLIDADA";"";"Presencial";
"1224019";"01";"22757";"";"";"54077";"GRADUAÇÃO";"Campus Central";"Departamento de Patologia";"2014";"1";"2014-01-27";"2014-06-14";"2M3 4M23";"32";"45";"REGULAR";"f";"2014-06-17 08:44:44.999";"f";"";"54";"CONSOLIDADA";"";"Presencial";
"1224019";"01";"23754";"";"";"54077";"GRADUAÇÃO";"Campus Central";"Departamento de Patologia";"2014";"1";"2014-01-27";"2014-06-14";"2M3 4M23";"32";"45";"REGULAR";"f";"2014-06-17 08:44:44.999";"f";"";"54";"CONSOLIDADA";"";"Presencial";
"1224019";"01";"22999";"";"";"54077";"GRADUAÇÃO";"Campus Central";"Departamento de Patologia";"2014";"1";"2014-01-27";"2014-06-14";"2M3 4M23";"32";"45";"REGULAR";"f";"2014-06-17 08:44:44.999";"f";"";"54";"CONSOLIDADA";"";"Presencial";
"1224019";"01";"23816";"";"";"54077";"GRADUAÇÃO";"Campus Central";"Departamento de Patologia";"2014";"1";"2014-01-27";"2014-06-14";"2M3 4M23";"32";"45";"REGULAR";"f";"2014-06-17 08:44:44.999";"f";"";"54";"CONSOLIDADA";"";"Presencial";
"1224020";"01";"23956";"";"";"20029";"GRADUAÇÃO";"Campus Central";"SALA 7 ECT";"2014";"1";"2014-01-27";"2014-06-14";"35M12";"31";"50";"REGULAR";"f";"2014-06-12 12:11:09.263";"f";"";"72";"CONSOLIDADA";"";"Presencial";
"1224021";"01";"5753695";"";"";"46684";"GRADUAÇÃO";"Campus Central";"Lab. de Graduação/DCA";"2014";"1";"2014-01-27";"2014-06-14";"24M34";"8";"20";"REGULAR";"f";"2014-06-18 09:26:22.819";"f";"";"66";"CONSOLIDADA";"";"Presencial";
"1224022";"01";"5753097";"";"";"40131";"GRADUAÇÃO";"Campus Central";"4B2";"2014";"1";"2014-01-27";"2014-06-14";"6M3456";"14";"30";"REGULAR";"f";"2014-06-21 18:08:06.828";"f";"";"72";"CONSOLIDADA";"";"Presencial";
"1224023";"01";"23011";"";"";"21079";"GRADUAÇÃO";"Campus Central";"Laboratório de Graduação/DCA";"2014";"1";"2014-01-27";"2014-06-14";"35M56";"4";"30";"REGULAR";"f";"2014-06-17 04:10:55.567";"f";"";"68";"CONSOLIDADA";"";"Presencial";
"1224024";"01";"18741";"";"";"21076";"GRADUAÇÃO";"Campus Central";"4B2";"2014";"1";"2014-01-27";"2014-06-14";"35T12";"19";"20";"REGULAR";"f";"2014-06-20 11:18:28.658";"f";"";"72";"CONSOLIDADA";"";"Presencial";
"1224025";"03";"16943";"";"";"22991";"GRADUAÇÃO";"Campus Central";"3B1";"2014";"1";"2014-01-27";"2014-06-14";"35N12";"6";"35";"REGULAR";"f";"2014-06-20 13:29:26.623";"f";"";"74";"CONSOLIDADA";"";"Presencial";
"1224026";"01";"17414";"";"";"23649";"GRADUAÇÃO";"Campus Central";"Departamento de Patologia";"2014";"1";"2014-01-27";"2014-06-14";"35T56";"55";"58";"REGULAR";"f";"2014-06-20 22:06:11.612";"f";"";"74";"CONSOLIDADA";"";"Presencial";
"1224027";"03";"5752474";"";"";"42104";"GRADUAÇÃO";"Campus Central";"-";"2014";"1";"2014-03-05";"2014-04-30";"4M34 (05/03/2014 - 16/04/2014), 4M3456 (30/04/2014 - 30/04/2014)";"33";"40";"REGULAR";"f";"2014-06-09 11:13:00.636";"f";"";"16";"CONSOLIDADA";"";"Presencial";
"1224028";"03";"5752474";"";"";"45994";"GRADUAÇÃO";"Campus Central";"-";"2014";"1";"2014-02-26";"2014-04-23";"4M56 (26/02/2014 - 23/04/2014)";"14";"50";"REGULAR";"f";"2014-06-09 11:12:09.041";"f";"";"16";"CONSOLIDADA";"";"Presencial";
"1224030";"03A";"5756058";"";"";"46636";"GRADUAÇÃO";"Campus Central";"3T56-4C4/5T34-4E3/5T56-4I8";"2014";"1";"2014-01-27";"2014-06-14";"3T56 5T3456";"60";"31";"REGULAR";"f";"2014-06-15 12:52:07.222";"f";"1226373";"102";"CONSOLIDADA";"";"Presencial";
"1224030";"03A";"5753710";"";"";"46636";"GRADUAÇÃO";"Campus Central";"3T56-4C4/5T34-4E3/5T56-4I8";"2014";"1";"2014-01-27";"2014-06-14";"3T56 5T3456";"60";"31";"REGULAR";"f";"2014-06-15 12:52:07.222";"f";"1226373";"102";"CONSOLIDADA";"";"Presencial";
"1224032";"01A";"5752965";"";"";"46682";"GRADUAÇÃO";"Campus Central";"a definir";"2014";"1";"2014-01-27";"2014-06-14";"246T12";"";"40";"REGULAR";"f";"";"f";"1224031";"";"EXCLUÍDA";"";"Presencial";
"1224034";"01A";"24165";"";"";"46635";"GRADUAÇÃO";"Campus Central";"a definir";"2014";"1";"2014-01-27";"2014-06-14";"24T12 3T34";"";"40";"REGULAR";"f";"";"f";"1224033";"";"EXCLUÍDA";"";"Presencial";
"1224036";"02A";"5755578";"";"";"46635";"GRADUAÇÃO";"Campus Central";"a definir";"2014";"1";"2014-01-27";"2014-06-14";"24T12 5T34";"";"20";"REGULAR";"f";"";"f";"1224035";"";"EXCLUÍDA";"";"Presencial";
"1224037";"01";"18505";"";"";"2036200";"GRADUAÇÃO";"Campus Central";"3T34: Sala 4I5 e 5T34: Auditório do Setor IV";"2014";"1";"2014-01-27";"2014-06-14";"35T34";"5";"50";"REGULAR";"f";"2014-06-18 21:59:17.2";"f";"";"72";"CONSOLIDADA";"";"Presencial";
"1224038";"01";"22755";"";"";"2049854";"GRADUAÇÃO";"Campus Central";"Departamento de Patologia";"2014";"1";"2014-01-27";"2014-06-14";"2N1 6N34";"22";"22";"REGULAR";"f";"2014-06-17 23:31:38.893";"f";"";"51";"CONSOLIDADA";"";"Presencial";
"1224038";"01";"22871";"";"";"2049854";"GRADUAÇÃO";"Campus Central";"Departamento de Patologia";"2014";"1";"2014-01-27";"2014-06-14";"2N1 6N34";"22";"22";"REGULAR";"f";"2014-06-17 23:31:38.893";"f";"";"51";"CONSOLIDADA";"";"Presencial";
"1224038";"01";"23816";"";"";"2049854";"GRADUAÇÃO";"Campus Central";"Departamento de Patologia";"2014";"1";"2014-01-27";"2014-06-14";"2N1 6N34";"22";"22";"REGULAR";"f";"2014-06-17 23:31:38.893";"f";"";"51";"CONSOLIDADA";"";"Presencial";
"1224038";"01";"5755753";"";"";"2049854";"GRADUAÇÃO";"Campus Central";"Departamento de Patologia";"2014";"1";"2014-01-27";"2014-06-14";"2N1 6N34";"22";"22";"REGULAR";"f";"2014-06-17 23:31:38.893";"f";"";"51";"CONSOLIDADA";"";"Presencial";
"1224039";"01";"22918";"";"";"2036254";"GRADUAÇÃO";"Campus Macaíba";"Sala 07: 2M45 e Sala 03: 6T12";"2014";"1";"2014-01-27";"2014-06-14";"2M45  6T12";"7";"20";"REGULAR";"f";"2014-06-20 11:46:26.937";"f";"";"66";"CONSOLIDADA";"";"Presencial";
"1224040";"02";"22871";"";"";"2049854";"GRADUAÇÃO";"Campus Central";"Departamento de Patologia";"2014";"1";"2014-01-27";"2014-06-14";"2N1 6N34";"13";"23";"REGULAR";"f";"2014-06-17 23:35:26.189";"f";"";"51";"CONSOLIDADA";"";"Presencial";
"1224040";"02";"5755753";"";"";"2049854";"GRADUAÇÃO";"Campus Central";"Departamento de Patologia";"2014";"1";"2014-01-27";"2014-06-14";"2N1 6N34";"13";"23";"REGULAR";"f";"2014-06-17 23:35:26.189";"f";"";"51";"CONSOLIDADA";"";"Presencial";
"1224040";"02";"23816";"";"";"2049854";"GRADUAÇÃO";"Campus Central";"Departamento de Patologia";"2014";"1";"2014-01-27";"2014-06-14";"2N1 6N34";"13";"23";"REGULAR";"f";"2014-06-17 23:35:26.189";"f";"";"51";"CONSOLIDADA";"";"Presencial";
"1224040";"02";"22755";"";"";"2049854";"GRADUAÇÃO";"Campus Central";"Departamento de Patologia";"2014";"1";"2014-01-27";"2014-06-14";"2N1 6N34";"13";"23";"REGULAR";"f";"2014-06-17 23:35:26.189";"f";"";"51";"CONSOLIDADA";"";"Presencial";
"1224041";"03";"5755753";"";"";"2049854";"GRADUAÇÃO";"Campus Central";"Departamento de Patologia";"2014";"1";"2014-01-27";"2014-06-14";"3T123";"48";"17";"REGULAR";"f";"2014-06-17 08:32:43.529";"f";"";"54";"CONSOLIDADA";"";"Presencial";
"1224041";"03";"23181";"";"";"2049854";"GRADUAÇÃO";"Campus Central";"Departamento de Patologia";"2014";"1";"2014-01-27";"2014-06-14";"3T123";"48";"17";"REGULAR";"f";"2014-06-17 08:32:43.529";"f";"";"54";"CONSOLIDADA";"";"Presencial";
"1224041";"03";"22999";"";"";"2049854";"GRADUAÇÃO";"Campus Central";"Departamento de Patologia";"2014";"1";"2014-01-27";"2014-06-14";"3T123";"48";"17";"REGULAR";"f";"2014-06-17 08:32:43.529";"f";"";"54";"CONSOLIDADA";"";"Presencial";
"1224041";"03";"22755";"";"";"2049854";"GRADUAÇÃO";"Campus Central";"Departamento de Patologia";"2014";"1";"2014-01-27";"2014-06-14";"3T123";"48";"17";"REGULAR";"f";"2014-06-17 08:32:43.529";"f";"";"54";"CONSOLIDADA";"";"Presencial";
"1224042";"01";"21582";"";"";"2036255";"GRADUAÇÃO";"Campus Macaíba";"Sala 07 - Graduação - EAJ";"2014";"1";"2014-01-27";"2014-06-14";"4M234 6M23";"6";"20";"REGULAR";"f";"2014-06-10 08:19:05.745";"f";"";"88";"CONSOLIDADA";"";"Presencial";
"1224043";"04";"5751840";"";"";"2049854";"GRADUAÇÃO";"Campus Central";"Departamento de Patologia";"2014";"1";"2014-01-27";"2014-06-14";"3T123";"28";"17";"REGULAR";"f";"2014-06-17 08:38:12.707";"f";"";"54";"CONSOLIDADA";"";"Presencial";
"1224043";"04";"22755";"";"";"2049854";"GRADUAÇÃO";"Campus Central";"Departamento de Patologia";"2014";"1";"2014-01-27";"2014-06-14";"3T123";"28";"17";"REGULAR";"f";"2014-06-17 08:38:12.707";"f";"";"54";"CONSOLIDADA";"";"Presencial";
"1224043";"04";"23754";"";"";"2049854";"GRADUAÇÃO";"Campus Central";"Departamento de Patologia";"2014";"1";"2014-01-27";"2014-06-14";"3T123";"28";"17";"REGULAR";"f";"2014-06-17 08:38:12.707";"f";"";"54";"CONSOLIDADA";"";"Presencial";
"1224044";"05";"5751840";"";"";"2049854";"GRADUAÇÃO";"Campus Central";"Departamento de Patologia";"2014";"1";"2014-01-27";"2014-06-14";"3T123";"28";"17";"REGULAR";"f";"2014-06-17 08:35:16.041";"f";"";"54";"CONSOLIDADA";"";"Presencial";
"1224044";"05";"22871";"";"";"2049854";"GRADUAÇÃO";"Campus Central";"Departamento de Patologia";"2014";"1";"2014-01-27";"2014-06-14";"3T123";"28";"17";"REGULAR";"f";"2014-06-17 08:35:16.041";"f";"";"54";"CONSOLIDADA";"";"Presencial";
"1224044";"05";"22757";"";"";"2049854";"GRADUAÇÃO";"Campus Central";"Departamento de Patologia";"2014";"1";"2014-01-27";"2014-06-14";"3T123";"28";"17";"REGULAR";"f";"2014-06-17 08:35:16.041";"f";"";"54";"CONSOLIDADA";"";"Presencial";
"1224044";"05";"22999";"";"";"2049854";"GRADUAÇÃO";"Campus Central";"Departamento de Patologia";"2014";"1";"2014-01-27";"2014-06-14";"3T123";"28";"17";"REGULAR";"f";"2014-06-17 08:35:16.041";"f";"";"54";"CONSOLIDADA";"";"Presencial";
"1224045";"01";"24165";"";"";"21088";"GRADUAÇÃO";"Campus Central";"4E3";"2014";"1";"2014-01-27";"2014-06-14";"35M34";"35";"25";"REGULAR";"f";"2014-06-10 10:36:19.067";"f";"";"70";"CONSOLIDADA";"";"Presencial";
"1224046";"01";"17740";"";"";"2036256";"GRADUAÇÃO";"Campus Macaíba";"Sala 07 - Graduação - EAJ";"2014";"1";"2014-01-27";"2014-06-14";"3M23 5M56";"6";"20";"REGULAR";"f";"2014-06-03 13:50:25.758";"f";"";"68";"CONSOLIDADA";"";"Presencial";
"1224047";"02";"5755578";"";"";"21088";"GRADUAÇÃO";"Campus Central";"4E5";"2014";"1";"2014-01-27";"2014-06-14";"35T56";"25";"25";"REGULAR";"f";"2014-06-16 11:23:30.695";"f";"";"74";"CONSOLIDADA";"";"Presencial";
"1224048";"01";"22918";"";"";"2036258";"GRADUAÇÃO";"Campus Macaíba";"Sala 03 - Graduação - EAJ";"2014";"1";"2014-01-27";"2014-06-14";"2T12 6T34";"13";"20";"REGULAR";"f";"2014-06-16 18:30:31.872";"f";"";"68";"CONSOLIDADA";"";"Presencial";
"1224049";"01";"5756002";"";"";"25265";"GRADUAÇÃO";"Campus Central";"4C3";"2014";"1";"2014-01-27";"2014-06-14";"35N12";"13";"25";"REGULAR";"f";"2014-06-14 09:41:27.064";"f";"";"70";"CONSOLIDADA";"";"Presencial";
"1224050";"02";"5756058";"";"";"25265";"GRADUAÇÃO";"Campus Central";"4C4";"2014";"1";"2014-01-27";"2014-06-14";"35N12";"16";"25";"REGULAR";"f";"2014-06-14 09:45:09.528";"f";"";"66";"CONSOLIDADA";"";"Presencial";
"1224051";"03";"5755986";"";"";"25265";"GRADUAÇÃO";"Campus Central";"2M56 -4C4 /  5M56-4E6";"2014";"1";"2014-01-27";"2014-06-14";"25M56";"12";"25";"REGULAR";"f";"2014-06-16 13:01:34.24";"f";"";"70";"CONSOLIDADA";"";"Presencial";
"1224052";"04";"5755986";"";"";"25265";"GRADUAÇÃO";"Campus Central";"4E6";"2014";"1";"2014-01-27";"2014-06-14";"46M56";"17";"27";"REGULAR";"f";"2014-06-16 13:09:09.776";"f";"";"76";"CONSOLIDADA";"";"Presencial";
"1224053";"01";"5756296";"";"";"20034";"GRADUAÇÃO";"Campus Central";"4E5";"2014";"1";"2014-01-27";"2014-06-14";"35M12";"32";"45";"REGULAR";"f";"2014-06-19 09:54:40.535";"f";"";"68";"CONSOLIDADA";"";"Presencial";
"1224054";"02";"5755986";"";"";"20034";"GRADUAÇÃO";"Campus Central";"4AB";"2014";"1";"2014-01-27";"2014-06-14";"24M12";"49";"40";"REGULAR";"f";"2014-06-16 13:13:07.207";"f";"";"74";"CONSOLIDADA";"";"Presencial";
"1224056";"01A";"5755970";"";"";"2045605";"GRADUAÇÃO";"Campus Central";"Sala A DNUT";"2014";"1";"2014-01-27";"2014-06-14";"4M12 6M234";"13";"15";"REGULAR";"f";"2014-06-12 21:55:05.469";"f";"1224055";"85";"CONSOLIDADA";"";"Presencial";
"1224056";"01A";"21593";"";"";"2045605";"GRADUAÇÃO";"Campus Central";"Sala A DNUT";"2014";"1";"2014-01-27";"2014-06-14";"4M12 6M234";"13";"15";"REGULAR";"f";"2014-06-12 21:55:05.469";"f";"1224055";"85";"CONSOLIDADA";"";"Presencial";
"1224057";"01";"5756296";"";"";"23561";"GRADUAÇÃO";"Campus Central";"4E3";"2014";"1";"2014-01-27";"2014-06-14";"24M56";"4";"20";"REGULAR";"f";"2014-06-19 09:52:46.577";"f";"";"66";"CONSOLIDADA";"";"Presencial";
"1224058";"01B";"5755970";"";"";"2045605";"GRADUAÇÃO";"Campus Central";"Sala A DNUT";"2014";"1";"2014-01-27";"2014-06-14";"4M34 6M234";"15";"15";"REGULAR";"f";"2014-06-12 21:55:04.456";"f";"1224055";"85";"CONSOLIDADA";"";"Presencial";
"1224058";"01B";"21593";"";"";"2045605";"GRADUAÇÃO";"Campus Central";"Sala A DNUT";"2014";"1";"2014-01-27";"2014-06-14";"4M34 6M234";"15";"15";"REGULAR";"f";"2014-06-12 21:55:04.456";"f";"1224055";"85";"CONSOLIDADA";"";"Presencial";
"1224059";"01C";"5755970";"";"";"2045605";"GRADUAÇÃO";"Campus Central";"Sala A DNUT";"2014";"1";"2014-01-27";"2014-06-14";"4M56 6M234";"11";"15";"REGULAR";"f";"2014-06-12 21:55:03.279";"f";"1224055";"85";"CONSOLIDADA";"";"Presencial";
"1224059";"01C";"21593";"";"";"2045605";"GRADUAÇÃO";"Campus Central";"Sala A DNUT";"2014";"1";"2014-01-27";"2014-06-14";"4M56 6M234";"11";"15";"REGULAR";"f";"2014-06-12 21:55:03.279";"f";"1224055";"85";"CONSOLIDADA";"";"Presencial";
"1224060";"02";"26044";"";"";"21759";"GRADUAÇÃO";"Campus Central";"3A3";"2014";"1";"2014-01-27";"2014-06-14";"24M56";"24";"40";"REGULAR";"f";"2014-06-16 09:38:22.283";"f";"";"66";"CONSOLIDADA";"";"Presencial";
"1224061";"01";"5754347";"";"";"2036259";"GRADUAÇÃO";"Campus Macaíba";"Sala 08 - Graduação - EAJ";"2014";"1";"2014-01-27";"2014-06-14";"35M23";"9";"20";"REGULAR";"f";"2014-06-09 10:47:06.925";"f";"";"66";"CONSOLIDADA";"";"Presencial";
"1224062";"01";"62353";"";"";"2040950";"GRADUAÇÃO";"Campus Central";"3H6";"2014";"1";"2014-01-27";"2014-06-14";"35M12";"20";"40";"REGULAR";"f";"2014-06-19 15:24:02.84";"f";"";"70";"CONSOLIDADA";"";"Presencial";
"1224063";"01";"5755046";"";"";"2054913";"GRADUAÇÃO";"Campus Central";"IMD - SALA A305";"2014";"1";"2014-01-27";"2014-06-14";"35T12";"21";"40";"REGULAR";"f";"2014-06-21 13:47:44.347";"f";"";"74";"CONSOLIDADA";"";"Presencial";
"1224065";"01A";"5752256";"";"";"2045618";"GRADUAÇÃO";"Campus Central";"Sala B DNUT";"2014";"1";"2014-01-27";"2014-06-14";"2M234 3M23456";"27";"22";"REGULAR";"f";"2014-06-14 09:43:11.551";"f";"1224064";"131";"CONSOLIDADA";"";"Presencial";
"1224065";"01A";"5752990";"";"";"2045618";"GRADUAÇÃO";"Campus Central";"Sala B DNUT";"2014";"1";"2014-01-27";"2014-06-14";"2M234 3M23456";"27";"22";"REGULAR";"f";"2014-06-14 09:43:11.551";"f";"1224064";"131";"CONSOLIDADA";"";"Presencial";
"1224066";"01";"5753044";"";"";"2054914";"GRADUAÇÃO";"Campus Central";"IMD - LAB A305";"2014";"1";"2014-01-27";"2014-06-14";"35T56";"14";"40";"REGULAR";"f";"2014-06-23 14:55:53.119";"f";"";"66";"CONSOLIDADA";"";"Presencial";
"1224067";"01B";"5752256";"";"";"2045618";"GRADUAÇÃO";"Campus Central";"Sala B DNUT";"2014";"1";"2014-01-27";"2014-06-14";"2M234 5M23456";"17";"20";"REGULAR";"f";"2014-06-14 09:43:10.479";"f";"1224064";"131";"CONSOLIDADA";"";"Presencial";
"1224067";"01B";"5752990";"";"";"2045618";"GRADUAÇÃO";"Campus Central";"Sala B DNUT";"2014";"1";"2014-01-27";"2014-06-14";"2M234 5M23456";"17";"20";"REGULAR";"f";"2014-06-14 09:43:10.479";"f";"1224064";"131";"CONSOLIDADA";"";"Presencial";
"1224068";"01";"5752241";"";"";"2054915";"GRADUAÇÃO";"Campus Central";"IMD - LAB A305";"2014";"1";"2014-01-27";"2014-06-14";"24T34";"16";"27";"REGULAR";"f";"2014-06-19 09:44:10.326";"f";"";"70";"CONSOLIDADA";"";"Presencial";
"1224069";"01";"25924";"";"";"48241";"GRADUAÇÃO";"Campus Central";"Sala 7 DNUT";"2014";"1";"2014-01-27";"2014-06-14";"6T23 (27/01/2014 - 14/06/2014)";"7";"10";"REGULAR";"f";"2014-06-20 22:58:09.134";"f";"";"36";"CONSOLIDADA";"";"Presencial";
"1224070";"02";"5755414";"";"";"48241";"GRADUAÇÃO";"Campus Central";"Sala 7 DNUT";"2014";"1";"2014-01-27";"2014-06-14";"6T23 (27/01/2014 - 14/06/2014)";"7";"10";"REGULAR";"f";"2014-06-19 21:09:59.002";"f";"";"34";"CONSOLIDADA";"";"Presencial";
"1224072";"03";"5755414";"";"";"48241";"GRADUAÇÃO";"Campus Central";"Sala 7 DNUT";"2014";"1";"2014-01-27";"2014-06-14";"6T54 (27/01/2014 - 14/06/2014)";"7";"10";"REGULAR";"f";"2014-06-18 13:19:16.691";"f";"";"36";"CONSOLIDADA";"";"Presencial";
"1224074";"01A";"1574976";"";"";"2045606";"GRADUAÇÃO";"Campus Central";"DNUT - SALA DE AULA A";"2014";"1";"2014-01-27";"2014-06-14";"2M123  3T1234";"10";"10";"REGULAR";"f";"2014-06-13 12:59:19.394";"f";"1224073";"130";"CONSOLIDADA";"";"Presencial";
"1224074";"01A";"5755434";"";"";"2045606";"GRADUAÇÃO";"Campus Central";"DNUT - SALA DE AULA A";"2014";"1";"2014-01-27";"2014-06-14";"2M123  3T1234";"10";"10";"REGULAR";"f";"2014-06-13 12:59:19.394";"f";"1224073";"130";"CONSOLIDADA";"";"Presencial";
"1224075";"04";"5754552";"";"";"48241";"GRADUAÇÃO";"Campus Central";"Sala 7 DNUT";"2014";"1";"2014-01-27";"2014-06-14";"6T45 (27/01/2014 - 14/06/2014)";"8";"10";"REGULAR";"f";"2014-06-19 10:25:27.862";"f";"";"34";"CONSOLIDADA";"";"Presencial";
"1224076";"01";"5751828";"";"";"2054919";"GRADUAÇÃO";"Campus Central";"IMD - LAB A307";"2014";"1";"2014-01-27";"2014-06-14";"24T12";"13";"40";"REGULAR";"f";"2014-06-17 12:07:09.158";"f";"";"74";"CONSOLIDADA";"";"Presencial";
"1224077";"01";"2283351";"";"";"2036257";"GRADUAÇÃO";"Campus Macaíba";"Sala 07 - Graduação - EAJ";"2014";"1";"2014-01-27";"2014-06-14";"36M45";"10";"20";"REGULAR";"f";"2014-06-16 13:40:09.95";"f";"";"72";"CONSOLIDADA";"";"Presencial";
"1224078";"01";"5753101";"";"";"55229";"GRADUAÇÃO";"Campus Central";"HUOL";"2014";"1";"2014-01-27";"2014-06-14";"5T12";"49";"55";"REGULAR";"f";"2014-06-20 07:36:52.868";"f";"";"36";"CONSOLIDADA";"";"Presencial";
"1224078";"01";"24989";"";"";"55229";"GRADUAÇÃO";"Campus Central";"HUOL";"2014";"1";"2014-01-27";"2014-06-14";"5T12";"49";"55";"REGULAR";"f";"2014-06-20 07:36:52.868";"f";"";"36";"CONSOLIDADA";"";"Presencial";
"1224078";"01";"16781";"";"";"55229";"GRADUAÇÃO";"Campus Central";"HUOL";"2014";"1";"2014-01-27";"2014-06-14";"5T12";"49";"55";"REGULAR";"f";"2014-06-20 07:36:52.868";"f";"";"36";"CONSOLIDADA";"";"Presencial";
"1224078";"01";"22775";"";"";"55229";"GRADUAÇÃO";"Campus Central";"HUOL";"2014";"1";"2014-01-27";"2014-06-14";"5T12";"49";"55";"REGULAR";"f";"2014-06-20 07:36:52.868";"f";"";"36";"CONSOLIDADA";"";"Presencial";
"1224078";"01";"16687";"";"";"55229";"GRADUAÇÃO";"Campus Central";"HUOL";"2014";"1";"2014-01-27";"2014-06-14";"5T12";"49";"55";"REGULAR";"f";"2014-06-20 07:36:52.868";"f";"";"36";"CONSOLIDADA";"";"Presencial";
"1224078";"01";"";"102709464";"";"55229";"GRADUAÇÃO";"Campus Central";"HUOL";"2014";"1";"2014-01-27";"2014-06-14";"5T12";"49";"55";"REGULAR";"f";"2014-06-20 07:36:52.868";"f";"";"36";"CONSOLIDADA";"";"Presencial";
"1224078";"01";"23406";"";"";"55229";"GRADUAÇÃO";"Campus Central";"HUOL";"2014";"1";"2014-01-27";"2014-06-14";"5T12";"49";"55";"REGULAR";"f";"2014-06-20 07:36:52.868";"f";"";"36";"CONSOLIDADA";"";"Presencial";
"1224078";"01";"5756393";"";"";"55229";"GRADUAÇÃO";"Campus Central";"HUOL";"2014";"1";"2014-01-27";"2014-06-14";"5T12";"49";"55";"REGULAR";"f";"2014-06-20 07:36:52.868";"f";"";"36";"CONSOLIDADA";"";"Presencial";
"1224079";"01";"25924";"";"";"48207";"GRADUAÇÃO";"Campus Central";"FORA";"2014";"1";"2014-01-27";"2014-06-14";"";"7";"10";"REGULAR";"f";"2014-06-20 23:00:02.195";"f";"";"0";"CONSOLIDADA";"";"Presencial";
"1224079";"01";"5755414";"";"";"48207";"GRADUAÇÃO";"Campus Central";"FORA";"2014";"1";"2014-01-27";"2014-06-14";"";"7";"10";"REGULAR";"f";"2014-06-20 23:00:02.195";"f";"";"0";"CONSOLIDADA";"";"Presencial";
"1224080";"01";"5753616";"";"";"2054921";"GRADUAÇÃO";"Campus Central";"IMD - LAB A305";"2014";"1";"2014-01-27";"2014-06-14";"24T12";"17";"34";"REGULAR";"f";"2014-06-12 14:42:27.185";"f";"";"70";"CONSOLIDADA";"";"Presencial";
"1224081";"01";"5752222";"";"";"2036263";"GRADUAÇÃO";"Campus Macaíba";"Sala 08 - Graduação - EAJ";"2014";"1";"2014-01-27";"2014-06-14";"2M456 4M234";"13";"20";"REGULAR";"f";"2014-06-21 05:29:43.407";"f";"";"100";"CONSOLIDADA";"";"Presencial";
"1224081";"01";"19229";"";"";"2036263";"GRADUAÇÃO";"Campus Macaíba";"Sala 08 - Graduação - EAJ";"2014";"1";"2014-01-27";"2014-06-14";"2M456 4M234";"13";"20";"REGULAR";"f";"2014-06-21 05:29:43.407";"f";"";"100";"CONSOLIDADA";"";"Presencial";
"1224082";"01";"5756393";"";"";"55230";"GRADUAÇÃO";"Campus Central";"HUOL";"2014";"1";"2014-01-27";"2014-06-14";"24T12 (27/01/2014 - 14/06/2014)";"7";"7";"REGULAR";"f";"2014-06-20 07:39:03.85";"f";"";"74";"CONSOLIDADA";"";"Presencial";
"1224082";"01";"23406";"";"";"55230";"GRADUAÇÃO";"Campus Central";"HUOL";"2014";"1";"2014-01-27";"2014-06-14";"24T12 (27/01/2014 - 14/06/2014)";"7";"7";"REGULAR";"f";"2014-06-20 07:39:03.85";"f";"";"74";"CONSOLIDADA";"";"Presencial";
"1224082";"01";"24989";"";"";"55230";"GRADUAÇÃO";"Campus Central";"HUOL";"2014";"1";"2014-01-27";"2014-06-14";"24T12 (27/01/2014 - 14/06/2014)";"7";"7";"REGULAR";"f";"2014-06-20 07:39:03.85";"f";"";"74";"CONSOLIDADA";"";"Presencial";
"1224082";"01";"5753101";"";"";"55230";"GRADUAÇÃO";"Campus Central";"HUOL";"2014";"1";"2014-01-27";"2014-06-14";"24T12 (27/01/2014 - 14/06/2014)";"7";"7";"REGULAR";"f";"2014-06-20 07:39:03.85";"f";"";"74";"CONSOLIDADA";"";"Presencial";
"1224082";"01";"16687";"";"";"55230";"GRADUAÇÃO";"Campus Central";"HUOL";"2014";"1";"2014-01-27";"2014-06-14";"24T12 (27/01/2014 - 14/06/2014)";"7";"7";"REGULAR";"f";"2014-06-20 07:39:03.85";"f";"";"74";"CONSOLIDADA";"";"Presencial";
"1224082";"01";"22775";"";"";"55230";"GRADUAÇÃO";"Campus Central";"HUOL";"2014";"1";"2014-01-27";"2014-06-14";"24T12 (27/01/2014 - 14/06/2014)";"7";"7";"REGULAR";"f";"2014-06-20 07:39:03.85";"f";"";"74";"CONSOLIDADA";"";"Presencial";
"1224082";"01";"16781";"";"";"55230";"GRADUAÇÃO";"Campus Central";"HUOL";"2014";"1";"2014-01-27";"2014-06-14";"24T12 (27/01/2014 - 14/06/2014)";"7";"7";"REGULAR";"f";"2014-06-20 07:39:03.85";"f";"";"74";"CONSOLIDADA";"";"Presencial";
"1224082";"01";"";"102709464";"";"55230";"GRADUAÇÃO";"Campus Central";"HUOL";"2014";"1";"2014-01-27";"2014-06-14";"24T12 (27/01/2014 - 14/06/2014)";"7";"7";"REGULAR";"f";"2014-06-20 07:39:03.85";"f";"";"74";"CONSOLIDADA";"";"Presencial";
"1224083";"01B";"1574976";"";"";"2045606";"GRADUAÇÃO";"Campus Central";"DNUT - SALA DE AULA A";"2014";"1";"2014-01-27";"2014-06-14";"2M123  3T1234";"9";"10";"REGULAR";"f";"2014-06-13 12:59:18.362";"f";"1224073";"130";"CONSOLIDADA";"";"Presencial";
"1224083";"01B";"5755434";"";"";"2045606";"GRADUAÇÃO";"Campus Central";"DNUT - SALA DE AULA A";"2014";"1";"2014-01-27";"2014-06-14";"2M123  3T1234";"9";"10";"REGULAR";"f";"2014-06-13 12:59:18.362";"f";"1224073";"130";"CONSOLIDADA";"";"Presencial";
"1224084";"02";"25924";"";"";"48207";"GRADUAÇÃO";"Campus Central";"FORA";"2014";"1";"2014-01-27";"2014-06-14";"";"7";"10";"REGULAR";"f";"2014-06-20 00:12:42.721";"f";"";"0";"CONSOLIDADA";"";"Presencial";
"1224084";"02";"5755414";"";"";"48207";"GRADUAÇÃO";"Campus Central";"FORA";"2014";"1";"2014-01-27";"2014-06-14";"";"7";"10";"REGULAR";"f";"2014-06-20 00:12:42.721";"f";"";"0";"CONSOLIDADA";"";"Presencial";
"1224085";"02";"5753101";"";"";"55230";"GRADUAÇÃO";"Campus Central";"HUOL";"2014";"1";"2014-01-27";"2014-06-14";"24T12 (27/01/2014 - 14/06/2014)";"8";"7";"REGULAR";"f";"2014-06-20 07:41:05.82";"f";"";"74";"CONSOLIDADA";"";"Presencial";
"1224085";"02";"";"102709464";"";"55230";"GRADUAÇÃO";"Campus Central";"HUOL";"2014";"1";"2014-01-27";"2014-06-14";"24T12 (27/01/2014 - 14/06/2014)";"8";"7";"REGULAR";"f";"2014-06-20 07:41:05.82";"f";"";"74";"CONSOLIDADA";"";"Presencial";
"1224085";"02";"24989";"";"";"55230";"GRADUAÇÃO";"Campus Central";"HUOL";"2014";"1";"2014-01-27";"2014-06-14";"24T12 (27/01/2014 - 14/06/2014)";"8";"7";"REGULAR";"f";"2014-06-20 07:41:05.82";"f";"";"74";"CONSOLIDADA";"";"Presencial";
"1224085";"02";"16781";"";"";"55230";"GRADUAÇÃO";"Campus Central";"HUOL";"2014";"1";"2014-01-27";"2014-06-14";"24T12 (27/01/2014 - 14/06/2014)";"8";"7";"REGULAR";"f";"2014-06-20 07:41:05.82";"f";"";"74";"CONSOLIDADA";"";"Presencial";
"1224085";"02";"16687";"";"";"55230";"GRADUAÇÃO";"Campus Central";"HUOL";"2014";"1";"2014-01-27";"2014-06-14";"24T12 (27/01/2014 - 14/06/2014)";"8";"7";"REGULAR";"f";"2014-06-20 07:41:05.82";"f";"";"74";"CONSOLIDADA";"";"Presencial";
"1224085";"02";"23406";"";"";"55230";"GRADUAÇÃO";"Campus Central";"HUOL";"2014";"1";"2014-01-27";"2014-06-14";"24T12 (27/01/2014 - 14/06/2014)";"8";"7";"REGULAR";"f";"2014-06-20 07:41:05.82";"f";"";"74";"CONSOLIDADA";"";"Presencial";
"1224085";"02";"5756393";"";"";"55230";"GRADUAÇÃO";"Campus Central";"HUOL";"2014";"1";"2014-01-27";"2014-06-14";"24T12 (27/01/2014 - 14/06/2014)";"8";"7";"REGULAR";"f";"2014-06-20 07:41:05.82";"f";"";"74";"CONSOLIDADA";"";"Presencial";
"1224085";"02";"22775";"";"";"55230";"GRADUAÇÃO";"Campus Central";"HUOL";"2014";"1";"2014-01-27";"2014-06-14";"24T12 (27/01/2014 - 14/06/2014)";"8";"7";"REGULAR";"f";"2014-06-20 07:41:05.82";"f";"";"74";"CONSOLIDADA";"";"Presencial";
"1224086";"01";"26012";"";"";"2054922";"GRADUAÇÃO";"Campus Central";"IMD - SALA A308";"2014";"1";"2014-01-27";"2014-06-14";"35T34";"12";"28";"REGULAR";"f";"2014-06-21 22:58:22.985";"f";"";"74";"CONSOLIDADA";"";"Presencial";
"1224087";"03";"5753101";"";"";"55230";"GRADUAÇÃO";"Campus Central";"HUOL";"2014";"1";"2014-01-27";"2014-06-14";"24T12 (27/01/2014 - 14/06/2014)";"9";"7";"REGULAR";"f";"2014-06-20 07:45:06.174";"f";"";"74";"CONSOLIDADA";"";"Presencial";
"1224087";"03";"5756393";"";"";"55230";"GRADUAÇÃO";"Campus Central";"HUOL";"2014";"1";"2014-01-27";"2014-06-14";"24T12 (27/01/2014 - 14/06/2014)";"9";"7";"REGULAR";"f";"2014-06-20 07:45:06.174";"f";"";"74";"CONSOLIDADA";"";"Presencial";
"1224087";"03";"24989";"";"";"55230";"GRADUAÇÃO";"Campus Central";"HUOL";"2014";"1";"2014-01-27";"2014-06-14";"24T12 (27/01/2014 - 14/06/2014)";"9";"7";"REGULAR";"f";"2014-06-20 07:45:06.174";"f";"";"74";"CONSOLIDADA";"";"Presencial";
"1224087";"03";"23406";"";"";"55230";"GRADUAÇÃO";"Campus Central";"HUOL";"2014";"1";"2014-01-27";"2014-06-14";"24T12 (27/01/2014 - 14/06/2014)";"9";"7";"REGULAR";"f";"2014-06-20 07:45:06.174";"f";"";"74";"CONSOLIDADA";"";"Presencial";
"1224087";"03";"";"102709464";"";"55230";"GRADUAÇÃO";"Campus Central";"HUOL";"2014";"1";"2014-01-27";"2014-06-14";"24T12 (27/01/2014 - 14/06/2014)";"9";"7";"REGULAR";"f";"2014-06-20 07:45:06.174";"f";"";"74";"CONSOLIDADA";"";"Presencial";
"1224087";"03";"16687";"";"";"55230";"GRADUAÇÃO";"Campus Central";"HUOL";"2014";"1";"2014-01-27";"2014-06-14";"24T12 (27/01/2014 - 14/06/2014)";"9";"7";"REGULAR";"f";"2014-06-20 07:45:06.174";"f";"";"74";"CONSOLIDADA";"";"Presencial";
"1224087";"03";"22775";"";"";"55230";"GRADUAÇÃO";"Campus Central";"HUOL";"2014";"1";"2014-01-27";"2014-06-14";"24T12 (27/01/2014 - 14/06/2014)";"9";"7";"REGULAR";"f";"2014-06-20 07:45:06.174";"f";"";"74";"CONSOLIDADA";"";"Presencial";
"1224087";"03";"16781";"";"";"55230";"GRADUAÇÃO";"Campus Central";"HUOL";"2014";"1";"2014-01-27";"2014-06-14";"24T12 (27/01/2014 - 14/06/2014)";"9";"7";"REGULAR";"f";"2014-06-20 07:45:06.174";"f";"";"74";"CONSOLIDADA";"";"Presencial";
"1224088";"03";"5755414";"";"";"48207";"GRADUAÇÃO";"Campus Central";"FORA";"2014";"1";"2014-01-27";"2014-06-14";"";"7";"10";"REGULAR";"f";"2014-06-17 08:32:28.183";"f";"";"0";"CONSOLIDADA";"";"Presencial";
"1224088";"03";"5754552";"";"";"48207";"GRADUAÇÃO";"Campus Central";"FORA";"2014";"1";"2014-01-27";"2014-06-14";"";"7";"10";"REGULAR";"f";"2014-06-17 08:32:28.183";"f";"";"0";"CONSOLIDADA";"";"Presencial";
"1224089";"01";"5752478";"";"";"2036262";"GRADUAÇÃO";"Campus Macaíba";"Sala 08 - Graduação - EAJ";"2014";"1";"2014-01-27";"2014-06-14";"35M45";"10";"20";"REGULAR";"f";"2014-06-14 10:17:05.152";"f";"";"74";"CONSOLIDADA";"";"Presencial";
"1224090";"04";"16781";"";"";"55230";"GRADUAÇÃO";"Campus Central";"HUOL";"2014";"1";"2014-01-27";"2014-06-14";"24T12 (27/01/2014 - 14/06/2014)";"5";"7";"REGULAR";"f";"2014-06-20 07:46:45.678";"f";"";"74";"CONSOLIDADA";"";"Presencial";
"1224090";"04";"16687";"";"";"55230";"GRADUAÇÃO";"Campus Central";"HUOL";"2014";"1";"2014-01-27";"2014-06-14";"24T12 (27/01/2014 - 14/06/2014)";"5";"7";"REGULAR";"f";"2014-06-20 07:46:45.678";"f";"";"74";"CONSOLIDADA";"";"Presencial";
"1224090";"04";"23406";"";"";"55230";"GRADUAÇÃO";"Campus Central";"HUOL";"2014";"1";"2014-01-27";"2014-06-14";"24T12 (27/01/2014 - 14/06/2014)";"5";"7";"REGULAR";"f";"2014-06-20 07:46:45.678";"f";"";"74";"CONSOLIDADA";"";"Presencial";
"1224090";"04";"24989";"";"";"55230";"GRADUAÇÃO";"Campus Central";"HUOL";"2014";"1";"2014-01-27";"2014-06-14";"24T12 (27/01/2014 - 14/06/2014)";"5";"7";"REGULAR";"f";"2014-06-20 07:46:45.678";"f";"";"74";"CONSOLIDADA";"";"Presencial";
"1224090";"04";"";"102709464";"";"55230";"GRADUAÇÃO";"Campus Central";"HUOL";"2014";"1";"2014-01-27";"2014-06-14";"24T12 (27/01/2014 - 14/06/2014)";"5";"7";"REGULAR";"f";"2014-06-20 07:46:45.678";"f";"";"74";"CONSOLIDADA";"";"Presencial";
"1224090";"04";"22775";"";"";"55230";"GRADUAÇÃO";"Campus Central";"HUOL";"2014";"1";"2014-01-27";"2014-06-14";"24T12 (27/01/2014 - 14/06/2014)";"5";"7";"REGULAR";"f";"2014-06-20 07:46:45.678";"f";"";"74";"CONSOLIDADA";"";"Presencial";
"1224090";"04";"5756393";"";"";"55230";"GRADUAÇÃO";"Campus Central";"HUOL";"2014";"1";"2014-01-27";"2014-06-14";"24T12 (27/01/2014 - 14/06/2014)";"5";"7";"REGULAR";"f";"2014-06-20 07:46:45.678";"f";"";"74";"CONSOLIDADA";"";"Presencial";
"1224090";"04";"5753101";"";"";"55230";"GRADUAÇÃO";"Campus Central";"HUOL";"2014";"1";"2014-01-27";"2014-06-14";"24T12 (27/01/2014 - 14/06/2014)";"5";"7";"REGULAR";"f";"2014-06-20 07:46:45.678";"f";"";"74";"CONSOLIDADA";"";"Presencial";
"1224091";"04";"5755414";"";"";"48207";"GRADUAÇÃO";"Campus Central";"FORA";"2014";"1";"2014-01-27";"2014-06-14";"";"8";"10";"REGULAR";"f";"2014-06-17 09:03:49.807";"f";"";"0";"CONSOLIDADA";"";"Presencial";
"1224091";"04";"5754552";"";"";"48207";"GRADUAÇÃO";"Campus Central";"FORA";"2014";"1";"2014-01-27";"2014-06-14";"";"8";"10";"REGULAR";"f";"2014-06-17 09:03:49.807";"f";"";"0";"CONSOLIDADA";"";"Presencial";
"1224092";"01";"5751828";"";"";"42158";"GRADUAÇÃO";"Campus Central";"IMD - LAB A307";"2014";"1";"2014-01-27";"2014-06-14";"24T34";"10";"12";"REGULAR";"f";"2014-06-17 12:01:37.611";"f";"";"68";"CONSOLIDADA";"";"Presencial";
"1224093";"05";"5753101";"";"";"55230";"GRADUAÇÃO";"Campus Central";"HUOL";"2014";"1";"2014-01-27";"2014-06-14";"24T12 (27/01/2014 - 14/06/2014)";"7";"7";"REGULAR";"f";"2014-06-20 07:49:01.329";"f";"";"74";"CONSOLIDADA";"";"Presencial";
"1224093";"05";"23406";"";"";"55230";"GRADUAÇÃO";"Campus Central";"HUOL";"2014";"1";"2014-01-27";"2014-06-14";"24T12 (27/01/2014 - 14/06/2014)";"7";"7";"REGULAR";"f";"2014-06-20 07:49:01.329";"f";"";"74";"CONSOLIDADA";"";"Presencial";
"1224093";"05";"24989";"";"";"55230";"GRADUAÇÃO";"Campus Central";"HUOL";"2014";"1";"2014-01-27";"2014-06-14";"24T12 (27/01/2014 - 14/06/2014)";"7";"7";"REGULAR";"f";"2014-06-20 07:49:01.329";"f";"";"74";"CONSOLIDADA";"";"Presencial";
"1224093";"05";"22775";"";"";"55230";"GRADUAÇÃO";"Campus Central";"HUOL";"2014";"1";"2014-01-27";"2014-06-14";"24T12 (27/01/2014 - 14/06/2014)";"7";"7";"REGULAR";"f";"2014-06-20 07:49:01.329";"f";"";"74";"CONSOLIDADA";"";"Presencial";
"1224093";"05";"16687";"";"";"55230";"GRADUAÇÃO";"Campus Central";"HUOL";"2014";"1";"2014-01-27";"2014-06-14";"24T12 (27/01/2014 - 14/06/2014)";"7";"7";"REGULAR";"f";"2014-06-20 07:49:01.329";"f";"";"74";"CONSOLIDADA";"";"Presencial";
"1224093";"05";"";"102709464";"";"55230";"GRADUAÇÃO";"Campus Central";"HUOL";"2014";"1";"2014-01-27";"2014-06-14";"24T12 (27/01/2014 - 14/06/2014)";"7";"7";"REGULAR";"f";"2014-06-20 07:49:01.329";"f";"";"74";"CONSOLIDADA";"";"Presencial";
"1224093";"05";"16781";"";"";"55230";"GRADUAÇÃO";"Campus Central";"HUOL";"2014";"1";"2014-01-27";"2014-06-14";"24T12 (27/01/2014 - 14/06/2014)";"7";"7";"REGULAR";"f";"2014-06-20 07:49:01.329";"f";"";"74";"CONSOLIDADA";"";"Presencial";
"1224093";"05";"5756393";"";"";"55230";"GRADUAÇÃO";"Campus Central";"HUOL";"2014";"1";"2014-01-27";"2014-06-14";"24T12 (27/01/2014 - 14/06/2014)";"7";"7";"REGULAR";"f";"2014-06-20 07:49:01.329";"f";"";"74";"CONSOLIDADA";"";"Presencial";
"1224094";"01";"2283351";"";"";"2036260";"GRADUAÇÃO";"Campus Macaíba";"Sala 03 - Graduação - EAJ";"2014";"1";"2014-01-27";"2014-06-14";"23T34";"9";"20";"REGULAR";"f";"2014-06-15 15:46:13.75";"f";"";"68";"CONSOLIDADA";"";"Presencial";
"1224095";"02";"22718";"";"";"46345";"GRADUAÇÃO";"Campus Central";"IA1";"2014";"1";"2014-01-27";"2014-06-14";"5T12";"23";"57";"REGULAR";"f";"2014-06-10 14:35:13.84";"f";"";"34";"CONSOLIDADA";"";"Presencial";
"1224096";"01";"5751828";"";"";"42159";"GRADUAÇÃO";"Campus Central";"IMD - LAB A307";"2014";"1";"2014-01-27";"2014-06-14";"3T12";"10";"12";"REGULAR";"f";"2014-06-17 12:02:36.375";"f";"";"34";"CONSOLIDADA";"";"Presencial";
"1224097";"06";"5753101";"";"";"55230";"GRADUAÇÃO";"Campus Central";"HUOL";"2014";"1";"2014-01-27";"2014-06-14";"24T12 (27/01/2014 - 14/06/2014)";"5";"7";"REGULAR";"f";"2014-06-20 07:50:49.58";"f";"";"74";"CONSOLIDADA";"";"Presencial";
"1224097";"06";"";"102709464";"";"55230";"GRADUAÇÃO";"Campus Central";"HUOL";"2014";"1";"2014-01-27";"2014-06-14";"24T12 (27/01/2014 - 14/06/2014)";"5";"7";"REGULAR";"f";"2014-06-20 07:50:49.58";"f";"";"74";"CONSOLIDADA";"";"Presencial";
"1224097";"06";"16781";"";"";"55230";"GRADUAÇÃO";"Campus Central";"HUOL";"2014";"1";"2014-01-27";"2014-06-14";"24T12 (27/01/2014 - 14/06/2014)";"5";"7";"REGULAR";"f";"2014-06-20 07:50:49.58";"f";"";"74";"CONSOLIDADA";"";"Presencial";
"1224097";"06";"24989";"";"";"55230";"GRADUAÇÃO";"Campus Central";"HUOL";"2014";"1";"2014-01-27";"2014-06-14";"24T12 (27/01/2014 - 14/06/2014)";"5";"7";"REGULAR";"f";"2014-06-20 07:50:49.58";"f";"";"74";"CONSOLIDADA";"";"Presencial";
"1224097";"06";"5756393";"";"";"55230";"GRADUAÇÃO";"Campus Central";"HUOL";"2014";"1";"2014-01-27";"2014-06-14";"24T12 (27/01/2014 - 14/06/2014)";"5";"7";"REGULAR";"f";"2014-06-20 07:50:49.58";"f";"";"74";"CONSOLIDADA";"";"Presencial";
"1224097";"06";"16687";"";"";"55230";"GRADUAÇÃO";"Campus Central";"HUOL";"2014";"1";"2014-01-27";"2014-06-14";"24T12 (27/01/2014 - 14/06/2014)";"5";"7";"REGULAR";"f";"2014-06-20 07:50:49.58";"f";"";"74";"CONSOLIDADA";"";"Presencial";
"1224097";"06";"22775";"";"";"55230";"GRADUAÇÃO";"Campus Central";"HUOL";"2014";"1";"2014-01-27";"2014-06-14";"24T12 (27/01/2014 - 14/06/2014)";"5";"7";"REGULAR";"f";"2014-06-20 07:50:49.58";"f";"";"74";"CONSOLIDADA";"";"Presencial";
"1224097";"06";"23406";"";"";"55230";"GRADUAÇÃO";"Campus Central";"HUOL";"2014";"1";"2014-01-27";"2014-06-14";"24T12 (27/01/2014 - 14/06/2014)";"5";"7";"REGULAR";"f";"2014-06-20 07:50:49.58";"f";"";"74";"CONSOLIDADA";"";"Presencial";
"1224098";"07";"22775";"";"";"55230";"GRADUAÇÃO";"Campus Central";"HUOL";"2014";"1";"2014-01-27";"2014-06-14";"24T12 (27/01/2014 - 14/06/2014)";"4";"7";"REGULAR";"f";"2014-06-20 07:53:14.368";"f";"";"74";"CONSOLIDADA";"";"Presencial";
"1224098";"07";"23406";"";"";"55230";"GRADUAÇÃO";"Campus Central";"HUOL";"2014";"1";"2014-01-27";"2014-06-14";"24T12 (27/01/2014 - 14/06/2014)";"4";"7";"REGULAR";"f";"2014-06-20 07:53:14.368";"f";"";"74";"CONSOLIDADA";"";"Presencial";
"1224098";"07";"24989";"";"";"55230";"GRADUAÇÃO";"Campus Central";"HUOL";"2014";"1";"2014-01-27";"2014-06-14";"24T12 (27/01/2014 - 14/06/2014)";"4";"7";"REGULAR";"f";"2014-06-20 07:53:14.368";"f";"";"74";"CONSOLIDADA";"";"Presencial";
"1224098";"07";"16781";"";"";"55230";"GRADUAÇÃO";"Campus Central";"HUOL";"2014";"1";"2014-01-27";"2014-06-14";"24T12 (27/01/2014 - 14/06/2014)";"4";"7";"REGULAR";"f";"2014-06-20 07:53:14.368";"f";"";"74";"CONSOLIDADA";"";"Presencial";
"1224098";"07";"5753101";"";"";"55230";"GRADUAÇÃO";"Campus Central";"HUOL";"2014";"1";"2014-01-27";"2014-06-14";"24T12 (27/01/2014 - 14/06/2014)";"4";"7";"REGULAR";"f";"2014-06-20 07:53:14.368";"f";"";"74";"CONSOLIDADA";"";"Presencial";
"1224098";"07";"16687";"";"";"55230";"GRADUAÇÃO";"Campus Central";"HUOL";"2014";"1";"2014-01-27";"2014-06-14";"24T12 (27/01/2014 - 14/06/2014)";"4";"7";"REGULAR";"f";"2014-06-20 07:53:14.368";"f";"";"74";"CONSOLIDADA";"";"Presencial";
"1224098";"07";"5756393";"";"";"55230";"GRADUAÇÃO";"Campus Central";"HUOL";"2014";"1";"2014-01-27";"2014-06-14";"24T12 (27/01/2014 - 14/06/2014)";"4";"7";"REGULAR";"f";"2014-06-20 07:53:14.368";"f";"";"74";"CONSOLIDADA";"";"Presencial";
"1224098";"07";"";"102709464";"";"55230";"GRADUAÇÃO";"Campus Central";"HUOL";"2014";"1";"2014-01-27";"2014-06-14";"24T12 (27/01/2014 - 14/06/2014)";"4";"7";"REGULAR";"f";"2014-06-20 07:53:14.368";"f";"";"74";"CONSOLIDADA";"";"Presencial";
"1224099";"08";"16781";"";"";"55230";"GRADUAÇÃO";"Campus Central";"HUOL";"2014";"1";"2014-01-27";"2014-06-14";"24T12 (27/01/2014 - 14/06/2014)";"4";"7";"REGULAR";"f";"2014-06-20 07:57:10.532";"f";"";"74";"CONSOLIDADA";"";"Presencial";
"1224099";"08";"5756393";"";"";"55230";"GRADUAÇÃO";"Campus Central";"HUOL";"2014";"1";"2014-01-27";"2014-06-14";"24T12 (27/01/2014 - 14/06/2014)";"4";"7";"REGULAR";"f";"2014-06-20 07:57:10.532";"f";"";"74";"CONSOLIDADA";"";"Presencial";
"1224099";"08";"16687";"";"";"55230";"GRADUAÇÃO";"Campus Central";"HUOL";"2014";"1";"2014-01-27";"2014-06-14";"24T12 (27/01/2014 - 14/06/2014)";"4";"7";"REGULAR";"f";"2014-06-20 07:57:10.532";"f";"";"74";"CONSOLIDADA";"";"Presencial";
"1224099";"08";"24989";"";"";"55230";"GRADUAÇÃO";"Campus Central";"HUOL";"2014";"1";"2014-01-27";"2014-06-14";"24T12 (27/01/2014 - 14/06/2014)";"4";"7";"REGULAR";"f";"2014-06-20 07:57:10.532";"f";"";"74";"CONSOLIDADA";"";"Presencial";
"1224099";"08";"";"102709464";"";"55230";"GRADUAÇÃO";"Campus Central";"HUOL";"2014";"1";"2014-01-27";"2014-06-14";"24T12 (27/01/2014 - 14/06/2014)";"4";"7";"REGULAR";"f";"2014-06-20 07:57:10.532";"f";"";"74";"CONSOLIDADA";"";"Presencial";
"1224099";"08";"22775";"";"";"55230";"GRADUAÇÃO";"Campus Central";"HUOL";"2014";"1";"2014-01-27";"2014-06-14";"24T12 (27/01/2014 - 14/06/2014)";"4";"7";"REGULAR";"f";"2014-06-20 07:57:10.532";"f";"";"74";"CONSOLIDADA";"";"Presencial";
"1224099";"08";"23406";"";"";"55230";"GRADUAÇÃO";"Campus Central";"HUOL";"2014";"1";"2014-01-27";"2014-06-14";"24T12 (27/01/2014 - 14/06/2014)";"4";"7";"REGULAR";"f";"2014-06-20 07:57:10.532";"f";"";"74";"CONSOLIDADA";"";"Presencial";
"1224099";"08";"5753101";"";"";"55230";"GRADUAÇÃO";"Campus Central";"HUOL";"2014";"1";"2014-01-27";"2014-06-14";"24T12 (27/01/2014 - 14/06/2014)";"4";"7";"REGULAR";"f";"2014-06-20 07:57:10.532";"f";"";"74";"CONSOLIDADA";"";"Presencial";
"1224100";"02";"22718";"";"";"46347";"GRADUAÇÃO";"Campus Central";"IA1";"2014";"1";"2014-01-27";"2014-06-14";"3T12";"14";"57";"REGULAR";"f";"2014-06-10 14:40:33.355";"f";"";"34";"CONSOLIDADA";"";"Presencial";
"1224101";"01";"5753557";"";"";"2036201";"GRADUAÇÃO";"Campus Central";"Sala 4C2 - Setor IV - UFRN";"2014";"1";"2014-01-27";"2014-06-14";"6M456";"22";"30";"REGULAR";"f";"2014-06-13 15:11:59.112";"f";"";"54";"CONSOLIDADA";"";"Presencial";
"1224102";"01";"22053";"";"";"55232";"GRADUAÇÃO";"Campus Central";"HUOL";"2014";"1";"2014-01-27";"2014-06-14";"3M3";"46";"55";"REGULAR";"f";"2014-06-08 13:41:26.543";"f";"";"69";"CONSOLIDADA";"";"Presencial";
"1224102";"01";"5751929";"";"";"55232";"GRADUAÇÃO";"Campus Central";"HUOL";"2014";"1";"2014-01-27";"2014-06-14";"3M3";"46";"55";"REGULAR";"f";"2014-06-08 13:41:26.543";"f";"";"69";"CONSOLIDADA";"";"Presencial";
"1224102";"01";"22757";"";"";"55232";"GRADUAÇÃO";"Campus Central";"HUOL";"2014";"1";"2014-01-27";"2014-06-14";"3M3";"46";"55";"REGULAR";"f";"2014-06-08 13:41:26.543";"f";"";"69";"CONSOLIDADA";"";"Presencial";
"1224102";"01";"25441";"";"";"55232";"GRADUAÇÃO";"Campus Central";"HUOL";"2014";"1";"2014-01-27";"2014-06-14";"3M3";"46";"55";"REGULAR";"f";"2014-06-08 13:41:26.543";"f";"";"69";"CONSOLIDADA";"";"Presencial";
"1224102";"01";"5752029";"";"";"55232";"GRADUAÇÃO";"Campus Central";"HUOL";"2014";"1";"2014-01-27";"2014-06-14";"3M3";"46";"55";"REGULAR";"f";"2014-06-08 13:41:26.543";"f";"";"69";"CONSOLIDADA";"";"Presencial";
"1224102";"01";"5752647";"";"";"55232";"GRADUAÇÃO";"Campus Central";"HUOL";"2014";"1";"2014-01-27";"2014-06-14";"3M3";"46";"55";"REGULAR";"f";"2014-06-08 13:41:26.543";"f";"";"69";"CONSOLIDADA";"";"Presencial";
"1224102";"01";"23832";"";"";"55232";"GRADUAÇÃO";"Campus Central";"HUOL";"2014";"1";"2014-01-27";"2014-06-14";"3M3";"46";"55";"REGULAR";"f";"2014-06-08 13:41:26.543";"f";"";"69";"CONSOLIDADA";"";"Presencial";
"1224104";"01";"5752029";"";"";"55233";"GRADUAÇÃO";"Campus Central";"HUOL";"2014";"1";"2014-01-27";"2014-06-14";"56M34 (27/01/2014 - 14/06/2014)";"9";"11";"REGULAR";"f";"2014-06-08 13:21:52.678";"f";"";"70";"CONSOLIDADA";"";"Presencial";
"1224104";"01";"5752647";"";"";"55233";"GRADUAÇÃO";"Campus Central";"HUOL";"2014";"1";"2014-01-27";"2014-06-14";"56M34 (27/01/2014 - 14/06/2014)";"9";"11";"REGULAR";"f";"2014-06-08 13:21:52.678";"f";"";"70";"CONSOLIDADA";"";"Presencial";
"1224104";"01";"5751929";"";"";"55233";"GRADUAÇÃO";"Campus Central";"HUOL";"2014";"1";"2014-01-27";"2014-06-14";"56M34 (27/01/2014 - 14/06/2014)";"9";"11";"REGULAR";"f";"2014-06-08 13:21:52.678";"f";"";"70";"CONSOLIDADA";"";"Presencial";
"1224104";"01";"22053";"";"";"55233";"GRADUAÇÃO";"Campus Central";"HUOL";"2014";"1";"2014-01-27";"2014-06-14";"56M34 (27/01/2014 - 14/06/2014)";"9";"11";"REGULAR";"f";"2014-06-08 13:21:52.678";"f";"";"70";"CONSOLIDADA";"";"Presencial";
"1224104";"01";"25441";"";"";"55233";"GRADUAÇÃO";"Campus Central";"HUOL";"2014";"1";"2014-01-27";"2014-06-14";"56M34 (27/01/2014 - 14/06/2014)";"9";"11";"REGULAR";"f";"2014-06-08 13:21:52.678";"f";"";"70";"CONSOLIDADA";"";"Presencial";
"1224105";"01";"5752831";"";"";"48262";"GRADUAÇÃO";"Campus Central";"5T345: Sala 4B5 e 6M12: Sala 4A2";"2014";"1";"2014-01-27";"2014-06-14";"6M2  5T345";"12";"15";"REGULAR";"f";"2014-06-20 11:10:31.868";"f";"";"65";"CONSOLIDADA";"";"Presencial";
"1224106";"02";"5752647";"";"";"55233";"GRADUAÇÃO";"Campus Central";"HUOL";"2014";"1";"2014-01-27";"2014-06-14";"56M34 (27/01/2014 - 14/06/2014)";"10";"11";"REGULAR";"f";"2014-06-08 13:28:37.603";"f";"";"66";"CONSOLIDADA";"";"Presencial";
"1224106";"02";"5751929";"";"";"55233";"GRADUAÇÃO";"Campus Central";"HUOL";"2014";"1";"2014-01-27";"2014-06-14";"56M34 (27/01/2014 - 14/06/2014)";"10";"11";"REGULAR";"f";"2014-06-08 13:28:37.603";"f";"";"66";"CONSOLIDADA";"";"Presencial";
"1224106";"02";"25441";"";"";"55233";"GRADUAÇÃO";"Campus Central";"HUOL";"2014";"1";"2014-01-27";"2014-06-14";"56M34 (27/01/2014 - 14/06/2014)";"10";"11";"REGULAR";"f";"2014-06-08 13:28:37.603";"f";"";"66";"CONSOLIDADA";"";"Presencial";
"1224106";"02";"5752029";"";"";"55233";"GRADUAÇÃO";"Campus Central";"HUOL";"2014";"1";"2014-01-27";"2014-06-14";"56M34 (27/01/2014 - 14/06/2014)";"10";"11";"REGULAR";"f";"2014-06-08 13:28:37.603";"f";"";"66";"CONSOLIDADA";"";"Presencial";
"1224106";"02";"22053";"";"";"55233";"GRADUAÇÃO";"Campus Central";"HUOL";"2014";"1";"2014-01-27";"2014-06-14";"56M34 (27/01/2014 - 14/06/2014)";"10";"11";"REGULAR";"f";"2014-06-08 13:28:37.603";"f";"";"66";"CONSOLIDADA";"";"Presencial";
"1224107";"03";"5752647";"";"";"55233";"GRADUAÇÃO";"Campus Central";"HUOL";"2014";"1";"2014-01-27";"2014-06-14";"56M34 (27/01/2014 - 14/06/2014)";"9";"11";"REGULAR";"f";"2014-06-08 13:31:54.16";"f";"";"66";"CONSOLIDADA";"";"Presencial";
"1224107";"03";"22053";"";"";"55233";"GRADUAÇÃO";"Campus Central";"HUOL";"2014";"1";"2014-01-27";"2014-06-14";"56M34 (27/01/2014 - 14/06/2014)";"9";"11";"REGULAR";"f";"2014-06-08 13:31:54.16";"f";"";"66";"CONSOLIDADA";"";"Presencial";
"1224107";"03";"5752029";"";"";"55233";"GRADUAÇÃO";"Campus Central";"HUOL";"2014";"1";"2014-01-27";"2014-06-14";"56M34 (27/01/2014 - 14/06/2014)";"9";"11";"REGULAR";"f";"2014-06-08 13:31:54.16";"f";"";"66";"CONSOLIDADA";"";"Presencial";
"1224107";"03";"5751929";"";"";"55233";"GRADUAÇÃO";"Campus Central";"HUOL";"2014";"1";"2014-01-27";"2014-06-14";"56M34 (27/01/2014 - 14/06/2014)";"9";"11";"REGULAR";"f";"2014-06-08 13:31:54.16";"f";"";"66";"CONSOLIDADA";"";"Presencial";
"1224107";"03";"25441";"";"";"55233";"GRADUAÇÃO";"Campus Central";"HUOL";"2014";"1";"2014-01-27";"2014-06-14";"56M34 (27/01/2014 - 14/06/2014)";"9";"11";"REGULAR";"f";"2014-06-08 13:31:54.16";"f";"";"66";"CONSOLIDADA";"";"Presencial";
"1224108";"04";"5751929";"";"";"55233";"GRADUAÇÃO";"Campus Central";"HUOL";"2014";"1";"2014-01-27";"2014-06-14";"56M34 (27/01/2014 - 14/06/2014)";"9";"11";"REGULAR";"f";"2014-06-08 13:33:19.622";"f";"";"68";"CONSOLIDADA";"";"Presencial";
"1224108";"04";"22053";"";"";"55233";"GRADUAÇÃO";"Campus Central";"HUOL";"2014";"1";"2014-01-27";"2014-06-14";"56M34 (27/01/2014 - 14/06/2014)";"9";"11";"REGULAR";"f";"2014-06-08 13:33:19.622";"f";"";"68";"CONSOLIDADA";"";"Presencial";
"1224108";"04";"5752029";"";"";"55233";"GRADUAÇÃO";"Campus Central";"HUOL";"2014";"1";"2014-01-27";"2014-06-14";"56M34 (27/01/2014 - 14/06/2014)";"9";"11";"REGULAR";"f";"2014-06-08 13:33:19.622";"f";"";"68";"CONSOLIDADA";"";"Presencial";
"1224108";"04";"5752647";"";"";"55233";"GRADUAÇÃO";"Campus Central";"HUOL";"2014";"1";"2014-01-27";"2014-06-14";"56M34 (27/01/2014 - 14/06/2014)";"9";"11";"REGULAR";"f";"2014-06-08 13:33:19.622";"f";"";"68";"CONSOLIDADA";"";"Presencial";
"1224108";"04";"25441";"";"";"55233";"GRADUAÇÃO";"Campus Central";"HUOL";"2014";"1";"2014-01-27";"2014-06-14";"56M34 (27/01/2014 - 14/06/2014)";"9";"11";"REGULAR";"f";"2014-06-08 13:33:19.622";"f";"";"68";"CONSOLIDADA";"";"Presencial";
"1224110";"02A";"5755978";"";"";"2045606";"GRADUAÇÃO";"Campus Central";"DNUT - SALA DE AULA A";"2014";"1";"2014-01-27";"2014-06-14";"2M456  3T1234";"9";"10";"REGULAR";"f";"2014-06-13 12:56:35.003";"f";"1224109";"130";"CONSOLIDADA";"";"Presencial";
"1224110";"02A";"5755434";"";"";"2045606";"GRADUAÇÃO";"Campus Central";"DNUT - SALA DE AULA A";"2014";"1";"2014-01-27";"2014-06-14";"2M456  3T1234";"9";"10";"REGULAR";"f";"2014-06-13 12:56:35.003";"f";"1224109";"130";"CONSOLIDADA";"";"Presencial";
"1224111";"01";"22129";"";"";"46355";"GRADUAÇÃO";"Campus Central";"IA2";"2014";"1";"2014-01-27";"2014-06-14";"5T3456";"47";"50";"REGULAR";"f";"2014-06-19 16:12:36.4";"f";"";"72";"CONSOLIDADA";"";"Presencial";
"1224112";"05";"5752647";"";"";"55233";"GRADUAÇÃO";"Campus Central";"HUOL";"2014";"1";"2014-01-27";"2014-06-14";"56M34 (27/01/2014 - 14/06/2014)";"9";"11";"REGULAR";"f";"2014-06-08 13:35:39.882";"f";"";"66";"CONSOLIDADA";"";"Presencial";
"1224112";"05";"5751929";"";"";"55233";"GRADUAÇÃO";"Campus Central";"HUOL";"2014";"1";"2014-01-27";"2014-06-14";"56M34 (27/01/2014 - 14/06/2014)";"9";"11";"REGULAR";"f";"2014-06-08 13:35:39.882";"f";"";"66";"CONSOLIDADA";"";"Presencial";
"1224112";"05";"22053";"";"";"55233";"GRADUAÇÃO";"Campus Central";"HUOL";"2014";"1";"2014-01-27";"2014-06-14";"56M34 (27/01/2014 - 14/06/2014)";"9";"11";"REGULAR";"f";"2014-06-08 13:35:39.882";"f";"";"66";"CONSOLIDADA";"";"Presencial";
"1224112";"05";"25441";"";"";"55233";"GRADUAÇÃO";"Campus Central";"HUOL";"2014";"1";"2014-01-27";"2014-06-14";"56M34 (27/01/2014 - 14/06/2014)";"9";"11";"REGULAR";"f";"2014-06-08 13:35:39.882";"f";"";"66";"CONSOLIDADA";"";"Presencial";
"1224112";"05";"19617";"";"";"55233";"GRADUAÇÃO";"Campus Central";"HUOL";"2014";"1";"2014-01-27";"2014-06-14";"56M34 (27/01/2014 - 14/06/2014)";"9";"11";"REGULAR";"f";"2014-06-08 13:35:39.882";"f";"";"66";"CONSOLIDADA";"";"Presencial";
"1224113";"01";"22933";"";"";"21722";"GRADUAÇÃO";"Campus Central";"3B2";"2014";"1";"2014-01-27";"2014-06-14";"35M34";"1";"30";"REGULAR";"f";"2014-06-12 14:21:19.585";"f";"";"74";"CONSOLIDADA";"";"Presencial";
"1224114";"01";"21580";"";"";"46357";"GRADUAÇÃO";"Campus Central";"IA2";"2014";"1";"2014-01-27";"2014-06-14";"24T45";"41";"50";"REGULAR";"f";"2014-06-11 20:46:24.755";"f";"";"74";"CONSOLIDADA";"";"Presencial";
"1224115";"02B";"5755434";"";"";"2045606";"GRADUAÇÃO";"Campus Central";"DNUT - SALA DE AULA A";"2014";"1";"2014-01-27";"2014-06-14";"2M456  3T1234";"6";"10";"REGULAR";"f";"2014-06-13 12:56:36.208";"f";"1224109";"130";"CONSOLIDADA";"";"Presencial";
"1224115";"02B";"5755978";"";"";"2045606";"GRADUAÇÃO";"Campus Central";"DNUT - SALA DE AULA A";"2014";"1";"2014-01-27";"2014-06-14";"2M456  3T1234";"6";"10";"REGULAR";"f";"2014-06-13 12:56:36.208";"f";"1224109";"130";"CONSOLIDADA";"";"Presencial";
"1224116";"01";"5752909";"";"";"2041301";"GRADUAÇÃO";"Campus Macaíba";"Sala 10 - Graduação - EAJ";"2014";"1";"2014-01-27";"2014-06-14";"4M456";"13";"15";"REGULAR";"f";"2014-06-14 13:25:47.967";"f";"";"57";"CONSOLIDADA";"";"Presencial";
"1224116";"01";"62233";"";"";"2041301";"GRADUAÇÃO";"Campus Macaíba";"Sala 10 - Graduação - EAJ";"2014";"1";"2014-01-27";"2014-06-14";"4M456";"13";"15";"REGULAR";"f";"2014-06-14 13:25:47.967";"f";"";"57";"CONSOLIDADA";"";"Presencial";
"1224117";"01";"5756261";"";"";"2041305";"GRADUAÇÃO";"Campus Macaíba";"Sala 08 - Graduação - EAJ";"2014";"1";"2014-01-27";"2014-06-14";"2T123";"16";"25";"REGULAR";"f";"2014-06-04 13:10:32.685";"f";"";"51";"CONSOLIDADA";"";"Presencial";
"1224118";"01";"5756009";"";"";"46358";"GRADUAÇÃO";"Campus Central";"IA2";"2014";"1";"2014-01-27";"2014-06-14";"3T56";"40";"50";"REGULAR";"f";"2014-06-20 22:50:56.833";"f";"";"34";"CONSOLIDADA";"";"Presencial";
"1224119";"01";"21582";"";"";"2041309";"GRADUAÇÃO";"Campus Macaíba";"Sala 08 - Graduação - EAJ";"2014";"1";"2014-01-27";"2014-06-14";"6M45";"13";"25";"REGULAR";"f";"2014-06-10 07:55:09.14";"f";"";"34";"CONSOLIDADA";"";"Presencial";
"1224120";"01";"5754320";"";"";"2054953";"GRADUAÇÃO";"Campus Central";"IMD - SALA A308";"2014";"1";"2014-01-27";"2014-06-14";"24T56";"7";"30";"REGULAR";"f";"2014-06-21 16:18:06.846";"f";"";"70";"CONSOLIDADA";"";"Presencial";
"1224122";"01A";"25924";"";"";"2045603";"GRADUAÇÃO";"Campus Central";"DNUT - SALA DE AULA 2";"2014";"1";"2014-01-27";"2014-06-14";"3M234";"26";"20";"REGULAR";"f";"2014-06-20 00:10:59.02";"f";"1224121";"51";"CONSOLIDADA";"";"Presencial";
"1224122";"01A";"5755978";"";"";"2045603";"GRADUAÇÃO";"Campus Central";"DNUT - SALA DE AULA 2";"2014";"1";"2014-01-27";"2014-06-14";"3M234";"26";"20";"REGULAR";"f";"2014-06-20 00:10:59.02";"f";"1224121";"51";"CONSOLIDADA";"";"Presencial";
"1224123";"01";"18387";"";"";"46361";"GRADUAÇÃO";"Campus Central";"IE2";"2014";"1";"2014-01-27";"2014-06-14";"35T123";"41";"50";"REGULAR";"f";"2014-06-09 10:37:15.988";"f";"";"102";"CONSOLIDADA";"";"Presencial";
"1224124";"01";"5754347";"";"";"2041310";"GRADUAÇÃO";"Campus Macaíba";"Sala 09 - Graduação - EAJ";"2014";"1";"2014-01-27";"2014-06-14";"35M45";"8";"20";"REGULAR";"f";"2014-06-05 13:22:14.876";"f";"";"68";"CONSOLIDADA";"";"Presencial";
"1224125";"01";"22933";"";"";"2054954";"GRADUAÇÃO";"Campus Central";"3E3";"2014";"1";"2014-01-27";"2014-06-14";"35M56";"18";"40";"REGULAR";"f";"2014-06-12 14:24:54.813";"f";"";"74";"CONSOLIDADA";"";"Presencial";
"1224126";"01";"5752873";"";"";"2041311";"GRADUAÇÃO";"Campus Macaíba";"Sala 10 - Graduação - EAJ";"2014";"1";"2014-01-27";"2014-06-14";"2T123";"6";"15";"REGULAR";"f";"2014-06-15 12:56:17.474";"f";"";"54";"CONSOLIDADA";"";"Presencial";
"1224127";"01B";"5755978";"";"";"2045603";"GRADUAÇÃO";"Campus Central";"DNUT - SALA DE AULA 2";"2014";"1";"2014-01-27";"2014-06-14";"3M235";"14";"20";"REGULAR";"f";"2014-06-20 00:10:59.986";"f";"1224121";"51";"CONSOLIDADA";"";"Presencial";
"1224127";"01B";"25924";"";"";"2045603";"GRADUAÇÃO";"Campus Central";"DNUT - SALA DE AULA 2";"2014";"1";"2014-01-27";"2014-06-14";"3M235";"14";"20";"REGULAR";"f";"2014-06-20 00:10:59.986";"f";"1224121";"51";"CONSOLIDADA";"";"Presencial";
"1224128";"01";"18505";"";"";"2041314";"GRADUAÇÃO";"Campus Macaíba";"Sala 09 - Graduação - EAJ";"2014";"1";"2014-01-27";"2014-06-14";"2T234";"4";"15";"REGULAR";"f";"2014-06-17 20:21:29.32";"f";"";"54";"CONSOLIDADA";"";"Presencial";
"1224129";"03";"";"84696047";"";"21998";"GRADUAÇÃO";"Campus Central";"1G4";"2014";"1";"2014-01-27";"2014-06-14";"26M34";"52";"50";"REGULAR";"f";"2014-06-09 11:45:56.825";"f";"";"70";"CONSOLIDADA";"";"Presencial";
"1224130";"01";"5754400";"";"";"2052301";"GRADUAÇÃO";"Campus Central";"UBS de Macaiba e São Gonçalo";"2014";"1";"2014-01-27";"2014-03-13";"2M1234 4M123456  4T123456 (27/01/2014 - 13/03/2014)";"5";"5";"REGULAR";"f";"2014-06-14 19:01:10.081";"f";"";"0";"CONSOLIDADA";"";"Presencial";
"1224131";"01";"5756469";"";"";"2045600";"GRADUAÇÃO";"Campus Central";"DNUT - SALA DE AULA 1 (1º ANDAR)";"2014";"1";"2014-01-27";"2014-06-14";"2T23 4T345";"33";"40";"REGULAR";"f";"2014-06-09 08:42:39.538";"f";"";"82";"CONSOLIDADA";"";"Presencial";
"1224131";"01";"5752774";"";"";"2045600";"GRADUAÇÃO";"Campus Central";"DNUT - SALA DE AULA 1 (1º ANDAR)";"2014";"1";"2014-01-27";"2014-06-14";"2T23 4T345";"33";"40";"REGULAR";"f";"2014-06-09 08:42:39.538";"f";"";"82";"CONSOLIDADA";"";"Presencial";
"1224132";"01";"5752831";"";"";"2041325";"GRADUAÇÃO";"Campus Macaíba";"Sala 09 - Graduação - EAJ";"2014";"1";"2014-01-27";"2014-06-14";"6M456";"18";"30";"REGULAR";"f";"2014-06-14 23:20:53.855";"f";"";"51";"CONSOLIDADA";"";"Presencial";
"1224134";"03A";"5752965";"";"";"46682";"GRADUAÇÃO";"Campus Central";"a definir";"2014";"1";"2014-01-27";"2014-06-14";"246T12";"";"40";"REGULAR";"f";"";"f";"1224214";"";"EXCLUÍDA";"";"Presencial";
"1224135";"01";"5756414";"";"";"2041329";"GRADUAÇÃO";"Campus Macaíba";"Sala 09 - Graduação - EAJ";"2014";"1";"2014-01-27";"2014-06-14";"6T123";"15";"20";"REGULAR";"f";"2014-06-13 14:30:20.582";"f";"";"57";"CONSOLIDADA";"";"Presencial";
"1224136";"01";"22932";"";"";"42945";"GRADUAÇÃO";"Campus Central";"DNUT - SALA DE AULA 1 (1º ANDAR)";"2014";"1";"2014-01-27";"2014-06-14";"2T456";"32";"32";"REGULAR";"f";"2014-06-11 10:41:33.372";"f";"";"54";"CONSOLIDADA";"";"Presencial";
"1224136";"01";"5756469";"";"";"42945";"GRADUAÇÃO";"Campus Central";"DNUT - SALA DE AULA 1 (1º ANDAR)";"2014";"1";"2014-01-27";"2014-06-14";"2T456";"32";"32";"REGULAR";"f";"2014-06-11 10:41:33.372";"f";"";"54";"CONSOLIDADA";"";"Presencial";
"1224137";"01";"17740";"";"";"2041330";"GRADUAÇÃO";"Campus Macaíba";"Sala 09 - Graduação - EAJ";"2014";"1";"2014-01-27";"2014-06-14";"5T123";"7";"10";"REGULAR";"f";"2014-06-10 11:40:43.707";"f";"";"51";"CONSOLIDADA";"";"Presencial";
"1224138";"01";"21582";"";"";"2041333";"GRADUAÇÃO";"Campus Macaíba";"Sala 09 - Graduação - EAJ";"2014";"1";"2014-01-27";"2014-06-14";"4T12";"18";"30";"REGULAR";"f";"2014-06-10 08:10:10.475";"f";"";"36";"CONSOLIDADA";"";"Presencial";
"1224139";"01";"5752222";"";"";"2041340";"GRADUAÇÃO";"Campus Macaíba";"Sala 09 - Graduação - EAJ";"2014";"1";"2014-01-27";"2014-06-14";"3T123";"11";"15";"REGULAR";"f";"2014-06-21 06:11:46.064";"f";"";"54";"CONSOLIDADA";"";"Presencial";
"1224140";"01";"5752883";"";"";"2041400";"GRADUAÇÃO";"Campus Macaíba";"Sala 10 - Graduação - EAJ";"2014";"1";"2014-01-27";"2014-06-14";"3T345";"16";"20";"REGULAR";"f";"2014-06-21 20:12:57.092";"f";"";"54";"CONSOLIDADA";"";"Presencial";
"1224141";"01";"23008";"";"";"46363";"GRADUAÇÃO";"Campus Central";"IE2";"2014";"1";"2014-01-27";"2014-06-14";"6T3456";"41";"50";"REGULAR";"f";"2014-06-14 15:54:10.481";"f";"";"68";"CONSOLIDADA";"";"Presencial";
"1224142";"01";"5753615";"";"";"2041401";"GRADUAÇÃO";"Campus Macaíba";"Sala 10 - Graduação - EAJ";"2014";"1";"2014-01-27";"2014-06-14";"6M234";"5";"20";"REGULAR";"f";"2014-06-16 11:59:33.646";"f";"";"51";"CONSOLIDADA";"";"Presencial";
"1224142";"01";"62233";"";"";"2041401";"GRADUAÇÃO";"Campus Macaíba";"Sala 10 - Graduação - EAJ";"2014";"1";"2014-01-27";"2014-06-14";"6M234";"5";"20";"REGULAR";"f";"2014-06-16 11:59:33.646";"f";"";"51";"CONSOLIDADA";"";"Presencial";
"1224143";"01";"22790";"";"";"46365";"GRADUAÇÃO";"Campus Central";"IE2";"2014";"1";"2014-01-27";"2014-06-14";"4T3456";"38";"50";"REGULAR";"f";"2014-06-10 20:36:29.863";"f";"";"72";"CONSOLIDADA";"";"Presencial";
"1224144";"01";"5753557";"";"";"2041404";"GRADUAÇÃO";"Campus Macaíba";"Sala 10 - Graduação - EAJ";"2014";"1";"2014-01-27";"2014-06-14";"5T123";"8";"15";"REGULAR";"f";"2014-06-13 15:13:22.548";"f";"";"51";"CONSOLIDADA";"";"Presencial";
"1224145";"01";"5752723";"";"";"46367";"GRADUAÇÃO";"Campus Central";"IE2";"2014";"1";"2014-01-27";"2014-06-14";"2T3456";"49";"50";"REGULAR";"f";"2014-06-15 15:18:18.436";"f";"";"72";"CONSOLIDADA";"";"Presencial";
"1224146";"01";"5752846";"";"";"2041405";"GRADUAÇÃO";"Campus Macaíba";"Lab. de Informática - Graduação - EAJ";"2014";"1";"2014-01-27";"2014-06-14";"3M123";"16";"30";"REGULAR";"f";"2014-06-11 11:24:16.3";"f";"";"51";"CONSOLIDADA";"";"Presencial";
"1224147";"01";"21580";"";"";"46369";"GRADUAÇÃO";"Campus Central";"IE2";"2014";"1";"2014-01-27";"2014-06-14";"24T12";"47";"50";"REGULAR";"f";"2014-06-11 20:38:01.209";"f";"";"74";"CONSOLIDADA";"";"Presencial";
"1224148";"02";"24345";"";"";"41836";"GRADUAÇÃO";"Campus Central";"4I5";"2014";"1";"2014-01-27";"2014-06-14";"4M1234";"";"20";"REGULAR";"f";"";"f";"";"";"EXCLUÍDA";"";"Presencial";
"1224149";"01";"5754355";"";"";"2041409";"GRADUAÇÃO";"Campus Macaíba";"Sala 05 - Graduação - EAJ";"2014";"1";"2014-01-27";"2014-06-14";"5M456";"4";"10";"REGULAR";"f";"2014-06-13 19:01:13.511";"f";"";"54";"CONSOLIDADA";"";"Presencial";
"1224150";"01";"23856";"";"";"48263";"GRADUAÇÃO";"Campus Macaíba";"Sala 09: 2M23 e Lab. de Inf.: 4M45";"2014";"1";"2014-01-27";"2014-06-14";"2M23 4M45";"8";"20";"REGULAR";"f";"2014-06-02 09:19:47.828";"f";"";"66";"CONSOLIDADA";"";"Presencial";
"1224151";"01";"5755030";"";"";"43516";"GRADUAÇÃO";"Campus Central";"Sala K - DEART";"2014";"1";"2014-01-27";"2014-06-14";"6N12 (27/01/2014 - 15/03/2014),  6N34 (16/03/2014 - 14/06/2014)";"31";"40";"REGULAR";"f";"2014-06-17 09:40:11.23";"f";"";"36";"CONSOLIDADA";"";"Presencial";
"1224152";"01";"23856";"";"";"48264";"GRADUAÇÃO";"Campus Macaíba";"Sala 09: 2M45 e Lab. de Inf.: 4M23";"2014";"1";"2014-01-27";"2014-06-14";"2M45 4M23";"12";"20";"REGULAR";"f";"2014-06-02 11:54:34.202";"f";"";"68";"CONSOLIDADA";"";"Presencial";
"1224153";"01";"23144";"";"";"48443";"GRADUAÇÃO";"Campus Central";"Sala 20 - DEART";"2014";"1";"2014-01-27";"2014-06-14";"3N12 (27/01/2014 - 15/03/2014),  3N34 (16/03/2014 - 14/06/2014)";"18";"40";"REGULAR";"f";"2014-06-20 21:12:05.967";"f";"";"30";"CONSOLIDADA";"";"Presencial";
"1224154";"01";"5755414";"";"";"48240";"GRADUAÇÃO";"Campus Central";"DNUT - SALA DE AULA 7 (1º ANDAR)";"2014";"1";"2014-01-27";"2014-06-14";"2M1 (27/01/2014 - 14/06/2014)";"10";"10";"REGULAR";"f";"2014-06-18 13:32:23.264";"f";"";"17";"CONSOLIDADA";"";"Presencial";
"1224155";"01";"5752478";"";"";"48266";"GRADUAÇÃO";"Campus Macaíba";"Sala 08 - Graduação - EAJ";"2014";"1";"2014-01-27";"2014-06-14";"2M23 4M56";"24";"40";"REGULAR";"f";"2014-06-14 10:29:19.76";"f";"";"74";"CONSOLIDADA";"";"Presencial";
"1224156";"02";"5755434";"";"";"48240";"GRADUAÇÃO";"Campus Central";"DNUT - SALA DE AULA 7 (1º ANDAR)";"2014";"1";"2014-01-27";"2014-06-14";"2M1 (27/01/2014 - 14/06/2014)";"10";"10";"REGULAR";"f";"2014-06-14 11:58:44.38";"f";"";"18";"CONSOLIDADA";"";"Presencial";
"1224157";"01";"5752284";"";"";"48268";"GRADUAÇÃO";"Campus Macaíba";"Sala 10 - Graduação - EAJ";"2014";"1";"2014-01-27";"2014-06-14";"35M23";"9";"20";"REGULAR";"f";"2014-06-13 20:36:55.717";"f";"";"74";"CONSOLIDADA";"";"Presencial";
"1224158";"01";"5755904";"";"";"46372";"GRADUAÇÃO";"Campus Central";"IC1";"2014";"1";"2014-01-27";"2014-06-14";"6T2345";"49";"50";"REGULAR";"f";"2014-06-11 17:33:21.103";"f";"";"72";"CONSOLIDADA";"";"Presencial";
"1224159";"03";"5756469";"";"";"48240";"GRADUAÇÃO";"Campus Central";"DNUT - SALA DE AULA 7 (1º ANDAR)";"2014";"1";"2014-01-27";"2014-06-14";"2M1 (27/01/2014 - 14/06/2014)";"9";"10";"REGULAR";"f";"2014-06-14 11:59:52.211";"f";"";"18";"CONSOLIDADA";"";"Presencial";
"1224160";"01";"5756414";"";"";"48270";"GRADUAÇÃO";"Campus Macaíba";"Sala 10 - Graduação - EAJ";"2014";"1";"2014-01-27";"2014-06-14";"35M45";"10";"20";"REGULAR";"f";"2014-06-13 14:27:04.54";"f";"";"74";"CONSOLIDADA";"";"Presencial";
"1224161";"04";"5755414";"";"";"48240";"GRADUAÇÃO";"Campus Central";"DNUT - SALA DE AULA 7 (1º ANDAR)";"2014";"1";"2014-01-27";"2014-06-14";"2M2 (27/01/2014 - 14/06/2014)";"10";"10";"REGULAR";"f";"2014-06-18 13:31:06.726";"f";"";"17";"CONSOLIDADA";"";"Presencial";
"1224162";"01";"26503";"";"";"46371";"GRADUAÇÃO";"Campus Central";"IC1";"2014";"1";"2014-01-27";"2014-06-14";"35T12";"41";"50";"REGULAR";"f";"2014-06-20 16:12:53.152";"f";"";"72";"CONSOLIDADA";"";"Presencial";
"1224163";"02";"5753702";"";"";"21338";"GRADUAÇÃO";"Campus Central";"4A5";"2014";"1";"2014-01-27";"2014-06-14";"24N12";"13";"45";"REGULAR";"f";"2014-06-18 09:33:34.318";"f";"";"70";"CONSOLIDADA";"";"Presencial";
"1224164";"01";"5756469";"";"";"48204";"GRADUAÇÃO";"Campus Central";"FORA";"2014";"1";"2014-01-27";"2014-06-14";"";"10";"10";"REGULAR";"f";"2014-06-14 12:01:44.9";"f";"";"0";"CONSOLIDADA";"";"Presencial";
"1224164";"01";"5755434";"";"";"48204";"GRADUAÇÃO";"Campus Central";"FORA";"2014";"1";"2014-01-27";"2014-06-14";"";"10";"10";"REGULAR";"f";"2014-06-14 12:01:44.9";"f";"";"0";"CONSOLIDADA";"";"Presencial";
"1224165";"02";"5755434";"";"";"48204";"GRADUAÇÃO";"Campus Central";"FORA";"2014";"1";"2014-01-27";"2014-06-14";"";"10";"10";"REGULAR";"f";"2014-06-14 12:03:31.601";"f";"";"0";"CONSOLIDADA";"";"Presencial";
"1224166";"03";"5755434";"";"";"48204";"GRADUAÇÃO";"Campus Central";"FORA";"2014";"1";"2014-01-27";"2014-06-14";"";"9";"10";"REGULAR";"f";"2014-06-14 12:06:00.717";"f";"";"0";"CONSOLIDADA";"";"Presencial";
"1224167";"04";"5755434";"";"";"48204";"GRADUAÇÃO";"Campus Central";"FORA";"2014";"1";"2014-01-27";"2014-06-14";"";"10";"10";"REGULAR";"f";"2014-06-14 12:16:04.367";"f";"";"0";"CONSOLIDADA";"";"Presencial";
"1224168";"01";"26590";"";"";"46341";"GRADUAÇÃO";"Campus Central";"IC1";"2014";"1";"2014-01-27";"2014-06-14";"3T3456";"53";"50";"REGULAR";"f";"2014-06-14 17:55:49.15";"f";"";"72";"CONSOLIDADA";"";"Presencial";
"1224169";"01";"21928";"";"";"46376";"GRADUAÇÃO";"Campus Central";"IC1";"2014";"1";"2014-01-27";"2014-06-14";"24T56";"58";"50";"REGULAR";"f";"2014-06-26 11:45:41.197";"f";"";"72";"CONSOLIDADA";"";"Presencial";
"1224170";"01";"5756009";"";"";"46373";"GRADUAÇÃO";"Campus Central";"IC2";"2014";"1";"2014-01-27";"2014-06-14";"2T56";"66";"51";"REGULAR";"f";"2014-06-17 16:20:20.309";"f";"";"36";"CONSOLIDADA";"";"Presencial";
"1224171";"01";"24385";"";"";"2041328";"GRADUAÇÃO";"Campus Macaíba";"Sala 08 - Graduação - EAJ";"2014";"1";"2014-01-27";"2014-06-14";"5T123";"11";"20";"REGULAR";"f";"2014-06-14 16:32:16.24";"f";"";"51";"CONSOLIDADA";"";"Presencial";
"1224173";"01";"5756009";"";"";"46374";"GRADUAÇÃO";"Campus Central";"IH1";"2014";"1";"2014-01-27";"2014-06-14";"4T12";"39";"50";"REGULAR";"f";"2014-06-13 16:01:39.768";"f";"";"36";"CONSOLIDADA";"";"Presencial";
"1224174";"07";"26091";"";"";"46387";"GRADUAÇÃO";"Campus Central";"sala 20 DEART";"2014";"1";"2014-01-27";"2014-06-14";"24M12";"33";"40";"REGULAR";"f";"2014-06-14 15:40:37.302";"f";"";"74";"CONSOLIDADA";"";"Presencial";
"1224175";"01";"26475";"";"";"46378";"GRADUAÇÃO";"Campus Central";"IH2";"2014";"1";"2014-01-27";"2014-06-14";"2T3456";"12";"50";"REGULAR";"f";"2014-06-11 22:29:59.798";"f";"";"65";"CONSOLIDADA";"";"Presencial";
"1224176";"01";"24385";"";"";"54106";"GRADUAÇÃO";"Campus Macaíba";"Sala 03: 3T12 e Sala 07: 5M234";"2014";"1";"2014-01-27";"2014-06-14";"5M234  3T12";"8";"20";"REGULAR";"f";"2014-06-14 16:37:33.959";"f";"";"84";"CONSOLIDADA";"";"Presencial";
"1224178";"02";"5751769";"";"";"26552";"GRADUAÇÃO";"Campus Central";"Sala K - DEART";"2014";"1";"2014-01-27";"2014-06-14";"4M3456";"52";"40";"REGULAR";"f";"2014-06-17 22:51:57.792";"f";"";"68";"CONSOLIDADA";"";"Presencial";
"1224179";"01";"26253";"";"";"24398";"GRADUAÇÃO";"Campus Central";"IB4";"2014";"1";"2014-01-27";"2014-06-14";"2T123 6T12";"54";"54";"REGULAR";"f";"2014-06-17 08:39:04.049";"f";"";"87";"CONSOLIDADA";"";"Presencial";
"1224180";"08";"5756457";"";"";"46387";"GRADUAÇÃO";"Campus Central";"CB - Mandacarú";"2014";"1";"2014-01-27";"2014-06-14";"35N34";"23";"50";"REGULAR";"f";"2014-06-25 21:45:42.598";"f";"";"68";"CONSOLIDADA";"";"Presencial";
"1224181";"09";"5756151";"";"";"46387";"GRADUAÇÃO";"Campus Central";"DEDFIS - Sala 2";"2014";"1";"2014-01-27";"2014-06-14";"35T34";"28";"50";"REGULAR";"f";"2014-06-18 18:28:26.267";"f";"";"74";"CONSOLIDADA";"";"Presencial";
"1224182";"10";"5755486";"";"";"46387";"GRADUAÇÃO";"Campus Central";"Setor II Sala H-9";"2014";"1";"2014-01-27";"2014-06-14";"24N34";"32";"50";"REGULAR";"f";"2014-06-21 19:56:03.375";"f";"";"68";"CONSOLIDADA";"";"Presencial";
"1224183";"02";"5756283";"";"";"46340";"GRADUAÇÃO";"Campus Central";"IA1";"2014";"1";"2014-01-27";"2014-06-14";"6N1234";"19";"58";"REGULAR";"f";"2014-06-21 13:35:05.936";"f";"";"68";"CONSOLIDADA";"";"Presencial";
"1224184";"01";"23015";"";"";"24657";"GRADUAÇÃO";"Campus Central";"LABCON";"2014";"1";"2014-01-27";"2014-06-14";"3M456";"26";"28";"REGULAR";"f";"2014-06-09 15:57:46.575";"f";"";"63";"CONSOLIDADA";"";"Presencial";
"1224185";"02";"16614";"";"";"46370";"GRADUAÇÃO";"Campus Central";"IA1";"2014";"1";"2014-01-27";"2014-06-14";"24N34";"19";"57";"REGULAR";"f";"2014-06-14 22:08:05.781";"f";"";"74";"CONSOLIDADA";"";"Presencial";
"1224186";"01";"19009";"";"";"20285";"GRADUAÇÃO";"Campus Central";"4 H2";"2014";"1";"2014-01-27";"2014-06-14";"4M456";"19";"25";"REGULAR";"f";"2014-06-11 15:15:29.502";"f";"";"54";"CONSOLIDADA";"";"Presencial";
"1224187";"03";"22718";"";"";"46345";"GRADUAÇÃO";"Campus Central";"IA2";"2014";"1";"2014-01-27";"2014-06-14";"2N34";"46";"50";"REGULAR";"f";"2014-06-10 14:23:28.953";"f";"";"34";"CONSOLIDADA";"";"Presencial";
"1224188";"01";"22757";"";"";"54065";"GRADUAÇÃO";"Campus Central";"Departamento de Patologia";"2014";"1";"2014-01-27";"2014-06-14";"5M45";"48";"48";"REGULAR";"f";"2014-06-17 08:18:56.997";"f";"";"34";"CONSOLIDADA";"";"Presencial";
"1224188";"01";"22871";"";"";"54065";"GRADUAÇÃO";"Campus Central";"Departamento de Patologia";"2014";"1";"2014-01-27";"2014-06-14";"5M45";"48";"48";"REGULAR";"f";"2014-06-17 08:18:56.997";"f";"";"34";"CONSOLIDADA";"";"Presencial";
"1224188";"01";"22999";"";"";"54065";"GRADUAÇÃO";"Campus Central";"Departamento de Patologia";"2014";"1";"2014-01-27";"2014-06-14";"5M45";"48";"48";"REGULAR";"f";"2014-06-17 08:18:56.997";"f";"";"34";"CONSOLIDADA";"";"Presencial";
"1224188";"01";"5755753";"";"";"54065";"GRADUAÇÃO";"Campus Central";"Departamento de Patologia";"2014";"1";"2014-01-27";"2014-06-14";"5M45";"48";"48";"REGULAR";"f";"2014-06-17 08:18:56.997";"f";"";"34";"CONSOLIDADA";"";"Presencial";
"1224188";"01";"22755";"";"";"54065";"GRADUAÇÃO";"Campus Central";"Departamento de Patologia";"2014";"1";"2014-01-27";"2014-06-14";"5M45";"48";"48";"REGULAR";"f";"2014-06-17 08:18:56.997";"f";"";"34";"CONSOLIDADA";"";"Presencial";
"1224188";"01";"23754";"";"";"54065";"GRADUAÇÃO";"Campus Central";"Departamento de Patologia";"2014";"1";"2014-01-27";"2014-06-14";"5M45";"48";"48";"REGULAR";"f";"2014-06-17 08:18:56.997";"f";"";"34";"CONSOLIDADA";"";"Presencial";
"1224188";"01";"23181";"";"";"54065";"GRADUAÇÃO";"Campus Central";"Departamento de Patologia";"2014";"1";"2014-01-27";"2014-06-14";"5M45";"48";"48";"REGULAR";"f";"2014-06-17 08:18:56.997";"f";"";"34";"CONSOLIDADA";"";"Presencial";
"1224188";"01";"5751840";"";"";"54065";"GRADUAÇÃO";"Campus Central";"Departamento de Patologia";"2014";"1";"2014-01-27";"2014-06-14";"5M45";"48";"48";"REGULAR";"f";"2014-06-17 08:18:56.997";"f";"";"34";"CONSOLIDADA";"";"Presencial";
"1224189";"03";"62852";"";"";"46347";"GRADUAÇÃO";"Campus Central";"IA2";"2014";"1";"2014-01-27";"2014-06-14";"2N12";"48";"50";"REGULAR";"f";"2014-06-17 09:06:19.355";"f";"";"34";"CONSOLIDADA";"";"Presencial";
"1224190";"03";"5755874";"";"";"21753";"GRADUAÇÃO";"Campus Central";"3E1";"2014";"1";"2014-01-27";"2014-06-14";"35M34";"12";"30";"REGULAR";"f";"2014-06-10 10:47:51.061";"f";"";"70";"CONSOLIDADA";"";"Presencial";
"1224191";"01";"22999";"";"";"54066";"GRADUAÇÃO";"Campus Central";"Departamento de Patologia";"2014";"1";"2014-01-27";"2014-06-14";"5M3";"48";"12";"REGULAR";"f";"2014-06-17 08:23:24.917";"f";"";"17";"CONSOLIDADA";"";"Presencial";
"1224192";"02";"5755991";"";"";"46350";"GRADUAÇÃO";"Campus Central";"IA2";"2014";"1";"2014-01-27";"2014-06-14";"4N1234 6N12";"44";"50";"REGULAR";"f";"2014-06-10 23:42:20.862";"f";"";"106";"CONSOLIDADA";"";"Presencial";
"1224193";"02";"18871";"";"";"2055430";"GRADUAÇÃO";"Campus Central";"2-B-2";"2014";"1";"2014-01-27";"2014-06-14";"2M3456";"17";"50";"REGULAR";"f";"2014-06-10 10:46:02.304";"f";"";"68";"CONSOLIDADA";"";"Presencial";
"1224194";"01";"19205";"";"";"55207";"GRADUAÇÃO";"Campus Central";"ESTMAT";"2014";"1";"2014-01-27";"2014-06-14";"35M56";"7";"30";"REGULAR";"f";"2014-06-13 10:20:05.72";"f";"";"72";"CONSOLIDADA";"";"Presencial";
"1224196";"02";"26478";"";"";"46357";"GRADUAÇÃO";"Campus Central";"IA3";"2014";"1";"2014-01-27";"2014-06-14";"5N1234";"44";"50";"REGULAR";"f";"2014-06-17 23:48:28.07";"f";"";"72";"CONSOLIDADA";"";"Presencial";
"1224197";"01";"23754";"";"";"54074";"GRADUAÇÃO";"Campus Central";"Departamento de Patologia";"2014";"1";"2014-01-27";"2014-06-14";"6M23";"28";"45";"REGULAR";"f";"2014-06-16 22:02:07.409";"f";"";"36";"CONSOLIDADA";"";"Presencial";
"1224197";"01";"22757";"";"";"54074";"GRADUAÇÃO";"Campus Central";"Departamento de Patologia";"2014";"1";"2014-01-27";"2014-06-14";"6M23";"28";"45";"REGULAR";"f";"2014-06-16 22:02:07.409";"f";"";"36";"CONSOLIDADA";"";"Presencial";
"1224197";"01";"22999";"";"";"54074";"GRADUAÇÃO";"Campus Central";"Departamento de Patologia";"2014";"1";"2014-01-27";"2014-06-14";"6M23";"28";"45";"REGULAR";"f";"2014-06-16 22:02:07.409";"f";"";"36";"CONSOLIDADA";"";"Presencial";
"1224197";"01";"23816";"";"";"54074";"GRADUAÇÃO";"Campus Central";"Departamento de Patologia";"2014";"1";"2014-01-27";"2014-06-14";"6M23";"28";"45";"REGULAR";"f";"2014-06-16 22:02:07.409";"f";"";"36";"CONSOLIDADA";"";"Presencial";
"1224197";"01";"5755753";"";"";"54074";"GRADUAÇÃO";"Campus Central";"Departamento de Patologia";"2014";"1";"2014-01-27";"2014-06-14";"6M23";"28";"45";"REGULAR";"f";"2014-06-16 22:02:07.409";"f";"";"36";"CONSOLIDADA";"";"Presencial";
"1224197";"01";"22755";"";"";"54074";"GRADUAÇÃO";"Campus Central";"Departamento de Patologia";"2014";"1";"2014-01-27";"2014-06-14";"6M23";"28";"45";"REGULAR";"f";"2014-06-16 22:02:07.409";"f";"";"36";"CONSOLIDADA";"";"Presencial";
"1224198";"01";"23754";"";"";"54075";"GRADUAÇÃO";"Campus Central";"Departamento de Patologia";"2014";"1";"2014-01-27";"2014-06-14";"6M1";"28";"11";"REGULAR";"f";"2014-06-13 18:46:55.94";"f";"";"18";"CONSOLIDADA";"";"Presencial";
"1224198";"01";"23816";"";"";"54075";"GRADUAÇÃO";"Campus Central";"Departamento de Patologia";"2014";"1";"2014-01-27";"2014-06-14";"6M1";"28";"11";"REGULAR";"f";"2014-06-13 18:46:55.94";"f";"";"18";"CONSOLIDADA";"";"Presencial";
"1224199";"11";"5753849";"";"";"46387";"GRADUAÇÃO";"Campus Central";"Setor II Sala A-3";"2014";"1";"2014-01-27";"2014-06-14";"35M12";"54";"50";"REGULAR";"f";"2014-06-21 16:02:07.349";"f";"";"68";"CONSOLIDADA";"";"Presencial";
"1224200";"02";"5755468";"";"";"46230";"GRADUAÇÃO";"Campus Central";"CB - Juazeiro";"2014";"1";"2014-01-27";"2014-06-14";"7M34  6N1234 (27/01/2014 - 14/06/2014)";"13";"35";"REGULAR";"f";"2014-06-19 20:30:15.55";"f";"";"108";"CONSOLIDADA";"";"Presencial";
"1224201";"01";"5752736";"";"";"46231";"GRADUAÇÃO";"Campus Central";"CB - 3 Anf. dos Répteis, 5 Imburama";"2014";"1";"2014-01-27";"2014-06-14";"3M1234 5M12 (27/01/2014 - 14/06/2014)";"21";"30";"REGULAR";"f";"2014-06-21 15:35:38.018";"f";"";"98";"CONSOLIDADA";"";"Presencial";
"1224202";"02";"17608";"";"";"46231";"GRADUAÇÃO";"Campus Central";"CB - Eptélios";"2014";"1";"2014-01-27";"2014-06-14";"7M12  4N1234 (27/01/2014 - 14/06/2014)";"21";"35";"REGULAR";"f";"2014-06-09 19:24:56.82";"f";"";"98";"CONSOLIDADA";"";"Presencial";
"1224203";"01";"5755468";"";"";"46232";"GRADUAÇÃO";"Campus Central";"Setor III Sala B-4";"2014";"1";"2014-01-27";"2014-06-14";"2T1234 4T12 (27/01/2014 - 14/06/2014)";"24";"30";"REGULAR";"f";"2014-06-19 20:26:45.396";"f";"";"102";"CONSOLIDADA";"";"Presencial";
"1224204";"12";"5753849";"";"";"46387";"GRADUAÇÃO";"Campus Central";"Setor II Sala A-3";"2014";"1";"2014-01-27";"2014-06-14";"35N12";"45";"50";"REGULAR";"f";"2014-06-21 15:41:29.059";"f";"";"66";"CONSOLIDADA";"";"Presencial";
"1224205";"01";"5755351";"";"";"24653";"GRADUAÇÃO";"Campus Central";"4 H1";"2014";"1";"2014-01-27";"2014-06-14";"6M1234";"27";"28";"REGULAR";"f";"2014-06-06 11:08:02.424";"f";"";"72";"CONSOLIDADA";"";"Presencial";
"1224206";"01";"21589";"";"";"24659";"GRADUAÇÃO";"Campus Central";"4 H2";"2014";"1";"2014-01-27";"2014-06-14";"5M456";"26";"28";"REGULAR";"f";"2014-06-18 18:13:17.926";"f";"";"53";"CONSOLIDADA";"";"Presencial";
"1224207";"01";"21355";"";"";"24661";"GRADUAÇÃO";"Campus Central";"4 G3";"2014";"1";"2014-01-27";"2014-06-14";"5N1234";"33";"27";"REGULAR";"f";"2014-06-20 14:52:37.51";"f";"";"72";"CONSOLIDADA";"";"Presencial";
"1224208";"01";"5753073";"";"";"49371";"GRADUAÇÃO";"Campus Central";"Centro de Educação";"2014";"1";"2014-01-27";"2014-06-14";"6N1234";"";"2";"REGULAR";"f";"2014-06-22 23:19:21.485";"f";"";"72";"CONSOLIDADA";"";"Presencial";
"1224209";"02";"26590";"";"";"46341";"GRADUAÇÃO";"Campus Central";"IH1";"2014";"1";"2014-01-27";"2014-06-14";"4N1234";"65";"51";"REGULAR";"f";"2014-06-14 17:48:50.453";"f";"";"72";"CONSOLIDADA";"";"Presencial";
"1224210";"01";"";"105542917";"";"51046";"GRADUAÇÃO";"Campus Central";"SALA 2E4";"2014";"1";"2014-01-27";"2014-06-14";"7M12345 (27/01/2014 - 14/06/2014)";"1";"20";"REGULAR";"f";"2014-07-11 17:22:36.607";"f";"";"100";"CONSOLIDADA";"";"Presencial";
"1224211";"01";"25520";"";"";"25868";"GRADUAÇÃO";"Campus Central";"4 H2";"2014";"1";"2014-01-27";"2014-06-14";"2M234";"26";"28";"REGULAR";"f";"2014-06-21 19:52:07.408";"f";"";"52";"CONSOLIDADA";"";"Presencial";
"1224213";"01";"5753669";"";"";"24676";"GRADUAÇÃO";"Campus Central";"4 H2";"2014";"1";"2014-01-27";"2014-06-14";"26M56";"29";"30";"REGULAR";"f";"2014-06-12 21:35:52.243";"f";"";"71";"CONSOLIDADA";"";"Presencial";
"1224215";"02";"5756069";"";"";"26157";"GRADUAÇÃO";"Campus Central";"Sala A - DEART";"2014";"1";"2014-01-27";"2014-06-14";"4N1234";"68";"40";"REGULAR";"f";"2014-06-11 20:32:48.873";"f";"";"68";"CONSOLIDADA";"";"Presencial";
"1224217";"03A";"5755578";"";"";"46635";"GRADUAÇÃO";"Campus Central";"4C6";"2014";"1";"2014-01-27";"2014-06-14";"24T12 3T34";"45";"40";"REGULAR";"f";"2014-06-16 11:13:20.43";"f";"1224216";"112";"CONSOLIDADA";"";"Presencial";
"1224218";"01";"18708";"";"";"46353";"GRADUAÇÃO";"Campus Central";"IH1";"2014";"1";"2014-01-27";"2014-06-14";"6N1234";"59";"51";"REGULAR";"f";"2014-06-20 16:30:48.31";"f";"";"72";"CONSOLIDADA";"";"Presencial";
"1224219";"01";"5752496";"";"";"24652";"GRADUAÇÃO";"Campus Central";"LABCON / 4 H2";"2014";"1";"2014-01-27";"2014-06-14";"35M23";"32";"27";"REGULAR";"f";"2014-06-14 20:57:52.506";"f";"";"68";"CONSOLIDADA";"";"Presencial";
"1224220";"02";"5755468";"";"";"46232";"GRADUAÇÃO";"Campus Central";"CB - Anf. dos Anfíbios";"2014";"1";"2014-01-27";"2014-06-14";"2N1234 6N12 (27/01/2014 - 14/06/2014)";"18";"35";"REGULAR";"f";"2014-06-19 20:28:43.177";"f";"";"92";"CONSOLIDADA";"";"Presencial";
"1224221";"01";"5755425";"";"";"51102";"GRADUAÇÃO";"Campus Central";"Departamento de Saúde Coletiva";"2014";"1";"2014-02-03";"2014-06-13";"23456M2345 (03/02/2014 - 13/06/2014)";"15";"8";"REGULAR";"f";"2014-06-13 10:58:22.679";"f";"";"332";"CONSOLIDADA";"";"Presencial";
"1224221";"01";"5753567";"";"";"51102";"GRADUAÇÃO";"Campus Central";"Departamento de Saúde Coletiva";"2014";"1";"2014-02-03";"2014-06-13";"23456M2345 (03/02/2014 - 13/06/2014)";"15";"8";"REGULAR";"f";"2014-06-13 10:58:22.679";"f";"";"332";"CONSOLIDADA";"";"Presencial";
"1224222";"02";"5752206";"";"";"51102";"GRADUAÇÃO";"Campus Central";"Departamento de Saúde Coletiva";"2014";"1";"2014-02-03";"2014-06-13";"23456M2345 (03/02/2014 - 13/06/2014)";"";"6";"REGULAR";"f";"";"f";"";"";"EXCLUÍDA";"";"Presencial";
"1224222";"02";"5753567";"";"";"51102";"GRADUAÇÃO";"Campus Central";"Departamento de Saúde Coletiva";"2014";"1";"2014-02-03";"2014-06-13";"23456M2345 (03/02/2014 - 13/06/2014)";"";"6";"REGULAR";"f";"";"f";"";"";"EXCLUÍDA";"";"Presencial";
"1224223";"03";"5754293";"";"";"51102";"GRADUAÇÃO";"Campus Central";"Departamento de Saúde Coletiva";"2014";"1";"2014-02-03";"2014-06-13";"23456M2345 (03/02/2014 - 13/06/2014)";"6";"8";"REGULAR";"f";"2014-06-10 22:58:09.216";"f";"";"332";"CONSOLIDADA";"";"Presencial";
"1224224";"04";"22970";"";"";"51102";"GRADUAÇÃO";"Campus Central";"Departamento de Saúde Coletiva";"2014";"1";"2014-02-03";"2014-06-13";"23456M2345 (03/02/2014 - 13/06/2014)";"8";"9";"REGULAR";"f";"2014-06-13 17:49:30.751";"f";"";"332";"CONSOLIDADA";"";"Presencial";
"1224225";"05";"5755495";"";"";"51102";"GRADUAÇÃO";"Campus Central";"Departamento de Saúde Coletiva";"2014";"1";"2014-02-03";"2014-06-13";"23456M2345 (03/02/2014 - 13/06/2014)";"8";"8";"REGULAR";"f";"2014-06-12 21:51:14.744";"f";"";"332";"CONSOLIDADA";"";"Presencial";
"1224225";"05";"5752206";"";"";"51102";"GRADUAÇÃO";"Campus Central";"Departamento de Saúde Coletiva";"2014";"1";"2014-02-03";"2014-06-13";"23456M2345 (03/02/2014 - 13/06/2014)";"8";"8";"REGULAR";"f";"2014-06-12 21:51:14.744";"f";"";"332";"CONSOLIDADA";"";"Presencial";
"1224226";"06";"5755727";"";"";"51102";"GRADUAÇÃO";"Campus Central";"Departamento de Saúde Coletiva";"2014";"1";"2014-02-03";"2014-06-13";"23456N1234 (03/02/2014 - 13/06/2014)";"3";"5";"REGULAR";"f";"2014-06-12 23:45:04.866";"f";"";"328";"CONSOLIDADA";"";"Presencial";
"1224227";"01";"23842";"";"";"20304";"GRADUAÇÃO";"Campus Central";"4 G3";"2014";"1";"2014-01-27";"2014-06-14";"35T56";"16";"20";"REGULAR";"f";"2014-06-10 23:20:30.088";"f";"";"69";"CONSOLIDADA";"";"Presencial";
"1224228";"01";"5751847";"";"";"41271";"STRICTO SENSU";"";"Sala D1 - Setor V";"2014";"1";"2014-02-24";"2014-06-14";"2M234";"17";"25";"REGULAR";"f";"2014-09-05 19:49:45.997";"f";"";"48";"CONSOLIDADA";"";"Presencial";
"1224229";"01";"25520";"";"";"20318";"GRADUAÇÃO";"Campus Central";"LABCON";"2014";"1";"2014-01-27";"2014-06-14";"6T123";"18";"20";"REGULAR";"f";"2014-06-20 14:50:06.316";"f";"";"51";"CONSOLIDADA";"";"Presencial";
"1224230";"01";"5755971";"";"";"20311";"GRADUAÇÃO";"Campus Central";"LABINFO";"2014";"1";"2014-01-27";"2014-06-14";"4T456";"18";"20";"REGULAR";"f";"2014-06-18 11:45:16.256";"f";"";"57";"CONSOLIDADA";"";"Presencial";
"1224231";"01";"5755548";"";"";"40653";"STRICTO SENSU";"";"Sala D1 - Setor V";"2014";"1";"2014-02-24";"2014-06-14";"3M234";"17";"25";"REGULAR";"f";"2015-01-05 10:06:01.531";"f";"";"39";"CONSOLIDADA";"";"Presencial";
"1224232";"02";"5753622";"";"";"2052301";"GRADUAÇÃO";"Campus Central";"UBS de Macaiba e São Gonçalo";"2014";"1";"2014-01-27";"2014-03-13";"2M1234 4M123456  4T123456 (27/01/2014 - 13/03/2014)";"4";"5";"REGULAR";"f";"2014-06-14 13:12:36.894";"f";"";"0";"CONSOLIDADA";"";"Presencial";
"1224233";"01";"5753641";"";"";"20330";"GRADUAÇÃO";"Campus Central";"4 H3";"2014";"1";"2014-01-27";"2014-06-14";"3T1234 5T2345";"11";"20";"REGULAR";"f";"2014-06-11 14:34:45.638";"f";"";"132";"CONSOLIDADA";"";"Presencial";
"1224234";"03";"5756718";"";"";"2052301";"GRADUAÇÃO";"Campus Central";"UBS de Macaiba e São Gonçalo";"2014";"1";"2014-01-27";"2014-03-13";"2M1234 4M123456  4T123456 (27/01/2014 - 13/03/2014)";"4";"5";"REGULAR";"f";"2014-06-14 13:57:18.846";"f";"";"0";"CONSOLIDADA";"";"Presencial";
"1224235";"02";"5756009";"";"";"46358";"GRADUAÇÃO";"Campus Central";"1B4";"2014";"1";"2014-01-27";"2014-06-14";"6N12";"45";"50";"REGULAR";"f";"2014-06-04 02:01:31.47";"f";"";"34";"CONSOLIDADA";"";"Presencial";
"1224237";"01";"24344";"";"";"2036952";"STRICTO SENSU";"";"Sala D1 - Setor V";"2014";"1";"2014-02-24";"2014-06-14";"3T234";"5";"25";"REGULAR";"f";"2014-07-03 11:08:03.569";"f";"";"45";"CONSOLIDADA";"";"Presencial";
"1224238";"01";"2289228";"";"";"28231";"GRADUAÇÃO";"Campus Central";"IB4";"2014";"1";"2014-01-27";"2014-06-14";"3M56 5M34";"50";"50";"REGULAR";"f";"2014-06-21 18:37:27.043";"f";"";"84";"CONSOLIDADA";"";"Presencial";
"1224239";"01";"21603";"";"";"24684";"GRADUAÇÃO";"Campus Central";"4 H3";"2014";"1";"2014-01-27";"2014-06-14";"3T56  3N12";"10";"20";"REGULAR";"f";"2014-06-10 18:48:07.961";"f";"";"76";"CONSOLIDADA";"";"Presencial";
"1224240";"02";"16614";"";"";"46374";"GRADUAÇÃO";"Campus Central";"IH9";"2014";"1";"2014-01-27";"2014-06-14";"6N34";"31";"50";"REGULAR";"f";"2014-06-18 09:28:27.583";"f";"";"38";"CONSOLIDADA";"";"Presencial";
"1224241";"01";"5754648";"";"";"28232";"GRADUAÇÃO";"Campus Central";"IB4";"2014";"1";"2014-01-27";"2014-06-14";"35T12";"49";"50";"REGULAR";"f";"2014-06-13 01:45:32.737";"f";"";"74";"CONSOLIDADA";"";"Presencial";
"1224242";"02";"5756009";"";"";"46373";"GRADUAÇÃO";"Campus Central";"ID4";"2014";"1";"2014-01-27";"2014-06-14";"5N34";"18";"50";"REGULAR";"f";"2014-06-18 11:56:59.454";"f";"";"34";"CONSOLIDADA";"";"Presencial";
"1224243";"02";"26478";"";"";"46369";"GRADUAÇÃO";"Campus Central";"1B4";"2014";"1";"2014-01-27";"2014-06-14";"2N1234";"40";"50";"REGULAR";"f";"2014-06-21 17:16:35.232";"f";"";"72";"CONSOLIDADA";"";"Presencial";
"1224244";"01";"18767";"";"";"20332";"GRADUAÇÃO";"Campus Central";"4 H3";"2014";"1";"2014-01-27";"2014-06-14";"46T5234";"12";"20";"REGULAR";"f";"2014-06-16 19:13:40.921";"f";"";"148";"CONSOLIDADA";"";"Presencial";
"1224245";"01";"5755077";"";"";"25837";"GRADUAÇÃO";"Campus Central";"IB3";"2014";"1";"2014-01-27";"2014-06-14";"3M56 5M12";"30";"50";"REGULAR";"f";"2014-06-13 12:41:16.8";"f";"";"69";"CONSOLIDADA";"";"Presencial";
"1224246";"01";"25159";"";"";"2047054";"STRICTO SENSU";"";"Sala D1 - Setor V";"2014";"1";"2014-02-24";"2014-06-14";"4M234";"11";"25";"REGULAR";"f";"2014-11-25 13:39:04.662";"f";"";"45";"CONSOLIDADA";"";"Presencial";
"1224247";"02";"5752275";"";"";"46367";"GRADUAÇÃO";"Campus Central";"1B4";"2014";"1";"2014-01-27";"2014-06-14";"5N1234";"62";"50";"REGULAR";"f";"2014-06-21 21:02:51.253";"f";"";"72";"CONSOLIDADA";"";"Presencial";
"1224248";"01";"5753610";"";"";"53377";"STRICTO SENSU";"";"Sala D1 - Setor V";"2014";"1";"2014-02-24";"2014-12-12";"4T2345";"1";"25";"REGULAR";"f";"";"f";"";"";"EXCLUÍDA";"";"Presencial";
"1224249";"01";"5756007";"";"";"28236";"GRADUAÇÃO";"Campus Central";"IB1";"2014";"1";"2014-01-27";"2014-06-14";"5T534";"23";"50";"REGULAR";"f";"2014-06-13 00:09:04.457";"f";"";"54";"CONSOLIDADA";"";"Presencial";
"1224250";"01";"5755419";"";"";"20326";"GRADUAÇÃO";"Campus Central";"4 G3";"2014";"1";"2014-01-27";"2014-06-14";"2N123";"10";"20";"REGULAR";"f";"2014-06-16 18:23:14.779";"f";"";"54";"CONSOLIDADA";"";"Presencial";
"1224251";"01";"22998";"";"";"40654";"STRICTO SENSU";"";"Sala D1 - Setor V";"2014";"1";"2014-02-24";"2014-06-14";"5M234";"20";"25";"REGULAR";"f";"2015-01-05 01:01:56.928";"f";"";"0";"CONSOLIDADA";"";"Presencial";
"1224252";"02";"23008";"";"";"46363";"GRADUAÇÃO";"Campus Central";"1B4";"2014";"1";"2014-01-27";"2014-06-14";"3N1234";"41";"50";"REGULAR";"f";"2014-06-14 16:35:09.251";"f";"";"68";"CONSOLIDADA";"";"Presencial";
"1224253";"01";"5756358";"";"";"28237";"GRADUAÇÃO";"Campus Central";"IB5";"2014";"1";"2014-01-27";"2014-06-14";"6T123";"16";"50";"REGULAR";"f";"2014-06-12 01:46:56.432";"f";"";"54";"CONSOLIDADA";"";"Presencial";
"1224254";"02";"5755967";"";"";"20333";"GRADUAÇÃO";"Campus Central";"4 H4";"2014";"1";"2014-01-27";"2014-06-14";"24T123456";"17";"15";"REGULAR";"f";"2014-06-14 14:47:22.949";"f";"";"216";"CONSOLIDADA";"";"Presencial";
"1224256";"01";"26160";"";"";"28240";"GRADUAÇÃO";"Campus Central";"IB4";"2014";"1";"2014-01-27";"2014-06-14";"6M456";"48";"50";"REGULAR";"f";"2014-06-18 18:31:56.649";"f";"";"51";"CONSOLIDADA";"";"Presencial";
"1224257";"04";"5755736";"";"";"2052301";"GRADUAÇÃO";"Campus Central";"UBS de Macaiba e São Gonçalo";"2014";"1";"2014-01-27";"2014-03-13";"2M1234 4M123456  4T123456 (27/01/2014 - 13/03/2014)";"5";"5";"REGULAR";"f";"2014-06-14 12:25:33.475";"f";"";"0";"CONSOLIDADA";"";"Presencial";
"1224258";"01";"5752207";"";"";"2047700";"STRICTO SENSU";"";"Sala D1 - Setor V";"2014";"1";"2014-02-24";"2014-06-14";"7M1";"1";"1";"REGULAR";"f";"2014-06-10 15:42:17.598";"f";"";"15";"CONSOLIDADA";"";"Presencial";
"1224259";"01";"5756283";"";"";"46352";"GRADUAÇÃO";"Campus Central";"IA2";"2014";"1";"2014-01-27";"2014-06-14";"35T12";"34";"50";"REGULAR";"f";"2014-06-20 18:13:13.934";"f";"";"70";"CONSOLIDADA";"";"Presencial";
"1224260";"01";"5752669";"";"";"28242";"GRADUAÇÃO";"Campus Central";"IB3";"2014";"1";"2014-01-27";"2014-06-14";"2T564";"26";"50";"REGULAR";"f";"2014-06-13 17:15:41.452";"f";"";"51";"CONSOLIDADA";"";"Presencial";
"1224261";"01";"5752669";"";"";"2050508";"GRADUAÇÃO";"Campus Central";"IB4";"2014";"1";"2014-01-27";"2014-06-14";"3M34 5M56";"42";"50";"REGULAR";"f";"2014-06-18 20:25:35.107";"f";"";"66";"CONSOLIDADA";"";"Presencial";
"1224262";"02";"21580";"";"";"46352";"GRADUAÇÃO";"Campus Central";"IA2";"2014";"1";"2014-01-27";"2014-06-14";"3N1234";"46";"50";"REGULAR";"f";"2014-06-11 20:52:29.461";"f";"";"76";"CONSOLIDADA";"";"Presencial";
"1224263";"02";"22129";"";"";"46355";"GRADUAÇÃO";"Campus Central";"IA2";"2014";"1";"2014-01-27";"2014-06-14";"5N1234";"48";"50";"REGULAR";"f";"2014-06-19 15:58:38.589";"f";"";"72";"CONSOLIDADA";"";"Presencial";
"1224264";"01";"22754";"";"";"2050509";"GRADUAÇÃO";"Campus Central";"IB4";"2014";"1";"2014-01-27";"2014-06-14";"46T56";"57";"55";"REGULAR";"f";"2014-06-12 15:32:28.859";"f";"";"68";"CONSOLIDADA";"";"Presencial";
"1224265";"02";"5753614";"";"";"46343";"GRADUAÇÃO";"Campus Central";"IA1";"2014";"1";"2014-01-27";"2014-06-14";"3N1234";"20";"60";"REGULAR";"f";"2014-06-21 02:52:17.177";"f";"";"76";"CONSOLIDADA";"";"Presencial";
"1224266";"01";"5756032";"";"";"43087";"GRADUAÇÃO";"Campus Caicó";"A9";"2014";"1";"2014-01-27";"2014-06-14";"2M12 3M34";"32";"45";"REGULAR";"f";"2014-06-04 19:04:07.701";"f";"";"72";"CONSOLIDADA";"";"Presencial";
"1224267";"02";"22827";"";"";"46338";"GRADUAÇÃO";"Campus Central";"IA1";"2014";"1";"2014-01-27";"2014-06-14";"5N1234";"15";"58";"REGULAR";"f";"2014-06-20 20:56:04.524";"f";"";"68";"CONSOLIDADA";"";"Presencial";
"1224268";"02";"18708";"";"";"46353";"GRADUAÇÃO";"Campus Central";"IA2";"2014";"1";"2014-01-27";"2014-06-14";"36T34";"39";"50";"REGULAR";"f";"2014-06-20 20:16:43.764";"f";"";"72";"CONSOLIDADA";"";"Presencial";
"1224269";"05";"5754400";"";"";"2052301";"GRADUAÇÃO";"Campus Central";"UBS de Macaiba e São Gonçalo";"2014";"1";"2014-03-14";"2014-04-28";"24M1234  4T1234 (14/03/2014 - 28/04/2014)";"5";"5";"REGULAR";"f";"2014-06-14 18:59:33.1";"f";"";"0";"CONSOLIDADA";"";"Presencial";
"1224270";"01";"25426";"";"";"2050510";"GRADUAÇÃO";"Campus Central";"IB4";"2014";"1";"2014-01-27";"2014-06-14";"2M23 4M34";"42";"50";"REGULAR";"f";"2014-06-05 11:34:33.363";"f";"";"70";"CONSOLIDADA";"";"Presencial";
"1224271";"02";"20855";"";"";"46361";"GRADUAÇÃO";"Campus Central";"IA3";"2014";"1";"2014-01-27";"2014-06-14";"2N1234 4N12";"62";"52";"REGULAR";"f";"2014-06-08 12:35:20.255";"f";"";"98";"CONSOLIDADA";"";"Presencial";
"1224271";"02";"5756681";"";"";"46361";"GRADUAÇÃO";"Campus Central";"IA3";"2014";"1";"2014-01-27";"2014-06-14";"2N1234 4N12";"62";"52";"REGULAR";"f";"2014-06-08 12:35:20.255";"f";"";"98";"CONSOLIDADA";"";"Presencial";
"1224272";"06";"5753622";"";"";"2052301";"GRADUAÇÃO";"Campus Central";"UBS de Macaiba e São Gonçalo";"2014";"1";"2014-03-14";"2014-04-28";"24M1234  4T1234 (14/03/2014 - 28/04/2014)";"5";"5";"REGULAR";"f";"2014-06-14 13:14:59.096";"f";"";"0";"CONSOLIDADA";"";"Presencial";
"1224273";"01";"5756150";"";"";"2050511";"GRADUAÇÃO";"Campus Central";"IB3";"2014";"1";"2014-01-27";"2014-06-14";"35M34";"41";"50";"REGULAR";"f";"2014-06-20 15:54:37.506";"f";"";"66";"CONSOLIDADA";"";"Presencial";
"1224274";"02";"21928";"";"";"46376";"GRADUAÇÃO";"Campus Central";"IH1";"2014";"1";"2014-01-27";"2014-06-14";"3N1234";"59";"52";"REGULAR";"f";"2014-06-21 07:44:41.952";"f";"";"72";"CONSOLIDADA";"";"Presencial";
"1224274";"02";"5753581";"";"";"46376";"GRADUAÇÃO";"Campus Central";"IH1";"2014";"1";"2014-01-27";"2014-06-14";"3N1234";"59";"52";"REGULAR";"f";"2014-06-21 07:44:41.952";"f";"";"72";"CONSOLIDADA";"";"Presencial";
"1224275";"02";"5755904";"";"";"46372";"GRADUAÇÃO";"Campus Central";"IF1";"2014";"1";"2014-01-27";"2014-06-14";"5N1234";"60";"52";"REGULAR";"f";"2014-06-11 17:40:06.979";"f";"";"68";"CONSOLIDADA";"";"Presencial";
"1224276";"01";"5752555";"";"";"43045";"GRADUAÇÃO";"Campus Caicó";"A8";"2014";"1";"2014-01-27";"2014-06-14";"2N12 4N34";"34";"45";"REGULAR";"f";"2014-06-05 14:33:27.38";"f";"";"72";"CONSOLIDADA";"";"Presencial";
"1224277";"02";"22790";"";"";"46365";"GRADUAÇÃO";"Campus Central";"IA3";"2014";"1";"2014-01-27";"2014-06-14";"6N1234";"44";"50";"REGULAR";"f";"2014-06-10 20:39:04.29";"f";"";"72";"CONSOLIDADA";"";"Presencial";
"1224278";"01";"25999";"";"";"2050512";"GRADUAÇÃO";"Campus Central";"IB4";"2014";"1";"2014-01-27";"2014-06-14";"2T564 6T34";"56";"54";"REGULAR";"f";"2014-06-17 15:23:26.372";"f";"";"87";"CONSOLIDADA";"";"Presencial";
"1224279";"02";"26503";"";"";"46371";"GRADUAÇÃO";"Campus Central";"ID3";"2014";"1";"2014-01-27";"2014-06-14";"3N1234";"49";"50";"REGULAR";"f";"2014-06-20 17:58:06.165";"f";"";"76";"CONSOLIDADA";"";"Presencial";
"1224280";"07";"5756718";"";"";"2052301";"GRADUAÇÃO";"Campus Central";"UBS de Macaiba e São Gonçalo";"2014";"1";"2014-03-14";"2014-04-28";"24M1234  4T1234 (14/03/2014 - 28/04/2014)";"4";"4";"REGULAR";"f";"2014-06-14 13:58:53.561";"f";"";"0";"CONSOLIDADA";"";"Presencial";
"1224281";"01";"2262069";"";"";"46394";"GRADUAÇÃO";"Campus Central";"IH2";"2014";"1";"2014-01-27";"2014-06-14";"4T2345";"39";"50";"REGULAR";"f";"2014-06-16 02:05:04.394";"f";"";"76";"CONSOLIDADA";"";"Presencial";
"1224282";"08";"5755736";"";"";"2052301";"GRADUAÇÃO";"Campus Central";"UBS de Macaiba e São Gonçalo";"2014";"1";"2014-03-14";"2014-04-28";"24M1234  4T1234 (14/03/2014 - 28/04/2014)";"3";"4";"REGULAR";"f";"2014-06-14 12:27:26.618";"f";"";"0";"CONSOLIDADA";"";"Presencial";
"1224283";"01";"25999";"";"";"2050513";"GRADUAÇÃO";"Campus Central";"IB3";"2014";"1";"2014-01-27";"2014-06-14";"3M12 6M123";"37";"50";"REGULAR";"f";"2014-06-15 18:41:52.974";"f";"";"85";"CONSOLIDADA";"";"Presencial";
"1224284";"01";"26221";"";"";"43047";"GRADUAÇÃO";"Campus Caicó";"A8";"2014";"1";"2014-01-27";"2014-06-14";"3N12 5N34";"41";"45";"REGULAR";"f";"2014-06-14 07:46:23.991";"f";"";"71";"CONSOLIDADA";"";"Presencial";
"1224285";"01";"5753639";"";"";"2050514";"GRADUAÇÃO";"Campus Central";"IB3";"2014";"1";"2014-01-27";"2014-06-14";"4M34 6M45";"33";"50";"REGULAR";"f";"2014-06-20 15:28:53.308";"f";"";"66";"CONSOLIDADA";"";"Presencial";
"1224286";"01";"25154";"";"";"43048";"GRADUAÇÃO";"Campus Caicó";"A8";"2014";"1";"2014-01-27";"2014-06-14";"6N1234";"28";"40";"REGULAR";"f";"2014-06-20 23:30:39.294";"f";"";"72";"CONSOLIDADA";"";"Presencial";
"1224287";"01";"34475";"";"";"2050515";"GRADUAÇÃO";"Campus Central";"IB5";"2014";"1";"2014-01-27";"2014-06-14";"4T56 6T54";"37";"50";"REGULAR";"f";"2014-06-11 23:35:06.311";"f";"";"72";"CONSOLIDADA";"";"Presencial";
"1224288";"01";"21450";"";"";"24849";"GRADUAÇÃO";"Campus Central";"VG1";"2014";"1";"2014-01-27";"2014-06-14";"35M34";"36";"50";"REGULAR";"f";"2014-06-11 21:09:27.164";"f";"";"68";"CONSOLIDADA";"";"Presencial";
"1224289";"02";"21450";"";"";"24849";"GRADUAÇÃO";"Campus Central";"VG1";"2014";"1";"2014-01-27";"2014-06-14";"2N34 6N12";"27";"45";"REGULAR";"f";"2014-06-11 20:41:57.325";"f";"";"70";"CONSOLIDADA";"";"Presencial";
"1224290";"01";"5755580";"";"";"43054";"GRADUAÇÃO";"Campus Caicó";"B8";"2014";"1";"2014-01-27";"2014-06-14";"6N1234";"23";"45";"REGULAR";"f";"2014-06-18 19:30:42.49";"f";"";"96";"CONSOLIDADA";"";"Presencial";
"1224291";"01";"5752672";"";"";"2050516";"GRADUAÇÃO";"Campus Central";"IB5";"2014";"1";"2014-01-27";"2014-06-14";"24T34";"40";"50";"REGULAR";"f";"2014-06-18 16:06:11.158";"f";"";"72";"CONSOLIDADA";"";"Presencial";
"1224292";"01";"5756402";"";"";"43055";"GRADUAÇÃO";"Campus Caicó";"B8";"2014";"1";"2014-01-27";"2014-06-14";"2N12 3N34";"27";"45";"REGULAR";"f";"2014-06-14 18:32:16.841";"f";"";"70";"CONSOLIDADA";"";"Presencial";
"1224293";"01";"5755077";"";"";"2050517";"GRADUAÇÃO";"Campus Central";"IB4";"2014";"1";"2014-01-27";"2014-06-14";"6M123";"54";"55";"REGULAR";"f";"2014-06-21 12:47:09.178";"f";"";"56";"CONSOLIDADA";"";"Presencial";
"1224294";"01";"5756402";"";"";"43056";"GRADUAÇÃO";"Campus Caicó";"B8";"2014";"1";"2014-01-27";"2014-06-14";"2N34 3N12";"26";"45";"REGULAR";"f";"2014-06-16 11:37:20.972";"f";"";"74";"CONSOLIDADA";"";"Presencial";
"1224295";"03";"5756033";"";"";"24849";"GRADUAÇÃO";"Campus Central";"IH10";"2014";"1";"2014-01-27";"2014-06-14";"6T2345";"24";"55";"REGULAR";"f";"2014-06-11 13:44:56.97";"f";"";"76";"CONSOLIDADA";"";"Presencial";
"1224296";"03";"5756398";"";"";"46344";"GRADUAÇÃO";"Campus Central";"Setor I Sala D-3";"2014";"1";"2014-01-27";"2014-06-14";"2N12 (27/01/2014 - 14/06/2014)";"23";"50";"REGULAR";"f";"2014-06-13 11:29:41.268";"f";"";"36";"CONSOLIDADA";"";"Presencial";
"1224297";"01";"5756329";"";"";"43062";"GRADUAÇÃO";"Campus Caicó";"B8";"2014";"1";"2014-01-27";"2014-06-14";"5N1234";"38";"45";"REGULAR";"f";"2014-06-12 11:59:36.981";"f";"";"72";"CONSOLIDADA";"";"Presencial";
"1224298";"02";"5755536";"";"";"46207";"GRADUAÇÃO";"Campus Central";"Setor III Sala F-2";"2014";"1";"2014-01-27";"2014-06-14";"35T345 (27/01/2014 - 14/06/2014)";"8";"25";"REGULAR";"f";"2014-06-12 12:10:17.206";"f";"";"108";"CONSOLIDADA";"";"Presencial";
"1224299";"01";"22752";"";"";"2050518";"GRADUAÇÃO";"Campus Central";"IB4";"2014";"1";"2014-01-27";"2014-06-14";"5T3456";"59";"57";"REGULAR";"f";"2014-06-17 17:31:40.633";"f";"";"72";"CONSOLIDADA";"";"Presencial";
"1224300";"17";"5755924";"";"";"46256";"GRADUAÇÃO";"Campus Central";"3B3";"2014";"1";"2014-01-27";"2014-06-14";"35N12";"72";"35";"REGULAR";"f";"2014-06-17 15:20:07.477";"f";"";"74";"CONSOLIDADA";"";"Presencial";
"1224301";"01";"2289228";"";"";"2050519";"GRADUAÇÃO";"Campus Central";"IB4";"2014";"1";"2014-01-27";"2014-06-14";"4T1234";"59";"55";"REGULAR";"f";"2014-06-21 18:06:38.389";"f";"";"72";"CONSOLIDADA";"";"Presencial";
"1224302";"01";"5756400";"";"";"43102";"GRADUAÇÃO";"Campus Caicó";"B8";"2014";"1";"2014-01-27";"2014-06-14";"4N1234";"41";"45";"REGULAR";"f";"2014-06-07 21:39:20.813";"f";"";"72";"CONSOLIDADA";"";"Presencial";
"1224303";"01";"5756275";"";"";"20056";"GRADUAÇÃO";"Campus Central";"ID2";"2014";"1";"2014-01-27";"2014-06-14";"24M34";"28";"55";"REGULAR";"f";"2014-06-18 21:49:49.724";"f";"";"66";"CONSOLIDADA";"";"Presencial";
"1224304";"01";"5755940";"";"";"2050521";"GRADUAÇÃO";"Campus Central";"IB3";"2014";"1";"2014-01-27";"2014-06-14";"2M123 4M56";"40";"50";"REGULAR";"f";"2014-06-14 04:27:11.099";"f";"";"83";"CONSOLIDADA";"";"Presencial";
"1224305";"02";"5756275";"";"";"20056";"GRADUAÇÃO";"Campus Central";"IH11";"2014";"1";"2014-01-27";"2014-06-14";"36N34";"27";"55";"REGULAR";"f";"2014-06-18 21:40:24.609";"f";"";"66";"CONSOLIDADA";"";"Presencial";
"1224306";"09";"5754400";"";"";"2052301";"GRADUAÇÃO";"Campus Central";"UBS de Macaiba e São Gonçalo";"2014";"1";"2014-04-29";"2014-06-13";"24M1234  4T1234 (29/04/2014 - 13/06/2014)";"3";"4";"REGULAR";"f";"2014-06-14 19:02:58.963";"f";"";"0";"CONSOLIDADA";"";"Presencial";
"1224307";"10";"5753622";"";"";"2052301";"GRADUAÇÃO";"Campus Central";"UBS de Macaiba e São Gonçalo";"2014";"1";"2014-04-29";"2014-06-13";"24M1234  4T1234 (29/04/2014 - 13/06/2014)";"4";"4";"REGULAR";"f";"2014-06-14 13:17:01.917";"f";"";"0";"CONSOLIDADA";"";"Presencial";
"1224308";"11";"5756718";"";"";"2052301";"GRADUAÇÃO";"Campus Central";"UBS de Macaiba e São Gonçalo";"2014";"1";"2014-04-29";"2014-06-13";"24M1234  4T1234 (29/04/2014 - 13/06/2014)";"5";"5";"REGULAR";"f";"2014-06-14 14:00:01.491";"f";"";"0";"CONSOLIDADA";"";"Presencial";
"1224309";"01";"26160";"";"";"2050522";"GRADUAÇÃO";"Campus Central";"IB3";"2014";"1";"2014-01-27";"2014-06-14";"2M456 4M12";"39";"50";"REGULAR";"f";"2014-06-14 14:21:42.309";"f";"";"82";"CONSOLIDADA";"";"Presencial";
"1224310";"01";"5755940";"";"";"42914";"GRADUAÇÃO";"Campus Central";"IB3";"2014";"1";"2014-01-27";"2014-06-14";"2T123";"46";"50";"REGULAR";"f";"2014-06-16 19:56:46.313";"f";"";"51";"CONSOLIDADA";"";"Presencial";
"1224311";"12";"5755736";"";"";"2052301";"GRADUAÇÃO";"Campus Central";"UBS de Macaiba e São Gonçalo";"2014";"1";"2014-04-29";"2014-06-13";"24M1234  4T1234 (29/04/2014 - 13/06/2014)";"5";"5";"REGULAR";"f";"2014-06-14 12:29:50.761";"f";"";"0";"CONSOLIDADA";"";"Presencial";
"1224312";"01";"21599";"";"";"2041450";"GRADUAÇÃO";"Campus Central";"IE2";"2014";"1";"2014-01-27";"2014-06-14";"6M34";"72";"55";"REGULAR";"f";"2014-06-09 21:29:56.546";"f";"";"36";"CONSOLIDADA";"";"Presencial";
"1224313";"01";"22878";"";"";"42913";"GRADUAÇÃO";"Campus Central";"IB2";"2014";"1";"2014-01-27";"2014-06-14";"2M123";"47";"50";"REGULAR";"f";"2014-06-18 12:17:38.656";"f";"";"51";"CONSOLIDADA";"";"Presencial";
"1224314";"02";"21599";"";"";"2041450";"GRADUAÇÃO";"Campus Central";"IE2";"2014";"1";"2014-01-27";"2014-06-14";"2N34";"87";"55";"REGULAR";"f";"2014-06-09 21:49:06.635";"f";"";"34";"CONSOLIDADA";"";"Presencial";
"1224315";"10";"18367";"";"";"46194";"GRADUAÇÃO";"Campus Central";"3E3";"2014";"1";"2014-01-27";"2014-06-14";"24M12";"38";"50";"REGULAR";"f";"2014-06-11 07:57:54.036";"f";"";"72";"CONSOLIDADA";"";"Presencial";
"1224316";"01";"5752221";"";"";"42916";"GRADUAÇÃO";"Campus Central";"IB1";"2014";"1";"2014-01-27";"2014-06-14";"6M1234";"10";"10";"REGULAR";"f";"2014-06-14 18:25:30.007";"f";"";"72";"CONSOLIDADA";"";"Presencial";
"1224316";"01";"5756150";"";"";"42916";"GRADUAÇÃO";"Campus Central";"IB1";"2014";"1";"2014-01-27";"2014-06-14";"6M1234";"10";"10";"REGULAR";"f";"2014-06-14 18:25:30.007";"f";"";"72";"CONSOLIDADA";"";"Presencial";
"1224317";"01";"21589";"";"";"20312";"GRADUAÇÃO";"Campus Central";"4 G2";"2014";"1";"2014-01-27";"2014-06-14";"2T12  4N12";"1";"20";"REGULAR";"f";"2014-06-15 20:02:58.348";"f";"";"74";"CONSOLIDADA";"";"Presencial";
"1224318";"02";"5755037";"";"";"42916";"GRADUAÇÃO";"Campus Central";"IB1";"2014";"1";"2014-01-27";"2014-06-14";"6M1234";"11";"10";"REGULAR";"f";"2014-06-17 17:22:12.387";"f";"";"76";"CONSOLIDADA";"";"Presencial";
"1224318";"02";"22752";"";"";"42916";"GRADUAÇÃO";"Campus Central";"IB1";"2014";"1";"2014-01-27";"2014-06-14";"6M1234";"11";"10";"REGULAR";"f";"2014-06-17 17:22:12.387";"f";"";"76";"CONSOLIDADA";"";"Presencial";
"1224319";"03";"22878";"";"";"42916";"GRADUAÇÃO";"Campus Central";"ID3";"2014";"1";"2014-01-27";"2014-06-14";"6M1234";"9";"10";"REGULAR";"f";"2014-06-13 19:05:03.583";"f";"";"72";"CONSOLIDADA";"";"Presencial";
"1224319";"03";"5756007";"";"";"42916";"GRADUAÇÃO";"Campus Central";"ID3";"2014";"1";"2014-01-27";"2014-06-14";"6M1234";"9";"10";"REGULAR";"f";"2014-06-13 19:05:03.583";"f";"";"72";"CONSOLIDADA";"";"Presencial";
"1224320";"04";"5755940";"";"";"42916";"GRADUAÇÃO";"Campus Central";"IB2";"2014";"1";"2014-01-27";"2014-06-14";"6M1234";"15";"13";"REGULAR";"f";"2014-06-14 19:03:55.607";"f";"";"68";"CONSOLIDADA";"";"Presencial";
"1224321";"11";"18367";"";"";"46194";"GRADUAÇÃO";"Campus Central";"T11-3H8";"2014";"1";"2014-01-27";"2014-06-14";"35N12";"34";"50";"REGULAR";"f";"2014-06-11 08:08:12.347";"f";"";"72";"CONSOLIDADA";"";"Presencial";
"1224324";"01";"5756609";"";"";"2042104";"GRADUAÇÃO";"Campus Central";"2F3";"2014";"1";"2014-01-27";"2014-06-14";"6N1234";"22";"60";"REGULAR";"f";"2014-06-12 13:37:53.362";"f";"";"72";"CONSOLIDADA";"";"Presencial";
"1224325";"01";"5756609";"";"";"22832";"GRADUAÇÃO";"Campus Central";"2F3";"2014";"1";"2014-01-27";"2014-06-14";"24N12";"45";"80";"REGULAR";"f";"2014-06-12 13:54:01.79";"f";"";"74";"CONSOLIDADA";"";"Presencial";
"1224327";"01";"5754631";"";"";"27614";"GRADUAÇÃO";"Campus Central";"3G1";"2014";"1";"2014-01-27";"2014-06-14";"24N12";"13";"60";"REGULAR";"f";"2014-06-05 19:06:02.194";"f";"";"66";"CONSOLIDADA";"";"Presencial";
"1224328";"01";"23074";"";"";"27622";"GRADUAÇÃO";"Campus Central";"3A3";"2014";"1";"2014-01-27";"2014-06-14";"24N34";"29";"60";"REGULAR";"f";"2014-06-15 10:13:32.759";"f";"";"70";"CONSOLIDADA";"";"Presencial";
"1224329";"01";"5754631";"";"";"27624";"GRADUAÇÃO";"Campus Central";"3A2";"2014";"1";"2014-01-27";"2014-06-14";"24N34";"17";"60";"REGULAR";"f";"2014-06-05 19:01:37.477";"f";"";"66";"CONSOLIDADA";"";"Presencial";
"1224331";"01";"5753872";"";"";"2054968";"GRADUAÇÃO";"Campus Central";"SETOR IV";"2014";"1";"2014-01-27";"2014-06-14";"24N12";"";"20";"REGULAR";"f";"";"f";"";"";"EXCLUÍDA";"";"Presencial";
"1224332";"01";"63227";"";"";"2055022";"GRADUAÇÃO";"Campus Central";"SETOR IV - SALA B5";"2014";"1";"2014-01-27";"2014-06-14";"5N1234";"1";"15";"REGULAR";"f";"2014-06-21 23:58:45.302";"f";"";"72";"CONSOLIDADA";"";"Presencial";
"1224333";"01";"2296724";"";"";"43440";"GRADUAÇÃO";"Campus Central";"LABTEX - BLOCO 19";"2014";"1";"2014-01-27";"2014-06-14";"4M3456";"4";"15";"REGULAR";"f";"2014-06-20 18:57:43.399";"f";"";"72";"CONSOLIDADA";"";"Presencial";
"1224334";"01";"26206";"";"";"2055010";"GRADUAÇÃO";"Campus Central";"BLOCO 19 - LABTEX";"2014";"1";"2014-01-27";"2014-06-14";"4T56";"";"15";"REGULAR";"f";"";"f";"";"";"EXCLUÍDA";"";"Presencial";
"1224335";"01";"21348";"";"";"2055004";"GRADUAÇÃO";"Campus Central";"BLOCO 18 - LABTEX";"2014";"1";"2014-01-27";"2014-06-14";"35N12";"";"10";"REGULAR";"f";"";"f";"";"";"EXCLUÍDA";"";"Presencial";
"1224336";"01";"5755514";"";"";"2054973";"GRADUAÇÃO";"Campus Central";"BLOCO 19 - LABTEX";"2014";"1";"2014-01-27";"2014-06-14";"24N34";"";"15";"REGULAR";"f";"";"f";"";"";"EXCLUÍDA";"";"Presencial";
"1224338";"01";"23010";"";"";"27666";"GRADUAÇÃO";"Campus Central";"2F2";"2014";"1";"2014-01-27";"2014-06-14";"35N34";"17";"60";"REGULAR";"f";"2014-06-07 08:53:26.87";"f";"";"66";"CONSOLIDADA";"";"Presencial";
"1224339";"01";"23074";"";"";"27669";"GRADUAÇÃO";"Campus Central";"2C5";"2014";"1";"2014-01-27";"2014-06-14";"24N12";"21";"60";"REGULAR";"f";"2014-06-15 09:49:07.519";"f";"";"68";"CONSOLIDADA";"";"Presencial";
"1224340";"01";"5755540";"";"";"27674";"GRADUAÇÃO";"Campus Central";"Terça 2H7; Quinta 2H8";"2014";"1";"2014-01-27";"2014-06-14";"35T56";"22";"60";"REGULAR";"f";"2014-06-13 12:36:53.569";"f";"";"66";"CONSOLIDADA";"";"Presencial";
"1224341";"01";"5756598";"";"";"43065";"GRADUAÇÃO";"Campus Caicó";"A8";"2014";"1";"2014-01-27";"2014-06-14";"2N34 4N12";"28";"45";"REGULAR";"f";"2014-06-13 09:27:08.934";"f";"";"70";"CONSOLIDADA";"";"Presencial";
"1224342";"01";"21791";"";"";"51927";"GRADUAÇÃO";"Campus Caicó";"A7";"2014";"1";"2014-01-27";"2014-06-14";"3M34 5M12";"32";"50";"REGULAR";"f";"2014-06-11 08:19:34.337";"f";"";"70";"CONSOLIDADA";"";"Presencial";
"1224343";"02";"21791";"";"";"51927";"GRADUAÇÃO";"Campus Caicó";"A7";"2014";"1";"2014-01-27";"2014-06-14";"3N12 5N34";"17";"45";"REGULAR";"f";"2014-06-11 08:36:44.578";"f";"";"70";"CONSOLIDADA";"";"Presencial";
"1224344";"03";"5756007";"";"";"42915";"GRADUAÇÃO";"Campus Central";"IB3";"2014";"1";"2014-01-27";"2014-06-14";"6T12345";"7";"10";"REGULAR";"f";"2014-06-14 14:40:18.412";"f";"";"90";"CONSOLIDADA";"";"Presencial";
"1224344";"03";"5755077";"";"";"42915";"GRADUAÇÃO";"Campus Central";"IB3";"2014";"1";"2014-01-27";"2014-06-14";"6T12345";"7";"10";"REGULAR";"f";"2014-06-14 14:40:18.412";"f";"";"90";"CONSOLIDADA";"";"Presencial";
"1224345";"04";"5752672";"";"";"42915";"GRADUAÇÃO";"Campus Central";"IC3";"2014";"1";"2014-01-27";"2014-06-14";"6T12345";"8";"10";"REGULAR";"f";"2014-06-20 11:21:13.34";"f";"";"90";"CONSOLIDADA";"";"Presencial";
"1224345";"04";"22878";"";"";"42915";"GRADUAÇÃO";"Campus Central";"IC3";"2014";"1";"2014-01-27";"2014-06-14";"6T12345";"8";"10";"REGULAR";"f";"2014-06-20 11:21:13.34";"f";"";"90";"CONSOLIDADA";"";"Presencial";
"1224346";"05";"19088";"";"";"42915";"GRADUAÇÃO";"Campus Central";"IB1";"2014";"1";"2014-01-27";"2014-06-14";"6T12345";"6";"10";"REGULAR";"f";"2014-06-11 00:21:15.835";"f";"";"90";"CONSOLIDADA";"";"Presencial";
"1224346";"05";"5756150";"";"";"42915";"GRADUAÇÃO";"Campus Central";"IB1";"2014";"1";"2014-01-27";"2014-06-14";"6T12345";"6";"10";"REGULAR";"f";"2014-06-11 00:21:15.835";"f";"";"90";"CONSOLIDADA";"";"Presencial";
"1224347";"01";"5753656";"";"";"47037";"GRADUAÇÃO";"Campus Central";"4C4";"2014";"1";"2014-01-27";"2014-06-14";"24M34";"6";"20";"REGULAR";"f";"2014-06-20 16:46:10.77";"f";"";"74";"CONSOLIDADA";"";"Presencial";
"1224347";"01";"25443";"";"";"47037";"GRADUAÇÃO";"Campus Central";"4C4";"2014";"1";"2014-01-27";"2014-06-14";"24M34";"6";"20";"REGULAR";"f";"2014-06-20 16:46:10.77";"f";"";"74";"CONSOLIDADA";"";"Presencial";
"1224348";"06";"5753639";"";"";"42915";"GRADUAÇÃO";"Campus Central";"IB1";"2014";"1";"2014-01-27";"2014-06-14";"6T12345";"9";"10";"REGULAR";"f";"2014-06-20 10:01:27.232";"f";"";"85";"CONSOLIDADA";"";"Presencial";
"1224348";"06";"5752669";"";"";"42915";"GRADUAÇÃO";"Campus Central";"IB1";"2014";"1";"2014-01-27";"2014-06-14";"6T12345";"9";"10";"REGULAR";"f";"2014-06-20 10:01:27.232";"f";"";"85";"CONSOLIDADA";"";"Presencial";
"1224351";"01";"5755530";"";"";"47047";"GRADUAÇÃO";"Campus Central";"4A1";"2014";"1";"2014-01-27";"2014-06-14";"35M12";"16";"20";"REGULAR";"f";"2014-06-13 07:22:36.224";"f";"";"66";"CONSOLIDADA";"";"Presencial";
"1224354";"01";"17413";"";"";"47064";"GRADUAÇÃO";"Campus Central";"4G5";"2014";"1";"2014-01-27";"2014-06-14";"24T56";"9";"20";"REGULAR";"f";"2014-06-11 10:02:52.666";"f";"";"78";"CONSOLIDADA";"";"Presencial";
"1224355";"01";"58407";"";"";"46845";"GRADUAÇÃO";"Campus Caicó";"caicó";"2014";"1";"2014-01-27";"2014-06-14";"4M123 (27/01/2014 - 14/06/2014)";"18";"40";"REGULAR";"f";"2014-06-19 10:22:10.84";"f";"";"48";"CONSOLIDADA";"";"Presencial";
"1224356";"01";"5755582";"";"";"46846";"GRADUAÇÃO";"Campus Caicó";"caicó";"2014";"1";"2014-01-27";"2014-06-14";"3M123 (27/01/2014 - 14/06/2014)";"13";"20";"REGULAR";"f";"2014-06-16 01:42:59.601";"f";"";"27";"CONSOLIDADA";"";"Presencial";
"1224357";"01";"58407";"";"";"46847";"GRADUAÇÃO";"Campus Caicó";"caicó";"2014";"1";"2014-01-27";"2014-06-14";"2M345 (27/01/2014 - 14/06/2014)";"14";"40";"REGULAR";"f";"2014-06-19 10:26:55.331";"f";"";"45";"CONSOLIDADA";"";"Presencial";
"1224359";"05";"5755532";"";"";"26078";"GRADUAÇÃO";"Campus Central";"4 F2";"2014";"1";"2014-01-27";"2014-06-14";"35T56";"48";"41";"REGULAR";"f";"2014-06-03 09:40:19.559";"f";"";"66";"CONSOLIDADA";"";"Presencial";
"1224360";"01";"5752496";"";"";"54121";"GRADUAÇÃO";"Campus Central";"LABCON";"2014";"1";"2014-01-27";"2014-05-26";"2M456 (27/01/2014 - 24/02/2014), 2M456 (10/03/2014 - 14/04/2014), 6M456 (18/04/2014 - 19/04/2014), 26M456 (28/04/2014 - 02/05/2014), 2M456 (05/05/2014 - 26/05/2014)";"20";"20";"REGULAR";"f";"2014-06-14 20:52:01.004";"f";"";"54";"CONSOLIDADA";"";"Presencial";
"1224361";"02";"5753647";"";"";"54122";"GRADUAÇÃO";"Campus Central";"LABINFO";"2014";"1";"2014-01-29";"2014-06-04";"4M123 (29/01/2014 - 26/02/2014), 4M123 (12/03/2014 - 04/06/2014)";"20";"20";"REGULAR";"f";"2014-06-20 17:07:20.325";"f";"";"54";"CONSOLIDADA";"";"Presencial";
"1224362";"01";"17572";"";"";"20308";"GRADUAÇÃO";"Campus Central";"LABINFO";"2014";"1";"2014-01-27";"2014-06-14";"4T123 6T456";"18";"20";"REGULAR";"f";"2014-06-20 08:36:41.763";"f";"";"99";"CONSOLIDADA";"";"Presencial";
"1224363";"02";"5754362";"";"";"54123";"GRADUAÇÃO";"Campus Central";"LABCON";"2014";"1";"2014-01-29";"2014-06-04";"4M456 (29/01/2014 - 26/02/2014), 4M456 (12/03/2014 - 04/06/2014)";"20";"20";"REGULAR";"f";"2014-06-13 07:39:13.598";"f";"";"54";"CONSOLIDADA";"";"Presencial";
"1224364";"01";"5752286";"";"";"26605";"GRADUAÇÃO";"Campus Central";"SALA 09(DCA)";"2014";"1";"2014-01-27";"2014-06-14";"6T1234";"18";"20";"REGULAR";"f";"2014-06-09 21:37:57.134";"f";"";"68";"CONSOLIDADA";"";"Presencial";
"1224364";"01";"5753848";"";"";"26605";"GRADUAÇÃO";"Campus Central";"SALA 09(DCA)";"2014";"1";"2014-01-27";"2014-06-14";"6T1234";"18";"20";"REGULAR";"f";"2014-06-09 21:37:57.134";"f";"";"68";"CONSOLIDADA";"";"Presencial";
"1224365";"01";"25520";"";"";"54124";"GRADUAÇÃO";"Campus Central";"LABCON";"2014";"1";"2014-01-27";"2014-05-26";"2M23 (27/01/2014 - 24/02/2014), 2M23 (10/03/2014 - 14/04/2014), 6M23 (18/04/2014 - 19/04/2014), 26M23 (28/04/2014 - 02/05/2014), 2M23 (05/05/2014 - 26/05/2014)";"20";"20";"REGULAR";"f";"2014-06-20 17:32:32.277";"f";"";"36";"CONSOLIDADA";"";"Presencial";
"1224366";"01";"5753647";"";"";"55160";"GRADUAÇÃO";"Campus Central";"4 H2";"2014";"1";"2014-01-27";"2014-05-30";"2N123 (27/01/2014 - 24/02/2014),  2N123 (17/03/2014 - 31/03/2014),  6T56  2N123 6N1 (04/04/2014 - 14/04/2014),  2N123 (05/05/2014 - 19/05/2014),  6T56  2N123 6N1 (23/05/2014 - 30/05/2014)";"19";"20";"REGULAR";"f";"2014-06-20 17:10:03.991";"f";"";"54";"CONSOLIDADA";"";"Presencial";
"1224369";"01";"21977";"";"";"2038752";"GRADUAÇÃO";"Campus Central";"Sala I2 - Setor IV";"2014";"1";"2014-01-27";"2014-06-14";"4M56";"4";"51";"REGULAR";"f";"2014-06-10 05:11:27.826";"f";"";"36";"CONSOLIDADA";"";"Presencial";
"1224370";"01";"5752710";"";"";"2038755";"GRADUAÇÃO";"Campus Macaíba";"Sala 05: 4M45 e Lab. de Inf: 6M45";"2014";"1";"2014-01-27";"2014-06-14";"46M45";"16";"40";"REGULAR";"f";"2014-06-09 22:22:48.929";"f";"";"70";"CONSOLIDADA";"";"Presencial";
"1224371";"01";"5753897";"";"";"2038761";"GRADUAÇÃO";"Campus Macaíba";"Sala 02 - Graduação - EAJ";"2014";"1";"2014-01-27";"2014-06-14";"46M23";"17";"40";"REGULAR";"f";"2014-06-13 20:21:42.587";"f";"";"68";"CONSOLIDADA";"";"Presencial";
"1224372";"01";"5756372";"";"";"2038762";"GRADUAÇÃO";"Campus Macaíba";"Sala 02 - Graduação - EAJ";"2014";"1";"2014-01-27";"2014-06-14";"24M45";"17";"35";"REGULAR";"f";"2014-06-13 15:05:14.925";"f";"";"66";"CONSOLIDADA";"";"Presencial";
"1224373";"01";"5752726";"";"";"2038763";"GRADUAÇÃO";"Campus Macaíba";"Setor de Graduação - EAJ";"2014";"1";"2014-01-27";"2014-06-14";"2M34 5M56";"";"40";"REGULAR";"f";"";"f";"";"";"EXCLUÍDA";"";"Presencial";
"1224374";"01";"5752238";"";"";"2038765";"GRADUAÇÃO";"Campus Macaíba";"Sala 02 - Graduação - EAJ";"2014";"1";"2014-01-27";"2014-06-14";"3M23 6M45";"18";"35";"REGULAR";"f";"2014-06-14 18:21:02.933";"f";"";"76";"CONSOLIDADA";"";"Presencial";
"1224375";"01";"62233";"";"";"2038766";"GRADUAÇÃO";"Campus Macaíba";"Sala 02 - Graduação - EAJ";"2014";"1";"2014-01-27";"2014-06-14";"3M456";"18";"35";"REGULAR";"f";"2014-06-10 13:27:55.062";"f";"";"57";"CONSOLIDADA";"";"Presencial";
"1224376";"01";"25436";"";"";"2038767";"GRADUAÇÃO";"Campus Macaíba";"Sala 02 - Graduação - EAJ";"2014";"1";"2014-01-27";"2014-06-14";"5M234";"18";"35";"REGULAR";"f";"2014-06-13 20:06:18.165";"f";"";"51";"CONSOLIDADA";"";"Presencial";
"1224377";"01";"5753052";"";"";"2038769";"GRADUAÇÃO";"Campus Macaíba";"Sala 03 - Graduação - EAJ";"2014";"1";"2014-01-27";"2014-06-14";"25M45";"18";"35";"REGULAR";"f";"2014-06-14 14:24:48.385";"f";"";"70";"CONSOLIDADA";"";"Presencial";
"1224378";"01";"5752807";"";"";"2038772";"GRADUAÇÃO";"Campus Macaíba";"Sala 03 - Graduação - EAJ";"2014";"1";"2014-01-27";"2014-06-14";"46M23";"20";"40";"REGULAR";"f";"2014-06-20 08:53:03.858";"f";"";"76";"CONSOLIDADA";"";"Presencial";
"1224379";"01";"5752710";"";"";"2038775";"GRADUAÇÃO";"Campus Macaíba";"Sala 05 - Graduação - EAJ";"2014";"1";"2014-01-27";"2014-06-14";"24M23";"17";"38";"REGULAR";"f";"2014-06-04 13:13:32.137";"f";"";"70";"CONSOLIDADA";"";"Presencial";
"1224380";"01";"5753052";"";"";"2038777";"GRADUAÇÃO";"Campus Macaíba";"Sala 03: 2M23 e Lab. de Inf: 5M23";"2014";"1";"2014-01-27";"2014-06-14";"25M23";"16";"38";"REGULAR";"f";"2014-06-14 14:20:26.207";"f";"";"66";"CONSOLIDADA";"";"Presencial";
"1224381";"01";"23067";"";"";"2038779";"GRADUAÇÃO";"Campus Macaíba";"Sala 04 - Graduação - EAJ";"2014";"1";"2014-01-27";"2014-06-14";"35M23";"18";"35";"REGULAR";"f";"2014-06-19 09:19:51.408";"f";"";"70";"CONSOLIDADA";"";"Presencial";
"1224382";"01";"5753897";"";"";"2038781";"GRADUAÇÃO";"Campus Macaíba";"Sala 04 - Graduação - EAJ";"2014";"1";"2014-01-27";"2014-06-14";"24M45";"11";"38";"REGULAR";"f";"2014-06-13 20:08:13.889";"f";"";"66";"CONSOLIDADA";"";"Presencial";
"1224383";"01";"5752726";"";"";"2038782";"GRADUAÇÃO";"Campus Macaíba";"Sala 03 - Graduação - EAJ";"2014";"1";"2014-01-27";"2014-06-14";"3M2345";"16";"40";"REGULAR";"f";"2014-06-10 16:43:44.958";"f";"";"76";"CONSOLIDADA";"";"Presencial";
"1224384";"01";"21977";"";"";"2038783";"GRADUAÇÃO";"Campus Macaíba";"Sala 04 - Graduação - EAJ";"2014";"1";"2014-01-27";"2014-06-14";"35M45";"18";"38";"REGULAR";"f";"2014-06-16 10:17:17.893";"f";"";"68";"CONSOLIDADA";"";"Presencial";
"1224384";"01";"5756372";"";"";"2038783";"GRADUAÇÃO";"Campus Macaíba";"Sala 04 - Graduação - EAJ";"2014";"1";"2014-01-27";"2014-06-14";"35M45";"18";"38";"REGULAR";"f";"2014-06-16 10:17:17.893";"f";"";"68";"CONSOLIDADA";"";"Presencial";
"1224385";"01";"5756372";"";"";"2038784";"GRADUAÇÃO";"Campus Macaíba";"Sala 04 - Graduação - EAJ";"2014";"1";"2014-01-27";"2014-06-14";"6M234";"17";"38";"REGULAR";"f";"2014-06-09 08:57:45.385";"f";"";"51";"CONSOLIDADA";"";"Presencial";
"1224386";"01";"21977";"";"";"2038788";"GRADUAÇÃO";"Campus Macaíba";"Sala 02 - Graduação - EAJ";"2014";"1";"2014-01-27";"2014-06-14";"3T123";"34";"43";"REGULAR";"f";"2014-06-18 06:53:29.981";"f";"";"57";"CONSOLIDADA";"";"Presencial";
"1224387";"01";"5754349";"";"";"2038796";"GRADUAÇÃO";"Campus Macaíba";"Sala 03 - Graduação - EAJ";"2014";"1";"2014-01-27";"2014-06-14";"5T123";"10";"30";"REGULAR";"f";"2014-06-14 18:04:09.034";"f";"";"51";"CONSOLIDADA";"";"Presencial";
"1224388";"01";"5752803";"";"";"55235";"GRADUAÇÃO";"Campus Macaíba";"Setor de Graduação - EAJ";"2014";"1";"2014-01-27";"2014-06-14";"5T1234";"8";"40";"REGULAR";"f";"2014-06-19 19:12:21.427";"f";"";"72";"CONSOLIDADA";"";"Presencial";
"1224389";"01";"5756417";"";"";"2050107";"GRADUAÇÃO";"Campus Caicó";"B-04";"2014";"1";"2014-01-27";"2014-06-14";"24T34";"24";"50";"REGULAR";"f";"2014-06-10 01:22:03.541";"f";"";"72";"CONSOLIDADA";"";"Presencial";
"1224390";"01";"5753089";"";"";"51350";"GRADUAÇÃO";"Campus Caicó";"SEDIS";"2014";"1";"2014-01-27";"2014-06-14";"3N34 4N12";"3";"60";"REGULAR";"f";"2014-06-19 08:09:31.798";"f";"";"76";"CONSOLIDADA";"";"Presencial";
"1224391";"01";"5756040";"";"";"51351";"GRADUAÇÃO";"Campus Caicó";"SEDIS";"2014";"1";"2014-01-27";"2014-06-14";"56N34";"5";"60";"REGULAR";"f";"2014-06-14 21:37:51.389";"f";"";"68";"CONSOLIDADA";"";"Presencial";
"1224392";"01";"17983";"";"";"51352";"GRADUAÇÃO";"Campus Caicó";"SEDIS";"2014";"1";"2014-01-27";"2014-06-14";"2N34 6N12";"10";"60";"REGULAR";"f";"2014-06-09 19:51:32.639";"f";"";"66";"CONSOLIDADA";"";"Presencial";
"1224393";"01";"5755774";"";"";"51353";"GRADUAÇÃO";"Campus Caicó";"SEDIS";"2014";"1";"2014-01-27";"2014-06-14";"35N12";"7";"60";"REGULAR";"f";"2014-06-13 23:10:28.572";"f";"";"70";"CONSOLIDADA";"";"Presencial";
"1224394";"01";"21947";"";"";"51354";"GRADUAÇÃO";"Campus Caicó";"SEDIS";"2014";"1";"2014-01-27";"2014-06-14";"2N12 4N34";"9";"60";"REGULAR";"f";"2014-06-16 15:19:20.021";"f";"";"68";"CONSOLIDADA";"";"Presencial";
"1224395";"01";"5753975";"";"";"2047963";"GRADUAÇÃO";"Campus Caicó";"Labesa (B-07)";"2014";"1";"2014-01-27";"2014-06-14";"6N1234";"65";"64";"REGULAR";"f";"2014-06-14 11:11:19.777";"f";"";"68";"CONSOLIDADA";"";"Presencial";
"1224396";"01";"26208";"";"";"2047953";"GRADUAÇÃO";"Campus Caicó";"Labesa (B-07)";"2014";"1";"2014-01-27";"2014-06-14";"3T56  2N12";"15";"55";"REGULAR";"f";"2014-06-21 03:24:27.711";"f";"";"74";"CONSOLIDADA";"";"Presencial";
"1224397";"01";"5756417";"";"";"2047957";"GRADUAÇÃO";"Campus Caicó";"Labesa (B-07)";"2014";"1";"2014-01-27";"2014-06-14";"2N34 4N12";"40";"55";"REGULAR";"f";"2014-06-14 02:09:21.135";"f";"";"74";"CONSOLIDADA";"";"Presencial";
"1224398";"01";"5755774";"";"";"2047960";"GRADUAÇÃO";"Campus Caicó";"Sala A-2";"2014";"1";"2014-01-27";"2014-06-14";"5T123456";"49";"55";"REGULAR";"f";"2014-06-13 10:49:22.453";"f";"";"108";"CONSOLIDADA";"";"Presencial";
"1224399";"01";"25366";"";"";"2047941";"GRADUAÇÃO";"Campus Caicó";"Labesa (B-07)";"2014";"1";"2014-01-27";"2014-06-14";"3N34 5N12";"39";"55";"REGULAR";"f";"2014-06-11 06:51:45.131";"f";"";"70";"CONSOLIDADA";"";"Presencial";
"1224400";"01";"5756306";"";"";"2047940";"GRADUAÇÃO";"Campus Caicó";"Labesa (B-07)";"2014";"1";"2014-01-27";"2014-06-14";"3N12 4N34";"40";"55";"REGULAR";"f";"2014-06-13 09:59:58.432";"f";"";"76";"CONSOLIDADA";"";"Presencial";
"1224402";"01";"5752615";"";"";"2047926";"GRADUAÇÃO";"Campus Caicó";"A-02";"2014";"1";"2014-01-27";"2014-06-14";"3N12 4N34";"52";"55";"REGULAR";"f";"2014-06-18 09:00:54.092";"f";"";"72";"CONSOLIDADA";"";"Presencial";
"1224403";"01";"5756306";"";"";"2047925";"GRADUAÇÃO";"Campus Caicó";"A-02";"2014";"1";"2014-01-27";"2014-06-14";"3N34 4N12";"53";"55";"REGULAR";"f";"2014-06-18 10:12:34.678";"f";"";"76";"CONSOLIDADA";"";"Presencial";
"1224404";"01";"5756583";"";"";"2047924";"GRADUAÇÃO";"Campus Caicó";"A-02";"2014";"1";"2014-01-27";"2014-06-14";"6T56  5N12";"53";"55";"REGULAR";"f";"2014-06-15 15:05:28.627";"f";"";"74";"CONSOLIDADA";"";"Presencial";
"1224406";"01";"26208";"";"";"2047917";"GRADUAÇÃO";"Campus Caicó";"A-01";"2014";"1";"2014-01-27";"2014-06-14";"2N34 3N12";"58";"60";"REGULAR";"f";"2014-06-21 03:13:30.62";"f";"";"90";"CONSOLIDADA";"";"Presencial";
"1224407";"01";"5752615";"";"";"2047916";"GRADUAÇÃO";"Campus Caicó";"A-01";"2014";"1";"2014-01-27";"2014-06-14";"3N34 4N12";"61";"62";"REGULAR";"f";"2014-06-11 08:21:48.697";"f";"";"72";"CONSOLIDADA";"";"Presencial";
"1224408";"01";"5753975";"";"";"2047915";"GRADUAÇÃO";"Campus Caicó";"A-01";"2014";"1";"2014-01-27";"2014-06-14";"6T3456";"56";"60";"REGULAR";"f";"2014-06-13 23:19:52.487";"f";"";"72";"CONSOLIDADA";"";"Presencial";
"1224409";"01";"5756583";"";"";"2047914";"GRADUAÇÃO";"Campus Caicó";"A-01";"2014";"1";"2014-01-27";"2014-06-14";"5T56  6N12";"58";"60";"REGULAR";"f";"2014-06-21 19:21:42.589";"f";"";"88";"CONSOLIDADA";"";"Presencial";
"1224411";"01";"5755774";"";"";"2047913";"GRADUAÇÃO";"Campus Caicó";"A-01";"2014";"1";"2014-01-27";"2014-06-14";"2N12 4N34";"59";"61";"REGULAR";"f";"2014-06-13 10:37:29.242";"f";"";"72";"CONSOLIDADA";"";"Presencial";
"1224412";"01";"25366";"";"";"51988";"GRADUAÇÃO";"Campus Caicó";"Sala de Vídeo";"2014";"1";"2014-01-27";"2014-06-14";"4T56";"24";"55";"REGULAR";"f";"2014-06-11 06:48:25.319";"f";"";"34";"CONSOLIDADA";"";"Presencial";
"1224413";"01";"5752249";"";"";"26204";"GRADUAÇÃO";"Campus Central";"CATOLÉ (1º andar; 5º sala)";"2014";"1";"2014-01-27";"2014-06-14";"6M3456";"29";"42";"REGULAR";"f";"2014-06-15 06:54:00.451";"f";"";"72";"CONSOLIDADA";"";"Presencial";
"1224414";"01";"5756120";"";"";"52097";"GRADUAÇÃO";"Campus Macaíba";"EAJ";"2014";"1";"2014-01-27";"2014-06-14";"2T45 5T34";"6";"40";"REGULAR";"f";"2014-06-13 12:06:16.914";"f";"";"70";"CONSOLIDADA";"";"Presencial";
"1224415";"01";"5756186";"";"";"52098";"GRADUAÇÃO";"Campus Macaíba";"EAJ";"2014";"1";"2014-01-27";"2014-06-14";"2T123";"10";"40";"REGULAR";"f";"2014-06-17 21:57:03.982";"f";"";"54";"CONSOLIDADA";"";"Presencial";
"1224416";"01";"5756186";"";"";"52099";"GRADUAÇÃO";"Campus Macaíba";"EAJ";"2014";"1";"2014-01-27";"2014-06-14";"3T56  3N1";"15";"40";"REGULAR";"f";"2014-06-13 11:45:33.601";"f";"";"57";"CONSOLIDADA";"";"Presencial";
"1224417";"01";"5752871";"";"";"52100";"GRADUAÇÃO";"Campus Macaíba";"EAJ";"2014";"1";"2014-01-27";"2014-06-14";"4T456";"9";"40";"REGULAR";"f";"2014-06-14 18:13:00.364";"f";"";"57";"CONSOLIDADA";"";"Presencial";
"1224418";"01";"25090";"";"";"52101";"GRADUAÇÃO";"Campus Macaíba";"EAJ";"2014";"1";"2014-01-27";"2014-06-14";"3T1234";"16";"40";"REGULAR";"f";"2014-06-19 17:17:05.766";"f";"";"76";"CONSOLIDADA";"";"Presencial";
"1224419";"01";"24214";"";"";"52102";"GRADUAÇÃO";"Campus Macaíba";"EAJ";"2014";"1";"2014-01-27";"2014-06-14";"5T12 6T1234";"17";"40";"REGULAR";"f";"2014-07-03 10:18:09.411";"f";"";"86";"CONSOLIDADA";"";"Presencial";
"1224420";"01";"24223";"";"";"52103";"GRADUAÇÃO";"Campus Macaíba";"EAJ";"2014";"1";"2014-01-27";"2014-06-14";"4T123";"16";"40";"REGULAR";"f";"2014-07-03 10:20:58.814";"f";"";"0";"CONSOLIDADA";"";"Presencial";
"1224421";"03";"5752709";"";"";"2054964";"GRADUAÇÃO";"Campus Central";"SETOR IV";"2014";"1";"2014-01-27";"2014-06-14";"35T34";"14";"20";"REGULAR";"f";"2014-06-20 22:05:34.292";"f";"";"66";"CONSOLIDADA";"";"Presencial";
"1224421";"03";"5754639";"";"";"2054964";"GRADUAÇÃO";"Campus Central";"SETOR IV";"2014";"1";"2014-01-27";"2014-06-14";"35T34";"14";"20";"REGULAR";"f";"2014-06-20 22:05:34.292";"f";"";"66";"CONSOLIDADA";"";"Presencial";
"1224422";"02";"5752709";"";"";"2054967";"GRADUAÇÃO";"Campus Central";"SETOR";"2014";"1";"2014-01-27";"2014-06-14";"24T34";"3";"10";"REGULAR";"f";"2014-06-13 23:22:09.534";"f";"";"68";"CONSOLIDADA";"";"Presencial";
"1224423";"01";"5756040";"";"";"51415";"GRADUAÇÃO";"Campus Caicó";"Sala de Vídeo";"2014";"1";"2014-01-27";"2014-06-14";"56N12";"34";"60";"REGULAR";"f";"2014-06-14 21:54:39.11";"f";"";"66";"CONSOLIDADA";"";"Presencial";
"1224425";"02";"5755498";"";"";"43436";"GRADUAÇÃO";"Campus Central";"Setor IV";"2014";"1";"2014-01-27";"2014-06-14";"35N12";"6";"20";"REGULAR";"f";"2014-06-19 02:53:35.898";"f";"";"66";"CONSOLIDADA";"";"Presencial";
"1224427";"01";"26208";"";"";"51420";"GRADUAÇÃO";"Campus Caicó";"Sala de Vídeo";"2014";"1";"2014-01-27";"2014-06-14";"2T56  3N34";"31";"55";"REGULAR";"f";"2014-06-21 03:28:15.568";"f";"";"78";"CONSOLIDADA";"";"Presencial";
"1224428";"01";"5756040";"";"";"51971";"GRADUAÇÃO";"Campus Caicó";"SEDIS";"2014";"1";"2014-01-27";"2014-06-14";"56T56";"13";"60";"REGULAR";"f";"2014-06-14 21:45:20.522";"f";"";"68";"CONSOLIDADA";"";"Presencial";
"1224429";"01";"64721";"";"";"51980";"GRADUAÇÃO";"Campus Caicó";"A-02";"2014";"1";"2014-01-27";"2014-06-14";"3T56";"50";"55";"REGULAR";"f";"2014-06-16 10:11:42.638";"f";"";"36";"CONSOLIDADA";"";"Presencial";
"1224430";"01";"64721";"";"";"51422";"GRADUAÇÃO";"Campus Caicó";"Sala de Vídeo";"2014";"1";"2014-01-27";"2014-06-14";"2N34 4N12";"32";"55";"REGULAR";"f";"2014-06-18 21:11:03.654";"f";"";"78";"CONSOLIDADA";"";"Presencial";
"1224431";"01";"21707";"";"";"24700";"GRADUAÇÃO";"Campus Central";"Sala 23";"2014";"1";"2014-01-27";"2014-06-14";"35N34";"";"50";"REGULAR";"f";"";"f";"";"";"EXCLUÍDA";"";"Presencial";
"1224432";"01";"5751926";"";"";"2049000";"GRADUAÇÃO";"Campus Central";"Sala 23";"2014";"1";"2014-01-27";"2014-06-14";"3N12";"";"50";"REGULAR";"f";"";"f";"";"";"EXCLUÍDA";"";"Presencial";
"1224433";"01";"5755544";"";"";"46855";"GRADUAÇÃO";"Campus Central";"Sala 23";"2014";"1";"2014-01-27";"2014-06-14";"5N12 (27/01/2014 - 14/06/2014)";"";"50";"REGULAR";"f";"";"f";"";"";"EXCLUÍDA";"";"Presencial";
"1224434";"01";"22193";"";"";"27988";"GRADUAÇÃO";"Campus Central";"Sala 23";"2014";"1";"2014-01-27";"2014-06-14";"6N12";"";"50";"REGULAR";"f";"";"f";"";"";"EXCLUÍDA";"";"Presencial";
"1224435";"01";"5755544";"";"";"24704";"GRADUAÇÃO";"Campus Central";"Sala 19";"2014";"1";"2014-01-27";"2014-06-14";"6N34";"";"7";"REGULAR";"f";"";"f";"";"";"EXCLUÍDA";"";"Presencial";
"1224436";"01";"21705";"";"";"2049001";"GRADUAÇÃO";"Campus Central";"Sala 20";"2014";"1";"2014-01-27";"2014-06-14";"6N34";"";"15";"REGULAR";"f";"";"f";"";"";"EXCLUÍDA";"";"Presencial";
"1224437";"01";"5752752";"";"";"43201";"GRADUAÇÃO";"Campus Caicó";"A8";"2014";"1";"2014-01-27";"2014-06-14";"23T34";"40";"45";"REGULAR";"f";"2014-06-11 18:45:52.959";"f";"";"74";"CONSOLIDADA";"";"Presencial";
"1224438";"01";"5755544";"";"";"28000";"GRADUAÇÃO";"Campus Central";"Sala 20";"2014";"1";"2014-01-27";"2014-06-14";"3N34";"";"20";"REGULAR";"f";"";"f";"";"";"EXCLUÍDA";"";"Presencial";
"1224439";"01";"5752752";"";"";"43125";"GRADUAÇÃO";"Campus Caicó";"A9";"2014";"1";"2014-01-27";"2014-06-14";"2M34 3M12";"36";"45";"REGULAR";"f";"2014-06-11 15:23:04.409";"f";"";"74";"CONSOLIDADA";"";"Presencial";
"1224440";"01";"21707";"";"";"23979";"GRADUAÇÃO";"Campus Central";"Sala 24";"2014";"1";"2014-01-27";"2014-06-14";"35N12";"";"50";"REGULAR";"f";"";"f";"";"";"EXCLUÍDA";"";"Presencial";
"1224441";"01";"5753751";"";"";"46856";"GRADUAÇÃO";"Campus Central";"Sala 24";"2014";"1";"2014-01-27";"2014-06-14";"5N34 (27/01/2014 - 14/06/2014)";"";"50";"REGULAR";"f";"";"f";"";"";"EXCLUÍDA";"";"Presencial";
"1224442";"01";"22193";"";"";"23988";"GRADUAÇÃO";"Campus Central";"Sala 21";"2014";"1";"2014-01-27";"2014-06-14";"24N12";"";"20";"REGULAR";"f";"";"f";"";"";"EXCLUÍDA";"";"Presencial";
"1224443";"01";"23905";"";"";"2041451";"GRADUAÇÃO";"Campus Central";"IE1";"2014";"1";"2014-01-27";"2014-06-14";"35M56";"9";"61";"REGULAR";"f";"2014-06-16 00:12:18.074";"f";"";"68";"CONSOLIDADA";"";"Presencial";
"1224444";"01";"5755544";"";"";"23973";"GRADUAÇÃO";"Campus Central";"Sala 19";"2014";"1";"2014-01-27";"2014-06-14";"6N12";"";"7";"REGULAR";"f";"";"f";"";"";"EXCLUÍDA";"";"Presencial";
"1224445";"01";"21705";"";"";"2049003";"GRADUAÇÃO";"Campus Central";"Sala 20";"2014";"1";"2014-01-27";"2014-06-14";"6N12";"";"15";"REGULAR";"f";"";"f";"";"";"EXCLUÍDA";"";"Presencial";
"1224446";"02";"23905";"";"";"2041451";"GRADUAÇÃO";"Campus Central";"IE1";"2014";"1";"2014-01-27";"2014-06-14";"35N12";"26";"61";"REGULAR";"f";"2014-06-16 00:22:10.228";"f";"";"70";"CONSOLIDADA";"";"Presencial";
"1224447";"01";"22193";"";"";"24694";"GRADUAÇÃO";"Campus Central";"Sala 21";"2014";"1";"2014-01-27";"2014-06-14";"6N34";"";"20";"REGULAR";"f";"";"f";"";"";"EXCLUÍDA";"";"Presencial";
"1224448";"01";"20894";"";"";"2041453";"GRADUAÇÃO";"Campus Central";"ID5";"2014";"1";"2014-01-27";"2014-06-14";"24M34";"61";"56";"REGULAR";"f";"2014-06-20 09:14:30.557";"f";"";"66";"CONSOLIDADA";"";"Presencial";
"1224449";"01";"5756033";"";"";"26003";"GRADUAÇÃO";"Campus Central";"IB2";"2014";"1";"2014-01-27";"2014-06-14";"35T56";"35";"50";"REGULAR";"f";"2014-06-11 13:11:55.277";"f";"";"72";"CONSOLIDADA";"";"Presencial";
"1224450";"02";"5752011";"";"";"2041453";"GRADUAÇÃO";"Campus Central";"IE4";"2014";"1";"2014-01-27";"2014-06-14";"35N12";"75";"57";"REGULAR";"f";"2014-06-03 20:43:09.454";"f";"";"68";"CONSOLIDADA";"";"Presencial";
"1224451";"01";"5755521";"";"";"26002";"GRADUAÇÃO";"Campus Central";"IB2";"2014";"1";"2014-01-27";"2014-06-14";"35T12";"37";"50";"REGULAR";"f";"2014-06-26 12:00:31.167";"f";"";"68";"CONSOLIDADA";"";"Presencial";
"1224451";"01";"23149";"";"";"26002";"GRADUAÇÃO";"Campus Central";"IB2";"2014";"1";"2014-01-27";"2014-06-14";"35T12";"37";"50";"REGULAR";"f";"2014-06-26 12:00:31.167";"f";"";"68";"CONSOLIDADA";"";"Presencial";
"1224452";"01";"5753650";"";"";"2041500";"GRADUAÇÃO";"Campus Central";"IE4";"2014";"1";"2014-01-27";"2014-06-14";"35M56";"62";"56";"REGULAR";"f";"2014-06-19 23:12:09.485";"f";"";"66";"CONSOLIDADA";"";"Presencial";
"1224452";"01";"22741";"";"";"2041500";"GRADUAÇÃO";"Campus Central";"IE4";"2014";"1";"2014-01-27";"2014-06-14";"35M56";"62";"56";"REGULAR";"f";"2014-06-19 23:12:09.485";"f";"";"66";"CONSOLIDADA";"";"Presencial";
"1224453";"01";"5756268";"";"";"20120";"GRADUAÇÃO";"Campus Central";"IB5";"2014";"1";"2014-01-27";"2014-06-14";"4N34 6N12";"39";"55";"REGULAR";"f";"2014-06-06 10:49:43.465";"f";"";"68";"CONSOLIDADA";"";"Presencial";
"1224454";"02";"22741";"";"";"2041500";"GRADUAÇÃO";"Campus Central";"IE4";"2014";"1";"2014-01-27";"2014-06-14";"35N34";"52";"55";"REGULAR";"f";"2014-06-20 00:17:06.081";"f";"";"74";"CONSOLIDADA";"";"Presencial";
"1224454";"02";"5753650";"";"";"2041500";"GRADUAÇÃO";"Campus Central";"IE4";"2014";"1";"2014-01-27";"2014-06-14";"35N34";"52";"55";"REGULAR";"f";"2014-06-20 00:17:06.081";"f";"";"74";"CONSOLIDADA";"";"Presencial";
"1224455";"02";"5753860";"";"";"20120";"GRADUAÇÃO";"Campus Central";"IE4";"2014";"1";"2014-01-27";"2014-06-14";"4M12 6M34";"49";"55";"REGULAR";"f";"2014-06-11 18:09:39.767";"f";"";"74";"CONSOLIDADA";"";"Presencial";
"1224456";"01";"";"90604246";"";"24546";"GRADUAÇÃO";"Campus Central";"IH10";"2014";"1";"2014-01-27";"2014-06-14";"35T34";"35";"35";"REGULAR";"f";"2014-06-16 15:32:54.996";"f";"";"68";"CONSOLIDADA";"";"Presencial";
"1224456";"01";"";"97619561";"";"24546";"GRADUAÇÃO";"Campus Central";"IH10";"2014";"1";"2014-01-27";"2014-06-14";"35T34";"35";"35";"REGULAR";"f";"2014-06-16 15:32:54.996";"f";"";"68";"CONSOLIDADA";"";"Presencial";
"1224456";"01";"5754771";"";"";"24546";"GRADUAÇÃO";"Campus Central";"IH10";"2014";"1";"2014-01-27";"2014-06-14";"35T34";"35";"35";"REGULAR";"f";"2014-06-16 15:32:54.996";"f";"";"68";"CONSOLIDADA";"";"Presencial";
"1224457";"01";"5752589";"";"";"2041501";"GRADUAÇÃO";"Campus Central";"IH4";"2014";"1";"2014-01-27";"2014-06-14";"35M34";"58";"55";"REGULAR";"f";"2014-06-14 16:27:32.683";"f";"";"68";"CONSOLIDADA";"";"Presencial";
"1224458";"02";"5755132";"";"";"24546";"GRADUAÇÃO";"Campus Central";"IH5";"2014";"1";"2014-01-27";"2014-06-14";"24T34";"66";"50";"REGULAR";"f";"2014-06-19 17:55:49.452";"f";"";"66";"CONSOLIDADA";"";"Presencial";
"1224459";"03";"5756268";"";"";"24546";"GRADUAÇÃO";"Campus Central";"IE4";"2014";"1";"2014-01-27";"2014-06-14";"2N12 6N34";"57";"55";"REGULAR";"f";"2014-06-06 10:44:09.371";"f";"";"68";"CONSOLIDADA";"";"Presencial";
"1224460";"04";"5753860";"";"";"24546";"GRADUAÇÃO";"Campus Central";"IE3";"2014";"1";"2014-01-27";"2014-06-14";"26M12";"63";"55";"REGULAR";"f";"2014-06-11 17:33:00.514";"f";"";"72";"CONSOLIDADA";"";"Presencial";
"1224461";"01";"22739";"";"";"25995";"GRADUAÇÃO";"Campus Central";"IB1";"2014";"1";"2014-01-27";"2014-06-14";"6M56";"30";"45";"REGULAR";"f";"2014-06-14 12:34:52.076";"f";"";"34";"CONSOLIDADA";"";"Presencial";
"1224462";"01";"20238";"";"";"25994";"GRADUAÇÃO";"Campus Central";"IB1";"2014";"1";"2014-01-27";"2014-06-14";"4M56";"13";"45";"REGULAR";"f";"2014-06-25 14:13:02.943";"f";"";"38";"CONSOLIDADA";"";"Presencial";
"1224463";"01";"20894";"";"";"25993";"GRADUAÇÃO";"Campus Central";"ID5";"2014";"1";"2014-01-27";"2014-06-14";"4M12";"11";"45";"REGULAR";"f";"2014-06-20 09:20:49.151";"f";"";"36";"CONSOLIDADA";"";"Presencial";
"1224464";"01";"20894";"";"";"25992";"GRADUAÇÃO";"Campus Central";"ID5";"2014";"1";"2014-01-27";"2014-06-14";"2M12";"9";"45";"REGULAR";"f";"2014-06-13 12:01:37.19";"f";"";"34";"CONSOLIDADA";"";"Presencial";
"1224465";"01";"18024";"";"";"25985";"GRADUAÇÃO";"Campus Central";"IH7";"2014";"1";"2014-01-27";"2014-06-14";"24N12";"15";"45";"REGULAR";"f";"2014-06-21 22:53:57.136";"f";"";"72";"CONSOLIDADA";"";"Presencial";
"1224466";"01";"5752855";"";"";"23978";"GRADUAÇÃO";"Campus Central";"Sala 20";"2014";"1";"2014-01-27";"2014-06-14";"4N12";"";"3";"REGULAR";"f";"";"f";"";"";"EXCLUÍDA";"";"Presencial";
"1224467";"02";"5752589";"";"";"2041501";"GRADUAÇÃO";"Campus Central";"IB3";"2014";"1";"2014-01-27";"2014-06-14";"4N34 6N12";"43";"55";"REGULAR";"f";"2014-06-14 16:37:09.487";"f";"";"70";"CONSOLIDADA";"";"Presencial";
"1224469";"01";"20894";"";"";"2041502";"GRADUAÇÃO";"Campus Central";"ID5";"2014";"1";"2014-01-27";"2014-06-14";"24M56";"46";"55";"REGULAR";"f";"2014-06-20 09:17:55.905";"f";"";"68";"CONSOLIDADA";"";"Presencial";
"1224470";"02";"5756006";"";"";"20112";"GRADUAÇÃO";"Campus Central";"IH3";"2014";"1";"2014-01-27";"2014-06-14";"3N34";"85";"55";"REGULAR";"f";"2014-06-13 09:08:14.551";"f";"";"38";"CONSOLIDADA";"";"Presencial";
"1224471";"02";"23905";"";"";"2041502";"GRADUAÇÃO";"Campus Central";"IB5";"2014";"1";"2014-01-27";"2014-06-14";"35N34";"45";"56";"REGULAR";"f";"2014-06-16 00:32:26.029";"f";"";"70";"CONSOLIDADA";"";"Presencial";
"1224472";"01";"5756006";"";"";"2041503";"GRADUAÇÃO";"Campus Central";"IH4";"2014";"1";"2014-01-27";"2014-06-14";"4M56";"55";"55";"REGULAR";"f";"2014-06-13 09:24:27.708";"f";"";"38";"CONSOLIDADA";"";"Presencial";
"1224473";"03";"5756006";"";"";"20112";"GRADUAÇÃO";"Campus Central";"ID2";"2014";"1";"2014-01-27";"2014-06-14";"5M34";"32";"55";"REGULAR";"f";"2014-06-13 09:11:13.101";"f";"";"36";"CONSOLIDADA";"";"Presencial";
"1224474";"01";"21450";"";"";"24564";"GRADUAÇÃO";"Campus Central";"IH7";"2014";"1";"2014-01-27";"2014-06-14";"45T45";"12";"40";"REGULAR";"f";"2014-06-10 09:33:33.735";"f";"";"68";"CONSOLIDADA";"";"Presencial";
"1224475";"02";"";"90604246";"";"2041503";"GRADUAÇÃO";"Campus Central";"IE2";"2014";"1";"2014-01-27";"2014-06-14";"4N12";"93";"58";"REGULAR";"f";"2014-06-07 22:48:56.617";"f";"";"34";"CONSOLIDADA";"";"Presencial";
"1224476";"02";"5756033";"";"";"24564";"GRADUAÇÃO";"Campus Central";"IH10";"2014";"1";"2014-01-27";"2014-06-14";"24T56";"64";"45";"REGULAR";"f";"2014-06-11 13:37:17.995";"f";"";"74";"CONSOLIDADA";"";"Presencial";
"1224477";"01";"5756275";"";"";"2041504";"GRADUAÇÃO";"Campus Central";"IH5";"2014";"1";"2014-01-27";"2014-06-14";"5M34";"42";"55";"REGULAR";"f";"2014-06-18 21:56:34.301";"f";"";"34";"CONSOLIDADA";"";"Presencial";
"1224478";"03";"15545";"";"";"24564";"GRADUAÇÃO";"Campus Central";"IVG3";"2014";"1";"2014-01-27";"2014-06-14";"24T12";"43";"45";"REGULAR";"f";"2014-06-18 12:43:02.053";"f";"";"70";"CONSOLIDADA";"";"Presencial";
"1224479";"04";"15545";"";"";"24564";"GRADUAÇÃO";"Campus Central";"IH10";"2014";"1";"2014-01-27";"2014-06-14";"24T34";"41";"45";"REGULAR";"f";"2014-06-18 12:44:25.078";"f";"";"68";"CONSOLIDADA";"";"Presencial";
"1224480";"02";"";"97576527";"";"2041504";"GRADUAÇÃO";"Campus Central";"IH3";"2014";"1";"2014-01-27";"2014-06-14";"3N12";"61";"55";"REGULAR";"f";"2014-06-14 11:22:51.495";"f";"";"36";"CONSOLIDADA";"";"Presencial";
"1224481";"01";"18024";"";"";"25982";"GRADUAÇÃO";"Campus Central";"IB1";"2014";"1";"2014-01-27";"2014-06-14";"24T56";"13";"45";"REGULAR";"f";"2014-06-21 22:47:32.048";"f";"";"70";"CONSOLIDADA";"";"Presencial";
"1224482";"01";"5756268";"";"";"2041506";"GRADUAÇÃO";"Campus Central";"IH4";"2014";"1";"2014-01-27";"2014-06-14";"24M12";"49";"55";"REGULAR";"f";"2014-06-06 10:35:19.808";"f";"";"68";"CONSOLIDADA";"";"Presencial";
"1224483";"01";"23149";"";"";"24548";"GRADUAÇÃO";"Campus Central";"IB3";"2014";"1";"2014-01-27";"2014-06-14";"24N12";"48";"55";"REGULAR";"f";"2014-06-26 11:36:47.635";"f";"";"68";"CONSOLIDADA";"";"Presencial";
"1224483";"01";"5755521";"";"";"24548";"GRADUAÇÃO";"Campus Central";"IB3";"2014";"1";"2014-01-27";"2014-06-14";"24N12";"48";"55";"REGULAR";"f";"2014-06-26 11:36:47.635";"f";"";"68";"CONSOLIDADA";"";"Presencial";
"1224484";"02";"5755521";"";"";"2041506";"GRADUAÇÃO";"Campus Central";"IB3";"2014";"1";"2014-01-27";"2014-06-14";"26N34";"47";"55";"REGULAR";"f";"2014-06-11 20:33:27.457";"f";"";"66";"CONSOLIDADA";"";"Presencial";
"1224484";"02";"5756268";"";"";"2041506";"GRADUAÇÃO";"Campus Central";"IB3";"2014";"1";"2014-01-27";"2014-06-14";"26N34";"47";"55";"REGULAR";"f";"2014-06-11 20:33:27.457";"f";"";"66";"CONSOLIDADA";"";"Presencial";
"1224485";"02";"5755521";"";"";"24548";"GRADUAÇÃO";"Campus Central";"IH4";"2014";"1";"2014-01-27";"2014-06-14";"35M12";"51";"55";"REGULAR";"f";"2014-06-26 12:37:21.025";"f";"";"68";"CONSOLIDADA";"";"Presencial";
"1224485";"02";"23149";"";"";"24548";"GRADUAÇÃO";"Campus Central";"IH4";"2014";"1";"2014-01-27";"2014-06-14";"35M12";"51";"55";"REGULAR";"f";"2014-06-26 12:37:21.025";"f";"";"68";"CONSOLIDADA";"";"Presencial";
"1224486";"01";"21450";"";"";"2041507";"GRADUAÇÃO";"Campus Central";"IH5";"2014";"1";"2014-01-27";"2014-06-14";"2M56";"49";"55";"REGULAR";"f";"2014-06-11 20:49:36.826";"f";"";"34";"CONSOLIDADA";"";"Presencial";
"1224487";"02";"21450";"";"";"2041507";"GRADUAÇÃO";"Campus Central";"IB2";"2014";"1";"2014-01-27";"2014-06-14";"4N12";"64";"55";"REGULAR";"f";"2014-06-20 21:28:03.847";"f";"";"36";"CONSOLIDADA";"";"Presencial";
"1224488";"01";"5756006";"";"";"24553";"GRADUAÇÃO";"Campus Central";"IB2";"2014";"1";"2014-01-27";"2014-06-14";"35N12";"65";"55";"REGULAR";"f";"2014-06-13 09:03:56.125";"f";"";"74";"CONSOLIDADA";"";"Presencial";
"1224489";"02";"20885";"";"";"24553";"GRADUAÇÃO";"Campus Central";"ID2";"2014";"1";"2014-01-27";"2014-06-14";"35M12";"31";"55";"REGULAR";"f";"2014-06-02 15:36:44.308";"f";"";"66";"CONSOLIDADA";"";"Presencial";
"1224490";"01";"21450";"";"";"22784";"GRADUAÇÃO";"Campus Central";"IH7";"2014";"1";"2014-01-27";"2014-06-14";"3N12";"4";"45";"REGULAR";"f";"2014-06-09 22:10:10.864";"f";"";"34";"CONSOLIDADA";"";"Presencial";
"1224491";"01";"5753060";"";"";"2041508";"GRADUAÇÃO";"Campus Central";"IE1";"2014";"1";"2014-01-27";"2014-06-14";"35M34";"29";"62";"REGULAR";"f";"2014-06-18 08:22:34.981";"f";"";"70";"CONSOLIDADA";"";"Presencial";
"1224492";"01";"5756006";"";"";"24551";"GRADUAÇÃO";"Campus Central";"IE1";"2014";"1";"2014-01-27";"2014-06-14";"26N12";"30";"62";"REGULAR";"f";"2014-06-13 09:15:28.961";"f";"";"74";"CONSOLIDADA";"";"Presencial";
"1224493";"02";"5756275";"";"";"2041508";"GRADUAÇÃO";"Campus Central";"IE2";"2014";"1";"2014-01-27";"2014-06-14";"26N12";"66";"62";"REGULAR";"f";"2014-06-18 22:01:19.204";"f";"";"66";"CONSOLIDADA";"";"Presencial";
"1224494";"02";"5752589";"";"";"24551";"GRADUAÇÃO";"Campus Central";"IE1";"2014";"1";"2014-01-27";"2014-06-14";"2M56 6M34";"16";"61";"REGULAR";"f";"2014-06-14 16:11:36.804";"f";"";"66";"CONSOLIDADA";"";"Presencial";
"1224495";"01";"22741";"";"";"2041509";"GRADUAÇÃO";"Campus Central";"IB1";"2014";"1";"2014-01-27";"2014-06-14";"3M34";"33";"55";"REGULAR";"f";"2014-06-19 23:31:02.296";"f";"";"38";"CONSOLIDADA";"";"Presencial";
"1224496";"02";"5753576";"";"";"2041509";"GRADUAÇÃO";"Campus Central";"IH3";"2014";"1";"2014-01-27";"2014-06-14";"4N12";"79";"55";"REGULAR";"f";"2014-06-19 09:23:05.994";"f";"";"34";"CONSOLIDADA";"";"Presencial";
"1224497";"01";"18359";"";"";"24539";"GRADUAÇÃO";"Campus Central";"IE1";"2014";"1";"2014-01-27";"2014-06-14";"35M12";"8";"60";"REGULAR";"f";"2014-06-18 09:34:46.443";"f";"";"70";"CONSOLIDADA";"";"Presencial";
"1224498";"01";"5756307";"";"";"2041510";"GRADUAÇÃO";"Campus Central";"IE3";"2014";"1";"2014-01-27";"2014-06-14";"4M12 6M34";"53";"55";"REGULAR";"f";"2014-06-13 21:16:13.254";"f";"";"68";"CONSOLIDADA";"";"Presencial";
"1224499";"02";"18359";"";"";"24539";"GRADUAÇÃO";"Campus Central";"IE1";"2014";"1";"2014-01-27";"2014-06-14";"35N34";"21";"62";"REGULAR";"f";"2014-06-18 09:32:14.121";"f";"";"70";"CONSOLIDADA";"";"Presencial";
"1224500";"02";"5756307";"";"";"2041510";"GRADUAÇÃO";"Campus Central";"IB5";"2014";"1";"2014-01-27";"2014-06-14";"35N12";"43";"56";"REGULAR";"f";"2014-06-13 21:24:02.937";"f";"";"66";"CONSOLIDADA";"";"Presencial";
"1224501";"01";"5754622";"";"";"2041550";"GRADUAÇÃO";"Campus Central";"ID2";"2014";"1";"2014-01-27";"2014-06-14";"2M56";"37";"55";"REGULAR";"f";"2014-06-14 23:21:05.937";"f";"";"36";"CONSOLIDADA";"";"Presencial";
"1224502";"01";"5756307";"";"";"20117";"GRADUAÇÃO";"Campus Central";"IB3";"2014";"1";"2014-01-27";"2014-06-14";"35N34";"82";"58";"REGULAR";"f";"2014-06-13 14:26:55.16";"f";"";"66";"CONSOLIDADA";"";"Presencial";
"1224503";"02";"5754622";"";"";"2041550";"GRADUAÇÃO";"Campus Central";"IB2";"2014";"1";"2014-01-27";"2014-06-14";"2N12";"76";"56";"REGULAR";"f";"2014-06-14 23:09:16.288";"f";"";"36";"CONSOLIDADA";"";"Presencial";
"1224504";"01";"5754694";"";"";"2041552";"GRADUAÇÃO";"Campus Central";"ID2";"2014";"1";"2014-01-27";"2014-06-14";"6M234";"57";"56";"REGULAR";"f";"2014-06-16 16:49:14.638";"f";"";"51";"CONSOLIDADA";"";"Presencial";
"1224505";"02";"5752012";"";"";"20117";"GRADUAÇÃO";"Campus Central";"IH4";"2014";"1";"2014-01-27";"2014-06-14";"35M56";"42";"55";"REGULAR";"f";"2014-06-11 13:43:06.619";"f";"";"68";"CONSOLIDADA";"";"Presencial";
"1224506";"02";"5754694";"";"";"2041552";"GRADUAÇÃO";"Campus Central";"IH3";"2014";"1";"2014-01-27";"2014-06-14";"6N123";"55";"55";"REGULAR";"f";"2014-06-16 17:23:10.167";"f";"";"51";"CONSOLIDADA";"";"Presencial";
"1224507";"01";"";"97619561";"";"2048478";"GRADUAÇÃO";"Campus Central";"IB1";"2014";"1";"2014-01-27";"2014-06-14";"5M34";"19";"55";"REGULAR";"f";"2014-06-18 00:27:11.737";"f";"";"34";"CONSOLIDADA";"";"Presencial";
"1224508";"01";"5755521";"";"";"24863";"GRADUAÇÃO";"Campus Central";"IH6";"2014";"1";"2014-01-27";"2014-06-14";"26M34";"26";"45";"REGULAR";"f";"2014-06-26 11:23:34.448";"f";"";"68";"CONSOLIDADA";"";"Presencial";
"1224508";"01";"23149";"";"";"24863";"GRADUAÇÃO";"Campus Central";"IH6";"2014";"1";"2014-01-27";"2014-06-14";"26M34";"26";"45";"REGULAR";"f";"2014-06-26 11:23:34.448";"f";"";"68";"CONSOLIDADA";"";"Presencial";
"1224509";"02";"5753576";"";"";"2048478";"GRADUAÇÃO";"Campus Central";"IH3";"2014";"1";"2014-01-27";"2014-06-14";"4N34";"66";"56";"REGULAR";"f";"2014-06-19 09:12:46.783";"f";"";"34";"CONSOLIDADA";"";"Presencial";
"1224510";"02";"5753587";"";"";"24863";"GRADUAÇÃO";"Campus Central";"IB5";"2014";"1";"2014-01-27";"2014-06-14";"26N34";"49";"56";"REGULAR";"f";"2014-06-20 08:52:14.522";"f";"";"74";"CONSOLIDADA";"";"Presencial";
"1224511";"01";"5755132";"";"";"2049257";"GRADUAÇÃO";"Campus Central";"IE2";"2014";"1";"2014-01-27";"2014-06-14";"24M34";"54";"55";"REGULAR";"f";"2014-06-19 18:44:08.591";"f";"";"66";"CONSOLIDADA";"";"Presencial";
"1224512";"02";"5755132";"";"";"2049257";"GRADUAÇÃO";"Campus Central";"IE2";"2014";"1";"2014-01-27";"2014-06-14";"35N34";"61";"55";"REGULAR";"f";"2014-06-19 19:34:10.591";"f";"";"66";"CONSOLIDADA";"";"Presencial";
"1224513";"03";"5753587";"";"";"24863";"GRADUAÇÃO";"Campus Central";"IE4";"2014";"1";"2014-01-27";"2014-06-14";"26M12";"56";"55";"REGULAR";"f";"2014-06-14 14:04:01.087";"f";"";"74";"CONSOLIDADA";"";"Presencial";
"1224514";"03";"5755132";"";"";"2049257";"GRADUAÇÃO";"Campus Central";"SALA 01 DO DEPARTAMENTO DE SAÚDE COL E NUTRIÇÃO";"2014";"1";"2014-01-27";"2014-06-14";"6N1234";"41";"53";"REGULAR";"f";"2014-06-19 19:26:12.704";"f";"";"68";"CONSOLIDADA";"";"Presencial";
"1224515";"01";"125449";"";"";"24881";"GRADUAÇÃO";"Campus Central";"ID5";"2014";"1";"2014-01-27";"2014-06-14";"2N12 6N34";"12";"55";"REGULAR";"f";"2014-06-26 06:52:49.698";"f";"";"72";"CONSOLIDADA";"";"Presencial";
"1224516";"01";"5756307";"";"";"2049304";"GRADUAÇÃO";"Campus Central";"IE2";"2014";"1";"2014-01-27";"2014-06-14";"35M12";"67";"56";"REGULAR";"f";"2014-06-13 21:08:28.806";"f";"";"66";"CONSOLIDADA";"";"Presencial";
"1224517";"02";"5756307";"";"";"2049304";"GRADUAÇÃO";"Campus Central";"IE4";"2014";"1";"2014-01-27";"2014-06-14";"46N12";"59";"56";"REGULAR";"f";"2014-06-13 21:00:25.135";"f";"";"66";"CONSOLIDADA";"";"Presencial";
"1224518";"01";"24346";"";"";"55155";"GRADUAÇÃO";"Campus Central";"4 H2";"2014";"1";"2014-01-30";"2014-02-26";"5T234 (30/01/2014 - 31/01/2014),  3T234 (04/02/2014 - 18/02/2014),  3T56234  3N1 (25/02/2014 - 26/02/2014)";"19";"20";"REGULAR";"f";"2014-06-18 17:24:12.893";"f";"";"18";"CONSOLIDADA";"";"Presencial";
"1224519";"01";"5756381";"";"";"2049750";"GRADUAÇÃO";"Campus Central";"IE4";"2014";"1";"2014-01-27";"2014-06-14";"35M34";"46";"55";"REGULAR";"f";"2014-06-13 21:08:50.66";"f";"";"72";"CONSOLIDADA";"";"Presencial";
"1224520";"02";"125449";"";"";"24881";"GRADUAÇÃO";"Campus Central";"IE3";"2014";"1";"2014-01-27";"2014-06-14";"2N34 6N12";"52";"55";"REGULAR";"f";"2014-06-26 06:54:30.419";"f";"";"72";"CONSOLIDADA";"";"Presencial";
"1224521";"02";"5753564";"";"";"2049750";"GRADUAÇÃO";"Campus Central";"iE4";"2014";"1";"2014-01-27";"2014-06-14";"24N34";"46";"55";"REGULAR";"f";"2014-06-16 11:02:58.428";"f";"";"70";"CONSOLIDADA";"";"Presencial";
"1224522";"01";"24344";"";"";"2049751";"GRADUAÇÃO";"Campus Central";"IH5";"2014";"1";"2014-01-27";"2014-06-14";"3M34";"47";"55";"REGULAR";"f";"2014-06-22 16:04:59.051";"f";"";"36";"CONSOLIDADA";"";"Presencial";
"1224523";"03";"125449";"";"";"24881";"GRADUAÇÃO";"Campus Central";"IE3";"2014";"1";"2014-01-27";"2014-06-14";"46M56";"75";"55";"REGULAR";"f";"2014-06-26 06:56:05.19";"f";"";"72";"CONSOLIDADA";"";"Presencial";
"1224524";"02";"24344";"";"";"2049751";"GRADUAÇÃO";"Campus Central";"IH3";"2014";"1";"2014-01-27";"2014-06-14";"5N34";"58";"55";"REGULAR";"f";"2014-06-22 16:10:15.658";"f";"";"36";"CONSOLIDADA";"";"Presencial";
"1224525";"01";"5756033";"";"";"2049752";"GRADUAÇÃO";"Campus Central";"IH5";"2014";"1";"2014-01-27";"2014-06-14";"24M12";"46";"55";"REGULAR";"f";"2014-06-11 13:28:07.632";"f";"";"76";"CONSOLIDADA";"";"Presencial";
"1224526";"02";"5756006";"";"";"2049752";"GRADUAÇÃO";"Campus Central";"IH3";"2014";"1";"2014-01-27";"2014-06-14";"24N34";"72";"55";"REGULAR";"f";"2014-06-13 09:19:02.364";"f";"";"74";"CONSOLIDADA";"";"Presencial";
"1224527";"01";"2264213";"";"";"20110";"GRADUAÇÃO";"Campus Central";"IH3";"2014";"1";"2014-01-27";"2014-06-14";"46N12";"33";"55";"REGULAR";"f";"2014-06-20 16:07:06.866";"f";"";"76";"CONSOLIDADA";"";"Presencial";
"1224528";"02";"5753595";"";"";"20110";"GRADUAÇÃO";"Campus Central";"IH5";"2014";"1";"2014-01-27";"2014-06-14";"35M12";"68";"55";"REGULAR";"f";"2014-06-16 08:31:31.426";"f";"";"74";"CONSOLIDADA";"";"Presencial";
"1224529";"01";"15545";"";"";"2050000";"GRADUAÇÃO";"Campus Central";"IH3";"2014";"1";"2014-01-27";"2014-06-14";"2N12";"12";"45";"REGULAR";"f";"2014-06-18 12:49:37.762";"f";"";"34";"CONSOLIDADA";"";"Presencial";
"1224530";"01";"24896";"";"";"20113";"GRADUAÇÃO";"Campus Central";"IB2";"2014";"1";"2014-01-27";"2014-06-14";"24N34";"27";"55";"REGULAR";"f";"2014-06-13 22:50:17.404";"f";"";"78";"CONSOLIDADA";"";"Presencial";
"1224531";"01";"21450";"";"";"2050003";"GRADUAÇÃO";"Campus Central";"IH3";"2014";"1";"2014-01-27";"2014-06-14";"5N12";"15";"45";"REGULAR";"f";"2014-06-10 09:42:52.665";"f";"";"34";"CONSOLIDADA";"";"Presencial";
"1224532";"02";"24896";"";"";"20113";"GRADUAÇÃO";"Campus Central";"ID2";"2014";"1";"2014-01-27";"2014-06-14";"24M12";"15";"55";"REGULAR";"f";"2014-06-13 22:57:08.023";"f";"";"74";"CONSOLIDADA";"";"Presencial";
"1224533";"01";"5756268";"";"";"20122";"GRADUAÇÃO";"Campus Central";"IH5";"2014";"1";"2014-01-27";"2014-06-14";"24M34";"44";"55";"REGULAR";"f";"2014-06-06 10:41:09.337";"f";"";"68";"CONSOLIDADA";"";"Presencial";
"1224534";"01";"5753564";"";"";"20693";"GRADUAÇÃO";"Campus Central";"IB5";"2014";"1";"2014-01-27";"2014-06-14";"24N12";"80";"55";"REGULAR";"f";"2014-06-16 11:01:40.485";"f";"";"70";"CONSOLIDADA";"";"Presencial";
"1224535";"02";"5753576";"";"";"20122";"GRADUAÇÃO";"Campus Central";"IH3";"2014";"1";"2014-01-27";"2014-06-14";"25N12";"26";"55";"REGULAR";"f";"2014-06-19 09:02:21.067";"f";"";"66";"CONSOLIDADA";"";"Presencial";
"1224536";"01";"21589";"";"";"55156";"GRADUAÇÃO";"Campus Central";"4 H2";"2014";"1";"2014-01-31";"2014-03-07";"6T564 (31/01/2014 - 07/03/2014)";"19";"20";"REGULAR";"f";"2014-06-15 20:22:55.369";"f";"";"20";"CONSOLIDADA";"";"Presencial";
"1224537";"02";"5756381";"";"";"20693";"GRADUAÇÃO";"Campus Central";"IH4";"2014";"1";"2014-01-27";"2014-06-14";"24M34";"57";"55";"REGULAR";"f";"2014-06-13 21:21:56.527";"f";"";"76";"CONSOLIDADA";"";"Presencial";
"1224538";"01";"5755132";"";"";"24463";"GRADUAÇÃO";"Campus Central";"VC2";"2014";"1";"2014-01-27";"2014-06-14";"24T12";"34";"50";"REGULAR";"f";"2014-06-19 18:32:37.75";"f";"";"66";"CONSOLIDADA";"";"Presencial";
"1224539";"01";"15545";"";"";"24876";"GRADUAÇÃO";"Campus Central";"IB1";"2014";"1";"2014-01-27";"2014-06-14";"35M12";"2";"45";"REGULAR";"f";"2014-06-18 13:06:23.107";"f";"";"70";"CONSOLIDADA";"";"Presencial";
"1224541";"01";"26646";"";"";"55157";"GRADUAÇÃO";"Campus Central";"4 H2";"2014";"1";"2014-01-31";"2014-03-07";"6T123 (31/01/2014 - 07/03/2014)";"19";"20";"REGULAR";"f";"2014-06-18 17:21:21.032";"f";"";"18";"CONSOLIDADA";"";"Presencial";
"1224542";"01";"5753860";"";"";"54163";"GRADUAÇÃO";"Campus Central";"IH5";"2014";"1";"2014-01-27";"2014-06-14";"4M56  6T1234";"37";"55";"REGULAR";"f";"2014-06-19 11:06:36.383";"f";"";"110";"CONSOLIDADA";"";"Presencial";
"1224542";"01";"5756381";"";"";"54163";"GRADUAÇÃO";"Campus Central";"IH5";"2014";"1";"2014-01-27";"2014-06-14";"4M56  6T1234";"37";"55";"REGULAR";"f";"2014-06-19 11:06:36.383";"f";"";"110";"CONSOLIDADA";"";"Presencial";
"1224543";"02";"5756381";"";"";"54163";"GRADUAÇÃO";"Campus Central";"IB2";"2014";"1";"2014-01-27";"2014-06-14";"7M1234  6N12";"29";"55";"REGULAR";"f";"2014-06-19 12:20:11.929";"f";"";"108";"CONSOLIDADA";"";"Presencial";
"1224543";"02";"5753860";"";"";"54163";"GRADUAÇÃO";"Campus Central";"IB2";"2014";"1";"2014-01-27";"2014-06-14";"7M1234  6N12";"29";"55";"REGULAR";"f";"2014-06-19 12:20:11.929";"f";"";"108";"CONSOLIDADA";"";"Presencial";
"1224545";"02";"18359";"";"";"54164";"GRADUAÇÃO";"Campus Central";"ID2";"2014";"1";"2014-01-27";"2014-06-14";"3M34 7M1234";"44";"55";"REGULAR";"f";"2014-06-18 09:40:12.821";"f";"";"112";"CONSOLIDADA";"";"Presencial";
"1224546";"03";"18359";"";"";"54164";"GRADUAÇÃO";"Campus Central";"ID5";"2014";"1";"2014-01-27";"2014-06-14";"7M56  6T56  5N12";"19";"55";"REGULAR";"f";"2014-06-18 09:50:06.418";"f";"";"114";"CONSOLIDADA";"";"Presencial";
"1224547";"04";"18359";"";"";"54164";"GRADUAÇÃO";"Campus Central";"IH3";"2014";"1";"2014-01-27";"2014-06-14";"6T1234  3N12";"36";"55";"REGULAR";"f";"2014-06-18 09:48:24.955";"f";"";"114";"CONSOLIDADA";"";"Presencial";
"1224548";"01";"5755413";"";"";"55227";"GRADUAÇÃO";"Campus Central";"4 H2";"2014";"1";"2014-01-27";"2014-05-29";"4T234 (27/01/2014 - 26/02/2014),  46T234 (19/03/2014 - 02/04/2014),  4T234 (09/04/2014 - 16/04/2014),  46T234 (07/05/2014 - 21/05/2014),  4T234 (28/05/2014 - 29/05/2014)";"16";"20";"REGULAR";"f";"2014-06-14 14:57:07.779";"f";"";"54";"CONSOLIDADA";"";"Presencial";
"1224549";"01";"21604";"";"";"20280";"GRADUAÇÃO";"Campus Central";"4 A6";"2014";"1";"2014-01-27";"2014-06-14";"4T345";"4";"20";"REGULAR";"f";"2014-06-20 01:39:17.322";"f";"";"57";"CONSOLIDADA";"";"Presencial";
"1224550";"01";"21597";"";"";"55243";"GRADUAÇÃO";"Campus Central";"4 h4";"2014";"1";"2014-01-31";"2014-03-08";"6M2345 (31/01/2014 - 21/02/2014), 6M56 (07/03/2014 - 08/03/2014)";"19";"20";"REGULAR";"f";"2014-06-14 21:13:01.426";"f";"";"18";"CONSOLIDADA";"";"Presencial";
"1224551";"01";"5755967";"";"";"55234";"GRADUAÇÃO";"Campus Central";"4 C4";"2014";"1";"2014-01-27";"2014-06-14";"35M34 (27/01/2014 - 14/06/2014)";"3";"20";"REGULAR";"f";"2014-06-14 14:49:56.93";"f";"";"72";"CONSOLIDADA";"";"Presencial";
"1224552";"01";"21708";"";"";"24705";"GRADUAÇÃO";"Campus Central";"Sala 21";"2014";"1";"2014-01-27";"2014-06-14";"3N12";"";"20";"REGULAR";"f";"";"f";"";"";"EXCLUÍDA";"";"Presencial";
"1224553";"01";"24233";"";"";"28010";"GRADUAÇÃO";"Campus Central";"Sala 23";"2014";"1";"2014-01-27";"2014-06-14";"6N1234";"";"50";"REGULAR";"f";"";"f";"";"";"EXCLUÍDA";"";"Presencial";
"1224554";"01";"21709";"";"";"2049520";"GRADUAÇÃO";"Campus Central";"Sala 24";"2014";"1";"2014-01-27";"2014-06-14";"24N12";"";"30";"REGULAR";"f";"";"f";"";"";"EXCLUÍDA";"";"Presencial";
"1224555";"01";"26052";"";"";"22233";"GRADUAÇÃO";"Campus Central";"Sala 16";"2014";"1";"2014-01-27";"2014-06-14";"24N34";"";"25";"REGULAR";"f";"";"f";"";"";"EXCLUÍDA";"";"Presencial";
"1224556";"01";"5751926";"";"";"2050204";"GRADUAÇÃO";"Campus Central";"Sala 24";"2014";"1";"2014-01-27";"2014-06-14";"3N34 (27/01/2014 - 14/06/2014)";"";"25";"REGULAR";"f";"";"f";"";"";"EXCLUÍDA";"";"Presencial";
"1224557";"02";"21706";"";"";"24704";"GRADUAÇÃO";"Campus Central";"Sala 19";"2014";"1";"2014-01-27";"2014-06-14";"5N12";"";"7";"REGULAR";"f";"";"f";"";"";"EXCLUÍDA";"";"Presencial";
"1224558";"02";"21705";"";"";"2049001";"GRADUAÇÃO";"Campus Central";"Sala 20";"2014";"1";"2014-01-27";"2014-06-14";"5N12";"";"15";"REGULAR";"f";"";"f";"";"";"EXCLUÍDA";"";"Presencial";
"1224559";"01";"5751926";"";"";"27951";"GRADUAÇÃO";"Campus Central";"Sala 21";"2014";"1";"2014-01-27";"2014-06-14";"5N34";"";"20";"REGULAR";"f";"";"f";"";"";"EXCLUÍDA";"";"Presencial";
"1224560";"01";"5753751";"";"";"2050206";"GRADUAÇÃO";"Campus Central";"Sala 24";"2014";"1";"2014-01-27";"2014-06-14";"4N12 (27/01/2014 - 14/06/2014)";"";"25";"REGULAR";"f";"";"f";"";"";"EXCLUÍDA";"";"Presencial";
"1224561";"02";"21706";"";"";"23973";"GRADUAÇÃO";"Campus Central";"Sala 19";"2014";"1";"2014-01-27";"2014-06-14";"5N34";"";"7";"REGULAR";"f";"";"f";"";"";"EXCLUÍDA";"";"Presencial";
"1224562";"02";"21705";"";"";"2049003";"GRADUAÇÃO";"Campus Central";"Sala 20";"2014";"1";"2014-01-27";"2014-06-14";"5N34";"";"15";"REGULAR";"f";"";"f";"";"";"EXCLUÍDA";"";"Presencial";
"1224563";"01";"5755059";"";"";"28014";"GRADUAÇÃO";"Campus Central";"LAMUCO";"2014";"1";"2014-01-27";"2014-06-14";"35N12";"";"16";"REGULAR";"f";"";"f";"";"";"EXCLUÍDA";"";"Presencial";
"1224564";"01";"24233";"";"";"28012";"GRADUAÇÃO";"Campus Central";"Sala 21";"2014";"1";"2014-01-27";"2014-06-14";"3N34";"";"8";"REGULAR";"f";"";"f";"";"";"EXCLUÍDA";"";"Presencial";
"1224565";"01";"17706";"";"";"55236";"GRADUAÇÃO";"Campus Central";"4 H2";"2014";"1";"2014-01-27";"2014-05-29";"4T56  4N1 (27/01/2014 - 26/02/2014),  46T56  46N1 (19/03/2014 - 02/04/2014),  4T56  4N1 (09/04/2014 - 16/04/2014),  46T56  46N1 (07/05/2014 - 21/05/2014),  4T56  4N1 (28/05/2014 - 29/05/2014)";"18";"20";"REGULAR";"f";"2014-06-19 13:51:01.727";"f";"";"54";"CONSOLIDADA";"";"Presencial";
"1224566";"01";"5755971";"";"";"55244";"GRADUAÇÃO";"Campus Central";"4 H4 / LABINFO";"2014";"1";"2014-01-30";"2014-03-08";"5M2345 (30/01/2014 - 31/01/2014), 5M2345 (13/02/2014 - 27/02/2014), 6M12 (07/03/2014 - 08/03/2014)";"19";"20";"REGULAR";"f";"2014-06-18 12:18:08.425";"f";"";"18";"CONSOLIDADA";"";"Presencial";
"1224567";"01";"5755985";"";"";"2048076";"GRADUAÇÃO";"Campus Caicó";"SALA A1";"2014";"1";"2014-01-27";"2014-06-14";"5M12345  5T1";"2";"55";"REGULAR";"f";"2014-06-20 21:03:28.214";"f";"";"99";"CONSOLIDADA";"";"Presencial";
"1224568";"01";"5755057";"";"";"2048111";"GRADUAÇÃO";"Campus Caicó";"a definir";"2014";"1";"2014-01-27";"2014-06-14";"5M12345  3T1";"1";"50";"REGULAR";"f";"";"f";"";"";"EXCLUÍDA";"";"Presencial";
"1224569";"01";"5755571";"";"";"2048112";"GRADUAÇÃO";"Campus Caicó";"a definir";"2014";"1";"2014-01-27";"2014-06-14";"6M12345  3T1";"";"50";"REGULAR";"f";"";"f";"";"";"EXCLUÍDA";"";"Presencial";
"1224570";"01";"5752388";"";"";"55245";"GRADUAÇÃO";"Campus Central";"4 H4";"2014";"1";"2014-02-04";"2014-03-08";"3M2345 (04/02/2014 - 25/02/2014), 6M34 (07/03/2014 - 08/03/2014)";"19";"20";"REGULAR";"f";"2014-06-16 19:57:02.4";"f";"";"18";"CONSOLIDADA";"";"Presencial";
"1224571";"01";"5755413";"";"";"55158";"GRADUAÇÃO";"Campus Central";"4 H2";"2014";"1";"2014-03-06";"2014-05-22";"5T23456 (06/03/2014 - 07/03/2014),  5T23456 (10/04/2014 - 11/04/2014),  35T2345 (20/05/2014 - 22/05/2014)";"18";"20";"REGULAR";"f";"2014-06-20 17:16:14.358";"f";"";"18";"CONSOLIDADA";"";"Presencial";
"1224571";"01";"5753647";"";"";"55158";"GRADUAÇÃO";"Campus Central";"4 H2";"2014";"1";"2014-03-06";"2014-05-22";"5T23456 (06/03/2014 - 07/03/2014),  5T23456 (10/04/2014 - 11/04/2014),  35T2345 (20/05/2014 - 22/05/2014)";"18";"20";"REGULAR";"f";"2014-06-20 17:16:14.358";"f";"";"18";"CONSOLIDADA";"";"Presencial";
"1224572";"01";"21589";"";"";"55159";"GRADUAÇÃO";"Campus Central";"4 H2";"2014";"1";"2014-01-28";"2014-06-06";"3T56  3N1 (28/01/2014 - 04/02/2014),  5T23456 (06/02/2014 - 27/02/2014),  35T23456 (11/03/2014 - 13/03/2014),  5T2345 (20/03/2014 - 21/03/2014),  5T23456 (27/03/2014 - 03/04/2014),  3T23456 (08/04/2014 - 22/04/2014),  5T23456 (24/04/2014 - 25/04/2014),  35T23456 (06/05/2014 - 08/05/2014),  3T2345 (13/05/2014 - 14/05/2014),  5T23456 (15/05/2014 - 16/05/2014),  3T2345 (27/05/2014 - 28/05/2014),  35T23456 (29/05/2014 - 03/06/2014),  6T23456 (05/06/2014 - 06/06/2014)";"19";"20";"REGULAR";"f";"2014-06-18 17:34:22.614";"f";"";"121";"CONSOLIDADA";"";"Presencial";
"1224572";"01";"24346";"";"";"55159";"GRADUAÇÃO";"Campus Central";"4 H2";"2014";"1";"2014-01-28";"2014-06-06";"3T56  3N1 (28/01/2014 - 04/02/2014),  5T23456 (06/02/2014 - 27/02/2014),  35T23456 (11/03/2014 - 13/03/2014),  5T2345 (20/03/2014 - 21/03/2014),  5T23456 (27/03/2014 - 03/04/2014),  3T23456 (08/04/2014 - 22/04/2014),  5T23456 (24/04/2014 - 25/04/2014),  35T23456 (06/05/2014 - 08/05/2014),  3T2345 (13/05/2014 - 14/05/2014),  5T23456 (15/05/2014 - 16/05/2014),  3T2345 (27/05/2014 - 28/05/2014),  35T23456 (29/05/2014 - 03/06/2014),  6T23456 (05/06/2014 - 06/06/2014)";"19";"20";"REGULAR";"f";"2014-06-18 17:34:22.614";"f";"";"121";"CONSOLIDADA";"";"Presencial";
"1224572";"01";"26646";"";"";"55159";"GRADUAÇÃO";"Campus Central";"4 H2";"2014";"1";"2014-01-28";"2014-06-06";"3T56  3N1 (28/01/2014 - 04/02/2014),  5T23456 (06/02/2014 - 27/02/2014),  35T23456 (11/03/2014 - 13/03/2014),  5T2345 (20/03/2014 - 21/03/2014),  5T23456 (27/03/2014 - 03/04/2014),  3T23456 (08/04/2014 - 22/04/2014),  5T23456 (24/04/2014 - 25/04/2014),  35T23456 (06/05/2014 - 08/05/2014),  3T2345 (13/05/2014 - 14/05/2014),  5T23456 (15/05/2014 - 16/05/2014),  3T2345 (27/05/2014 - 28/05/2014),  35T23456 (29/05/2014 - 03/06/2014),  6T23456 (05/06/2014 - 06/06/2014)";"19";"20";"REGULAR";"f";"2014-06-18 17:34:22.614";"f";"";"121";"CONSOLIDADA";"";"Presencial";
"1224576";"01";"5751599";"";"";"27960";"GRADUAÇÃO";"Campus Central";"Sala 24";"2014";"1";"2014-01-27";"2014-06-14";"25M34";"13";"40";"REGULAR";"f";"2014-06-18 12:23:02.579";"f";"";"66";"CONSOLIDADA";"";"Presencial";
"1224577";"01";"22886";"";"";"23890";"GRADUAÇÃO";"Campus Central";"Sala 24";"2014";"1";"2014-01-27";"2014-06-14";"25M12";"15";"30";"REGULAR";"f";"2014-06-18 10:56:10.192";"f";"";"66";"CONSOLIDADA";"";"Presencial";
"1224578";"01";"5752179";"";"";"27981";"GRADUAÇÃO";"Campus Central";"Sala 24";"2014";"1";"2014-01-27";"2014-06-14";"36M12";"16";"50";"REGULAR";"f";"2014-06-09 15:22:24.075";"f";"";"66";"CONSOLIDADA";"";"Presencial";
"1224579";"01";"5752202";"";"";"23945";"GRADUAÇÃO";"Campus Central";"Sala 23";"2014";"1";"2014-01-27";"2014-06-14";"25M56";"24";"50";"REGULAR";"f";"2014-06-12 14:12:42.486";"f";"";"70";"CONSOLIDADA";"";"Presencial";
"1224580";"01";"5755059";"";"";"27949";"GRADUAÇÃO";"Campus Central";"Sala 23";"2014";"1";"2014-01-27";"2014-06-14";"3M43 6M34";"23";"30";"REGULAR";"f";"2014-06-19 11:11:14.357";"f";"";"70";"CONSOLIDADA";"";"Presencial";
"1224581";"01";"5752921";"";"";"24702";"GRADUAÇÃO";"Campus Central";"Sala 24";"2014";"1";"2014-01-27";"2014-06-14";"25M56";"16";"50";"REGULAR";"f";"2014-06-12 22:07:16.285";"f";"";"70";"CONSOLIDADA";"";"Presencial";
"1224582";"01";"22193";"";"";"23989";"GRADUAÇÃO";"Campus Central";"Sala 24";"2014";"1";"2014-01-27";"2014-06-14";"36M34";"9";"50";"REGULAR";"f";"2014-06-18 23:50:18.658";"f";"";"74";"CONSOLIDADA";"";"Presencial";
"1224583";"01";"35466";"";"";"27958";"GRADUAÇÃO";"Campus Central";"Sala 21";"2014";"1";"2014-01-27";"2014-06-14";"2M56";"2";"10";"REGULAR";"f";"2014-06-20 17:50:47.751";"f";"";"36";"CONSOLIDADA";"";"Presencial";
"1224584";"01";"5752917";"";"";"27986";"GRADUAÇÃO";"Campus Central";"LAMUCO";"2014";"1";"2014-01-27";"2014-06-14";"35M34";"6";"16";"REGULAR";"f";"2014-06-10 16:05:31.178";"f";"";"66";"CONSOLIDADA";"";"Presencial";
"1224585";"01";"5752921";"";"";"23991";"GRADUAÇÃO";"Campus Central";"Sala 24";"2014";"1";"2014-01-27";"2014-06-14";"36M56";"18";"50";"REGULAR";"f";"2014-06-13 12:09:41.546";"f";"";"70";"CONSOLIDADA";"";"Presencial";
"1224586";"01";"35466";"";"";"23886";"GRADUAÇÃO";"Campus Central";"Sala 21";"2014";"1";"2014-01-27";"2014-06-14";"6M56";"1";"10";"REGULAR";"f";"2014-06-14 17:12:37.557";"f";"";"38";"CONSOLIDADA";"";"Presencial";
"1224587";"01";"5755059";"";"";"27953";"GRADUAÇÃO";"Campus Central";"LAMUCO";"2014";"1";"2014-01-27";"2014-06-14";"25M34";"19";"16";"REGULAR";"f";"2014-06-19 12:12:06.969";"f";"";"70";"CONSOLIDADA";"";"Presencial";
"1224588";"01";"5756365";"";"";"27989";"GRADUAÇÃO";"Campus Central";"Sala 23";"2014";"1";"2014-01-27";"2014-06-14";"3M56";"19";"50";"REGULAR";"f";"2014-06-12 00:00:30.501";"f";"";"34";"CONSOLIDADA";"";"Presencial";
"1224589";"01";"22193";"";"";"27992";"GRADUAÇÃO";"Campus Central";"Sala 25";"2014";"1";"2014-01-27";"2014-06-14";"6M56";"15";"50";"REGULAR";"f";"2014-06-20 19:25:19.117";"f";"";"36";"CONSOLIDADA";"";"Presencial";
"1224591";"01A";"34292";"";"";"45260";"GRADUAÇÃO";"Campus Central";"CB - Bloco das árvores - Sala Juazeiro";"2014";"1";"2014-01-27";"2014-06-14";"25N34";"9";"40";"REGULAR";"f";"";"f";"1224590";"";"EXCLUÍDA";"";"Presencial";
"1224591";"01A";"5753092";"";"";"45260";"GRADUAÇÃO";"Campus Central";"CB - Bloco das árvores - Sala Juazeiro";"2014";"1";"2014-01-27";"2014-06-14";"25N34";"9";"40";"REGULAR";"f";"";"f";"1224590";"";"EXCLUÍDA";"";"Presencial";
"1224593";"01A";"3527585";"";"";"25853";"GRADUAÇÃO";"Campus Central";"Sala de aula da Física - CB - Piso Superior";"2014";"1";"2014-01-27";"2014-06-14";"24M12";"23";"20";"REGULAR";"f";"2014-06-10 09:05:00.417";"f";"1224592";"72";"CONSOLIDADA";"";"Presencial";
"1224593";"01A";"5755322";"";"";"25853";"GRADUAÇÃO";"Campus Central";"Sala de aula da Física - CB - Piso Superior";"2014";"1";"2014-01-27";"2014-06-14";"24M12";"23";"20";"REGULAR";"f";"2014-06-10 09:05:00.417";"f";"1224592";"72";"CONSOLIDADA";"";"Presencial";
"1224595";"01A";"5753084";"";"";"45259";"GRADUAÇÃO";"Campus Central";"Lab. Biofísica Computacional CB Piso superior";"2014";"1";"2014-01-27";"2014-06-14";"24N12";"1";"10";"REGULAR";"f";"";"f";"1224594";"";"EXCLUÍDA";"";"Presencial";
"1224597";"02A";"25126";"";"";"45259";"GRADUAÇÃO";"Campus Central";"Sala II DBF - Piso Superior";"2014";"1";"2014-01-27";"2014-06-14";"6M1234";"24";"20";"REGULAR";"f";"2014-06-20 14:32:38.279";"f";"1224596";"68";"CONSOLIDADA";"";"Presencial";
"1224598";"03";"18154";"";"";"23499";"GRADUAÇÃO";"Campus Central";"3B3";"2014";"1";"2014-01-27";"2014-06-14";"246M12";"42";"40";"REGULAR";"f";"2014-06-18 15:21:17.051";"f";"";"106";"CONSOLIDADA";"";"Presencial";
"1224599";"10";"21618";"";"";"25247";"GRADUAÇÃO";"Campus Central";"3E1";"2014";"1";"2014-01-27";"2014-06-14";"35M56";"10";"40";"REGULAR";"f";"2014-06-20 11:38:03.474";"f";"";"72";"CONSOLIDADA";"";"Presencial";
"1224600";"11";"62353";"";"";"25247";"GRADUAÇÃO";"Campus Central";"3A3";"2014";"1";"2014-01-27";"2014-06-14";"35M56";"20";"40";"REGULAR";"f";"2014-06-19 15:24:51.215";"f";"";"68";"CONSOLIDADA";"";"Presencial";
"1224601";"04";"5756412";"";"";"21753";"GRADUAÇÃO";"Campus Central";"3E1";"2014";"1";"2014-01-27";"2014-06-14";"35M12";"41";"40";"REGULAR";"f";"2014-06-17 12:21:44.297";"f";"";"84";"CONSOLIDADA";"";"Presencial";
"1224605";"01";"22142";"";"";"48209";"GRADUAÇÃO";"Campus Caicó";"B7";"2014";"1";"2014-01-27";"2014-06-14";"5T1234";"42";"45";"REGULAR";"f";"2014-06-10 09:17:07.141";"f";"";"68";"CONSOLIDADA";"";"Presencial";
"1224606";"01";"5755903";"";"";"2048124";"GRADUAÇÃO";"Campus Caicó";"SALA A10";"2014";"1";"2014-01-27";"2014-06-14";"2M1234";"4";"50";"REGULAR";"f";"2014-06-17 23:39:07.059";"f";"";"72";"CONSOLIDADA";"";"Presencial";
"1224607";"01";"5754350";"";"";"42074";"GRADUAÇÃO";"Campus Caicó";"a definir";"2014";"1";"2014-01-27";"2014-06-14";"2T56  2N1234";"58";"45";"REGULAR";"f";"2014-06-13 00:30:08.721";"f";"";"108";"CONSOLIDADA";"";"Presencial";
"1224608";"01";"5751838";"";"";"54835";"STRICTO SENSU";"";"4F2";"2014";"1";"2014-01-27";"2014-06-14";"24M34";"7";"20";"REGULAR";"f";"2014-06-26 11:29:03.736";"f";"";"68";"CONSOLIDADA";"";"Presencial";
"1224609";"01";"5752017";"";"";"47323";"FORMAÇÃO COMPLEMENTAR";"";"2-i-7";"2014";"1";"2014-02-10";"2014-06-14";"24M56";"";"20";"REGULAR";"f";"2014-06-17 14:24:26.031";"f";"";"66";"CONSOLIDADA";"";"Presencial";
"1224610";"02";"5752017";"";"";"47323";"FORMAÇÃO COMPLEMENTAR";"";"2-i-7";"2014";"1";"2014-02-10";"2014-06-14";"24T56";"";"20";"REGULAR";"f";"2014-06-17 14:28:08.944";"f";"";"62";"CONSOLIDADA";"";"Presencial";
"1224611";"03";"5752017";"";"";"47323";"FORMAÇÃO COMPLEMENTAR";"";"2-i-7";"2014";"1";"2014-02-10";"2014-06-14";"35M56";"";"20";"REGULAR";"f";"2014-06-17 14:29:36.25";"f";"";"66";"CONSOLIDADA";"";"Presencial";
"1224612";"04";"5752017";"";"";"47323";"FORMAÇÃO COMPLEMENTAR";"";"2-i-7";"2014";"1";"2014-02-10";"2014-06-14";"35T56";"";"20";"REGULAR";"f";"2014-06-17 14:31:39.621";"f";"";"60";"CONSOLIDADA";"";"Presencial";
"1224613";"05";"5752017";"";"";"47323";"FORMAÇÃO COMPLEMENTAR";"";"2-i-8";"2014";"1";"2014-02-10";"2014-06-14";"35T56";"";"21";"REGULAR";"f";"2014-06-17 14:41:10.536";"f";"";"58";"CONSOLIDADA";"";"Presencial";
"1224614";"06";"5752017";"";"";"47323";"FORMAÇÃO COMPLEMENTAR";"";"2-i-9";"2014";"1";"2014-02-10";"2014-06-14";"7M2345";"";"20";"REGULAR";"f";"2014-06-17 14:42:52.078";"f";"";"68";"CONSOLIDADA";"";"Presencial";
"1224615";"07";"5752017";"";"";"47323";"FORMAÇÃO COMPLEMENTAR";"";"2-i-10";"2014";"1";"2014-02-10";"2014-06-14";"7M2345";"";"20";"REGULAR";"f";"2014-06-17 14:44:57.634";"f";"";"64";"CONSOLIDADA";"";"Presencial";
"1224616";"01";"5752017";"";"";"47324";"FORMAÇÃO COMPLEMENTAR";"";"2-i-9";"2014";"1";"2014-02-10";"2014-06-14";"24T56";"";"20";"REGULAR";"f";"2014-06-17 14:48:58.858";"f";"";"60";"CONSOLIDADA";"";"Presencial";
"1224617";"02";"5752017";"";"";"47324";"FORMAÇÃO COMPLEMENTAR";"";"2-i-9";"2014";"1";"2014-02-10";"2014-06-14";"35M56";"";"23";"REGULAR";"f";"2014-06-17 14:50:59.246";"f";"";"62";"CONSOLIDADA";"";"Presencial";
"1224618";"03";"5752017";"";"";"47324";"FORMAÇÃO COMPLEMENTAR";"";"2-i-9";"2014";"1";"2014-02-10";"2014-06-14";"35T56";"";"26";"REGULAR";"f";"2014-06-17 14:52:56.936";"f";"";"64";"CONSOLIDADA";"";"Presencial";
"1224619";"04";"5752017";"";"";"47324";"FORMAÇÃO COMPLEMENTAR";"";"2-i-11";"2014";"1";"2014-02-10";"2014-06-14";"7M2345";"";"20";"REGULAR";"f";"2014-06-17 14:55:08.959";"f";"";"72";"CONSOLIDADA";"";"Presencial";
"1224620";"05";"5752017";"";"";"47324";"FORMAÇÃO COMPLEMENTAR";"";"2-i-12";"2014";"1";"2014-02-10";"2014-06-14";"7M2345";"";"20";"REGULAR";"f";"2014-06-17 15:06:54.532";"f";"";"60";"CONSOLIDADA";"";"Presencial";
"1224621";"01";"5752017";"";"";"47325";"FORMAÇÃO COMPLEMENTAR";"";"2-i-8";"2014";"1";"2014-02-10";"2014-06-14";"35M56";"";"22";"REGULAR";"f";"2014-06-17 15:09:08.947";"f";"";"64";"CONSOLIDADA";"";"Presencial";
"1224622";"02";"5752017";"";"";"47325";"FORMAÇÃO COMPLEMENTAR";"";"2-i-20";"2014";"1";"2014-02-10";"2014-06-14";"24T56";"";"21";"REGULAR";"f";"2014-06-17 15:25:35.421";"f";"";"66";"CONSOLIDADA";"";"Presencial";
"1224623";"03";"5752017";"";"";"47325";"FORMAÇÃO COMPLEMENTAR";"";"2-i-20";"2014";"1";"2014-02-10";"2014-06-14";"7M2345";"";"24";"REGULAR";"f";"2014-06-17 15:15:50.185";"f";"";"60";"CONSOLIDADA";"";"Presencial";
"1224624";"01";"5752017";"";"";"47326";"FORMAÇÃO COMPLEMENTAR";"";"2-F-1";"2014";"1";"2014-02-10";"2014-06-14";"35M56";"";"20";"REGULAR";"f";"2014-06-17 15:19:50.44";"f";"";"66";"CONSOLIDADA";"";"Presencial";
"1224625";"02";"5752017";"";"";"47326";"FORMAÇÃO COMPLEMENTAR";"";"2-H-9";"2014";"1";"2014-02-10";"2014-06-14";"24T56";"";"20";"REGULAR";"f";"2014-06-17 15:21:21.327";"f";"";"66";"CONSOLIDADA";"";"Presencial";
"1224626";"03";"5752017";"";"";"47326";"FORMAÇÃO COMPLEMENTAR";"";"2-i-14";"2014";"1";"2014-02-10";"2014-06-14";"7M2345";"";"20";"REGULAR";"f";"2014-06-17 15:23:16.943";"f";"";"72";"CONSOLIDADA";"";"Presencial";
"1224627";"01";"5752017";"";"";"47359";"FORMAÇÃO COMPLEMENTAR";"";"2-i-15";"2014";"1";"2014-02-10";"2014-06-14";"35M56";"";"20";"REGULAR";"f";"2014-06-17 15:43:48.71";"f";"";"64";"CONSOLIDADA";"";"Presencial";
"1224628";"01";"5752017";"";"";"47360";"FORMAÇÃO COMPLEMENTAR";"";"2-H-8";"2014";"1";"2014-02-10";"2014-06-14";"24T56";"";"20";"REGULAR";"f";"2014-06-17 14:16:31.09";"f";"";"60";"CONSOLIDADA";"";"Presencial";
"1224629";"01";"5752763";"";"";"47327";"FORMAÇÃO COMPLEMENTAR";"";"2-i-5";"2014";"1";"2014-02-10";"2014-06-14";"24M56";"";"20";"REGULAR";"f";"2014-06-14 20:06:36.065";"f";"";"62";"CONSOLIDADA";"";"Presencial";
"1224630";"02";"5752763";"";"";"47327";"FORMAÇÃO COMPLEMENTAR";"";"2-i-21";"2014";"1";"2014-02-10";"2014-06-14";"35M56";"";"20";"REGULAR";"f";"2014-06-14 20:18:58.403";"f";"";"60";"CONSOLIDADA";"";"Presencial";
"1224631";"03";"5752763";"";"";"47327";"FORMAÇÃO COMPLEMENTAR";"";"2-E-3";"2014";"1";"2014-02-10";"2014-06-14";"24T56";"";"21";"REGULAR";"f";"2014-06-14 20:20:10.602";"f";"";"60";"CONSOLIDADA";"";"Presencial";
"1224632";"01";"5751765";"";"";"47334";"FORMAÇÃO COMPLEMENTAR";"";"A DEFINIR";"2014";"1";"2014-02-10";"2014-06-14";"35T56";"";"20";"REGULAR";"f";"";"f";"";"";"EXCLUÍDA";"";"Presencial";
"1224633";"01";"5752763";"";"";"47328";"FORMAÇÃO COMPLEMENTAR";"";"2-D-4";"2014";"1";"2014-02-10";"2014-06-14";"35T56";"";"20";"REGULAR";"f";"2014-06-14 20:13:47.985";"f";"";"60";"CONSOLIDADA";"";"Presencial";
"1224634";"01";"22990";"";"";"47329";"FORMAÇÃO COMPLEMENTAR";"";"2-i-13";"2014";"1";"2014-02-10";"2014-06-14";"24M56";"";"20";"REGULAR";"f";"2014-06-15 12:38:14.673";"f";"";"64";"CONSOLIDADA";"";"Presencial";
"1224635";"02";"22990";"";"";"47329";"FORMAÇÃO COMPLEMENTAR";"";"2-i-12";"2014";"1";"2014-02-10";"2014-06-14";"24T56";"";"20";"REGULAR";"f";"2014-06-15 12:40:50.551";"f";"";"58";"CONSOLIDADA";"";"Presencial";
"1224636";"03";"22990";"";"";"47329";"FORMAÇÃO COMPLEMENTAR";"";"2-i-12";"2014";"1";"2014-02-10";"2014-06-14";"35M56";"";"20";"REGULAR";"f";"2014-06-15 12:43:05.813";"f";"";"66";"CONSOLIDADA";"";"Presencial";
"1224637";"04";"22990";"";"";"47329";"FORMAÇÃO COMPLEMENTAR";"";"2-i-12";"2014";"1";"2014-02-10";"2014-06-14";"35T56";"";"21";"REGULAR";"f";"2014-06-15 13:01:21.379";"f";"";"62";"CONSOLIDADA";"";"Presencial";
"1224638";"05";"22990";"";"";"47329";"FORMAÇÃO COMPLEMENTAR";"";"2-i-15";"2014";"1";"2014-02-10";"2014-06-14";"7M2345";"";"20";"REGULAR";"f";"2014-06-15 13:04:37.931";"f";"";"64";"CONSOLIDADA";"";"Presencial";
"1224639";"01";"22990";"";"";"47330";"FORMAÇÃO COMPLEMENTAR";"";"2-i-9";"2014";"1";"2014-02-10";"2014-06-14";"24M56";"";"20";"REGULAR";"f";"2014-06-15 13:06:31.395";"f";"";"60";"CONSOLIDADA";"";"Presencial";
"1224640";"02";"22990";"";"";"47330";"FORMAÇÃO COMPLEMENTAR";"";"2-D-1";"2014";"1";"2014-02-10";"2014-06-14";"24T56";"";"20";"REGULAR";"f";"2014-06-15 13:08:01.039";"f";"";"58";"CONSOLIDADA";"";"Presencial";
"1224641";"03";"22990";"";"";"47330";"FORMAÇÃO COMPLEMENTAR";"";"2-H-6";"2014";"1";"2014-02-10";"2014-06-14";"35T56";"";"20";"REGULAR";"f";"2014-06-15 13:09:44.977";"f";"";"66";"CONSOLIDADA";"";"Presencial";
"1224642";"04";"22990";"";"";"47330";"FORMAÇÃO COMPLEMENTAR";"";"2-G-3";"2014";"1";"2014-02-10";"2014-06-14";"7M2345";"";"20";"REGULAR";"f";"2014-06-15 13:11:41.51";"f";"";"68";"CONSOLIDADA";"";"Presencial";
"1224643";"01";"22990";"";"";"47331";"FORMAÇÃO COMPLEMENTAR";"";"2-H-6";"2014";"1";"2014-02-10";"2014-06-14";"24T56";"";"20";"REGULAR";"f";"2014-06-15 13:14:29.457";"f";"";"62";"CONSOLIDADA";"";"Presencial";
"1224644";"02";"22990";"";"";"47331";"FORMAÇÃO COMPLEMENTAR";"";"2-i-22";"2014";"1";"2014-02-10";"2014-06-14";"35M56";"";"20";"REGULAR";"f";"2014-06-15 13:15:48.134";"f";"";"56";"CONSOLIDADA";"";"Presencial";
"1224645";"01";"22990";"";"";"47332";"FORMAÇÃO COMPLEMENTAR";"";"2-H-5";"2014";"1";"2014-02-10";"2014-06-14";"35T56";"";"20";"REGULAR";"f";"2014-06-15 13:18:24.378";"f";"";"62";"CONSOLIDADA";"";"Presencial";
"1224646";"01";"22990";"";"";"47361";"FORMAÇÃO COMPLEMENTAR";"";"2-i-15";"2014";"1";"2014-02-10";"2014-06-14";"24M56";"";"20";"REGULAR";"f";"2014-06-15 12:34:16.418";"f";"";"58";"CONSOLIDADA";"";"Presencial";
"1224647";"01";"5752763";"";"";"47333";"FORMAÇÃO COMPLEMENTAR";"";"2-i-20";"2014";"1";"2014-02-10";"2014-06-14";"24M56";"";"20";"REGULAR";"f";"2014-06-14 19:58:27.847";"f";"";"60";"CONSOLIDADA";"";"Presencial";
"1224648";"01";"5752165";"";"";"47335";"FORMAÇÃO COMPLEMENTAR";"";"2-i-22";"2014";"1";"2014-02-10";"2014-06-14";"24M56";"";"20";"REGULAR";"f";"2014-06-18 19:35:27.246";"f";"";"62";"CONSOLIDADA";"";"Presencial";
"1224649";"02";"5752165";"";"";"47335";"FORMAÇÃO COMPLEMENTAR";"";"2-H-5";"2014";"1";"2014-02-10";"2014-06-14";"24T56";"";"20";"REGULAR";"f";"2014-06-18 19:36:32.681";"f";"";"62";"CONSOLIDADA";"";"Presencial";
"1224650";"03";"5752165";"";"";"47335";"FORMAÇÃO COMPLEMENTAR";"";"2-i-14";"2014";"1";"2014-02-10";"2014-06-14";"35M56";"";"20";"REGULAR";"f";"2014-06-18 20:02:33.923";"f";"";"62";"CONSOLIDADA";"";"Presencial";
"1224651";"04";"5752165";"";"";"47335";"FORMAÇÃO COMPLEMENTAR";"";"2-H-4";"2014";"1";"2014-02-10";"2014-06-14";"35T56";"";"20";"REGULAR";"f";"2014-06-18 20:01:41.767";"f";"";"60";"CONSOLIDADA";"";"Presencial";
"1224652";"05";"5752165";"";"";"47335";"FORMAÇÃO COMPLEMENTAR";"";"2-H-9";"2014";"1";"2014-02-10";"2014-06-14";"7M2345";"";"20";"REGULAR";"f";"2014-06-18 20:00:32.753";"f";"";"64";"CONSOLIDADA";"";"Presencial";
"1224653";"01";"5752165";"";"";"47336";"FORMAÇÃO COMPLEMENTAR";"";"2-H-4";"2014";"1";"2014-02-10";"2014-06-14";"24T56";"";"20";"REGULAR";"f";"2014-06-18 19:59:19.195";"f";"";"60";"CONSOLIDADA";"";"Presencial";
"1224654";"02";"5752165";"";"";"47336";"FORMAÇÃO COMPLEMENTAR";"";"2-H-9";"2014";"1";"2014-02-10";"2014-06-14";"35M56";"";"20";"REGULAR";"f";"2014-06-18 19:58:14.242";"f";"";"58";"CONSOLIDADA";"";"Presencial";
"1224655";"03";"5752165";"";"";"47336";"FORMAÇÃO COMPLEMENTAR";"";"2-H-10";"2014";"1";"2014-02-10";"2014-06-14";"7M2345";"";"20";"REGULAR";"f";"2014-06-18 19:57:18.304";"f";"";"64";"CONSOLIDADA";"";"Presencial";
"1224656";"01";"5752165";"";"";"47337";"FORMAÇÃO COMPLEMENTAR";"";"2-H-5";"2014";"1";"2014-02-10";"2014-06-14";"35M56";"";"20";"REGULAR";"f";"2014-06-18 19:52:42.835";"f";"";"62";"CONSOLIDADA";"";"Presencial";
"1224657";"02";"5752165";"";"";"47337";"FORMAÇÃO COMPLEMENTAR";"";"2-H-2";"2014";"1";"2014-02-10";"2014-06-14";"24T56";"";"20";"REGULAR";"f";"2014-06-18 19:51:16.835";"f";"";"58";"CONSOLIDADA";"";"Presencial";
"1224659";"03";"5752165";"";"";"47337";"FORMAÇÃO COMPLEMENTAR";"";"2-H-6";"2014";"1";"2014-02-10";"2014-06-14";"7M2345";"";"20";"REGULAR";"f";"2014-06-18 19:50:08.739";"f";"";"64";"CONSOLIDADA";"";"Presencial";
"1224660";"01";"5752165";"";"";"47338";"FORMAÇÃO COMPLEMENTAR";"";"2-E-4";"2014";"1";"2014-02-10";"2014-06-14";"24T56";"";"20";"REGULAR";"f";"2014-06-18 19:49:16.001";"f";"";"62";"CONSOLIDADA";"";"Presencial";
"1224661";"01";"5752165";"";"";"47363";"FORMAÇÃO COMPLEMENTAR";"";"2-E-4";"2014";"1";"2014-02-10";"2014-06-14";"35T56";"";"20";"REGULAR";"f";"2014-06-18 19:34:21.385";"f";"";"58";"CONSOLIDADA";"";"Presencial";
"1224662";"01";"5752763";"";"";"47339";"FORMAÇÃO COMPLEMENTAR";"";"2-E-3";"2014";"1";"2014-02-10";"2014-06-14";"35T56";"";"20";"REGULAR";"f";"2014-06-14 20:01:15.2";"f";"";"64";"CONSOLIDADA";"";"Presencial";
"1224663";"01";"5752796";"";"";"54185";"FORMAÇÃO COMPLEMENTAR";"";"2-A-2";"2014";"1";"2014-02-10";"2014-06-14";"35T34";"";"20";"REGULAR";"f";"2014-06-18 20:59:17.436";"f";"";"58";"CONSOLIDADA";"";"Presencial";
"1224664";"01";"5752796";"";"";"54186";"FORMAÇÃO COMPLEMENTAR";"";"2-H-9";"2014";"1";"2014-02-10";"2014-06-14";"24T34";"";"20";"REGULAR";"f";"2014-06-20 19:15:47.561";"f";"";"56";"CONSOLIDADA";"";"Presencial";
"1224665";"01";"5752796";"";"";"54187";"FORMAÇÃO COMPLEMENTAR";"";"2-i-21";"2014";"1";"2014-02-10";"2014-06-14";"35T56";"";"20";"REGULAR";"f";"2014-06-18 21:00:19.008";"f";"";"58";"CONSOLIDADA";"";"Presencial";
"1224666";"01";"5752796";"";"";"54188";"FORMAÇÃO COMPLEMENTAR";"";"2-i-21";"2014";"1";"2014-02-10";"2014-06-14";"24T56";"";"20";"REGULAR";"f";"2014-06-20 19:07:38.219";"f";"";"56";"CONSOLIDADA";"";"Presencial";
"1224667";"01";"5753605";"";"";"47347";"FORMAÇÃO COMPLEMENTAR";"";"2-E-2";"2014";"1";"2014-02-10";"2014-06-14";"24T56";"";"20";"REGULAR";"f";"2014-06-16 15:38:29.339";"f";"";"64";"CONSOLIDADA";"";"Presencial";
"1224668";"02";"5753605";"";"";"47347";"FORMAÇÃO COMPLEMENTAR";"";"2-A-3";"2014";"1";"2014-02-10";"2014-06-14";"35T56";"";"20";"REGULAR";"f";"2014-06-16 15:39:54.063";"f";"";"62";"CONSOLIDADA";"";"Presencial";
"1224669";"01";"5753605";"";"";"47348";"FORMAÇÃO COMPLEMENTAR";"";"2-B-4";"2014";"1";"2014-02-10";"2014-06-14";"24T56";"";"20";"REGULAR";"f";"2014-06-16 15:36:21.591";"f";"";"58";"CONSOLIDADA";"";"Presencial";
"1224670";"01";"5753605";"";"";"47349";"FORMAÇÃO COMPLEMENTAR";"";"2-H-10";"2014";"1";"2014-02-10";"2014-06-14";"35T56";"";"20";"REGULAR";"f";"2014-06-16 15:34:05.068";"f";"";"60";"CONSOLIDADA";"";"Presencial";
"1224671";"02";"18649";"";"";"25146";"GRADUAÇÃO";"Campus Central";"2G5";"2014";"1";"2014-01-27";"2014-06-14";"3N1234";"34";"30";"REGULAR";"f";"2014-06-14 20:39:18.047";"f";"";"72";"CONSOLIDADA";"";"Presencial";
"1224672";"01";"22990";"";"";"53231";"FORMAÇÃO COMPLEMENTAR";"";"2-H-7";"2014";"1";"2014-02-10";"2014-06-14";"24T56";"";"20";"REGULAR";"f";"2014-06-15 13:19:59.522";"f";"";"62";"CONSOLIDADA";"";"Presencial";
"1224673";"01";"22990";"";"";"53232";"FORMAÇÃO COMPLEMENTAR";"";"A DEFINIR";"2014";"1";"2014-02-10";"2014-06-14";"24M56";"";"20";"REGULAR";"f";"2014-06-15 13:21:03.06";"f";"";"62";"CONSOLIDADA";"";"Presencial";
"1224674";"01";"24345";"";"";"37105";"STRICTO SENSU";"";"setor 4, bloco G, sala 5 (4G5)";"2014";"1";"2014-02-03";"2014-07-31";"6M2345";"47";"45";"REGULAR";"f";"2014-07-29 17:09:55.151";"f";"";"88";"CONSOLIDADA";"";"Presencial";
"1224675";"01";"24852";"";"";"37079";"STRICTO SENSU";"";"A confirmar";"2014";"1";"2014-02-03";"2014-07-31";"3N1234";"42";"45";"REGULAR";"f";"2014-12-03 21:56:48.369";"f";"";"74";"CONSOLIDADA";"";"Presencial";
"1224676";"01";"24345";"";"";"37113";"STRICTO SENSU";"";"A definir";"2014";"1";"2014-02-03";"2014-07-31";"6T12";"7";"6";"REGULAR";"f";"2014-07-29 17:20:55.647";"f";"";"44";"CONSOLIDADA";"";"Presencial";
"1224677";"01";"16988";"";"";"37109";"STRICTO SENSU";"";"setor 3, bloco E, sala 2 (3E2)";"2014";"1";"2014-02-03";"2014-07-31";"2T12";"43";"40";"REGULAR";"f";"2014-06-26 14:02:38.077";"f";"";"32";"CONSOLIDADA";"";"Presencial";
"1224678";"01";"5753046";"";"";"53285";"LATO SENSU";"";"DEF";"2014";"1";"2014-01-27";"2014-02-01";"7M2345  7T2345  123456N12345 (27/01/2014 - 01/02/2014)";"";"50";"REGULAR";"f";"2014-08-04 10:01:51.574";"f";"";"23";"CONSOLIDADA";"";"Presencial";
"1224678";"01";"5755233";"";"";"53285";"LATO SENSU";"";"DEF";"2014";"1";"2014-01-27";"2014-02-01";"7M2345  7T2345  123456N12345 (27/01/2014 - 01/02/2014)";"";"50";"REGULAR";"f";"2014-08-04 10:01:51.574";"f";"";"23";"CONSOLIDADA";"";"Presencial";
"1224679";"01";"21409";"";"";"25649";"GRADUAÇÃO";"Campus Central";"2-H-5";"2014";"1";"2014-01-27";"2014-06-14";"35N12";"46";"45";"REGULAR";"f";"2014-06-21 23:05:47.926";"f";"";"66";"CONSOLIDADA";"";"Presencial";
"1224680";"02";"21409";"";"";"25649";"GRADUAÇÃO";"Campus Central";"2-H-1";"2014";"1";"2014-01-27";"2014-06-14";"35N34";"25";"45";"REGULAR";"f";"2014-06-21 23:08:26.362";"f";"";"66";"CONSOLIDADA";"";"Presencial";
"1224681";"01";"64472";"";"3ª e 5ª feira, das 14h às 18h.";"40355";"STRICTO SENSU";"";"Lab. LoLITA - DIMAP";"2014";"1";"2014-02-03";"2014-06-14";"35T36";"3";"30";"REGULAR";"f";"2014-06-06 16:05:59.843";"f";"";"66";"CONSOLIDADA";"";"Presencial";
"1224682";"01";"";"99505773";"3ª e 5ª, das 09:55h às 12h.";"40369";"STRICTO SENSU";"";"SETOR II - Sala H3";"2014";"1";"2014-02-03";"2014-06-14";"5M4";"2";"30";"REGULAR";"f";"2014-07-07 22:42:21.725";"f";"";"16";"CONSOLIDADA";"";"Presencial";
"1224683";"01";"25431";"";"3ª feira, das 09h às 12h.";"40358";"STRICTO SENSU";"";"SETOR II - Sala F2";"2014";"1";"2014-02-03";"2014-06-14";"3M3456";"9";"30";"REGULAR";"f";"2014-12-08 20:58:51.647";"f";"";"72";"CONSOLIDADA";"";"Presencial";
"1224684";"01";"5755540";"";"4ª feira, das 14h às 17h.";"40332";"STRICTO SENSU";"";"SETOR II - Sala D4";"2014";"1";"2014-02-03";"2014-06-14";"4T234";"10";"30";"REGULAR";"f";"2014-09-24 19:56:13.435";"f";"";"48";"CONSOLIDADA";"";"Presencial";
"1224685";"01";"26196";"";"29 e 30/05; 02 a 11/06, das 15h às 18h.";"40311";"STRICTO SENSU";"";"SETOR II - Sala G1";"2014";"1";"2014-02-03";"2014-06-14";"2T3 6T6";"5";"10";"REGULAR";"f";"2014-06-11 18:51:43.491";"f";"";"34";"CONSOLIDADA";"";"Presencial";
"1224686";"18";"5755890";"";"";"46256";"GRADUAÇÃO";"Campus Central";"3G3";"2014";"1";"2014-01-27";"2014-06-14";"6T2345";"160";"42";"REGULAR";"f";"2014-07-03 09:13:11.954";"f";"";"72";"CONSOLIDADA";"";"Presencial";
"1224687";"01";"23010";"";"Segunda-feira, das 08:55h às 10:35h";"40333";"STRICTO SENSU";"";"SETOR II - Sala G3";"2014";"1";"2014-02-03";"2014-06-14";"2M3 (03/02/2014 - 14/06/2014)";"2";"30";"REGULAR";"f";"2014-05-16 12:25:06.469";"f";"";"0";"CONSOLIDADA";"";"Presencial";
"1224688";"01";"127199";"";"";"41649";"GRADUAÇÃO";"Campus Caicó";"SALA A3";"2014";"1";"2014-01-27";"2014-06-14";"2M12345 (27/01/2014 - 14/06/2014)";"36";"50";"REGULAR";"f";"2014-06-21 18:52:07.541";"f";"";"90";"CONSOLIDADA";"";"Presencial";
"1224689";"01";"22937";"";"24 a 28/03, das 14h às 17h.";"40318";"STRICTO SENSU";"";"SETOR II - Sala G1";"2014";"1";"2014-02-03";"2014-06-14";"2T2";"13";"30";"REGULAR";"f";"2014-06-09 19:28:29.394";"f";"";"17";"CONSOLIDADA";"";"Presencial";
"1224691";"01";"";"104242450";"";"41651";"GRADUAÇÃO";"Campus Caicó";"SALA A4";"2014";"1";"2014-01-27";"2014-06-14";"2M12345 (27/01/2014 - 14/06/2014)";"30";"50";"REGULAR";"f";"2014-06-14 23:35:07.956";"f";"";"90";"CONSOLIDADA";"";"Presencial";
"1224691";"01";"5755057";"";"";"41651";"GRADUAÇÃO";"Campus Caicó";"SALA A4";"2014";"1";"2014-01-27";"2014-06-14";"2M12345 (27/01/2014 - 14/06/2014)";"30";"50";"REGULAR";"f";"2014-06-14 23:35:07.956";"f";"";"90";"CONSOLIDADA";"";"Presencial";
"1224692";"01";"";"100355045";"17 a 21 de março, das 09h às 12h.";"40319";"STRICTO SENSU";"";"SETOR II - Sala G1";"2014";"1";"2014-02-03";"2014-06-14";"2M5";"3";"30";"REGULAR";"f";"2014-07-13 10:43:48.034";"f";"";"16";"CONSOLIDADA";"";"Presencial";
"1224693";"01";"";"100355045";"12 a 16 de maio, das 09h às 12h.";"40320";"STRICTO SENSU";"";"SETOR II - Sala G1";"2014";"1";"2014-02-03";"2014-06-14";"2M6";"4";"30";"REGULAR";"f";"2014-07-13 10:54:43.402";"f";"";"17";"CONSOLIDADA";"";"Presencial";
"1224694";"01";"5753519";"";"14:30h às 17:30h.";"40321";"STRICTO SENSU";"";"SETOR II - Sala G1";"2014";"1";"2014-02-03";"2014-06-14";"6T2";"6";"30";"REGULAR";"f";"2014-11-12 16:52:39.088";"f";"";"17";"CONSOLIDADA";"";"Presencial";
"1224695";"01";"5753617";"";"";"37080";"STRICTO SENSU";"";"setor 3, bloco G, sala 4 (3G4)";"2014";"1";"2014-02-03";"2014-07-31";"6T23";"19";"25";"REGULAR";"f";"2014-07-22 06:27:10.261";"f";"";"40";"CONSOLIDADA";"";"Presencial";
"1224696";"03";"5755959";"";"";"43140";"GRADUAÇÃO";"Campus Caicó";"a definir";"2014";"1";"2014-01-27";"2014-06-14";"3M1234";"";"50";"REGULAR";"f";"";"f";"";"";"EXCLUÍDA";"";"Presencial";
"1224697";"01";"22770";"";"";"53940";"GRADUAÇÃO";"Campus Central";"DEPTO INFECTOLOGIA - HGT";"2014";"1";"2014-01-27";"2014-06-14";"3M234 5M23";"60";"55";"REGULAR";"f";"2014-06-20 10:45:43.66";"f";"";"93";"CONSOLIDADA";"";"Presencial";
"1224697";"01";"5752215";"";"";"53940";"GRADUAÇÃO";"Campus Central";"DEPTO INFECTOLOGIA - HGT";"2014";"1";"2014-01-27";"2014-06-14";"3M234 5M23";"60";"55";"REGULAR";"f";"2014-06-20 10:45:43.66";"f";"";"93";"CONSOLIDADA";"";"Presencial";
"1224697";"01";"5753869";"";"";"53940";"GRADUAÇÃO";"Campus Central";"DEPTO INFECTOLOGIA - HGT";"2014";"1";"2014-01-27";"2014-06-14";"3M234 5M23";"60";"55";"REGULAR";"f";"2014-06-20 10:45:43.66";"f";"";"93";"CONSOLIDADA";"";"Presencial";
"1224697";"01";"22870";"";"";"53940";"GRADUAÇÃO";"Campus Central";"DEPTO INFECTOLOGIA - HGT";"2014";"1";"2014-01-27";"2014-06-14";"3M234 5M23";"60";"55";"REGULAR";"f";"2014-06-20 10:45:43.66";"f";"";"93";"CONSOLIDADA";"";"Presencial";
"1224697";"01";"2303375";"";"";"53940";"GRADUAÇÃO";"Campus Central";"DEPTO INFECTOLOGIA - HGT";"2014";"1";"2014-01-27";"2014-06-14";"3M234 5M23";"60";"55";"REGULAR";"f";"2014-06-20 10:45:43.66";"f";"";"93";"CONSOLIDADA";"";"Presencial";
"1224697";"01";"23785";"";"";"53940";"GRADUAÇÃO";"Campus Central";"DEPTO INFECTOLOGIA - HGT";"2014";"1";"2014-01-27";"2014-06-14";"3M234 5M23";"60";"55";"REGULAR";"f";"2014-06-20 10:45:43.66";"f";"";"93";"CONSOLIDADA";"";"Presencial";
"1224697";"01";"23124";"";"";"53940";"GRADUAÇÃO";"Campus Central";"DEPTO INFECTOLOGIA - HGT";"2014";"1";"2014-01-27";"2014-06-14";"3M234 5M23";"60";"55";"REGULAR";"f";"2014-06-20 10:45:43.66";"f";"";"93";"CONSOLIDADA";"";"Presencial";
"1224697";"01";"5751876";"";"";"53940";"GRADUAÇÃO";"Campus Central";"DEPTO INFECTOLOGIA - HGT";"2014";"1";"2014-01-27";"2014-06-14";"3M234 5M23";"60";"55";"REGULAR";"f";"2014-06-20 10:45:43.66";"f";"";"93";"CONSOLIDADA";"";"Presencial";
"1224698";"01";"26196";"";"";"27626";"GRADUAÇÃO";"Campus Central";"3G3";"2014";"1";"2014-01-27";"2014-06-14";"3N1234";"20";"40";"REGULAR";"f";"2014-06-07 00:31:32.883";"f";"";"72";"CONSOLIDADA";"";"Presencial";
"1224699";"01";"22893";"";"";"27629";"GRADUAÇÃO";"Campus Central";"2C1";"2014";"1";"2014-01-27";"2014-06-14";"46N12";"13";"60";"REGULAR";"f";"2014-06-13 22:10:39.42";"f";"";"66";"CONSOLIDADA";"";"Presencial";
"1224700";"01";"22937";"";"";"27636";"GRADUAÇÃO";"Campus Central";"Terça 2B2; Quinta 2B3";"2014";"1";"2014-01-27";"2014-06-14";"35T56";"57";"60";"REGULAR";"f";"2014-06-09 20:05:25.987";"f";"";"68";"CONSOLIDADA";"";"Presencial";
"1224701";"01";"5755087";"";"";"27653";"GRADUAÇÃO";"Campus Central";"3H9";"2014";"1";"2014-01-27";"2014-06-14";"24N12";"10";"60";"REGULAR";"f";"2014-06-06 14:15:06.129";"f";"";"68";"CONSOLIDADA";"";"Presencial";
"1224702";"01";"22824";"";"";"27661";"GRADUAÇÃO";"Campus Central";"3C1";"2014";"1";"2014-01-27";"2014-06-14";"35N12";"20";"60";"REGULAR";"f";"2014-06-10 10:24:07.017";"f";"";"66";"CONSOLIDADA";"";"Presencial";
"1224703";"01";"21977";"";"";"49481";"STRICTO SENSU";"";"SALA 01/Prédio das Graduações/UECIA";"2014";"1";"2014-02-10";"2014-06-20";"5T123";"7";"15";"REGULAR";"f";"2014-06-10 05:42:00.724";"f";"";"45";"CONSOLIDADA";"";"Presencial";
"1224704";"01";"5755441";"";"";"24780";"GRADUAÇÃO";"Campus Central";"SETOR II - H3";"2014";"1";"2014-01-27";"2014-06-14";"23T56";"43";"45";"REGULAR";"f";"2014-06-19 21:15:57.655";"f";"";"66";"CONSOLIDADA";"";"Presencial";
"1224705";"02";"5755757";"";"";"48800";"GRADUAÇÃO";"Campus Central";"Sala 03 do DSC";"2014";"1";"2014-01-27";"2014-06-14";"5N1234";"13";"27";"REGULAR";"f";"2014-06-12 12:36:33.321";"f";"";"68";"CONSOLIDADA";"";"Presencial";
"1224706";"01";"5752673";"";"";"53942";"GRADUAÇÃO";"Campus Central";"DEPTO INFECTOLOGIA - HGT";"2014";"1";"2014-01-27";"2014-03-20";"26M234 (27/01/2014 - 20/03/2014)";"60";"55";"REGULAR";"f";"2014-06-18 20:59:32.799";"f";"";"42";"CONSOLIDADA";"";"Presencial";
"1224706";"01";"25454";"";"";"53942";"GRADUAÇÃO";"Campus Central";"DEPTO INFECTOLOGIA - HGT";"2014";"1";"2014-01-27";"2014-03-20";"26M234 (27/01/2014 - 20/03/2014)";"60";"55";"REGULAR";"f";"2014-06-18 20:59:32.799";"f";"";"42";"CONSOLIDADA";"";"Presencial";
"1224707";"01";"5755425";"";"";"22042";"GRADUAÇÃO";"Campus Central";"Departamento de Saúde Coletiva";"2014";"1";"2014-01-27";"2014-06-14";"3T234";"22";"14";"REGULAR";"f";"2014-06-02 08:13:11.529";"f";"";"51";"CONSOLIDADA";"";"Presencial";
"1224708";"01";"5752753";"";"4ª feira, das 09h às 10:30h.";"40312";"STRICTO SENSU";"";"SETOR II - Sala G3";"2014";"1";"2014-02-03";"2014-06-14";"4M34";"13";"30";"REGULAR";"f";"2014-08-29 10:43:03.48";"f";"";"28";"CONSOLIDADA";"";"Presencial";
"1224709";"02";"5755528";"";"";"22042";"GRADUAÇÃO";"Campus Central";"Departamento de Saúde Coletiva";"2014";"1";"2014-01-27";"2014-06-14";"3T234";"15";"13";"REGULAR";"f";"2014-06-16 13:25:49.348";"f";"";"54";"CONSOLIDADA";"";"Presencial";
"1224710";"03";"5752793";"";"";"22042";"GRADUAÇÃO";"Campus Central";"Departamento de Saúde Coletiva";"2014";"1";"2014-01-27";"2014-06-14";"3T234";"15";"13";"REGULAR";"f";"2014-06-19 12:28:01.23";"f";"";"51";"CONSOLIDADA";"";"Presencial";
"1224711";"04";"5753071";"";"";"22042";"GRADUAÇÃO";"Campus Central";"Departamento de Saúde Coletiva";"2014";"1";"2014-01-27";"2014-06-14";"3T234";"14";"13";"REGULAR";"f";"2014-06-21 20:55:07.133";"f";"";"57";"CONSOLIDADA";"";"Presencial";
"1224712";"01";"5752673";"";"";"53943";"GRADUAÇÃO";"Campus Central";"CB - DEPTO MICRO E PARASITOLOGIA";"2014";"1";"2014-01-27";"2014-03-20";"26M56 4M12 (27/01/2014 - 20/03/2014)";"32";"27";"REGULAR";"f";"2014-06-10 10:14:38.583";"f";"";"42";"CONSOLIDADA";"";"Presencial";
"1224713";"02";"25454";"";"";"53943";"GRADUAÇÃO";"Campus Central";"CB - DEPTO MICRO E PARASITOLOGIA";"2014";"1";"2014-01-27";"2014-03-20";"26M56 4M12 (27/01/2014 - 20/03/2014)";"28";"27";"REGULAR";"f";"2014-06-18 21:06:44.423";"f";"";"42";"CONSOLIDADA";"";"Presencial";
"1224714";"01";"19582";"";"";"53944";"GRADUAÇÃO";"Campus Central";"CB - DEPTO MICRO E PARASITOLOGIA";"2014";"1";"2014-04-30";"2014-06-03";"2M2345 4M123 (30/04/2014 - 03/06/2014)";"60";"55";"REGULAR";"f";"2014-06-17 07:49:50.871";"f";"";"35";"CONSOLIDADA";"";"Presencial";
"1224715";"01";"21848";"";"";"53945";"GRADUAÇÃO";"Campus Central";"CB - DEPTO MICRO E PARASITOLOGIA";"2014";"1";"2014-01-27";"2014-04-23";"4M456 (27/01/2014 - 23/04/2014)";"60";"55";"REGULAR";"f";"2014-06-20 11:09:24.168";"f";"";"56";"CONSOLIDADA";"";"Presencial";
"1224715";"01";"5755907";"";"";"53945";"GRADUAÇÃO";"Campus Central";"CB - DEPTO MICRO E PARASITOLOGIA";"2014";"1";"2014-01-27";"2014-04-23";"4M456 (27/01/2014 - 23/04/2014)";"60";"55";"REGULAR";"f";"2014-06-20 11:09:24.168";"f";"";"56";"CONSOLIDADA";"";"Presencial";
"1224716";"01";"5754631";"";"3ª feiras, das 14h às 16h.";"40343";"STRICTO SENSU";"";"SETOR II - Sala D4";"2014";"1";"2014-02-03";"2014-06-14";"3T23";"8";"30";"REGULAR";"f";"2014-06-05 19:07:05.527";"f";"";"30";"CONSOLIDADA";"";"Presencial";
"1224717";"01";"26049";"";"";"53946";"GRADUAÇÃO";"Campus Central";"CB - DEPTO MICRO E PARASITOLOGIA";"2014";"1";"2014-03-24";"2014-04-29";"26M1234 (24/03/2014 - 29/04/2014)";"60";"55";"REGULAR";"f";"2014-06-20 10:40:30.733";"f";"";"48";"CONSOLIDADA";"";"Presencial";
"1224717";"01";"26546";"";"";"53946";"GRADUAÇÃO";"Campus Central";"CB - DEPTO MICRO E PARASITOLOGIA";"2014";"1";"2014-03-24";"2014-04-29";"26M1234 (24/03/2014 - 29/04/2014)";"60";"55";"REGULAR";"f";"2014-06-20 10:40:30.733";"f";"";"48";"CONSOLIDADA";"";"Presencial";
"1224717";"01";"5752699";"";"";"53946";"GRADUAÇÃO";"Campus Central";"CB - DEPTO MICRO E PARASITOLOGIA";"2014";"1";"2014-03-24";"2014-04-29";"26M1234 (24/03/2014 - 29/04/2014)";"60";"55";"REGULAR";"f";"2014-06-20 10:40:30.733";"f";"";"48";"CONSOLIDADA";"";"Presencial";
"1224718";"01";"";"94583620";"";"55225";"GRADUAÇÃO";"Campus Central";"SETOR III";"2014";"1";"2014-01-27";"2014-06-14";"7M2345";"7";"10";"REGULAR";"f";"2014-06-16 17:05:12.297";"f";"";"68";"CONSOLIDADA";"";"Presencial";
"1224719";"04";"5755528";"";"";"2049450";"GRADUAÇÃO";"Campus Central";"Departamento de Farmácia";"2014";"1";"2014-01-27";"2014-06-14";"35N34";"27";"21";"REGULAR";"f";"2014-06-16 13:27:07.092";"f";"";"74";"CONSOLIDADA";"";"Presencial";
"1224719";"04";"5756378";"";"";"2049450";"GRADUAÇÃO";"Campus Central";"Departamento de Farmácia";"2014";"1";"2014-01-27";"2014-06-14";"35N34";"27";"21";"REGULAR";"f";"2014-06-16 13:27:07.092";"f";"";"74";"CONSOLIDADA";"";"Presencial";
"1224720";"01";"5751827";"";"";"37077";"STRICTO SENSU";"";"setor 4, blovo G, sala 5 (4G5)";"2014";"1";"2014-02-03";"2014-07-31";"2M1234";"30";"45";"REGULAR";"f";"2014-08-04 09:39:56.652";"f";"";"80";"CONSOLIDADA";"";"Presencial";
"1224720";"01";"5752679";"";"";"37077";"STRICTO SENSU";"";"setor 4, blovo G, sala 5 (4G5)";"2014";"1";"2014-02-03";"2014-07-31";"2M1234";"30";"45";"REGULAR";"f";"2014-08-04 09:39:56.652";"f";"";"80";"CONSOLIDADA";"";"Presencial";
"1224720";"01";"20873";"";"";"37077";"STRICTO SENSU";"";"setor 4, blovo G, sala 5 (4G5)";"2014";"1";"2014-02-03";"2014-07-31";"2M1234";"30";"45";"REGULAR";"f";"2014-08-04 09:39:56.652";"f";"";"80";"CONSOLIDADA";"";"Presencial";
"1224721";"01";"5752625";"";"";"55223";"GRADUAÇÃO";"Campus Central";"SETOR III";"2014";"1";"2014-01-27";"2014-06-14";"7T2345";"7";"10";"REGULAR";"f";"2014-06-14 19:10:04.846";"f";"";"80";"CONSOLIDADA";"";"Presencial";
"1224722";"02";"5756240";"";"";"24780";"GRADUAÇÃO";"Campus Central";"SETOR II - H3";"2014";"1";"2014-01-27";"2014-06-14";"34T12";"21";"40";"REGULAR";"f";"2014-06-17 20:46:26.602";"f";"";"76";"CONSOLIDADA";"";"Presencial";
"1224723";"01";"5755420";"";"";"24792";"GRADUAÇÃO";"Campus Central";"2N34 - SETOR II A3 / 4N34 - SETOR II - B4";"2014";"1";"2014-01-27";"2014-06-14";"24N34";"37";"40";"REGULAR";"f";"2014-06-17 23:34:52.222";"f";"";"74";"CONSOLIDADA";"";"Presencial";
"1224724";"01";"18536";"";"";"26761";"GRADUAÇÃO";"Campus Central";"4C3";"2014";"1";"2014-01-27";"2014-06-14";"3T2345";"7";"20";"REGULAR";"f";"2014-06-10 13:20:22.045";"f";"";"72";"CONSOLIDADA";"";"Presencial";
"1224725";"01";"5755888";"";"";"21421";"GRADUAÇÃO";"Campus Central";"A definir";"2014";"1";"2014-01-27";"2014-06-14";"2T3456";"3";"20";"REGULAR";"f";"2014-06-09 20:11:40.457";"f";"";"72";"CONSOLIDADA";"";"Presencial";
"1224726";"01";"";"51446034";"";"53239";"GRADUAÇÃO";"Campus Central";"A DEFINIR";"2014";"1";"2014-04-28";"2014-05-03";"23456M123456  23456T123456  23456N1234 (28/04/2014 - 03/05/2014)";"43";"60";"REGULAR";"f";"2014-07-11 13:54:48.431";"f";"";"0";"CONSOLIDADA";"";"Presencial";
"1224727";"01";"22768";"";"";"53240";"GRADUAÇÃO";"Campus Central";"A DEFINIR";"2014";"1";"2014-05-19";"2014-05-24";"23456M123456  23456T123456  23456N1234 (19/05/2014 - 24/05/2014)";"43";"60";"REGULAR";"f";"2014-06-20 10:14:59.483";"f";"";"80";"CONSOLIDADA";"";"Presencial";
"1224728";"01";"5752687";"";"";"53244";"GRADUAÇÃO";"Campus Central";"A DEFINIR";"2014";"1";"2014-03-17";"2014-04-05";"23456M123456  23456T123456  23456N1234 (17/03/2014 - 05/04/2014)";"43";"60";"REGULAR";"f";"2014-06-23 06:19:43.768";"f";"";"240";"CONSOLIDADA";"";"Presencial";
"1224730";"01";"";"104985986";"";"53279";"GRADUAÇÃO";"Campus Central";"A DEFINIR";"2014";"1";"2014-06-02";"2014-06-07";"23456M123456  23456T123456  23456N1234 (02/06/2014 - 07/06/2014)";"27";"60";"REGULAR";"f";"2014-06-20 17:34:22.007";"f";"";"80";"CONSOLIDADA";"";"Presencial";
"1224731";"10";"5756265";"";"";"26687";"GRADUAÇÃO";"Campus Central";"Piscina Semi-olimpica (Hidroginástica) e Sala 1";"2014";"1";"2014-01-27";"2014-06-14";"35M12";"26";"25";"REGULAR";"f";"2014-06-13 11:45:48.182";"f";"";"74";"CONSOLIDADA";"";"Presencial";
"1224732";"12";"5756265";"";"";"26688";"GRADUAÇÃO";"Campus Central";"Piscina Semi-olimpica (Natação) e Sala 11";"2014";"1";"2014-01-27";"2014-06-14";"35M56";"31";"25";"REGULAR";"f";"2014-06-13 11:40:07.439";"f";"";"74";"CONSOLIDADA";"";"Presencial";
"1224733";"02";"5755121";"";"";"24792";"GRADUAÇÃO";"Campus Central";"SETOR II - H2";"2014";"1";"2014-01-27";"2014-06-14";"24N12";"35";"45";"REGULAR";"f";"2014-06-09 17:59:17.387";"f";"";"72";"CONSOLIDADA";"";"Presencial";
"1224734";"03";"5755121";"";"";"24792";"GRADUAÇÃO";"Campus Central";"SETOR II - B2";"2014";"1";"2014-01-27";"2014-06-14";"56T12";"46";"45";"REGULAR";"f";"2014-06-12 12:33:28.312";"f";"";"70";"CONSOLIDADA";"";"Presencial";
"1224735";"01";"5756209";"";"";"26203";"GRADUAÇÃO";"Campus Central";"JUCÁ (2º andar; 5ª sala)";"2014";"1";"2014-01-27";"2014-06-14";"24T23";"27";"40";"REGULAR";"f";"2014-06-20 18:02:24.377";"f";"";"74";"CONSOLIDADA";"";"Presencial";
"1224736";"01";"5753881";"";"";"24819";"GRADUAÇÃO";"Campus Central";"SETOR II - B2";"2014";"1";"2014-01-27";"2014-06-14";"26N12";"36";"45";"REGULAR";"f";"2014-06-12 08:19:57.352";"f";"";"66";"CONSOLIDADA";"";"Presencial";
"1224737";"01";"5755442";"";"";"24788";"GRADUAÇÃO";"Campus Central";"SETOR II - A1";"2014";"1";"2014-01-27";"2014-06-14";"4T34 5T12";"45";"46";"REGULAR";"f";"2014-06-10 17:52:43.798";"f";"";"68";"CONSOLIDADA";"";"Presencial";
"1224738";"01";"5751870";"";"";"24786";"GRADUAÇÃO";"Campus Central";"SETOR II - H5";"2014";"1";"2014-01-27";"2014-06-14";"35N34";"132";"50";"REGULAR";"f";"2014-06-13 12:06:54.9";"f";"";"68";"CONSOLIDADA";"";"Presencial";
"1224739";"01";"5753671";"";"";"24800";"GRADUAÇÃO";"Campus Central";"SETOR II - H2";"2014";"1";"2014-01-27";"2014-06-14";"3N1234";"31";"45";"REGULAR";"f";"2014-06-15 20:36:51.249";"f";"";"68";"CONSOLIDADA";"";"Presencial";
"1224740";"01";"5752845";"";"";"42314";"STRICTO SENSU";"";"D1A";"2014";"1";"2014-02-10";"2014-07-08";"2M2345";"48";"48";"REGULAR";"f";"2014-07-01 12:09:31.424";"f";"";"64";"CONSOLIDADA";"";"Presencial";
"1224741";"01";"5753407";"";"";"42349";"STRICTO SENSU";"";"D1A";"2014";"1";"2014-02-10";"2014-07-08";"3N12";"49";"50";"REGULAR";"f";"2015-09-25 17:39:37.157";"f";"";"40";"CONSOLIDADA";"";"Presencial";
"1224742";"01";"5752813";"";"";"42319";"STRICTO SENSU";"";"D1A";"2014";"1";"2014-02-10";"2014-07-08";"5M3456";"3";"10";"REGULAR";"f";"2014-11-10 16:56:24.301";"f";"";"64";"CONSOLIDADA";"";"Presencial";
"1224743";"01";"5753034";"";"";"42316";"STRICTO SENSU";"";"D1A";"2014";"1";"2014-02-10";"2014-07-08";"6M3456";"10";"30";"REGULAR";"f";"2014-08-21 17:35:59.483";"f";"";"60";"CONSOLIDADA";"";"Presencial";
"1224744";"01";"19183";"";"";"2049255";"GRADUAÇÃO";"Campus Central";"SALA TÉRREO - REUNI";"2014";"1";"2014-01-27";"2014-06-14";"6M3456";"26";"50";"REGULAR";"f";"2014-06-17 23:39:32.029";"f";"";"72";"CONSOLIDADA";"";"Presencial";
"1224745";"01";"60773";"";"";"24809";"GRADUAÇÃO";"Campus Central";"SETOR II - H2";"2014";"1";"2014-01-27";"2014-06-14";"35T34";"80";"46";"REGULAR";"f";"2014-06-19 16:49:39.094";"f";"";"72";"CONSOLIDADA";"";"Presencial";
"1224746";"01";"23108";"";"";"23069";"GRADUAÇÃO";"Campus Central";"Laboratório de Geologia";"2014";"1";"2014-01-27";"2014-06-14";"7M23";"7";"4";"REGULAR";"f";"2014-06-15 20:00:36.89";"f";"";"40";"CONSOLIDADA";"";"Presencial";
"1224747";"02";"";"85333052";"";"23069";"GRADUAÇÃO";"Campus Central";"Laboratório de Geologia";"2014";"1";"2014-01-27";"2014-06-14";"4T34";"4";"10";"REGULAR";"f";"2014-06-04 16:37:32.54";"f";"";"36";"CONSOLIDADA";"";"Presencial";
"1224748";"01";"5752704";"";"";"23072";"GRADUAÇÃO";"Campus Central";"Laboratório de Geologia";"2014";"1";"2014-01-27";"2014-06-14";"6M23";"4";"10";"REGULAR";"f";"2014-06-10 09:09:51.925";"f";"";"42";"CONSOLIDADA";"";"Presencial";
"1224749";"02";"21922";"";"";"23072";"GRADUAÇÃO";"Campus Central";"Laboratório de Geologia";"2014";"1";"2014-01-27";"2014-06-14";"4N12";"";"10";"REGULAR";"f";"";"f";"";"";"EXCLUÍDA";"";"Presencial";
"1224750";"03";"18638";"";"";"23072";"GRADUAÇÃO";"Campus Central";"Laboratório de Geologia";"2014";"1";"2014-01-27";"2014-06-14";"3T34";"2";"10";"REGULAR";"f";"2014-06-11 10:26:17.844";"f";"";"36";"CONSOLIDADA";"";"Presencial";
"1224751";"01";"21794";"";"";"23115";"GRADUAÇÃO";"Campus Central";"Laboratório de Geologia";"2014";"1";"2014-01-27";"2014-06-14";"2M34  4T5634";"20";"18";"REGULAR";"f";"2014-06-11 10:39:15.383";"f";"";"102";"CONSOLIDADA";"";"Presencial";
"1224752";"02";"";"1311590";"";"23115";"GRADUAÇÃO";"Campus Central";"Laboratório de Geologia";"2014";"1";"2014-01-27";"2014-06-14";"2M34 6M3456";"20";"20";"REGULAR";"f";"2014-06-26 09:08:42.85";"f";"";"106";"CONSOLIDADA";"";"Presencial";
"1224752";"02";"21737";"";"";"23115";"GRADUAÇÃO";"Campus Central";"Laboratório de Geologia";"2014";"1";"2014-01-27";"2014-06-14";"2M34 6M3456";"20";"20";"REGULAR";"f";"2014-06-26 09:08:42.85";"f";"";"106";"CONSOLIDADA";"";"Presencial";
"1224753";"01";"2306717";"";"";"23139";"GRADUAÇÃO";"Campus Central";"Laboratório de Geologia";"2014";"1";"2014-01-27";"2014-06-14";"35M345";"41";"41";"REGULAR";"f";"2014-06-20 11:39:33.802";"f";"";"111";"CONSOLIDADA";"";"Presencial";
"1224753";"01";"17599";"";"";"23139";"GRADUAÇÃO";"Campus Central";"Laboratório de Geologia";"2014";"1";"2014-01-27";"2014-06-14";"35M345";"41";"41";"REGULAR";"f";"2014-06-20 11:39:33.802";"f";"";"111";"CONSOLIDADA";"";"Presencial";
"1224754";"01";"5755868";"";"";"23121";"GRADUAÇÃO";"Campus Central";"Laboratório de Geologia";"2014";"1";"2014-01-27";"2014-06-14";"35T54";"29";"30";"REGULAR";"f";"2014-07-07 16:35:55.5";"f";"";"73";"CONSOLIDADA";"";"Presencial";
"1224754";"01";"26059";"";"";"23121";"GRADUAÇÃO";"Campus Central";"Laboratório de Geologia";"2014";"1";"2014-01-27";"2014-06-14";"35T54";"29";"30";"REGULAR";"f";"2014-07-07 16:35:55.5";"f";"";"73";"CONSOLIDADA";"";"Presencial";
"1224755";"01";"22735";"";"";"23122";"GRADUAÇÃO";"Campus Central";"Laboratório de Geologia";"2014";"1";"2014-01-27";"2014-06-14";"35T23";"31";"35";"REGULAR";"f";"2014-06-13 13:09:42.863";"f";"";"74";"CONSOLIDADA";"";"Presencial";
"1224756";"01";"24347";"";"";"23134";"GRADUAÇÃO";"Campus Central";"Laboratório de Geologia";"2014";"1";"2014-01-27";"2014-06-14";"2T12";"8";"5";"REGULAR";"f";"2014-06-12 12:08:20.279";"f";"";"36";"CONSOLIDADA";"";"Presencial";
"1224757";"01";"19183";"";"";"2049820";"GRADUAÇÃO";"Campus Central";"SALA TÉRREO - REUNI";"2014";"1";"2014-01-27";"2014-06-14";"24M56";"15";"60";"REGULAR";"f";"2014-06-11 14:59:47.07";"f";"";"70";"CONSOLIDADA";"";"Presencial";
"1224758";"01";"18722";"";"";"23138";"GRADUAÇÃO";"Campus Central";"Laboratório de Geologia";"2014";"1";"2014-01-27";"2014-06-14";"4T234";"5";"10";"REGULAR";"f";"2014-06-13 11:23:20.624";"f";"";"57";"CONSOLIDADA";"";"Presencial";
"1224759";"01";"18650";"";"";"23114";"GRADUAÇÃO";"Campus Central";"Laboratório de Geologia";"2014";"1";"2014-01-27";"2014-06-14";"5T234";"8";"10";"REGULAR";"f";"2014-06-12 08:46:15.661";"f";"";"54";"CONSOLIDADA";"";"Presencial";
"1224760";"01";"17596";"";"";"2049804";"GRADUAÇÃO";"Campus Central";"SALA 1 - REUNI";"2014";"1";"2014-01-27";"2014-06-14";"24T54";"4";"50";"REGULAR";"f";"2014-06-21 15:52:38.019";"f";"";"74";"CONSOLIDADA";"";"Presencial";
"1224761";"01";"23850";"";"";"23104";"GRADUAÇÃO";"Campus Central";"Laboratório de Geologia";"2014";"1";"2014-01-27";"2014-06-14";"6M34";"8";"10";"REGULAR";"f";"2014-06-12 15:16:16.462";"f";"";"36";"CONSOLIDADA";"";"Presencial";
"1224762";"01";"21922";"";"";"23116";"GRADUAÇÃO";"Campus Central";"Laboratório de Geologia";"2014";"1";"2014-01-27";"2014-06-14";"4T34";"2";"10";"REGULAR";"f";"2014-06-16 21:17:48.819";"f";"";"38";"CONSOLIDADA";"";"Presencial";
"1224763";"01";"15526";"";"";"23081";"GRADUAÇÃO";"Campus Central";"Laboratório de Geologia";"2014";"1";"2014-01-27";"2014-06-14";"24M56";"40";"10";"REGULAR";"f";"2014-06-19 12:31:36.095";"f";"";"66";"CONSOLIDADA";"";"Presencial";
"1224764";"01";"17598";"";"";"2049805";"GRADUAÇÃO";"Campus Central";"SALA 1 - REUNI";"2014";"1";"2014-01-27";"2014-06-14";"35M56";"22";"50";"REGULAR";"f";"2014-06-14 18:09:28.113";"f";"";"74";"CONSOLIDADA";"";"Presencial";
"1224764";"01";"20787";"";"";"2049805";"GRADUAÇÃO";"Campus Central";"SALA 1 - REUNI";"2014";"1";"2014-01-27";"2014-06-14";"35M56";"22";"50";"REGULAR";"f";"2014-06-14 18:09:28.113";"f";"";"74";"CONSOLIDADA";"";"Presencial";
"1224765";"01";"18257";"";"";"23124";"GRADUAÇÃO";"Campus Central";"Laboratório de Geologia";"2014";"1";"2014-01-27";"2014-06-14";"6M45";"4";"10";"REGULAR";"f";"2014-06-10 11:35:53.479";"f";"";"36";"CONSOLIDADA";"";"Presencial";
"1224766";"01";"17898";"";"";"23126";"GRADUAÇÃO";"Campus Central";"Laboratório de Geologia";"2014";"1";"2014-01-27";"2014-06-14";"5T34";"7";"8";"REGULAR";"f";"2014-06-20 09:58:34.981";"f";"";"34";"CONSOLIDADA";"";"Presencial";
"1224767";"01";"5752749";"";"";"2049806";"GRADUAÇÃO";"Campus Central";"SALA TÉRREO - REUNI";"2014";"1";"2014-01-27";"2014-06-14";"24M34";"27";"50";"REGULAR";"f";"2014-06-11 18:22:33.032";"f";"";"72";"CONSOLIDADA";"";"Presencial";
"1224768";"01";"17598";"";"";"2049807";"GRADUAÇÃO";"Campus Central";"SALA TÉRREO - REUNI";"2014";"1";"2014-01-27";"2014-06-14";"35M34";"9";"50";"REGULAR";"f";"2014-06-17 09:38:20.038";"f";"";"74";"CONSOLIDADA";"";"Presencial";
"1224768";"01";"20787";"";"";"2049807";"GRADUAÇÃO";"Campus Central";"SALA TÉRREO - REUNI";"2014";"1";"2014-01-27";"2014-06-14";"35M34";"9";"50";"REGULAR";"f";"2014-06-17 09:38:20.038";"f";"";"74";"CONSOLIDADA";"";"Presencial";
"1224769";"01";"5754275";"";"";"2049808";"GRADUAÇÃO";"Campus Central";"SALA TÉRREO - REUNI";"2014";"1";"2014-01-27";"2014-06-14";"24T56";"19";"50";"REGULAR";"f";"2014-06-18 08:58:36.258";"f";"";"70";"CONSOLIDADA";"";"Presencial";
"1224770";"01";"5752269";"";"";"2049811";"GRADUAÇÃO";"Campus Central";"SALA TÉRREO - REUNI";"2014";"1";"2014-01-27";"2014-06-14";"35M12";"12";"50";"REGULAR";"f";"2014-06-20 09:08:54.476";"f";"";"74";"CONSOLIDADA";"";"Presencial";
"1224771";"01";"5753072";"";"";"2049813";"GRADUAÇÃO";"Campus Central";"SALA 1 - REUNI";"2014";"1";"2014-01-27";"2014-06-14";"6M123456";"5";"12";"REGULAR";"f";"2014-06-06 10:28:20.31";"f";"";"108";"CONSOLIDADA";"";"Presencial";
"1224771";"01";"5752678";"";"";"2049813";"GRADUAÇÃO";"Campus Central";"SALA 1 - REUNI";"2014";"1";"2014-01-27";"2014-06-14";"6M123456";"5";"12";"REGULAR";"f";"2014-06-06 10:28:20.31";"f";"";"108";"CONSOLIDADA";"";"Presencial";
"1224772";"01";"23071";"";"";"2052350";"GRADUAÇÃO";"Campus Central";"HOSPED";"2014";"1";"2014-04-29";"2014-06-14";"234567M12345  23456T12345  2N1234 (29/04/2014 - 14/06/2014)";"3";"6";"REGULAR";"f";"2014-07-11 15:31:45.578";"f";"";"0";"CONSOLIDADA";"";"Presencial";
"1224772";"01";"5756338";"";"";"2052350";"GRADUAÇÃO";"Campus Central";"HOSPED";"2014";"1";"2014-04-29";"2014-06-14";"234567M12345  23456T12345  2N1234 (29/04/2014 - 14/06/2014)";"3";"6";"REGULAR";"f";"2014-07-11 15:31:45.578";"f";"";"0";"CONSOLIDADA";"";"Presencial";
"1224772";"01";"18092";"";"";"2052350";"GRADUAÇÃO";"Campus Central";"HOSPED";"2014";"1";"2014-04-29";"2014-06-14";"234567M12345  23456T12345  2N1234 (29/04/2014 - 14/06/2014)";"3";"6";"REGULAR";"f";"2014-07-11 15:31:45.578";"f";"";"0";"CONSOLIDADA";"";"Presencial";
"1224772";"01";"5755002";"";"";"2052350";"GRADUAÇÃO";"Campus Central";"HOSPED";"2014";"1";"2014-04-29";"2014-06-14";"234567M12345  23456T12345  2N1234 (29/04/2014 - 14/06/2014)";"3";"6";"REGULAR";"f";"2014-07-11 15:31:45.578";"f";"";"0";"CONSOLIDADA";"";"Presencial";
"1224773";"02";"5753072";"";"";"2049813";"GRADUAÇÃO";"Campus Central";"SALA 1 - REUNI";"2014";"1";"2014-01-27";"2014-06-14";"6T561234";"7";"12";"REGULAR";"f";"2014-06-06 10:29:35.348";"f";"";"108";"CONSOLIDADA";"";"Presencial";
"1224773";"02";"5752678";"";"";"2049813";"GRADUAÇÃO";"Campus Central";"SALA 1 - REUNI";"2014";"1";"2014-01-27";"2014-06-14";"6T561234";"7";"12";"REGULAR";"f";"2014-06-06 10:29:35.348";"f";"";"108";"CONSOLIDADA";"";"Presencial";
"1224774";"01";"16939";"";"";"2049821";"GRADUAÇÃO";"Campus Central";"SALA TÉRREO - REUNI";"2014";"1";"2014-01-27";"2014-06-14";"24T23";"8";"50";"REGULAR";"f";"2014-06-18 09:29:29.919";"f";"";"72";"CONSOLIDADA";"";"Presencial";
"1224775";"01";"19166";"";"";"2052352";"GRADUAÇÃO";"Campus Central";"HOSPED";"2014";"1";"2014-01-27";"2014-03-13";"234567M12345  23456T12345  2N1234 (27/01/2014 - 13/03/2014)";"5";"6";"REGULAR";"f";"2014-06-10 12:58:38.522";"f";"";"0";"CONSOLIDADA";"";"Presencial";
"1224775";"01";"22877";"";"";"2052352";"GRADUAÇÃO";"Campus Central";"HOSPED";"2014";"1";"2014-01-27";"2014-03-13";"234567M12345  23456T12345  2N1234 (27/01/2014 - 13/03/2014)";"5";"6";"REGULAR";"f";"2014-06-10 12:58:38.522";"f";"";"0";"CONSOLIDADA";"";"Presencial";
"1224775";"01";"5752229";"";"";"2052352";"GRADUAÇÃO";"Campus Central";"HOSPED";"2014";"1";"2014-01-27";"2014-03-13";"234567M12345  23456T12345  2N1234 (27/01/2014 - 13/03/2014)";"5";"6";"REGULAR";"f";"2014-06-10 12:58:38.522";"f";"";"0";"CONSOLIDADA";"";"Presencial";
"1224775";"01";"23071";"";"";"2052352";"GRADUAÇÃO";"Campus Central";"HOSPED";"2014";"1";"2014-01-27";"2014-03-13";"234567M12345  23456T12345  2N1234 (27/01/2014 - 13/03/2014)";"5";"6";"REGULAR";"f";"2014-06-10 12:58:38.522";"f";"";"0";"CONSOLIDADA";"";"Presencial";
"1224775";"01";"5752205";"";"";"2052352";"GRADUAÇÃO";"Campus Central";"HOSPED";"2014";"1";"2014-01-27";"2014-03-13";"234567M12345  23456T12345  2N1234 (27/01/2014 - 13/03/2014)";"5";"6";"REGULAR";"f";"2014-06-10 12:58:38.522";"f";"";"0";"CONSOLIDADA";"";"Presencial";
"1224775";"01";"23117";"";"";"2052352";"GRADUAÇÃO";"Campus Central";"HOSPED";"2014";"1";"2014-01-27";"2014-03-13";"234567M12345  23456T12345  2N1234 (27/01/2014 - 13/03/2014)";"5";"6";"REGULAR";"f";"2014-06-10 12:58:38.522";"f";"";"0";"CONSOLIDADA";"";"Presencial";
"1224775";"01";"23833";"";"";"2052352";"GRADUAÇÃO";"Campus Central";"HOSPED";"2014";"1";"2014-01-27";"2014-03-13";"234567M12345  23456T12345  2N1234 (27/01/2014 - 13/03/2014)";"5";"6";"REGULAR";"f";"2014-06-10 12:58:38.522";"f";"";"0";"CONSOLIDADA";"";"Presencial";
"1224775";"01";"22203";"";"";"2052352";"GRADUAÇÃO";"Campus Central";"HOSPED";"2014";"1";"2014-01-27";"2014-03-13";"234567M12345  23456T12345  2N1234 (27/01/2014 - 13/03/2014)";"5";"6";"REGULAR";"f";"2014-06-10 12:58:38.522";"f";"";"0";"CONSOLIDADA";"";"Presencial";
"1224776";"01";"17598";"";"";"2049823";"GRADUAÇÃO";"Campus Central";"SALA TÉRREO - REUNI";"2014";"1";"2014-01-27";"2014-06-14";"35T56";"23";"30";"REGULAR";"f";"2014-06-18 09:26:42.918";"f";"";"72";"CONSOLIDADA";"";"Presencial";
"1224777";"01";"18246";"";"";"23113";"GRADUAÇÃO";"Campus Central";"Laboratório de Geologia";"2014";"1";"2014-01-27";"2014-06-14";"5T34";"7";"10";"REGULAR";"f";"2014-06-20 16:35:37.669";"f";"";"34";"CONSOLIDADA";"";"Presencial";
"1224778";"02";"23833";"";"";"2052352";"GRADUAÇÃO";"Campus Central";"HOSPED";"2014";"1";"2014-01-27";"2014-03-13";"234567M12345  23456T12345  2N1234 (27/01/2014 - 13/03/2014)";"5";"6";"REGULAR";"f";"2014-07-01 09:23:19.765";"f";"";"0";"CONSOLIDADA";"";"Presencial";
"1224778";"02";"5755855";"";"";"2052352";"GRADUAÇÃO";"Campus Central";"HOSPED";"2014";"1";"2014-01-27";"2014-03-13";"234567M12345  23456T12345  2N1234 (27/01/2014 - 13/03/2014)";"5";"6";"REGULAR";"f";"2014-07-01 09:23:19.765";"f";"";"0";"CONSOLIDADA";"";"Presencial";
"1224778";"02";"22766";"";"";"2052352";"GRADUAÇÃO";"Campus Central";"HOSPED";"2014";"1";"2014-01-27";"2014-03-13";"234567M12345  23456T12345  2N1234 (27/01/2014 - 13/03/2014)";"5";"6";"REGULAR";"f";"2014-07-01 09:23:19.765";"f";"";"0";"CONSOLIDADA";"";"Presencial";
"1224778";"02";"5752229";"";"";"2052352";"GRADUAÇÃO";"Campus Central";"HOSPED";"2014";"1";"2014-01-27";"2014-03-13";"234567M12345  23456T12345  2N1234 (27/01/2014 - 13/03/2014)";"5";"6";"REGULAR";"f";"2014-07-01 09:23:19.765";"f";"";"0";"CONSOLIDADA";"";"Presencial";
"1224778";"02";"23007";"";"";"2052352";"GRADUAÇÃO";"Campus Central";"HOSPED";"2014";"1";"2014-01-27";"2014-03-13";"234567M12345  23456T12345  2N1234 (27/01/2014 - 13/03/2014)";"5";"6";"REGULAR";"f";"2014-07-01 09:23:19.765";"f";"";"0";"CONSOLIDADA";"";"Presencial";
"1224778";"02";"19166";"";"";"2052352";"GRADUAÇÃO";"Campus Central";"HOSPED";"2014";"1";"2014-01-27";"2014-03-13";"234567M12345  23456T12345  2N1234 (27/01/2014 - 13/03/2014)";"5";"6";"REGULAR";"f";"2014-07-01 09:23:19.765";"f";"";"0";"CONSOLIDADA";"";"Presencial";
"1224778";"02";"23117";"";"";"2052352";"GRADUAÇÃO";"Campus Central";"HOSPED";"2014";"1";"2014-01-27";"2014-03-13";"234567M12345  23456T12345  2N1234 (27/01/2014 - 13/03/2014)";"5";"6";"REGULAR";"f";"2014-07-01 09:23:19.765";"f";"";"0";"CONSOLIDADA";"";"Presencial";
"1224778";"02";"5755002";"";"";"2052352";"GRADUAÇÃO";"Campus Central";"HOSPED";"2014";"1";"2014-01-27";"2014-03-13";"234567M12345  23456T12345  2N1234 (27/01/2014 - 13/03/2014)";"5";"6";"REGULAR";"f";"2014-07-01 09:23:19.765";"f";"";"0";"CONSOLIDADA";"";"Presencial";
"1224779";"01";"5752269";"";"";"2049827";"GRADUAÇÃO";"Campus Central";"SALA 1 - REUNI";"2014";"1";"2014-01-27";"2014-06-14";"35M34";"15";"50";"REGULAR";"f";"2014-06-20 09:08:13.783";"f";"";"80";"CONSOLIDADA";"";"Presencial";
"1224780";"01";"2306717";"";"";"23106";"GRADUAÇÃO";"Campus Central";"Laboratório de Geologia";"2014";"1";"2014-01-27";"2014-06-14";"2M456";"10";"10";"REGULAR";"f";"2014-06-13 11:06:24.411";"f";"";"54";"CONSOLIDADA";"";"Presencial";
"1224781";"01";"5753072";"";"";"2049825";"GRADUAÇÃO";"Campus Central";"SALA 1 - REUNI";"2014";"1";"2014-01-27";"2014-06-14";"24M56";"7";"50";"REGULAR";"f";"2014-06-05 07:48:29.38";"f";"";"80";"CONSOLIDADA";"";"Presencial";
"1224781";"01";"20787";"";"";"2049825";"GRADUAÇÃO";"Campus Central";"SALA 1 - REUNI";"2014";"1";"2014-01-27";"2014-06-14";"24M56";"7";"50";"REGULAR";"f";"2014-06-05 07:48:29.38";"f";"";"80";"CONSOLIDADA";"";"Presencial";
"1224782";"02";"23108";"";"";"51726";"GRADUAÇÃO";"Campus Central";"Laboratório de Geologia";"2014";"1";"2014-01-27";"2014-06-13";"7M45 (27/01/2014 - 13/06/2014)";"";"4";"REGULAR";"f";"2014-06-15 20:01:31.665";"f";"";"38";"CONSOLIDADA";"";"Presencial";
"1224783";"01";"22206";"";"";"42317";"STRICTO SENSU";"";"D1A";"2014";"1";"2014-02-10";"2014-07-08";"7M3456";"0";"10";"REGULAR";"f";"";"f";"";"";"EXCLUÍDA";"";"Presencial";
"1224784";"01";"26059";"";"";"23120";"GRADUAÇÃO";"Campus Central";"Laboratório de Geologia";"2014";"1";"2014-01-27";"2014-06-14";"4T534";"9";"10";"REGULAR";"f";"2014-07-07 16:36:46.72";"f";"";"48";"CONSOLIDADA";"";"Presencial";
"1224785";"02";"5755868";"";"";"23120";"GRADUAÇÃO";"Campus Central";"Laboratório de Geologia";"2014";"1";"2014-01-27";"2014-06-14";"4T534";"2";"10";"REGULAR";"f";"2014-06-03 11:00:22.597";"f";"";"54";"CONSOLIDADA";"";"Presencial";
"1224786";"02";"5755057";"";"";"2048079";"GRADUAÇÃO";"Campus Caicó";"SALA A1";"2014";"1";"2014-01-27";"2014-06-14";"6M12345  6T1";"3";"55";"REGULAR";"f";"2014-06-21 16:44:46.651";"f";"";"114";"CONSOLIDADA";"";"Presencial";
"1224787";"02";"5752379";"";"";"2048080";"GRADUAÇÃO";"Campus Caicó";"SALA A1";"2014";"1";"2014-01-27";"2014-06-14";"2M1234";"2";"55";"REGULAR";"f";"2014-06-21 16:15:15.275";"f";"";"68";"CONSOLIDADA";"";"Presencial";
"1224788";"01";"5755868";"";"";"23140";"GRADUAÇÃO";"Campus Central";"Laboratório de Geologia";"2014";"1";"2014-01-27";"2014-06-14";"6M345";"7";"10";"REGULAR";"f";"2014-06-13 16:27:00.678";"f";"";"54";"CONSOLIDADA";"";"Presencial";
"1224789";"01";"18638";"";"";"51721";"GRADUAÇÃO";"Campus Central";"Laboratório de Geologia";"2014";"1";"2014-01-27";"2014-06-14";"35M12";"10";"10";"REGULAR";"f";"2014-06-10 09:48:42.044";"f";"";"68";"CONSOLIDADA";"";"Presencial";
"1224790";"01";"26546";"";"";"53947";"GRADUAÇÃO";"Campus Central";"CB - DEPTO MICRO E PARASITOLOGIA";"2014";"1";"2014-03-24";"2014-04-29";"2M56 4M12 (24/03/2014 - 29/04/2014)";"32";"27";"REGULAR";"f";"2014-06-21 20:29:39.128";"f";"";"22";"CONSOLIDADA";"";"Presencial";
"1224791";"02";"5752699";"";"";"53947";"GRADUAÇÃO";"Campus Central";"CB - DEPTO MICRO E PARASITOLOGIA";"2014";"1";"2014-03-24";"2014-04-29";"2M56 4M12 (24/03/2014 - 29/04/2014)";"28";"27";"REGULAR";"f";"2014-06-20 11:05:05.914";"f";"";"24";"CONSOLIDADA";"";"Presencial";
"1224791";"02";"26049";"";"";"53947";"GRADUAÇÃO";"Campus Central";"CB - DEPTO MICRO E PARASITOLOGIA";"2014";"1";"2014-03-24";"2014-04-29";"2M56 4M12 (24/03/2014 - 29/04/2014)";"28";"27";"REGULAR";"f";"2014-06-20 11:05:05.914";"f";"";"24";"CONSOLIDADA";"";"Presencial";
"1224792";"02";"5752229";"";"";"2052350";"GRADUAÇÃO";"Campus Central";"HOSPED";"2014";"1";"2014-01-27";"2014-03-13";"234567M12345  23456T12345  2N1234 (27/01/2014 - 13/03/2014)";"6";"6";"REGULAR";"f";"2014-07-07 13:36:18.919";"f";"";"0";"CONSOLIDADA";"";"Presencial";
"1224792";"02";"5753063";"";"";"2052350";"GRADUAÇÃO";"Campus Central";"HOSPED";"2014";"1";"2014-01-27";"2014-03-13";"234567M12345  23456T12345  2N1234 (27/01/2014 - 13/03/2014)";"6";"6";"REGULAR";"f";"2014-07-07 13:36:18.919";"f";"";"0";"CONSOLIDADA";"";"Presencial";
"1224792";"02";"23007";"";"";"2052350";"GRADUAÇÃO";"Campus Central";"HOSPED";"2014";"1";"2014-01-27";"2014-03-13";"234567M12345  23456T12345  2N1234 (27/01/2014 - 13/03/2014)";"6";"6";"REGULAR";"f";"2014-07-07 13:36:18.919";"f";"";"0";"CONSOLIDADA";"";"Presencial";
"1224792";"02";"5755855";"";"";"2052350";"GRADUAÇÃO";"Campus Central";"HOSPED";"2014";"1";"2014-01-27";"2014-03-13";"234567M12345  23456T12345  2N1234 (27/01/2014 - 13/03/2014)";"6";"6";"REGULAR";"f";"2014-07-07 13:36:18.919";"f";"";"0";"CONSOLIDADA";"";"Presencial";
"1224792";"02";"22766";"";"";"2052350";"GRADUAÇÃO";"Campus Central";"HOSPED";"2014";"1";"2014-01-27";"2014-03-13";"234567M12345  23456T12345  2N1234 (27/01/2014 - 13/03/2014)";"6";"6";"REGULAR";"f";"2014-07-07 13:36:18.919";"f";"";"0";"CONSOLIDADA";"";"Presencial";
"1224793";"03";"5752205";"";"";"2052350";"GRADUAÇÃO";"Campus Central";"HOSPED";"2014";"1";"2014-01-27";"2014-03-13";"234567M12345  23456T12345  2N1234 (27/01/2014 - 13/03/2014)";"6";"6";"REGULAR";"f";"2014-07-07 12:49:27.621";"f";"";"0";"CONSOLIDADA";"";"Presencial";
"1224793";"03";"5753765";"";"";"2052350";"GRADUAÇÃO";"Campus Central";"HOSPED";"2014";"1";"2014-01-27";"2014-03-13";"234567M12345  23456T12345  2N1234 (27/01/2014 - 13/03/2014)";"6";"6";"REGULAR";"f";"2014-07-07 12:49:27.621";"f";"";"0";"CONSOLIDADA";"";"Presencial";
"1224793";"03";"5755735";"";"";"2052350";"GRADUAÇÃO";"Campus Central";"HOSPED";"2014";"1";"2014-01-27";"2014-03-13";"234567M12345  23456T12345  2N1234 (27/01/2014 - 13/03/2014)";"6";"6";"REGULAR";"f";"2014-07-07 12:49:27.621";"f";"";"0";"CONSOLIDADA";"";"Presencial";
"1224793";"03";"5753649";"";"";"2052350";"GRADUAÇÃO";"Campus Central";"HOSPED";"2014";"1";"2014-01-27";"2014-03-13";"234567M12345  23456T12345  2N1234 (27/01/2014 - 13/03/2014)";"6";"6";"REGULAR";"f";"2014-07-07 12:49:27.621";"f";"";"0";"CONSOLIDADA";"";"Presencial";
"1224794";"04";"23071";"";"";"2052350";"GRADUAÇÃO";"Campus Central";"HOSPED";"2014";"1";"2014-01-27";"2014-03-13";"234567M12345  23456T12345  2N1234 (27/01/2014 - 13/03/2014)";"3";"6";"REGULAR";"f";"2014-07-07 13:24:06.838";"f";"";"0";"CONSOLIDADA";"";"Presencial";
"1224794";"04";"5756338";"";"";"2052350";"GRADUAÇÃO";"Campus Central";"HOSPED";"2014";"1";"2014-01-27";"2014-03-13";"234567M12345  23456T12345  2N1234 (27/01/2014 - 13/03/2014)";"3";"6";"REGULAR";"f";"2014-07-07 13:24:06.838";"f";"";"0";"CONSOLIDADA";"";"Presencial";
"1224794";"04";"18092";"";"";"2052350";"GRADUAÇÃO";"Campus Central";"HOSPED";"2014";"1";"2014-01-27";"2014-03-13";"234567M12345  23456T12345  2N1234 (27/01/2014 - 13/03/2014)";"3";"6";"REGULAR";"f";"2014-07-07 13:24:06.838";"f";"";"0";"CONSOLIDADA";"";"Presencial";
"1224795";"05";"5752229";"";"";"2052350";"GRADUAÇÃO";"Campus Central";"HOSPED";"2014";"1";"2014-03-14";"2014-04-28";"234567M12345  23456T12345  2N1234 (14/03/2014 - 28/04/2014)";"6";"6";"REGULAR";"f";"2014-07-07 13:37:07.642";"f";"";"0";"CONSOLIDADA";"";"Presencial";
"1224795";"05";"5753063";"";"";"2052350";"GRADUAÇÃO";"Campus Central";"HOSPED";"2014";"1";"2014-03-14";"2014-04-28";"234567M12345  23456T12345  2N1234 (14/03/2014 - 28/04/2014)";"6";"6";"REGULAR";"f";"2014-07-07 13:37:07.642";"f";"";"0";"CONSOLIDADA";"";"Presencial";
"1224795";"05";"23007";"";"";"2052350";"GRADUAÇÃO";"Campus Central";"HOSPED";"2014";"1";"2014-03-14";"2014-04-28";"234567M12345  23456T12345  2N1234 (14/03/2014 - 28/04/2014)";"6";"6";"REGULAR";"f";"2014-07-07 13:37:07.642";"f";"";"0";"CONSOLIDADA";"";"Presencial";
"1224795";"05";"5755855";"";"";"2052350";"GRADUAÇÃO";"Campus Central";"HOSPED";"2014";"1";"2014-03-14";"2014-04-28";"234567M12345  23456T12345  2N1234 (14/03/2014 - 28/04/2014)";"6";"6";"REGULAR";"f";"2014-07-07 13:37:07.642";"f";"";"0";"CONSOLIDADA";"";"Presencial";
"1224795";"05";"22766";"";"";"2052350";"GRADUAÇÃO";"Campus Central";"HOSPED";"2014";"1";"2014-03-14";"2014-04-28";"234567M12345  23456T12345  2N1234 (14/03/2014 - 28/04/2014)";"6";"6";"REGULAR";"f";"2014-07-07 13:37:07.642";"f";"";"0";"CONSOLIDADA";"";"Presencial";
"1224796";"06";"5752205";"";"";"2052350";"GRADUAÇÃO";"Campus Central";"HOSPED";"2014";"1";"2014-03-14";"2014-04-28";"234567M12345  23456T12345  2N1234 (14/03/2014 - 28/04/2014)";"6";"6";"REGULAR";"f";"2014-07-07 12:50:32.291";"f";"";"0";"CONSOLIDADA";"";"Presencial";
"1224796";"06";"5753765";"";"";"2052350";"GRADUAÇÃO";"Campus Central";"HOSPED";"2014";"1";"2014-03-14";"2014-04-28";"234567M12345  23456T12345  2N1234 (14/03/2014 - 28/04/2014)";"6";"6";"REGULAR";"f";"2014-07-07 12:50:32.291";"f";"";"0";"CONSOLIDADA";"";"Presencial";
"1224796";"06";"5753649";"";"";"2052350";"GRADUAÇÃO";"Campus Central";"HOSPED";"2014";"1";"2014-03-14";"2014-04-28";"234567M12345  23456T12345  2N1234 (14/03/2014 - 28/04/2014)";"6";"6";"REGULAR";"f";"2014-07-07 12:50:32.291";"f";"";"0";"CONSOLIDADA";"";"Presencial";
"1224796";"06";"5755735";"";"";"2052350";"GRADUAÇÃO";"Campus Central";"HOSPED";"2014";"1";"2014-03-14";"2014-04-28";"234567M12345  23456T12345  2N1234 (14/03/2014 - 28/04/2014)";"6";"6";"REGULAR";"f";"2014-07-07 12:50:32.291";"f";"";"0";"CONSOLIDADA";"";"Presencial";
"1224797";"07";"5756338";"";"";"2052350";"GRADUAÇÃO";"Campus Central";"HOSPED";"2014";"1";"2014-03-14";"2014-04-28";"234567M12345  23456T12345  2N1234 (14/03/2014 - 28/04/2014)";"3";"6";"REGULAR";"f";"2014-07-07 13:25:06.296";"f";"";"0";"CONSOLIDADA";"";"Presencial";
"1224797";"07";"23071";"";"";"2052350";"GRADUAÇÃO";"Campus Central";"HOSPED";"2014";"1";"2014-03-14";"2014-04-28";"234567M12345  23456T12345  2N1234 (14/03/2014 - 28/04/2014)";"3";"6";"REGULAR";"f";"2014-07-07 13:25:06.296";"f";"";"0";"CONSOLIDADA";"";"Presencial";
"1224797";"07";"18092";"";"";"2052350";"GRADUAÇÃO";"Campus Central";"HOSPED";"2014";"1";"2014-03-14";"2014-04-28";"234567M12345  23456T12345  2N1234 (14/03/2014 - 28/04/2014)";"3";"6";"REGULAR";"f";"2014-07-07 13:25:06.296";"f";"";"0";"CONSOLIDADA";"";"Presencial";
"1224798";"08";"5753063";"";"";"2052350";"GRADUAÇÃO";"Campus Central";"HOSPED";"2014";"1";"2014-04-29";"2014-06-13";"234567M12345  23456T12345  2N1234 (29/04/2014 - 13/06/2014)";"6";"7";"REGULAR";"f";"2014-07-11 15:33:50.309";"f";"";"0";"CONSOLIDADA";"";"Presencial";
"1224798";"08";"23007";"";"";"2052350";"GRADUAÇÃO";"Campus Central";"HOSPED";"2014";"1";"2014-04-29";"2014-06-13";"234567M12345  23456T12345  2N1234 (29/04/2014 - 13/06/2014)";"6";"7";"REGULAR";"f";"2014-07-11 15:33:50.309";"f";"";"0";"CONSOLIDADA";"";"Presencial";
"1224798";"08";"5755855";"";"";"2052350";"GRADUAÇÃO";"Campus Central";"HOSPED";"2014";"1";"2014-04-29";"2014-06-13";"234567M12345  23456T12345  2N1234 (29/04/2014 - 13/06/2014)";"6";"7";"REGULAR";"f";"2014-07-11 15:33:50.309";"f";"";"0";"CONSOLIDADA";"";"Presencial";
"1224798";"08";"22766";"";"";"2052350";"GRADUAÇÃO";"Campus Central";"HOSPED";"2014";"1";"2014-04-29";"2014-06-13";"234567M12345  23456T12345  2N1234 (29/04/2014 - 13/06/2014)";"6";"7";"REGULAR";"f";"2014-07-11 15:33:50.309";"f";"";"0";"CONSOLIDADA";"";"Presencial";
"1224798";"08";"5752229";"";"";"2052350";"GRADUAÇÃO";"Campus Central";"HOSPED";"2014";"1";"2014-04-29";"2014-06-13";"234567M12345  23456T12345  2N1234 (29/04/2014 - 13/06/2014)";"6";"7";"REGULAR";"f";"2014-07-11 15:33:50.309";"f";"";"0";"CONSOLIDADA";"";"Presencial";
"1224799";"09";"5755002";"";"";"2052350";"GRADUAÇÃO";"Campus Central";"HOSPED";"2014";"1";"2014-04-29";"2014-06-13";"234567M12345  234567T12345  2N1234 (29/04/2014 - 13/06/2014)";"6";"6";"REGULAR";"f";"2014-07-11 15:36:50.989";"f";"";"0";"CONSOLIDADA";"";"Presencial";
"1224799";"09";"5752205";"";"";"2052350";"GRADUAÇÃO";"Campus Central";"HOSPED";"2014";"1";"2014-04-29";"2014-06-13";"234567M12345  234567T12345  2N1234 (29/04/2014 - 13/06/2014)";"6";"6";"REGULAR";"f";"2014-07-11 15:36:50.989";"f";"";"0";"CONSOLIDADA";"";"Presencial";
"1224799";"09";"5753765";"";"";"2052350";"GRADUAÇÃO";"Campus Central";"HOSPED";"2014";"1";"2014-04-29";"2014-06-13";"234567M12345  234567T12345  2N1234 (29/04/2014 - 13/06/2014)";"6";"6";"REGULAR";"f";"2014-07-11 15:36:50.989";"f";"";"0";"CONSOLIDADA";"";"Presencial";
"1224799";"09";"5755735";"";"";"2052350";"GRADUAÇÃO";"Campus Central";"HOSPED";"2014";"1";"2014-04-29";"2014-06-13";"234567M12345  234567T12345  2N1234 (29/04/2014 - 13/06/2014)";"6";"6";"REGULAR";"f";"2014-07-11 15:36:50.989";"f";"";"0";"CONSOLIDADA";"";"Presencial";
"1224799";"09";"37301";"";"";"2052350";"GRADUAÇÃO";"Campus Central";"HOSPED";"2014";"1";"2014-04-29";"2014-06-13";"234567M12345  234567T12345  2N1234 (29/04/2014 - 13/06/2014)";"6";"6";"REGULAR";"f";"2014-07-11 15:36:50.989";"f";"";"0";"CONSOLIDADA";"";"Presencial";
"1224800";"03";"22877";"";"";"2052352";"GRADUAÇÃO";"Campus Central";"HOSPED";"2014";"1";"2014-01-27";"2014-03-13";"234567M12345  23456T12345  2N1234 (27/01/2014 - 13/03/2014)";"4";"6";"REGULAR";"f";"2014-06-30 12:07:10.799";"f";"";"0";"CONSOLIDADA";"";"Presencial";
"1224800";"03";"23007";"";"";"2052352";"GRADUAÇÃO";"Campus Central";"HOSPED";"2014";"1";"2014-01-27";"2014-03-13";"234567M12345  23456T12345  2N1234 (27/01/2014 - 13/03/2014)";"4";"6";"REGULAR";"f";"2014-06-30 12:07:10.799";"f";"";"0";"CONSOLIDADA";"";"Presencial";
"1224800";"03";"5752229";"";"";"2052352";"GRADUAÇÃO";"Campus Central";"HOSPED";"2014";"1";"2014-01-27";"2014-03-13";"234567M12345  23456T12345  2N1234 (27/01/2014 - 13/03/2014)";"4";"6";"REGULAR";"f";"2014-06-30 12:07:10.799";"f";"";"0";"CONSOLIDADA";"";"Presencial";
"1224800";"03";"5755002";"";"";"2052352";"GRADUAÇÃO";"Campus Central";"HOSPED";"2014";"1";"2014-01-27";"2014-03-13";"234567M12345  23456T12345  2N1234 (27/01/2014 - 13/03/2014)";"4";"6";"REGULAR";"f";"2014-06-30 12:07:10.799";"f";"";"0";"CONSOLIDADA";"";"Presencial";
"1224800";"03";"22766";"";"";"2052352";"GRADUAÇÃO";"Campus Central";"HOSPED";"2014";"1";"2014-01-27";"2014-03-13";"234567M12345  23456T12345  2N1234 (27/01/2014 - 13/03/2014)";"4";"6";"REGULAR";"f";"2014-06-30 12:07:10.799";"f";"";"0";"CONSOLIDADA";"";"Presencial";
"1224800";"03";"22203";"";"";"2052352";"GRADUAÇÃO";"Campus Central";"HOSPED";"2014";"1";"2014-01-27";"2014-03-13";"234567M12345  23456T12345  2N1234 (27/01/2014 - 13/03/2014)";"4";"6";"REGULAR";"f";"2014-06-30 12:07:10.799";"f";"";"0";"CONSOLIDADA";"";"Presencial";
"1224800";"03";"23117";"";"";"2052352";"GRADUAÇÃO";"Campus Central";"HOSPED";"2014";"1";"2014-01-27";"2014-03-13";"234567M12345  23456T12345  2N1234 (27/01/2014 - 13/03/2014)";"4";"6";"REGULAR";"f";"2014-06-30 12:07:10.799";"f";"";"0";"CONSOLIDADA";"";"Presencial";
"1224800";"03";"23071";"";"";"2052352";"GRADUAÇÃO";"Campus Central";"HOSPED";"2014";"1";"2014-01-27";"2014-03-13";"234567M12345  23456T12345  2N1234 (27/01/2014 - 13/03/2014)";"4";"6";"REGULAR";"f";"2014-06-30 12:07:10.799";"f";"";"0";"CONSOLIDADA";"";"Presencial";
"1224800";"03";"5753063";"";"";"2052352";"GRADUAÇÃO";"Campus Central";"HOSPED";"2014";"1";"2014-01-27";"2014-03-13";"234567M12345  23456T12345  2N1234 (27/01/2014 - 13/03/2014)";"4";"6";"REGULAR";"f";"2014-06-30 12:07:10.799";"f";"";"0";"CONSOLIDADA";"";"Presencial";
"1224800";"03";"23833";"";"";"2052352";"GRADUAÇÃO";"Campus Central";"HOSPED";"2014";"1";"2014-01-27";"2014-03-13";"234567M12345  23456T12345  2N1234 (27/01/2014 - 13/03/2014)";"4";"6";"REGULAR";"f";"2014-06-30 12:07:10.799";"f";"";"0";"CONSOLIDADA";"";"Presencial";
"1224801";"04";"23833";"";"";"2052352";"GRADUAÇÃO";"Campus Central";"HOSPED";"2014";"1";"2014-03-14";"2014-04-28";"234567M12345  23456T12345  2N1234 (14/03/2014 - 28/04/2014)";"6";"6";"REGULAR";"f";"2014-06-10 13:01:00.78";"f";"";"0";"CONSOLIDADA";"";"Presencial";
"1224801";"04";"19166";"";"";"2052352";"GRADUAÇÃO";"Campus Central";"HOSPED";"2014";"1";"2014-03-14";"2014-04-28";"234567M12345  23456T12345  2N1234 (14/03/2014 - 28/04/2014)";"6";"6";"REGULAR";"f";"2014-06-10 13:01:00.78";"f";"";"0";"CONSOLIDADA";"";"Presencial";
"1224801";"04";"22203";"";"";"2052352";"GRADUAÇÃO";"Campus Central";"HOSPED";"2014";"1";"2014-03-14";"2014-04-28";"234567M12345  23456T12345  2N1234 (14/03/2014 - 28/04/2014)";"6";"6";"REGULAR";"f";"2014-06-10 13:01:00.78";"f";"";"0";"CONSOLIDADA";"";"Presencial";
"1224801";"04";"5752205";"";"";"2052352";"GRADUAÇÃO";"Campus Central";"HOSPED";"2014";"1";"2014-03-14";"2014-04-28";"234567M12345  23456T12345  2N1234 (14/03/2014 - 28/04/2014)";"6";"6";"REGULAR";"f";"2014-06-10 13:01:00.78";"f";"";"0";"CONSOLIDADA";"";"Presencial";
"1224801";"04";"5752229";"";"";"2052352";"GRADUAÇÃO";"Campus Central";"HOSPED";"2014";"1";"2014-03-14";"2014-04-28";"234567M12345  23456T12345  2N1234 (14/03/2014 - 28/04/2014)";"6";"6";"REGULAR";"f";"2014-06-10 13:01:00.78";"f";"";"0";"CONSOLIDADA";"";"Presencial";
"1224801";"04";"23071";"";"";"2052352";"GRADUAÇÃO";"Campus Central";"HOSPED";"2014";"1";"2014-03-14";"2014-04-28";"234567M12345  23456T12345  2N1234 (14/03/2014 - 28/04/2014)";"6";"6";"REGULAR";"f";"2014-06-10 13:01:00.78";"f";"";"0";"CONSOLIDADA";"";"Presencial";
"1224801";"04";"23117";"";"";"2052352";"GRADUAÇÃO";"Campus Central";"HOSPED";"2014";"1";"2014-03-14";"2014-04-28";"234567M12345  23456T12345  2N1234 (14/03/2014 - 28/04/2014)";"6";"6";"REGULAR";"f";"2014-06-10 13:01:00.78";"f";"";"0";"CONSOLIDADA";"";"Presencial";
"1224801";"04";"22877";"";"";"2052352";"GRADUAÇÃO";"Campus Central";"HOSPED";"2014";"1";"2014-03-14";"2014-04-28";"234567M12345  23456T12345  2N1234 (14/03/2014 - 28/04/2014)";"6";"6";"REGULAR";"f";"2014-06-10 13:01:00.78";"f";"";"0";"CONSOLIDADA";"";"Presencial";
"1224802";"05";"5752229";"";"";"2052352";"GRADUAÇÃO";"Campus Central";"HOSPED";"2014";"1";"2014-03-14";"2014-04-28";"234567M12345  23456T12345  2N1234 (14/03/2014 - 28/04/2014)";"5";"6";"REGULAR";"f";"2014-07-01 09:21:31.24";"f";"";"0";"CONSOLIDADA";"";"Presencial";
"1224802";"05";"5755002";"";"";"2052352";"GRADUAÇÃO";"Campus Central";"HOSPED";"2014";"1";"2014-03-14";"2014-04-28";"234567M12345  23456T12345  2N1234 (14/03/2014 - 28/04/2014)";"5";"6";"REGULAR";"f";"2014-07-01 09:21:31.24";"f";"";"0";"CONSOLIDADA";"";"Presencial";
"1224802";"05";"23833";"";"";"2052352";"GRADUAÇÃO";"Campus Central";"HOSPED";"2014";"1";"2014-03-14";"2014-04-28";"234567M12345  23456T12345  2N1234 (14/03/2014 - 28/04/2014)";"5";"6";"REGULAR";"f";"2014-07-01 09:21:31.24";"f";"";"0";"CONSOLIDADA";"";"Presencial";
"1224802";"05";"22766";"";"";"2052352";"GRADUAÇÃO";"Campus Central";"HOSPED";"2014";"1";"2014-03-14";"2014-04-28";"234567M12345  23456T12345  2N1234 (14/03/2014 - 28/04/2014)";"5";"6";"REGULAR";"f";"2014-07-01 09:21:31.24";"f";"";"0";"CONSOLIDADA";"";"Presencial";
"1224802";"05";"23007";"";"";"2052352";"GRADUAÇÃO";"Campus Central";"HOSPED";"2014";"1";"2014-03-14";"2014-04-28";"234567M12345  23456T12345  2N1234 (14/03/2014 - 28/04/2014)";"5";"6";"REGULAR";"f";"2014-07-01 09:21:31.24";"f";"";"0";"CONSOLIDADA";"";"Presencial";
"1224802";"05";"19166";"";"";"2052352";"GRADUAÇÃO";"Campus Central";"HOSPED";"2014";"1";"2014-03-14";"2014-04-28";"234567M12345  23456T12345  2N1234 (14/03/2014 - 28/04/2014)";"5";"6";"REGULAR";"f";"2014-07-01 09:21:31.24";"f";"";"0";"CONSOLIDADA";"";"Presencial";
"1224802";"05";"5755855";"";"";"2052352";"GRADUAÇÃO";"Campus Central";"HOSPED";"2014";"1";"2014-03-14";"2014-04-28";"234567M12345  23456T12345  2N1234 (14/03/2014 - 28/04/2014)";"5";"6";"REGULAR";"f";"2014-07-01 09:21:31.24";"f";"";"0";"CONSOLIDADA";"";"Presencial";
"1224802";"05";"23117";"";"";"2052352";"GRADUAÇÃO";"Campus Central";"HOSPED";"2014";"1";"2014-03-14";"2014-04-28";"234567M12345  23456T12345  2N1234 (14/03/2014 - 28/04/2014)";"5";"6";"REGULAR";"f";"2014-07-01 09:21:31.24";"f";"";"0";"CONSOLIDADA";"";"Presencial";
"1224803";"06";"23833";"";"";"2052352";"GRADUAÇÃO";"Campus Central";"HOSPED";"2014";"1";"2014-03-14";"2014-04-28";"234567M12345  23456T12345  2N1234 (14/03/2014 - 28/04/2014)";"3";"6";"REGULAR";"f";"2014-06-10 13:03:49.961";"f";"";"0";"CONSOLIDADA";"";"Presencial";
"1224803";"06";"22766";"";"";"2052352";"GRADUAÇÃO";"Campus Central";"HOSPED";"2014";"1";"2014-03-14";"2014-04-28";"234567M12345  23456T12345  2N1234 (14/03/2014 - 28/04/2014)";"3";"6";"REGULAR";"f";"2014-06-10 13:03:49.961";"f";"";"0";"CONSOLIDADA";"";"Presencial";
"1224803";"06";"5753063";"";"";"2052352";"GRADUAÇÃO";"Campus Central";"HOSPED";"2014";"1";"2014-03-14";"2014-04-28";"234567M12345  23456T12345  2N1234 (14/03/2014 - 28/04/2014)";"3";"6";"REGULAR";"f";"2014-06-10 13:03:49.961";"f";"";"0";"CONSOLIDADA";"";"Presencial";
"1224803";"06";"22203";"";"";"2052352";"GRADUAÇÃO";"Campus Central";"HOSPED";"2014";"1";"2014-03-14";"2014-04-28";"234567M12345  23456T12345  2N1234 (14/03/2014 - 28/04/2014)";"3";"6";"REGULAR";"f";"2014-06-10 13:03:49.961";"f";"";"0";"CONSOLIDADA";"";"Presencial";
"1224803";"06";"23007";"";"";"2052352";"GRADUAÇÃO";"Campus Central";"HOSPED";"2014";"1";"2014-03-14";"2014-04-28";"234567M12345  23456T12345  2N1234 (14/03/2014 - 28/04/2014)";"3";"6";"REGULAR";"f";"2014-06-10 13:03:49.961";"f";"";"0";"CONSOLIDADA";"";"Presencial";
"1224803";"06";"5752229";"";"";"2052352";"GRADUAÇÃO";"Campus Central";"HOSPED";"2014";"1";"2014-03-14";"2014-04-28";"234567M12345  23456T12345  2N1234 (14/03/2014 - 28/04/2014)";"3";"6";"REGULAR";"f";"2014-06-10 13:03:49.961";"f";"";"0";"CONSOLIDADA";"";"Presencial";
"1224803";"06";"5755029";"";"";"2052352";"GRADUAÇÃO";"Campus Central";"HOSPED";"2014";"1";"2014-03-14";"2014-04-28";"234567M12345  23456T12345  2N1234 (14/03/2014 - 28/04/2014)";"3";"6";"REGULAR";"f";"2014-06-10 13:03:49.961";"f";"";"0";"CONSOLIDADA";"";"Presencial";
"1224803";"06";"23117";"";"";"2052352";"GRADUAÇÃO";"Campus Central";"HOSPED";"2014";"1";"2014-03-14";"2014-04-28";"234567M12345  23456T12345  2N1234 (14/03/2014 - 28/04/2014)";"3";"6";"REGULAR";"f";"2014-06-10 13:03:49.961";"f";"";"0";"CONSOLIDADA";"";"Presencial";
"1224803";"06";"23071";"";"";"2052352";"GRADUAÇÃO";"Campus Central";"HOSPED";"2014";"1";"2014-03-14";"2014-04-28";"234567M12345  23456T12345  2N1234 (14/03/2014 - 28/04/2014)";"3";"6";"REGULAR";"f";"2014-06-10 13:03:49.961";"f";"";"0";"CONSOLIDADA";"";"Presencial";
"1224803";"06";"22877";"";"";"2052352";"GRADUAÇÃO";"Campus Central";"HOSPED";"2014";"1";"2014-03-14";"2014-04-28";"234567M12345  23456T12345  2N1234 (14/03/2014 - 28/04/2014)";"3";"6";"REGULAR";"f";"2014-06-10 13:03:49.961";"f";"";"0";"CONSOLIDADA";"";"Presencial";
"1224803";"06";"5755002";"";"";"2052352";"GRADUAÇÃO";"Campus Central";"HOSPED";"2014";"1";"2014-03-14";"2014-04-28";"234567M12345  23456T12345  2N1234 (14/03/2014 - 28/04/2014)";"3";"6";"REGULAR";"f";"2014-06-10 13:03:49.961";"f";"";"0";"CONSOLIDADA";"";"Presencial";
"1224804";"07";"23117";"";"";"2052352";"GRADUAÇÃO";"Campus Central";"HOSPED";"2014";"1";"2014-04-29";"2014-06-13";"234567M12345  23456T12345  2N1234 (29/04/2014 - 13/06/2014)";"6";"6";"REGULAR";"f";"2014-06-30 12:08:59.759";"f";"";"0";"CONSOLIDADA";"";"Presencial";
"1224804";"07";"19166";"";"";"2052352";"GRADUAÇÃO";"Campus Central";"HOSPED";"2014";"1";"2014-04-29";"2014-06-13";"234567M12345  23456T12345  2N1234 (29/04/2014 - 13/06/2014)";"6";"6";"REGULAR";"f";"2014-06-30 12:08:59.759";"f";"";"0";"CONSOLIDADA";"";"Presencial";
"1224804";"07";"23833";"";"";"2052352";"GRADUAÇÃO";"Campus Central";"HOSPED";"2014";"1";"2014-04-29";"2014-06-13";"234567M12345  23456T12345  2N1234 (29/04/2014 - 13/06/2014)";"6";"6";"REGULAR";"f";"2014-06-30 12:08:59.759";"f";"";"0";"CONSOLIDADA";"";"Presencial";
"1224804";"07";"5755735";"";"";"2052352";"GRADUAÇÃO";"Campus Central";"HOSPED";"2014";"1";"2014-04-29";"2014-06-13";"234567M12345  23456T12345  2N1234 (29/04/2014 - 13/06/2014)";"6";"6";"REGULAR";"f";"2014-06-30 12:08:59.759";"f";"";"0";"CONSOLIDADA";"";"Presencial";
"1224804";"07";"22203";"";"";"2052352";"GRADUAÇÃO";"Campus Central";"HOSPED";"2014";"1";"2014-04-29";"2014-06-13";"234567M12345  23456T12345  2N1234 (29/04/2014 - 13/06/2014)";"6";"6";"REGULAR";"f";"2014-06-30 12:08:59.759";"f";"";"0";"CONSOLIDADA";"";"Presencial";
"1224804";"07";"22877";"";"";"2052352";"GRADUAÇÃO";"Campus Central";"HOSPED";"2014";"1";"2014-04-29";"2014-06-13";"234567M12345  23456T12345  2N1234 (29/04/2014 - 13/06/2014)";"6";"6";"REGULAR";"f";"2014-06-30 12:08:59.759";"f";"";"0";"CONSOLIDADA";"";"Presencial";
"1224804";"07";"5755029";"";"";"2052352";"GRADUAÇÃO";"Campus Central";"HOSPED";"2014";"1";"2014-04-29";"2014-06-13";"234567M12345  23456T12345  2N1234 (29/04/2014 - 13/06/2014)";"6";"6";"REGULAR";"f";"2014-06-30 12:08:59.759";"f";"";"0";"CONSOLIDADA";"";"Presencial";
"1224804";"07";"5752229";"";"";"2052352";"GRADUAÇÃO";"Campus Central";"HOSPED";"2014";"1";"2014-04-29";"2014-06-13";"234567M12345  23456T12345  2N1234 (29/04/2014 - 13/06/2014)";"6";"6";"REGULAR";"f";"2014-06-30 12:08:59.759";"f";"";"0";"CONSOLIDADA";"";"Presencial";
"1224804";"07";"23071";"";"";"2052352";"GRADUAÇÃO";"Campus Central";"HOSPED";"2014";"1";"2014-04-29";"2014-06-13";"234567M12345  23456T12345  2N1234 (29/04/2014 - 13/06/2014)";"6";"6";"REGULAR";"f";"2014-06-30 12:08:59.759";"f";"";"0";"CONSOLIDADA";"";"Presencial";
"1224804";"07";"5752205";"";"";"2052352";"GRADUAÇÃO";"Campus Central";"HOSPED";"2014";"1";"2014-04-29";"2014-06-13";"234567M12345  23456T12345  2N1234 (29/04/2014 - 13/06/2014)";"6";"6";"REGULAR";"f";"2014-06-30 12:08:59.759";"f";"";"0";"CONSOLIDADA";"";"Presencial";
"1224805";"08";"5755002";"";"";"2052352";"GRADUAÇÃO";"Campus Central";"HOSPED";"2014";"1";"2014-04-29";"2014-06-13";"234567M12345  23456T12345  2N1234 (29/04/2014 - 13/06/2014)";"6";"6";"REGULAR";"f";"2014-07-01 09:17:34.645";"f";"";"0";"CONSOLIDADA";"";"Presencial";
"1224805";"08";"5752229";"";"";"2052352";"GRADUAÇÃO";"Campus Central";"HOSPED";"2014";"1";"2014-04-29";"2014-06-13";"234567M12345  23456T12345  2N1234 (29/04/2014 - 13/06/2014)";"6";"6";"REGULAR";"f";"2014-07-01 09:17:34.645";"f";"";"0";"CONSOLIDADA";"";"Presencial";
"1224805";"08";"23007";"";"";"2052352";"GRADUAÇÃO";"Campus Central";"HOSPED";"2014";"1";"2014-04-29";"2014-06-13";"234567M12345  23456T12345  2N1234 (29/04/2014 - 13/06/2014)";"6";"6";"REGULAR";"f";"2014-07-01 09:17:34.645";"f";"";"0";"CONSOLIDADA";"";"Presencial";
"1224805";"08";"5755855";"";"";"2052352";"GRADUAÇÃO";"Campus Central";"HOSPED";"2014";"1";"2014-04-29";"2014-06-13";"234567M12345  23456T12345  2N1234 (29/04/2014 - 13/06/2014)";"6";"6";"REGULAR";"f";"2014-07-01 09:17:34.645";"f";"";"0";"CONSOLIDADA";"";"Presencial";
"1224805";"08";"22766";"";"";"2052352";"GRADUAÇÃO";"Campus Central";"HOSPED";"2014";"1";"2014-04-29";"2014-06-13";"234567M12345  23456T12345  2N1234 (29/04/2014 - 13/06/2014)";"6";"6";"REGULAR";"f";"2014-07-01 09:17:34.645";"f";"";"0";"CONSOLIDADA";"";"Presencial";
"1224805";"08";"5755735";"";"";"2052352";"GRADUAÇÃO";"Campus Central";"HOSPED";"2014";"1";"2014-04-29";"2014-06-13";"234567M12345  23456T12345  2N1234 (29/04/2014 - 13/06/2014)";"6";"6";"REGULAR";"f";"2014-07-01 09:17:34.645";"f";"";"0";"CONSOLIDADA";"";"Presencial";
"1224805";"08";"23833";"";"";"2052352";"GRADUAÇÃO";"Campus Central";"HOSPED";"2014";"1";"2014-04-29";"2014-06-13";"234567M12345  23456T12345  2N1234 (29/04/2014 - 13/06/2014)";"6";"6";"REGULAR";"f";"2014-07-01 09:17:34.645";"f";"";"0";"CONSOLIDADA";"";"Presencial";
"1224805";"08";"23117";"";"";"2052352";"GRADUAÇÃO";"Campus Central";"HOSPED";"2014";"1";"2014-04-29";"2014-06-13";"234567M12345  23456T12345  2N1234 (29/04/2014 - 13/06/2014)";"6";"6";"REGULAR";"f";"2014-07-01 09:17:34.645";"f";"";"0";"CONSOLIDADA";"";"Presencial";
"1224805";"08";"19166";"";"";"2052352";"GRADUAÇÃO";"Campus Central";"HOSPED";"2014";"1";"2014-04-29";"2014-06-13";"234567M12345  23456T12345  2N1234 (29/04/2014 - 13/06/2014)";"6";"6";"REGULAR";"f";"2014-07-01 09:17:34.645";"f";"";"0";"CONSOLIDADA";"";"Presencial";
"1224805";"08";"5755029";"";"";"2052352";"GRADUAÇÃO";"Campus Central";"HOSPED";"2014";"1";"2014-04-29";"2014-06-13";"234567M12345  23456T12345  2N1234 (29/04/2014 - 13/06/2014)";"6";"6";"REGULAR";"f";"2014-07-01 09:17:34.645";"f";"";"0";"CONSOLIDADA";"";"Presencial";
"1224806";"09";"23071";"";"";"2052352";"GRADUAÇÃO";"Campus Central";"HOSPED";"2014";"1";"2014-04-29";"2014-06-13";"234567M12345  23456T12345  2N1234 (29/04/2014 - 13/06/2014)";"4";"6";"REGULAR";"f";"2014-06-30 12:10:24.381";"f";"";"0";"CONSOLIDADA";"";"Presencial";
"1224806";"09";"5752229";"";"";"2052352";"GRADUAÇÃO";"Campus Central";"HOSPED";"2014";"1";"2014-04-29";"2014-06-13";"234567M12345  23456T12345  2N1234 (29/04/2014 - 13/06/2014)";"4";"6";"REGULAR";"f";"2014-06-30 12:10:24.381";"f";"";"0";"CONSOLIDADA";"";"Presencial";
"1224806";"09";"5753063";"";"";"2052352";"GRADUAÇÃO";"Campus Central";"HOSPED";"2014";"1";"2014-04-29";"2014-06-13";"234567M12345  23456T12345  2N1234 (29/04/2014 - 13/06/2014)";"4";"6";"REGULAR";"f";"2014-06-30 12:10:24.381";"f";"";"0";"CONSOLIDADA";"";"Presencial";
"1224806";"09";"22877";"";"";"2052352";"GRADUAÇÃO";"Campus Central";"HOSPED";"2014";"1";"2014-04-29";"2014-06-13";"234567M12345  23456T12345  2N1234 (29/04/2014 - 13/06/2014)";"4";"6";"REGULAR";"f";"2014-06-30 12:10:24.381";"f";"";"0";"CONSOLIDADA";"";"Presencial";
"1224806";"09";"22766";"";"";"2052352";"GRADUAÇÃO";"Campus Central";"HOSPED";"2014";"1";"2014-04-29";"2014-06-13";"234567M12345  23456T12345  2N1234 (29/04/2014 - 13/06/2014)";"4";"6";"REGULAR";"f";"2014-06-30 12:10:24.381";"f";"";"0";"CONSOLIDADA";"";"Presencial";
"1224806";"09";"23833";"";"";"2052352";"GRADUAÇÃO";"Campus Central";"HOSPED";"2014";"1";"2014-04-29";"2014-06-13";"234567M12345  23456T12345  2N1234 (29/04/2014 - 13/06/2014)";"4";"6";"REGULAR";"f";"2014-06-30 12:10:24.381";"f";"";"0";"CONSOLIDADA";"";"Presencial";
"1224806";"09";"23117";"";"";"2052352";"GRADUAÇÃO";"Campus Central";"HOSPED";"2014";"1";"2014-04-29";"2014-06-13";"234567M12345  23456T12345  2N1234 (29/04/2014 - 13/06/2014)";"4";"6";"REGULAR";"f";"2014-06-30 12:10:24.381";"f";"";"0";"CONSOLIDADA";"";"Presencial";
"1224806";"09";"23007";"";"";"2052352";"GRADUAÇÃO";"Campus Central";"HOSPED";"2014";"1";"2014-04-29";"2014-06-13";"234567M12345  23456T12345  2N1234 (29/04/2014 - 13/06/2014)";"4";"6";"REGULAR";"f";"2014-06-30 12:10:24.381";"f";"";"0";"CONSOLIDADA";"";"Presencial";
"1224806";"09";"5755002";"";"";"2052352";"GRADUAÇÃO";"Campus Central";"HOSPED";"2014";"1";"2014-04-29";"2014-06-13";"234567M12345  23456T12345  2N1234 (29/04/2014 - 13/06/2014)";"4";"6";"REGULAR";"f";"2014-06-30 12:10:24.381";"f";"";"0";"CONSOLIDADA";"";"Presencial";
"1224806";"09";"22203";"";"";"2052352";"GRADUAÇÃO";"Campus Central";"HOSPED";"2014";"1";"2014-04-29";"2014-06-13";"234567M12345  23456T12345  2N1234 (29/04/2014 - 13/06/2014)";"4";"6";"REGULAR";"f";"2014-06-30 12:10:24.381";"f";"";"0";"CONSOLIDADA";"";"Presencial";
"1224808";"01";"18673";"";"";"41222";"GRADUAÇÃO";"Campus Central";"setor IV";"2014";"1";"2014-01-27";"2014-06-14";"23T56";"";"31";"REGULAR";"f";"";"f";"";"";"EXCLUÍDA";"";"Presencial";
"1224809";"02";"5753811";"";"";"26445";"GRADUAÇÃO";"Campus Currais Novos";"DCSH - Campus de Currais Novos";"2014";"1";"2014-01-27";"2014-06-14";"3M2345";"10";"50";"REGULAR";"f";"2014-06-13 14:05:32.821";"f";"";"70";"CONSOLIDADA";"";"Presencial";
"1224810";"01";"5752618";"";"";"41223";"GRADUAÇÃO";"Campus Central";"setor IV";"2014";"1";"2014-01-27";"2014-06-14";"45T56";"";"32";"REGULAR";"f";"";"f";"";"";"EXCLUÍDA";"";"Presencial";
"1224811";"01";"5753578";"";"";"41224";"GRADUAÇÃO";"Campus Central";"setor IV";"2014";"1";"2014-01-27";"2014-06-14";"45T12";"";"31";"REGULAR";"f";"";"f";"";"";"EXCLUÍDA";"";"Presencial";
"1224812";"01";"3588433";"";"";"41225";"GRADUAÇÃO";"Campus Central";"setor IV";"2014";"1";"2014-01-27";"2014-06-14";"45T34";"";"32";"REGULAR";"f";"";"f";"";"";"EXCLUÍDA";"";"Presencial";
"1224813";"04";"5755959";"";"";"43140";"GRADUAÇÃO";"Campus Caicó";"SALA A4";"2014";"1";"2014-01-27";"2014-06-14";"4M1234";"30";"50";"REGULAR";"f";"2014-06-13 11:17:46.44";"f";"";"72";"CONSOLIDADA";"";"Presencial";
"1224814";"02";"5752792";"";"";"2048105";"GRADUAÇÃO";"Campus Caicó";"SALA A2";"2014";"1";"2014-01-27";"2014-06-14";"4M12345  4T1";"35";"50";"REGULAR";"f";"2014-06-18 10:13:06.123";"f";"";"114";"CONSOLIDADA";"";"Presencial";
"1224815";"02";"127199";"";"";"2048087";"GRADUAÇÃO";"Campus Caicó";"SALA A2";"2014";"1";"2014-01-27";"2014-06-14";"3M12345  3T1";"39";"50";"REGULAR";"f";"2014-06-20 23:21:25.353";"f";"";"114";"CONSOLIDADA";"";"Presencial";
"1224816";"02";"5752792";"";"";"2048113";"GRADUAÇÃO";"Campus Caicó";"SALA A4";"2014";"1";"2014-01-27";"2014-06-14";"3M12345  3T1";"29";"50";"REGULAR";"f";"2014-06-22 14:27:29.703";"f";"";"114";"CONSOLIDADA";"";"Presencial";
"1224817";"01";"5752987";"";"";"41226";"GRADUAÇÃO";"Campus Central";"setor IV";"2014";"1";"2014-01-27";"2014-06-14";"23T12";"";"31";"REGULAR";"f";"";"f";"";"";"EXCLUÍDA";"";"Presencial";
"1224818";"01";"5753590";"";"";"48498";"GRADUAÇÃO";"Campus Central";"setor IV";"2014";"1";"2014-01-27";"2014-06-14";"36T56";"";"20";"REGULAR";"f";"";"f";"";"";"EXCLUÍDA";"";"Presencial";
"1224819";"01";"5752772";"";"";"41227";"GRADUAÇÃO";"Campus Central";"setor IV";"2014";"1";"2014-01-27";"2014-06-14";"23N12";"";"31";"REGULAR";"f";"";"f";"";"";"EXCLUÍDA";"";"Presencial";
"1224820";"01";"5752691";"";"";"41228";"GRADUAÇÃO";"Campus Central";"setor IV";"2014";"1";"2014-01-27";"2014-06-14";"6T56  4N12";"";"32";"REGULAR";"f";"";"f";"";"";"EXCLUÍDA";"";"Presencial";
"1224821";"01";"5752676";"";"";"41229";"GRADUAÇÃO";"Campus Central";"setor IV";"2014";"1";"2014-01-27";"2014-06-14";"56N12";"";"30";"REGULAR";"f";"";"f";"";"";"EXCLUÍDA";"";"Presencial";
"1224822";"01";"5752772";"";"";"41231";"GRADUAÇÃO";"Campus Central";"setor IV";"2014";"1";"2014-01-27";"2014-06-14";"2T56  5N12";"31";"28";"REGULAR";"f";"2014-06-13 18:40:19.344";"f";"";"70";"CONSOLIDADA";"";"Presencial";
"1224823";"01";"5753590";"";"";"41233";"GRADUAÇÃO";"Campus Central";"setor IV";"2014";"1";"2014-01-27";"2014-06-14";"45T34";"35";"29";"REGULAR";"f";"2014-06-19 09:56:20.644";"f";"";"66";"CONSOLIDADA";"";"Presencial";
"1224824";"01";"5752741";"";"";"41238";"GRADUAÇÃO";"Campus Central";"setor IV";"2014";"1";"2014-01-27";"2014-06-14";"26N12";"30";"27";"REGULAR";"f";"2014-06-14 17:38:54.579";"f";"";"66";"CONSOLIDADA";"";"Presencial";
"1224825";"01";"5752664";"";"";"41246";"GRADUAÇÃO";"Campus Central";"setor IV";"2014";"1";"2014-01-27";"2014-06-14";"34N12";"25";"25";"REGULAR";"f";"2014-06-10 22:05:20.817";"f";"";"66";"CONSOLIDADA";"";"Presencial";
"1224826";"01";"5752692";"";"";"41237";"GRADUAÇÃO";"Campus Central";"setor IV";"2014";"1";"2014-01-27";"2014-06-14";"45T12";"30";"28";"REGULAR";"f";"2014-06-20 11:02:05.755";"f";"";"70";"CONSOLIDADA";"";"Presencial";
"1224827";"01";"5753644";"";"";"41235";"GRADUAÇÃO";"Campus Central";"setor IV";"2014";"1";"2014-01-27";"2014-06-14";"34N12";"21";"25";"REGULAR";"f";"2014-06-14 12:31:53.358";"f";"";"68";"CONSOLIDADA";"";"Presencial";
"1224828";"01";"22744";"";"";"41230";"GRADUAÇÃO";"Campus Central";"setor IV";"2014";"1";"2014-01-27";"2014-06-14";"23T34";"";"32";"REGULAR";"f";"";"f";"";"";"EXCLUÍDA";"";"Presencial";
"1224829";"01";"5753042";"";"";"41236";"GRADUAÇÃO";"Campus Central";"setor IV";"2014";"1";"2014-01-27";"2014-06-14";"23T12";"41";"30";"REGULAR";"f";"2014-06-06 11:35:58.884";"f";"";"68";"CONSOLIDADA";"";"Presencial";
"1224830";"01";"5752618";"";"";"41239";"GRADUAÇÃO";"Campus Central";"setor IV";"2014";"1";"2014-01-27";"2014-06-14";"23T34";"29";"28";"REGULAR";"f";"2014-06-21 12:18:01.155";"f";"";"70";"CONSOLIDADA";"";"Presencial";
"1224831";"01";"5752691";"";"";"41240";"GRADUAÇÃO";"Campus Central";"setor IV";"2014";"1";"2014-01-27";"2014-06-14";"26N12";"30";"28";"REGULAR";"f";"2014-06-11 21:12:39.568";"f";"";"68";"CONSOLIDADA";"";"Presencial";
"1224832";"01";"5752298";"";"";"41241";"GRADUAÇÃO";"Campus Central";"setor IV";"2014";"1";"2014-01-27";"2014-06-14";"45T34";"31";"28";"REGULAR";"f";"2014-06-16 21:26:17.984";"f";"";"66";"CONSOLIDADA";"";"Presencial";
"1224833";"01";"5753644";"";"";"41242";"GRADUAÇÃO";"Campus Central";"setor IV";"2014";"1";"2014-01-27";"2014-06-14";"34T56";"35";"31";"REGULAR";"f";"2014-06-14 12:29:43.044";"f";"";"66";"CONSOLIDADA";"";"Presencial";
"1224834";"01";"5752741";"";"";"52803";"GRADUAÇÃO";"Campus Central";"setor IV";"2014";"1";"2014-01-27";"2014-06-14";"26T56";"12";"15";"REGULAR";"f";"2014-06-14 17:31:22.004";"f";"";"66";"CONSOLIDADA";"";"Presencial";
"1224835";"01";"5752664";"";"";"48501";"GRADUAÇÃO";"Campus Central";"setor IV";"2014";"1";"2014-01-27";"2014-06-14";"34T56";"12";"15";"REGULAR";"f";"2014-06-10 22:04:09.93";"f";"";"68";"CONSOLIDADA";"";"Presencial";
"1224836";"01";"5753578";"";"";"48499";"GRADUAÇÃO";"Campus Central";"setor IV";"2014";"1";"2014-01-27";"2014-06-14";"45T34";"22";"18";"REGULAR";"f";"2014-06-06 09:00:34.793";"f";"";"66";"CONSOLIDADA";"";"Presencial";
"1224837";"01";"5752692";"";"";"46998";"GRADUAÇÃO";"Campus Central";"setor IV";"2014";"1";"2014-01-27";"2014-06-14";"6T1234";"12";"10";"REGULAR";"f";"2014-06-20 11:11:53.742";"f";"";"72";"CONSOLIDADA";"";"Presencial";
"1224838";"01";"5753590";"";"";"46950";"GRADUAÇÃO";"Campus Central";"setor IV";"2014";"1";"2014-01-27";"2014-06-14";"45T12";"13";"15";"REGULAR";"f";"2014-06-18 11:33:44.63";"f";"";"72";"CONSOLIDADA";"";"Presencial";
"1224839";"01";"5752676";"";"";"41232";"GRADUAÇÃO";"Campus Central";"setor IV";"2014";"1";"2014-01-27";"2014-06-14";"56T56";"29";"27";"REGULAR";"f";"2014-06-21 11:01:54.703";"f";"";"70";"CONSOLIDADA";"";"Presencial";
"1224840";"01";"5753042";"";"";"48492";"GRADUAÇÃO";"Campus Central";"setor IV";"2014";"1";"2014-01-27";"2014-06-14";"35T34";"";"50";"REGULAR";"f";"";"f";"";"";"EXCLUÍDA";"";"Presencial";
"1224841";"02";"5753042";"";"";"48492";"GRADUAÇÃO";"Campus Central";"setor IV";"2014";"1";"2014-01-27";"2014-06-14";"35T34";"";"50";"REGULAR";"f";"";"f";"";"";"EXCLUÍDA";"";"Presencial";
"1224842";"03";"5753042";"";"";"48492";"GRADUAÇÃO";"Campus Central";"setor IV";"2014";"1";"2014-01-27";"2014-06-14";"35T34";"41";"50";"REGULAR";"f";"2014-06-06 11:18:56.764";"f";"";"68";"CONSOLIDADA";"";"Presencial";
"1224843";"01";"26149";"";"";"20679";"GRADUAÇÃO";"Campus Central";"SETOR II - B1";"2014";"1";"2014-01-27";"2014-06-14";"35N12";"68";"47";"REGULAR";"f";"2014-06-16 07:48:24.885";"f";"";"70";"CONSOLIDADA";"";"Presencial";
"1224844";"01";"26149";"";"";"26346";"GRADUAÇÃO";"Campus Central";"SETOR II - A1";"2014";"1";"2014-01-27";"2014-06-14";"35T56";"36";"45";"REGULAR";"f";"2014-06-16 07:51:18.505";"f";"";"70";"CONSOLIDADA";"";"Presencial";
"1224845";"02";"5752488";"";"";"26346";"GRADUAÇÃO";"Campus Central";"SETOR II - H3";"2014";"1";"2014-01-27";"2014-06-14";"4T3456";"36";"45";"REGULAR";"f";"2014-06-14 17:06:58.965";"f";"";"72";"CONSOLIDADA";"";"Presencial";
"1224846";"01";"5756452";"";"";"24803";"GRADUAÇÃO";"Campus Central";"SETOR II - G2";"2014";"1";"2014-01-27";"2014-06-14";"46N34";"28";"45";"REGULAR";"f";"2014-06-13 00:38:30.047";"f";"";"76";"CONSOLIDADA";"";"Presencial";
"1224847";"01";"5751870";"";"";"24791";"GRADUAÇÃO";"Campus Central";"SETOR II - B2";"2014";"1";"2014-01-27";"2014-06-14";"3N12";"107";"51";"REGULAR";"f";"2014-06-13 12:02:07.158";"f";"";"34";"CONSOLIDADA";"";"Presencial";
"1224848";"02";"5755420";"";"";"24803";"GRADUAÇÃO";"Campus Central";"SETOR II - H1";"2014";"1";"2014-01-27";"2014-06-14";"26N12";"39";"45";"REGULAR";"f";"2014-06-17 23:26:54.744";"f";"";"74";"CONSOLIDADA";"";"Presencial";
"1224849";"03";"5755420";"";"";"24803";"GRADUAÇÃO";"Campus Central";"SETOR II - G2";"2014";"1";"2014-01-27";"2014-06-14";"35N34";"46";"45";"REGULAR";"f";"2014-06-17 23:31:52.525";"f";"";"74";"CONSOLIDADA";"";"Presencial";
"1224850";"01";"5755435";"";"";"24811";"GRADUAÇÃO";"Campus Central";"SETOR II - H1";"2014";"1";"2014-01-27";"2014-06-14";"4N1234";"48";"46";"REGULAR";"f";"2014-06-06 10:54:21.107";"f";"";"72";"CONSOLIDADA";"";"Presencial";
"1224851";"02";"5756240";"";"";"24800";"GRADUAÇÃO";"Campus Central";"SETOR II - G1";"2014";"1";"2014-01-27";"2014-06-14";"26N34";"25";"45";"REGULAR";"f";"2014-06-20 10:44:16.794";"f";"";"72";"CONSOLIDADA";"";"Presencial";
"1224852";"01";"5754966";"";"";"24787";"GRADUAÇÃO";"Campus Central";"SETOR II - A2";"2014";"1";"2014-01-27";"2014-06-14";"35T12";"47";"45";"REGULAR";"f";"2014-06-11 21:04:47.993";"f";"";"72";"CONSOLIDADA";"";"Presencial";
"1224853";"01";"5755435";"";"";"20680";"GRADUAÇÃO";"Campus Central";"SETOR II - H2";"2014";"1";"2014-01-27";"2014-06-14";"24N34";"12";"45";"REGULAR";"f";"2014-06-13 21:55:33.21";"f";"";"72";"CONSOLIDADA";"";"Presencial";
"1224853";"01";"5752197";"";"";"20680";"GRADUAÇÃO";"Campus Central";"SETOR II - H2";"2014";"1";"2014-01-27";"2014-06-14";"24N34";"12";"45";"REGULAR";"f";"2014-06-13 21:55:33.21";"f";"";"72";"CONSOLIDADA";"";"Presencial";
"1224854";"01";"5751870";"";"";"24783";"GRADUAÇÃO";"Campus Central";"SETOR II - G1";"2014";"1";"2014-01-27";"2014-06-14";"4N1234";"78";"46";"REGULAR";"f";"2014-06-13 11:59:36.417";"f";"";"72";"CONSOLIDADA";"";"Presencial";
"1224855";"01";"5755420";"";"";"24802";"GRADUAÇÃO";"Campus Central";"SETOR II - H2";"2014";"1";"2014-01-27";"2014-06-14";"35T12";"24";"45";"REGULAR";"f";"2014-06-17 23:38:05.218";"f";"";"74";"CONSOLIDADA";"";"Presencial";
"1224856";"01";"60773";"";"";"24804";"GRADUAÇÃO";"Campus Central";"SETOR II - H2";"2014";"1";"2014-01-27";"2014-06-14";"35T56";"58";"45";"REGULAR";"f";"2014-06-19 16:51:48.447";"f";"";"72";"CONSOLIDADA";"";"Presencial";
"1224857";"02";"5753881";"";"";"24802";"GRADUAÇÃO";"Campus Central";"SETOR II - B2";"2014";"1";"2014-01-27";"2014-06-14";"3T1234";"39";"45";"REGULAR";"f";"2014-06-12 08:06:25.23";"f";"";"68";"CONSOLIDADA";"";"Presencial";
"1224858";"01";"5756042";"";"";"24810";"GRADUAÇÃO";"Campus Central";"SETOR II - H5";"2014";"1";"2014-01-27";"2014-06-14";"24N12";"88";"48";"REGULAR";"f";"2014-06-11 09:03:42.724";"f";"";"74";"CONSOLIDADA";"";"Presencial";
"1224859";"01";"5756308";"";"";"26363";"GRADUAÇÃO";"Campus Central";"CCHLA - AUDITÓRIO C";"2014";"1";"2014-01-27";"2014-06-14";"24N34";"52";"45";"REGULAR";"f";"2014-06-10 21:50:00.302";"f";"";"66";"CONSOLIDADA";"";"Presencial";
"1224860";"02";"5755441";"";"";"26363";"GRADUAÇÃO";"Campus Central";"SETOR II - B1";"2014";"1";"2014-01-27";"2014-06-14";"2T34 4T56";"87";"47";"REGULAR";"f";"2014-06-19 21:28:41.529";"f";"";"66";"CONSOLIDADA";"";"Presencial";
"1224861";"01";"5755441";"";"";"24793";"GRADUAÇÃO";"Campus Central";"SETOR II - H3";"2014";"1";"2014-01-27";"2014-06-14";"46N34";"68";"47";"REGULAR";"f";"2014-06-19 21:36:21.711";"f";"";"66";"CONSOLIDADA";"";"Presencial";
"1224862";"02";"5753108";"";"TECNOLOGIAS DE CONVIVÊNCIA E SEGURANÇA HÍDRICA PARA O SEMIÁRIDO NORDESTINO. ";"54156";"STRICTO SENSU";"";"Setor II, Bloco G, Sala 2";"2014";"1";"2014-02-10";"2014-06-14";"5M345";"3";"20";"REGULAR";"f";"2014-07-10 21:06:22.412";"f";"";"45";"CONSOLIDADA";"";"Presencial";
"1224863";"01";"5755435";"";"";"20686";"GRADUAÇÃO";"Campus Central";"LABCOM - ESTÚDIO DE RÁDIO "A";"2014";"1";"2014-01-27";"2014-06-14";"4T3456";"26";"45";"REGULAR";"f";"2014-06-13 21:51:58.979";"f";"";"72";"CONSOLIDADA";"";"Presencial";
"1224863";"01";"5752197";"";"";"20686";"GRADUAÇÃO";"Campus Central";"LABCOM - ESTÚDIO DE RÁDIO "A";"2014";"1";"2014-01-27";"2014-06-14";"4T3456";"26";"45";"REGULAR";"f";"2014-06-13 21:51:58.979";"f";"";"72";"CONSOLIDADA";"";"Presencial";
"1224864";"01";"5756240";"";"";"20687";"GRADUAÇÃO";"Campus Central";"LABCOM - SALA 03";"2014";"1";"2014-01-27";"2014-06-14";"3T3456";"27";"45";"REGULAR";"f";"2014-06-21 18:48:17.093";"f";"";"76";"CONSOLIDADA";"";"Presencial";
"1224865";"01";"5756042";"";"";"26365";"GRADUAÇÃO";"Campus Central";"LABCOM - EST DE RAD. "A" / 4N34 RED-A 5N34 RED-B";"2014";"1";"2014-01-27";"2014-06-14";"45N34";"27";"45";"REGULAR";"f";"2014-06-13 09:37:48.316";"f";"";"74";"CONSOLIDADA";"";"Presencial";
"1224866";"01";"5752488";"";"";"26366";"GRADUAÇÃO";"Campus Central";"LABCOM - REDAÇÃO "B";"2014";"1";"2014-01-27";"2014-06-14";"3N1234";"59";"45";"REGULAR";"f";"2014-06-14 17:26:05.969";"f";"";"76";"CONSOLIDADA";"";"Presencial";
"1224867";"02";"3588433";"";"";"41225";"GRADUAÇÃO";"Campus Central";"setor IV";"2014";"1";"2014-01-27";"2014-06-14";"45T34";"59";"30";"REGULAR";"f";"2014-06-21 10:39:13.479";"f";"";"68";"CONSOLIDADA";"";"Presencial";
"1224868";"02";"18673";"";"";"41222";"GRADUAÇÃO";"Campus Central";"setor IV";"2014";"1";"2014-01-27";"2014-06-14";"23T56";"54";"29";"REGULAR";"f";"2014-06-08 07:21:11.888";"f";"";"66";"CONSOLIDADA";"";"Presencial";
"1224869";"02";"5752618";"";"";"41223";"GRADUAÇÃO";"Campus Central";"setor IV";"2014";"1";"2014-01-27";"2014-06-14";"45T56";"74";"29";"REGULAR";"f";"2014-06-21 11:48:02.813";"f";"";"70";"CONSOLIDADA";"";"Presencial";
"1224870";"02";"5753578";"";"";"41224";"GRADUAÇÃO";"Campus Central";"setor IV";"2014";"1";"2014-01-27";"2014-06-14";"45T12";"65";"29";"REGULAR";"f";"2014-06-06 08:47:39.244";"f";"";"66";"CONSOLIDADA";"";"Presencial";
"1224871";"02";"5752987";"";"";"41226";"GRADUAÇÃO";"Campus Central";"setor IV";"2014";"1";"2014-01-27";"2014-06-14";"23T12";"49";"28";"REGULAR";"f";"2014-06-06 11:13:55.106";"f";"";"66";"CONSOLIDADA";"";"Presencial";
"1224872";"02";"5752772";"";"";"41227";"GRADUAÇÃO";"Campus Central";"setor IV";"2014";"1";"2014-01-27";"2014-06-14";"23N12";"56";"30";"REGULAR";"f";"2014-06-13 18:35:07.806";"f";"";"66";"CONSOLIDADA";"";"Presencial";
"1224873";"02";"5752691";"";"";"41228";"GRADUAÇÃO";"Campus Central";"setor IV";"2014";"1";"2014-01-27";"2014-06-14";"6T56  4N12";"58";"32";"REGULAR";"f";"2014-06-14 12:22:02.071";"f";"";"72";"CONSOLIDADA";"";"Presencial";
"1224874";"02";"5752676";"";"";"41229";"GRADUAÇÃO";"Campus Central";"setor IV";"2014";"1";"2014-01-27";"2014-06-14";"56N12";"46";"30";"REGULAR";"f";"2014-06-21 10:36:30.783";"f";"";"66";"CONSOLIDADA";"";"Presencial";
"1224875";"02";"22744";"";"";"41230";"GRADUAÇÃO";"Campus Central";"setor IV";"2014";"1";"2014-01-27";"2014-06-14";"23T34";"50";"29";"REGULAR";"f";"2014-06-16 10:54:43.697";"f";"";"66";"CONSOLIDADA";"";"Presencial";
"1224876";"02";"5754639";"";"";"2054963";"GRADUAÇÃO";"Campus Central";"SETOR IV - SALA B2";"2014";"1";"2014-01-27";"2014-06-14";"24T56";"2";"20";"REGULAR";"f";"2014-06-14 17:39:35.118";"f";"";"74";"CONSOLIDADA";"";"Presencial";
"1224877";"02";"5752485";"";"";"2055015";"GRADUAÇÃO";"Campus Central";"SETOR IV - 4F2";"2014";"1";"2014-01-27";"2014-06-14";"46T56";"17";"20";"REGULAR";"f";"2014-06-21 18:59:04.847";"f";"";"92";"CONSOLIDADA";"";"Presencial";
"1224878";"01";"2298150";"";"";"26368";"GRADUAÇÃO";"Campus Central";"SETOR II - B1";"2014";"1";"2014-01-27";"2014-06-14";"4N1234";"39";"45";"REGULAR";"f";"2014-06-17 20:21:25.513";"f";"";"77";"CONSOLIDADA";"";"Presencial";
"1224879";"01";"5755339";"";"";"26370";"GRADUAÇÃO";"Campus Central";"SETOR II - H3";"2014";"1";"2014-01-27";"2014-06-14";"35T34";"41";"45";"REGULAR";"f";"2014-06-12 12:49:18.487";"f";"";"68";"CONSOLIDADA";"";"Presencial";
"1224880";"02";"5755339";"";"";"26370";"GRADUAÇÃO";"Campus Central";"SETOR II - B1";"2014";"1";"2014-01-27";"2014-06-14";"23N34";"34";"45";"REGULAR";"f";"2014-06-11 11:37:00.027";"f";"";"66";"CONSOLIDADA";"";"Presencial";
"1224881";"01";"5755474";"";"";"26371";"GRADUAÇÃO";"Campus Central";"LABCOM - ESTÚDIO DE TV / LABCOM - SALA 03";"2014";"1";"2014-01-27";"2014-06-14";"2T3456";"43";"45";"REGULAR";"f";"2014-06-09 00:18:40.872";"f";"";"68";"CONSOLIDADA";"";"Presencial";
"1224882";"01";"5751833";"";"";"24814";"GRADUAÇÃO";"Campus Central";"SETOR II - H2";"2014";"1";"2014-01-27";"2014-06-14";"46T12";"34";"45";"REGULAR";"f";"2014-06-14 09:35:47.291";"f";"";"70";"CONSOLIDADA";"";"Presencial";
"1224883";"01";"2298150";"";"";"26381";"GRADUAÇÃO";"Campus Central";"SETOR II - B2";"2014";"1";"2014-01-27";"2014-06-14";"5T56";"42";"45";"REGULAR";"f";"2014-06-17 20:23:02.885";"f";"";"34";"CONSOLIDADA";"";"Presencial";
"1224884";"01";"5751833";"";"";"20001";"GRADUAÇÃO";"Campus Central";"SETOR II - H2";"2014";"1";"2014-01-27";"2014-06-14";"6N1234";"43";"45";"REGULAR";"f";"2014-06-15 00:45:21.978";"f";"";"72";"CONSOLIDADA";"";"Presencial";
"1224885";"01";"5752549";"";"";"24830";"GRADUAÇÃO";"Campus Central";"LABCOM - REDAÇÃO "A";"2014";"1";"2014-01-27";"2014-06-14";"23N34";"26";"45";"REGULAR";"f";"2014-06-14 20:46:32.857";"f";"";"68";"CONSOLIDADA";"";"Presencial";
"1224886";"02";"5752549";"";"";"24830";"GRADUAÇÃO";"Campus Central";"LABCOM - SALA DE REDAÇÃO "A";"2014";"1";"2014-01-27";"2014-06-14";"24N12";"48";"45";"REGULAR";"f";"2014-06-14 20:55:29.933";"f";"";"70";"CONSOLIDADA";"";"Presencial";
"1224887";"01";"5755877";"";"";"2040373";"GRADUAÇÃO";"Campus Central";"LABCOM - REDAÇÃO "B";"2014";"1";"2014-01-27";"2014-06-14";"6N1234";"44";"40";"REGULAR";"f";"2014-06-13 13:06:24.408";"f";"";"72";"CONSOLIDADA";"";"Presencial";
"1224888";"01";"5755877";"";"";"24798";"GRADUAÇÃO";"Campus Central";"SETOR II - I5";"2014";"1";"2014-01-27";"2014-06-14";"24N34";"62";"45";"REGULAR";"f";"2014-06-13 13:02:46.665";"f";"";"72";"CONSOLIDADA";"";"Presencial";
"1224889";"01";"5752488";"";"";"26386";"GRADUAÇÃO";"Campus Central";"SETOR II - H3";"2014";"1";"2014-01-27";"2014-06-14";"2N1234 4N12";"35";"40";"REGULAR";"f";"2014-06-14 16:48:16.63";"f";"";"110";"CONSOLIDADA";"";"Presencial";
"1224890";"01";"5755005";"";"";"20682";"GRADUAÇÃO";"Campus Central";"LABCOM - ESTÚDIO DE RÁDIO A";"2014";"1";"2014-01-27";"2014-06-14";"3N12 6N1234";"43";"27";"REGULAR";"f";"2014-06-09 17:37:57.353";"f";"";"102";"CONSOLIDADA";"";"Presencial";
"1224891";"02";"5755005";"";"";"20682";"GRADUAÇÃO";"Campus Central";"LABCOM - ESTÚDIO DE RÁDIO "A";"2014";"1";"2014-01-27";"2014-06-14";"2T561234";"13";"25";"REGULAR";"f";"2014-06-09 17:03:48.812";"f";"";"102";"CONSOLIDADA";"";"Presencial";
"1224892";"01";"5755394";"";"";"24808";"GRADUAÇÃO";"Campus Central";"LABCOM - SALA DE REDAÇÃO "B";"2014";"1";"2014-01-27";"2014-06-14";"24N34";"27";"40";"REGULAR";"f";"2014-06-06 11:18:22.913";"f";"";"68";"CONSOLIDADA";"";"Presencial";
"1224893";"02";"5754966";"";"";"24808";"GRADUAÇÃO";"Campus Central";"LABCOM - SALA DE REDAÇÃO "A";"2014";"1";"2014-01-27";"2014-06-14";"56T56";"14";"40";"REGULAR";"f";"2014-06-15 09:42:53.957";"f";"";"74";"CONSOLIDADA";"";"Presencial";
"1224894";"01";"5755435";"";"";"20684";"GRADUAÇÃO";"Campus Central";"LABCOM - SALA 01 / ESTÚDIO DE RÁDIO "B";"2014";"1";"2014-01-27";"2014-06-14";"6N1234";"34";"40";"REGULAR";"f";"2014-06-13 00:56:40.164";"f";"";"76";"CONSOLIDADA";"";"Presencial";
"1224895";"01";"20899";"";"";"20685";"GRADUAÇÃO";"Campus Central";"LABCOM - ESTÚDIO DE TV / LABCOM - SALA 03";"2014";"1";"2014-01-27";"2014-06-14";"5N1234";"38";"40";"REGULAR";"f";"2014-06-13 13:57:59.442";"f";"";"68";"CONSOLIDADA";"";"Presencial";
"1224896";"01";"5756042";"";"";"26393";"GRADUAÇÃO";"Campus Central";"LABCOM - ESTÚDIO DE RÁDIO "A";"2014";"1";"2014-01-27";"2014-06-14";"5T456";"27";"40";"REGULAR";"f";"2014-06-13 09:46:52.846";"f";"";"54";"CONSOLIDADA";"";"Presencial";
"1224897";"01";"5755339";"";"";"24813";"GRADUAÇÃO";"Campus Central";"LABCOM - 2T12 - ESTÚDIO DE TV / 2T34 SALA 01";"2014";"1";"2014-01-27";"2014-06-14";"2T1234";"51";"40";"REGULAR";"f";"2014-06-11 12:09:36.972";"f";"";"72";"CONSOLIDADA";"";"Presencial";
"1224898";"01";"5752192";"";"";"26394";"GRADUAÇÃO";"Campus Central";"SETOR III - G3";"2014";"1";"2014-01-27";"2014-06-14";"24N34";"41";"45";"REGULAR";"f";"2014-06-14 10:25:54.747";"f";"";"74";"CONSOLIDADA";"";"Presencial";
"1224899";"02";"5756240";"";"";"26394";"GRADUAÇÃO";"Campus Central";"SETOR II - G1";"2014";"1";"2014-01-27";"2014-06-14";"56N12";"39";"45";"REGULAR";"f";"2014-06-17 20:48:12.522";"f";"";"70";"CONSOLIDADA";"";"Presencial";
"1224900";"01";"25986";"";"";"24797";"GRADUAÇÃO";"Campus Central";"SETOR II - H1";"2014";"1";"2014-01-27";"2014-06-14";"26N34";"26";"45";"REGULAR";"f";"2014-06-08 06:18:32.747";"f";"";"68";"CONSOLIDADA";"";"Presencial";
"1224901";"02";"25986";"";"";"24797";"GRADUAÇÃO";"Campus Central";"SETOR II - B1";"2014";"1";"2014-01-27";"2014-06-14";"26N12";"32";"45";"REGULAR";"f";"2014-06-03 08:35:54.577";"f";"";"66";"CONSOLIDADA";"";"Presencial";
"1224902";"01";"26149";"";"";"20681";"GRADUAÇÃO";"Campus Central";"SETOR II - B2";"2014";"1";"2014-01-27";"2014-06-14";"4N1234 5N34";"51";"45";"REGULAR";"f";"2014-06-16 07:37:49.465";"f";"";"106";"CONSOLIDADA";"";"Presencial";
"1224903";"01";"25607";"";"";"24789";"GRADUAÇÃO";"Campus Central";"SETOR II - A2";"2014";"1";"2014-01-27";"2014-06-14";"35T56";"73";"48";"REGULAR";"f";"2014-06-21 11:22:42.746";"f";"";"66";"CONSOLIDADA";"";"Presencial";
"1224904";"01";"5756042";"";"";"26398";"GRADUAÇÃO";"Campus Central";"LABCOM - ESTÚDIO DE RÁDIO "A" / SALA 01";"2014";"1";"2014-01-27";"2014-06-14";"34T12";"28";"40";"REGULAR";"f";"2014-06-11 09:09:07.664";"f";"";"76";"CONSOLIDADA";"";"Presencial";
"1224905";"01";"5756240";"";"";"26402";"GRADUAÇÃO";"Campus Central";"LABCOM - SALA 01";"2014";"1";"2014-01-27";"2014-06-14";"6T3456";"44";"43";"REGULAR";"f";"2014-06-21 18:46:37.767";"f";"";"72";"CONSOLIDADA";"";"Presencial";
"1224905";"01";"5755474";"";"";"26402";"GRADUAÇÃO";"Campus Central";"LABCOM - SALA 01";"2014";"1";"2014-01-27";"2014-06-14";"6T3456";"44";"43";"REGULAR";"f";"2014-06-21 18:46:37.767";"f";"";"72";"CONSOLIDADA";"";"Presencial";
"1224906";"01";"5752204";"";"";"26408";"GRADUAÇÃO";"Campus Central";"LABCOM - SALA 01";"2014";"1";"2014-01-27";"2014-06-14";"23N12";"48";"40";"REGULAR";"f";"2014-06-18 09:52:05.172";"f";"";"74";"CONSOLIDADA";"";"Presencial";
"1224907";"01";"5754966";"";"";"2040365";"GRADUAÇÃO";"Campus Central";"CCHLA - AUDITÓRIO C";"2014";"1";"2014-01-27";"2014-06-14";"24N12";"35";"45";"REGULAR";"f";"2014-06-14 12:52:26.229";"f";"";"72";"CONSOLIDADA";"";"Presencial";
"1224908";"01";"5754966";"";"";"2040364";"GRADUAÇÃO";"Campus Central";"SETOR II - F2";"2014";"1";"2014-01-27";"2014-06-14";"7M2345";"44";"45";"REGULAR";"f";"2014-06-15 09:37:39.41";"f";"";"80";"CONSOLIDADA";"";"Presencial";
"1224909";"01";"5756153";"";"";"2040384";"GRADUAÇÃO";"Campus Central";"2N1234 - SETOR II - H6 / 4N34 - SETOR III - E2";"2014";"1";"2014-01-27";"2014-06-14";"2N1234 4N34";"46";"45";"REGULAR";"f";"2014-06-14 10:02:14.187";"f";"";"98";"CONSOLIDADA";"";"Presencial";
"1224910";"01";"5755442";"";"";"2040362";"GRADUAÇÃO";"Campus Central";"SETOR II - G2";"2014";"1";"2014-01-27";"2014-06-14";"35N12";"39";"45";"REGULAR";"f";"2014-06-12 22:22:46.974";"f";"";"74";"CONSOLIDADA";"";"Presencial";
"1224911";"01";"5756153";"";"";"2040385";"GRADUAÇÃO";"Campus Central";"LABCOM - SALA 03";"2014";"1";"2014-01-27";"2014-06-14";"4N12 6N1234";"47";"41";"REGULAR";"f";"2014-06-13 13:29:16.492";"f";"";"102";"CONSOLIDADA";"";"Presencial";
"1224912";"01";"5756452";"";"";"2040381";"GRADUAÇÃO";"Campus Central";"LABCOM - 3N12 - REDAÇÃO "A" / 5N12 REDAÇÃO "B";"2014";"1";"2014-01-27";"2014-06-14";"35N12";"49";"41";"REGULAR";"f";"2014-06-13 00:36:13.727";"f";"";"72";"CONSOLIDADA";"";"Presencial";
"1224913";"01";"5755121";"";"";"2040380";"GRADUAÇÃO";"Campus Central";"SETOR II - I22";"2014";"1";"2014-01-27";"2014-06-14";"35N12";"44";"45";"REGULAR";"f";"2014-06-10 11:28:17.656";"f";"";"70";"CONSOLIDADA";"";"Presencial";
"1224914";"01";"5755442";"";"";"2040389";"GRADUAÇÃO";"Campus Central";"SETOR II - B4";"2014";"1";"2014-01-27";"2014-06-14";"25N34";"31";"45";"REGULAR";"f";"2014-06-10 17:41:11.235";"f";"";"70";"CONSOLIDADA";"";"Presencial";
"1224915";"01";"5752192";"";"";"2040366";"GRADUAÇÃO";"Campus Central";"3N34 - SETOR II - H10 / 5N34 - SETOR II - H9";"2014";"1";"2014-01-27";"2014-06-14";"35N34";"56";"45";"REGULAR";"f";"2014-06-14 10:10:03.96";"f";"";"72";"CONSOLIDADA";"";"Presencial";
"1224916";"01";"5755474";"";"";"2040368";"GRADUAÇÃO";"Campus Central";"LABCOM - SALA I";"2014";"1";"2014-01-27";"2014-06-14";"45N12";"44";"40";"REGULAR";"f";"2014-06-12 03:15:51.234";"f";"";"74";"CONSOLIDADA";"";"Presencial";
"1224917";"01";"5755121";"";"";"2040376";"GRADUAÇÃO";"Campus Central";"SETOR II - 3N34 - I22 / 5N45 - I5";"2014";"1";"2014-01-27";"2014-06-14";"35N34";"48";"45";"REGULAR";"f";"2014-06-10 11:05:27.742";"f";"";"68";"CONSOLIDADA";"";"Presencial";
"1224918";"01";"5756308";"";"";"2040377";"GRADUAÇÃO";"Campus Central";"SETOR II - H6";"2014";"1";"2014-01-27";"2014-06-14";"35N12";"46";"45";"REGULAR";"f";"2014-06-07 18:52:03.029";"f";"";"66";"CONSOLIDADA";"";"Presencial";
"1224919";"01";"5756153";"";"";"2040378";"GRADUAÇÃO";"Campus Central";"SETOR II - 3N34 - I5 / 5N45 - I22";"2014";"1";"2014-01-27";"2014-06-14";"35N34";"41";"45";"REGULAR";"f";"2014-06-13 15:35:53.211";"f";"";"66";"CONSOLIDADA";"";"Presencial";
"1224920";"01";"5755394";"";"";"2040361";"GRADUAÇÃO";"Campus Central";"SETOR II - H3";"2014";"1";"2014-01-27";"2014-06-14";"3N1234";"26";"45";"REGULAR";"f";"2014-06-14 08:22:03.078";"f";"";"68";"CONSOLIDADA";"";"Presencial";
"1224921";"01";"5755398";"";"";"2040382";"GRADUAÇÃO";"Campus Central";"SETOR II - I22";"2014";"1";"2014-01-27";"2014-06-14";"2N1234";"20";"45";"REGULAR";"f";"2014-06-13 22:49:45.974";"f";"";"72";"CONSOLIDADA";"";"Presencial";
"1224922";"01";"5755441";"";"";"2040371";"GRADUAÇÃO";"Campus Central";"SETOR II - 4N12 H7 / 6N12 B3";"2014";"1";"2014-01-27";"2014-06-14";"46N12";"39";"45";"REGULAR";"f";"2014-06-19 22:04:34.833";"f";"";"66";"CONSOLIDADA";"";"Presencial";
"1224923";"01";"5755394";"";"";"2040375";"GRADUAÇÃO";"Campus Central";"4N12 - LABCOM REDAÇÃO B / 5N12 - REDAÇÃO A";"2014";"1";"2014-01-27";"2014-06-14";"45N12";"8";"45";"REGULAR";"f";"2014-06-05 20:07:42.933";"f";"";"66";"CONSOLIDADA";"";"Presencial";
"1224924";"01";"5755394";"";"";"2040383";"GRADUAÇÃO";"Campus Central";"LABCOM - REDAÇÃO "A";"2014";"1";"2014-01-27";"2014-06-14";"5N34 6N1234";"29";"40";"REGULAR";"f";"2014-06-13 18:29:56.551";"f";"";"100";"CONSOLIDADA";"";"Presencial";
"1224925";"01";"60773";"";"";"2040372";"GRADUAÇÃO";"Campus Central";"CCHLA - AUDITÓRIO A";"2014";"1";"2014-01-27";"2014-06-14";"24N12";"61";"45";"REGULAR";"f";"2014-06-19 16:50:48.923";"f";"";"74";"CONSOLIDADA";"";"Presencial";
"1224926";"01";"5756308";"";"";"2040386";"GRADUAÇÃO";"Campus Central";"SETOR II - B4";"2014";"1";"2014-01-27";"2014-06-14";"3N34 4N12";"32";"45";"REGULAR";"f";"2014-06-07 18:48:44.08";"f";"";"66";"CONSOLIDADA";"";"Presencial";
"1224927";"01";"5755339";"";"";"48597";"GRADUAÇÃO";"Campus Central";"SETOR II - B4";"2014";"1";"2014-01-27";"2014-06-14";"6N1234";"41";"45";"REGULAR";"f";"2014-06-11 11:48:42.613";"f";"";"68";"CONSOLIDADA";"";"Presencial";
"1224929";"01";"23165";"";"";"54430";"STRICTO SENSU";"";"CAMPUS DE CURRAIS NOVOS - SALA 7";"2014";"1";"2014-01-15";"2014-06-30";"56M2345 (16/01/2014 - 31/01/2014)";"";"22";"REGULAR";"f";"";"f";"";"";"EXCLUÍDA";"";"Presencial";
"1224930";"14";"5752704";"";"";"27146";"GRADUAÇÃO";"";"CAICÓ/RN";"2014";"1";"2014-01-27";"2014-06-14";"";"2";"";"REGULAR";"t";"2014-06-13 08:49:26.385";"f";"";"0";"CONSOLIDADA";"";"A Distância";
"1224931";"04";"5752704";"";"";"27146";"GRADUAÇÃO";"";"CAMPINA GRANDE/PB";"2014";"1";"2014-01-27";"2014-06-14";"";"2";"";"REGULAR";"t";"2014-06-13 08:48:20.153";"f";"";"0";"CONSOLIDADA";"";"A Distância";
"1224932";"02";"5752704";"";"";"27146";"GRADUAÇÃO";"";"CURRIAS NOVOS/RN";"2014";"1";"2014-01-27";"2014-06-14";"";"6";"";"REGULAR";"t";"2014-06-13 08:47:18.921";"f";"";"0";"CONSOLIDADA";"";"A Distância";
"1224933";"11";"5752704";"";"";"27146";"GRADUAÇÃO";"";"EXTREMOZ/RN";"2014";"1";"2014-01-27";"2014-06-14";"";"4";"";"REGULAR";"t";"2014-06-13 08:48:54.559";"f";"";"0";"CONSOLIDADA";"";"A Distância";
"1224934";"01";"5752704";"";"";"27146";"GRADUAÇÃO";"";"MACAU/RN";"2014";"1";"2014-01-27";"2014-06-14";"";"2";"";"REGULAR";"t";"2014-06-13 08:46:34.622";"f";"";"0";"CONSOLIDADA";"";"A Distância";
"1224935";"03";"5752704";"";"";"27146";"GRADUAÇÃO";"";"NOVA CRUZ/RN";"2014";"1";"2014-01-27";"2014-06-14";"";"1";"";"REGULAR";"t";"2014-06-13 08:47:51.011";"f";"";"0";"CONSOLIDADA";"";"A Distância";
"1224936";"01";"5752749";"";"";"55068";"GRADUAÇÃO";"Campus Central";"SALA 2 - 1º ANDAR - MÓDULO REUNI";"2014";"1";"2014-01-27";"2014-06-14";"24M56";"8";"60";"REGULAR";"f";"";"f";"";"";"EXCLUÍDA";"";"Presencial";
"1224937";"01";"5756368";"";"";"25026";"GRADUAÇÃO";"Campus Central";"Sala de Aula 5 e Ginásio I";"2014";"1";"2014-01-27";"2014-06-14";"24T56";"9";"30";"REGULAR";"f";"2014-06-13 10:38:28.417";"f";"";"66";"CONSOLIDADA";"";"Presencial";
"1224938";"01";"5756368";"";"";"26667";"GRADUAÇÃO";"Campus Central";"Sala de Aula 8";"2014";"1";"2014-01-27";"2014-06-14";"24N34";"55";"52";"REGULAR";"f";"2014-06-13 10:32:36.89";"f";"";"66";"CONSOLIDADA";"";"Presencial";
"1224939";"01";"15570";"";"";"21272";"GRADUAÇÃO";"Campus Central";"Sala de Aula 10";"2014";"1";"2014-01-27";"2014-06-14";"24N12";"16";"30";"REGULAR";"f";"2014-06-09 11:20:26.946";"f";"";"70";"CONSOLIDADA";"";"Presencial";
"1224940";"05";"5755867";"";"";"51673";"GRADUAÇÃO";"Campus Central";"Laboratório de Geologia";"2014";"1";"2014-01-27";"2014-06-14";"7M123456 (27/01/2014 - 14/06/2014)";"5";"5";"REGULAR";"f";"2014-06-17 09:51:40.462";"f";"";"120";"CONSOLIDADA";"";"Presencial";
"1224940";"05";"17898";"";"";"51673";"GRADUAÇÃO";"Campus Central";"Laboratório de Geologia";"2014";"1";"2014-01-27";"2014-06-14";"7M123456 (27/01/2014 - 14/06/2014)";"5";"5";"REGULAR";"f";"2014-06-17 09:51:40.462";"f";"";"120";"CONSOLIDADA";"";"Presencial";
"1224941";"01";"5755561";"";"";"50359";"GRADUAÇÃO";"Campus Central";"Setor II, Bloco I, Sala 9";"2014";"1";"2014-01-27";"2014-06-14";"7M34  2N1234 5N12";"56";"60";"REGULAR";"f";"2014-06-11 18:36:26.729";"f";"";"140";"CONSOLIDADA";"";"Presencial";
"1224941";"01";"5752686";"";"";"50359";"GRADUAÇÃO";"Campus Central";"Setor II, Bloco I, Sala 9";"2014";"1";"2014-01-27";"2014-06-14";"7M34  2N1234 5N12";"56";"60";"REGULAR";"f";"2014-06-11 18:36:26.729";"f";"";"140";"CONSOLIDADA";"";"Presencial";
"1224942";"02";"5755942";"";"";"50359";"GRADUAÇÃO";"Campus Central";"Setor II, Bloco I, Sala 9";"2014";"1";"2014-01-27";"2014-06-14";"7M12  3T1234 5T12";"32";"60";"REGULAR";"f";"2014-06-22 19:10:35.651";"f";"";"144";"CONSOLIDADA";"";"Presencial";
"1224942";"02";"5756084";"";"";"50359";"GRADUAÇÃO";"Campus Central";"Setor II, Bloco I, Sala 9";"2014";"1";"2014-01-27";"2014-06-14";"7M12  3T1234 5T12";"32";"60";"REGULAR";"f";"2014-06-22 19:10:35.651";"f";"";"144";"CONSOLIDADA";"";"Presencial";
"1224945";"01";"20786";"";"";"54432";"STRICTO SENSU";"";"CAMPUS DE CURRAIS NOVOS - SALA 7";"2014";"1";"2014-01-15";"2014-06-30";"6T1234 (21/02/2014 - 16/05/2014)";"";"22";"REGULAR";"f";"";"f";"";"";"EXCLUÍDA";"";"Presencial";
"1224946";"01";"23193";"";"";"54433";"STRICTO SENSU";"";"CAMPUS DE CURRAIS NOVOS - SALA 7";"2014";"1";"2014-01-15";"2014-06-30";"6M2345 (21/02/2014 - 16/05/2014)";"";"22";"REGULAR";"f";"";"f";"";"";"EXCLUÍDA";"";"Presencial";
"1224947";"01";"23176";"";"";"2021150";"GRADUAÇÃO";"Campus Central";"Sala 17";"2014";"1";"2014-01-27";"2014-06-14";"3M56";"1";"2";"REGULAR";"f";"2014-06-12 00:01:54.41";"f";"";"38";"CONSOLIDADA";"";"Presencial";
"1224948";"01";"24233";"";"";"2021301";"GRADUAÇÃO";"Campus Central";"Sala 03";"2014";"1";"2014-01-27";"2014-06-14";"3M56";"";"2";"REGULAR";"f";"";"f";"";"";"EXCLUÍDA";"";"Presencial";
"1224949";"02";"23477";"";"";"2021150";"GRADUAÇÃO";"Campus Central";"Sala 05";"2014";"1";"2014-01-27";"2014-06-14";"3M56";"1";"2";"REGULAR";"f";"2014-06-21 09:29:32.66";"f";"";"36";"CONSOLIDADA";"";"Presencial";
"1224950";"03";"19101";"";"";"2021150";"GRADUAÇÃO";"Campus Central";"Sala S";"2014";"1";"2014-01-27";"2014-06-14";"3M56";"2";"2";"REGULAR";"f";"2014-06-18 12:07:35.162";"f";"";"36";"CONSOLIDADA";"";"Presencial";
"1224951";"04";"5756476";"";"";"2021150";"GRADUAÇÃO";"Campus Central";"Sala M";"2014";"1";"2014-01-27";"2014-06-14";"3M56";"1";"2";"REGULAR";"f";"2014-06-21 19:12:33.409";"f";"";"38";"CONSOLIDADA";"";"Presencial";
"1224952";"05";"22889";"";"";"2021150";"GRADUAÇÃO";"Campus Central";"Sala 08";"2014";"1";"2014-01-27";"2014-06-14";"3M56";"3";"3";"REGULAR";"f";"2014-06-21 20:11:28.467";"f";"";"38";"CONSOLIDADA";"";"Presencial";
"1224953";"06";"5752878";"";"";"2021150";"GRADUAÇÃO";"Campus Central";"Sala 08";"2014";"1";"2014-01-27";"2014-06-14";"3M34";"";"2";"REGULAR";"f";"";"f";"";"";"EXCLUÍDA";"";"Presencial";
"1224954";"07";"5756356";"";"";"2021150";"GRADUAÇÃO";"Campus Central";"Sala 04";"2014";"1";"2014-01-27";"2014-06-14";"3M56";"1";"1";"REGULAR";"f";"2014-06-17 22:46:46.326";"f";"";"34";"CONSOLIDADA";"";"Presencial";
"1224955";"08";"5751559";"";"";"2021150";"GRADUAÇÃO";"Campus Central";"Sala 15";"2014";"1";"2014-01-27";"2014-06-14";"3M56";"1";"2";"REGULAR";"f";"2014-06-12 00:36:03.641";"f";"";"36";"CONSOLIDADA";"";"Presencial";
"1224956";"09";"24200";"";"";"2021150";"GRADUAÇÃO";"Campus Central";"Sala 26";"2014";"1";"2014-01-27";"2014-06-14";"3M56";"2";"2";"REGULAR";"f";"2014-06-20 14:17:14.814";"f";"";"36";"CONSOLIDADA";"";"Presencial";
"1224957";"10";"5751745";"";"";"2021150";"GRADUAÇÃO";"Campus Central";"Sala R";"2014";"1";"2014-01-27";"2014-06-14";"3M56";"2";"2";"REGULAR";"f";"2014-06-08 08:29:20.743";"f";"";"36";"CONSOLIDADA";"";"Presencial";
"1224958";"11";"5751745";"";"";"2021150";"GRADUAÇÃO";"Campus Central";"Sala R";"2014";"1";"2014-01-27";"2014-06-14";"3M34";"1";"2";"REGULAR";"f";"2014-06-08 08:36:18.356";"f";"";"36";"CONSOLIDADA";"";"Presencial";
"1224959";"12";"23176";"";"";"2021150";"GRADUAÇÃO";"Campus Central";"Sala 17";"2014";"1";"2014-01-27";"2014-06-14";"3M56";"";"2";"REGULAR";"f";"";"f";"";"";"EXCLUÍDA";"";"Presencial";
"1224960";"13";"5752855";"";"";"2021150";"GRADUAÇÃO";"Campus Central";"Sala L";"2014";"1";"2014-01-27";"2014-06-14";"3M56";"2";"2";"REGULAR";"f";"2014-06-10 14:57:06.17";"f";"";"38";"CONSOLIDADA";"";"Presencial";
"1224961";"14";"3031587";"";"";"2021150";"GRADUAÇÃO";"Campus Central";"Sala T";"2014";"1";"2014-01-27";"2014-06-14";"3M56";"";"2";"REGULAR";"f";"";"f";"";"";"EXCLUÍDA";"";"Presencial";
"1224962";"15";"5751546";"";"";"2021150";"GRADUAÇÃO";"Campus Central";"Sala 14";"2014";"1";"2014-01-27";"2014-06-14";"3M56";"2";"2";"REGULAR";"f";"2014-06-16 00:28:19.392";"f";"";"38";"CONSOLIDADA";"";"Presencial";
"1224963";"16";"5751546";"";"";"2021150";"GRADUAÇÃO";"Campus Central";"Sala 14";"2014";"1";"2014-01-27";"2014-06-14";"3M34";"2";"2";"REGULAR";"f";"2014-06-16 00:32:24.965";"f";"";"38";"CONSOLIDADA";"";"Presencial";
"1224964";"02D";"19122";"";"";"27121";"GRADUAÇÃO";"";"CURRAIS NOVOS/RN";"2014";"1";"2014-01-27";"2014-06-14";"";"";"";"REGULAR";"t";"2014-06-25 10:14:26.384";"f";"";"0";"CONSOLIDADA";"";"A Distância";
"1224964";"02D";"";"4942767";"";"27121";"GRADUAÇÃO";"";"CURRAIS NOVOS/RN";"2014";"1";"2014-01-27";"2014-06-14";"";"";"";"REGULAR";"t";"2014-06-25 10:14:26.384";"f";"";"0";"CONSOLIDADA";"";"A Distância";
"1224965";"02";"35466";"";"";"2021301";"GRADUAÇÃO";"Campus Central";"Sala 21";"2014";"1";"2014-01-27";"2014-06-14";"6M34";"3";"3";"REGULAR";"f";"2014-06-14 11:25:23.873";"f";"";"38";"CONSOLIDADA";"";"Presencial";
"1224966";"01";"35466";"";"";"2021303";"GRADUAÇÃO";"Campus Central";"Sala 21";"2014";"1";"2014-01-27";"2014-06-14";"3M56";"2";"2";"REGULAR";"f";"2014-06-14 17:26:59.394";"f";"";"38";"CONSOLIDADA";"";"Presencial";
"1224967";"02";"26062";"";"";"2021303";"GRADUAÇÃO";"Campus Central";"Sala 03";"2014";"1";"2014-01-27";"2014-06-14";"3M34";"";"2";"REGULAR";"f";"";"f";"";"";"EXCLUÍDA";"";"Presencial";
"1224968";"03";"24233";"";"";"2021303";"GRADUAÇÃO";"Campus Central";"Sala 03";"2014";"1";"2014-01-27";"2014-06-14";"6M56";"1";"2";"REGULAR";"f";"2014-06-13 11:45:25.95";"f";"";"38";"CONSOLIDADA";"";"Presencial";
"1224969";"01";"26062";"";"";"2021304";"GRADUAÇÃO";"Campus Central";"Sala 03";"2014";"1";"2014-01-27";"2014-06-14";"5M34";"1";"2";"REGULAR";"f";"";"f";"";"";"EXCLUÍDA";"";"Presencial";
"1224970";"02";"24233";"";"";"2021304";"GRADUAÇÃO";"Campus Central";"Sala 03";"2014";"1";"2014-01-27";"2014-06-14";"5M56";"1";"2";"REGULAR";"f";"2014-06-13 11:41:43.84";"f";"";"36";"CONSOLIDADA";"";"Presencial";
"1224971";"01";"26062";"";"";"2021306";"GRADUAÇÃO";"Campus Central";"A definir";"2014";"1";"2014-01-27";"2014-06-14";"2M56";"1";"2";"REGULAR";"f";"2014-06-14 11:50:55.356";"f";"";"36";"CONSOLIDADA";"";"Presencial";
"1224972";"01";"24233";"";"";"2021307";"GRADUAÇÃO";"Campus Central";"Sala 03";"2014";"1";"2014-01-27";"2014-06-14";"2M34";"1";"2";"REGULAR";"f";"2014-06-13 11:29:49.079";"f";"";"36";"CONSOLIDADA";"";"Presencial";
"1224973";"02";"23067";"";"";"2051927";"STRICTO SENSU";"";"Sala D1 - Setor V";"2014";"1";"2014-02-24";"2014-06-14";"2T1234";"12";"25";"REGULAR";"f";"2015-06-25 07:54:44.483";"f";"";"56";"CONSOLIDADA";"";"Presencial";
"1224974";"04";"5753035";"";"";"27145";"GRADUAÇÃO";"";"CAMPINA GRANDE/PB";"2014";"1";"2014-01-27";"2014-06-14";"";"4";"";"REGULAR";"t";"2014-06-23 11:42:49.074";"f";"";"0";"CONSOLIDADA";"";"A Distância";
"1224975";"02";"5753035";"";"";"27145";"GRADUAÇÃO";"";"CURRIAS NOVOS/RN";"2014";"1";"2014-01-27";"2014-06-14";"";"3";"";"REGULAR";"t";"2014-06-05 21:33:05.165";"f";"";"0";"CONSOLIDADA";"";"A Distância";
"1224976";"11";"5753035";"";"";"27145";"GRADUAÇÃO";"";"EXTREMOZ/RN";"2014";"1";"2014-01-27";"2014-06-14";"";"3";"";"REGULAR";"t";"2014-06-23 11:44:09.901";"f";"";"0";"CONSOLIDADA";"";"A Distância";
"1224977";"12";"5753035";"";"";"27145";"GRADUAÇÃO";"";"LUÍS GOMES/RN";"2014";"1";"2014-01-27";"2014-06-14";"";"1";"";"REGULAR";"t";"2014-06-05 21:34:33.503";"f";"";"0";"CONSOLIDADA";"";"A Distância";
"1224978";"01";"5753035";"";"";"27145";"GRADUAÇÃO";"";"MACAU/RN";"2014";"1";"2014-01-27";"2014-06-14";"";"1";"";"REGULAR";"t";"2014-06-23 11:41:40.041";"f";"";"0";"CONSOLIDADA";"";"A Distância";
"1224979";"13";"5753035";"";"";"27145";"GRADUAÇÃO";"";"MARTINS/RN";"2014";"1";"2014-01-27";"2014-06-14";"";"1";"";"REGULAR";"t";"2014-06-05 21:33:46.025";"f";"";"0";"CONSOLIDADA";"";"A Distância";
"1224980";"09";"5753035";"";"";"27145";"GRADUAÇÃO";"";"NAZARÉ DA MATA/PE";"2014";"1";"2014-01-27";"2014-06-14";"";"1";"";"REGULAR";"t";"2014-06-05 21:36:02.527";"f";"";"0";"CONSOLIDADA";"";"A Distância";
"1224981";"03";"5753035";"";"";"27145";"GRADUAÇÃO";"";"NOVA CRUZ/RN";"2014";"1";"2014-01-27";"2014-06-14";"";"3";"";"REGULAR";"t";"2014-06-23 11:42:13.312";"f";"";"0";"CONSOLIDADA";"";"A Distância";
"1224982";"06";"5753035";"";"";"27145";"GRADUAÇÃO";"";"PETROLINA/PE";"2014";"1";"2014-01-27";"2014-06-14";"";"2";"";"REGULAR";"t";"2014-06-23 11:43:22.198";"f";"";"0";"CONSOLIDADA";"";"A Distância";
"1224983";"08";"5753035";"";"";"27145";"GRADUAÇÃO";"";"SURUBIM/PE";"2014";"1";"2014-01-27";"2014-06-14";"";"";"";"REGULAR";"t";"";"f";"";"";"EXCLUÍDA";"";"A Distância";
"1224984";"07";"5753035";"";"";"27145";"GRADUAÇÃO";"";"TABIRA/PE";"2014";"1";"2014-01-27";"2014-06-14";"";"";"";"REGULAR";"t";"2014-06-05 21:36:41.267";"f";"";"0";"CONSOLIDADA";"";"A Distância";
"1224985";"01";"35466";"";"";"2021350";"GRADUAÇÃO";"Campus Central";"Sala 21";"2014";"1";"2014-01-27";"2014-06-14";"3M12";"";"3";"REGULAR";"f";"";"f";"";"";"EXCLUÍDA";"";"Presencial";
"1224986";"01";"23400";"";"";"2021401";"GRADUAÇÃO";"Campus Central";"Sala 03";"2014";"1";"2014-01-27";"2014-06-14";"2M12";"";"3";"REGULAR";"f";"";"f";"";"";"EXCLUÍDA";"";"Presencial";
"1224987";"01";"24233";"";"";"2021402";"GRADUAÇÃO";"Campus Central";"Sala 03";"2014";"1";"2014-01-27";"2014-06-14";"6M12";"";"3";"REGULAR";"f";"";"f";"";"";"EXCLUÍDA";"";"Presencial";
"1224988";"01";"26062";"";"";"2021405";"GRADUAÇÃO";"Campus Central";"Sala 03";"2014";"1";"2014-01-27";"2014-06-14";"5M12";"";"3";"REGULAR";"f";"";"f";"";"";"EXCLUÍDA";"";"Presencial";
"1224989";"01";"5752011";"";"";"46894";"GRADUAÇÃO";"Campus Central";"Setor V, Sala G1";"2014";"1";"2014-01-27";"2014-06-14";"35T34";"16";"60";"REGULAR";"f";"2014-06-03 19:41:56.943";"f";"";"66";"CONSOLIDADA";"";"Presencial";
"1224990";"01";"24228";"";"TÉCNICO DE ENFERMAGEM - 2014.1";"41971";"TÉCNICO";"";"SALA 19 - ESCOLA DE ENFERMAGEM DE NATAL";"2014";"1";"2014-01-29";"2014-02-24";"246M12345 (29/01/2014 - 24/02/2014)";"";"55";"REGULAR";"f";"2014-06-06 15:26:32.229";"f";"";"55";"CONSOLIDADA";"";"Presencial";
"1224990";"01";"74509";"";"TÉCNICO DE ENFERMAGEM - 2014.1";"41971";"TÉCNICO";"";"SALA 19 - ESCOLA DE ENFERMAGEM DE NATAL";"2014";"1";"2014-01-29";"2014-02-24";"246M12345 (29/01/2014 - 24/02/2014)";"";"55";"REGULAR";"f";"2014-06-06 15:26:32.229";"f";"";"55";"CONSOLIDADA";"";"Presencial";
"1224991";"01";"5755452";"";"TÉCNICO DE ENFERMAGEM - 2014.1";"2056018";"TÉCNICO";"";"SALA 19 - ESCOLA DE ENFERMAGEM DE NATAL";"2014";"1";"2014-01-28";"2014-02-25";"35M12345 (28/01/2014 - 25/02/2014)";"";"55";"REGULAR";"f";"2014-04-28 14:05:56.17";"f";"";"45";"CONSOLIDADA";"";"Presencial";
"1224991";"01";"24229";"";"TÉCNICO DE ENFERMAGEM - 2014.1";"2056018";"TÉCNICO";"";"SALA 19 - ESCOLA DE ENFERMAGEM DE NATAL";"2014";"1";"2014-01-28";"2014-02-25";"35M12345 (28/01/2014 - 25/02/2014)";"";"55";"REGULAR";"f";"2014-04-28 14:05:56.17";"f";"";"45";"CONSOLIDADA";"";"Presencial";
"1224992";"01";"25137";"";"TÉCNICO DE ENFERMAGEM - 2014.1";"1847302";"TÉCNICO";"";"SALA 19 - ESCOLA DE ENFERMAGEM DE NATAL";"2014";"1";"2014-02-26";"2014-03-06";"23456M12345 (26/02/2014 - 06/03/2014)";"";"55";"REGULAR";"f";"";"f";"";"";"ABERTA";"";"Presencial";
"1224993";"01";"25137";"";"TÉCNICO DE ENFERMAGEM - 2014.1";"1847305";"TÉCNICO";"";"SALA 19 - ESCOLA DE ENFERMAGEM DE NATAL";"2014";"1";"2014-03-07";"2014-03-18";"23456M12345 (07/03/2014 - 18/03/2014)";"";"55";"REGULAR";"f";"2014-06-03 15:17:21.682";"f";"";"40";"CONSOLIDADA";"";"Presencial";
"1224993";"01";"5755733";"";"TÉCNICO DE ENFERMAGEM - 2014.1";"1847305";"TÉCNICO";"";"SALA 19 - ESCOLA DE ENFERMAGEM DE NATAL";"2014";"1";"2014-03-07";"2014-03-18";"23456M12345 (07/03/2014 - 18/03/2014)";"";"55";"REGULAR";"f";"2014-06-03 15:17:21.682";"f";"";"40";"CONSOLIDADA";"";"Presencial";
"1224994";"01";"5357706";"";"TÉCNICO DE ENFERMAGEM - 2014.1";"2056019";"TÉCNICO";"";"LABORATÓRIO DE ENFERMAGEM";"2014";"1";"2014-03-19";"2014-05-22";"23456M2345";"";"55";"REGULAR";"f";"2014-06-06 10:30:11.222";"f";"";"172";"CONSOLIDADA";"";"Presencial";
"1224994";"01";"26321";"";"TÉCNICO DE ENFERMAGEM - 2014.1";"2056019";"TÉCNICO";"";"LABORATÓRIO DE ENFERMAGEM";"2014";"1";"2014-03-19";"2014-05-22";"23456M2345";"";"55";"REGULAR";"f";"2014-06-06 10:30:11.222";"f";"";"172";"CONSOLIDADA";"";"Presencial";
"1224994";"01";"26472";"";"TÉCNICO DE ENFERMAGEM - 2014.1";"2056019";"TÉCNICO";"";"LABORATÓRIO DE ENFERMAGEM";"2014";"1";"2014-03-19";"2014-05-22";"23456M2345";"";"55";"REGULAR";"f";"2014-06-06 10:30:11.222";"f";"";"172";"CONSOLIDADA";"";"Presencial";
"1224994";"01";"3031564";"";"TÉCNICO DE ENFERMAGEM - 2014.1";"2056019";"TÉCNICO";"";"LABORATÓRIO DE ENFERMAGEM";"2014";"1";"2014-03-19";"2014-05-22";"23456M2345";"";"55";"REGULAR";"f";"2014-06-06 10:30:11.222";"f";"";"172";"CONSOLIDADA";"";"Presencial";
"1224994";"01";"26285";"";"TÉCNICO DE ENFERMAGEM - 2014.1";"2056019";"TÉCNICO";"";"LABORATÓRIO DE ENFERMAGEM";"2014";"1";"2014-03-19";"2014-05-22";"23456M2345";"";"55";"REGULAR";"f";"2014-06-06 10:30:11.222";"f";"";"172";"CONSOLIDADA";"";"Presencial";
"1224994";"01";"5753772";"";"TÉCNICO DE ENFERMAGEM - 2014.1";"2056019";"TÉCNICO";"";"LABORATÓRIO DE ENFERMAGEM";"2014";"1";"2014-03-19";"2014-05-22";"23456M2345";"";"55";"REGULAR";"f";"2014-06-06 10:30:11.222";"f";"";"172";"CONSOLIDADA";"";"Presencial";
"1224994";"01";"5756448";"";"TÉCNICO DE ENFERMAGEM - 2014.1";"2056019";"TÉCNICO";"";"LABORATÓRIO DE ENFERMAGEM";"2014";"1";"2014-03-19";"2014-05-22";"23456M2345";"";"55";"REGULAR";"f";"2014-06-06 10:30:11.222";"f";"";"172";"CONSOLIDADA";"";"Presencial";
"1224994";"01";"5756366";"";"TÉCNICO DE ENFERMAGEM - 2014.1";"2056019";"TÉCNICO";"";"LABORATÓRIO DE ENFERMAGEM";"2014";"1";"2014-03-19";"2014-05-22";"23456M2345";"";"55";"REGULAR";"f";"2014-06-06 10:30:11.222";"f";"";"172";"CONSOLIDADA";"";"Presencial";
"1224995";"01";"5753772";"";"TÉCNICO DE ENFERMAGEM - 2014.1";"2001713";"TÉCNICO";"";"SALA 19 - ESCOLA DE ENFERMAGEM DE NATAL";"2014";"1";"2014-05-23";"2014-06-03";"23456M12345";"";"55";"REGULAR";"f";"2014-06-06 11:29:43.277";"f";"";"40";"CONSOLIDADA";"";"Presencial";
"1224995";"01";"26472";"";"TÉCNICO DE ENFERMAGEM - 2014.1";"2001713";"TÉCNICO";"";"SALA 19 - ESCOLA DE ENFERMAGEM DE NATAL";"2014";"1";"2014-05-23";"2014-06-03";"23456M12345";"";"55";"REGULAR";"f";"2014-06-06 11:29:43.277";"f";"";"40";"CONSOLIDADA";"";"Presencial";
"1224996";"01";"5753630";"";"TÉCNICO DE ENFERMAGEM - 2014.1";"43356";"TÉCNICO";"";"SALA 19 - ESCOLA DE ENFERMAGEM DE NATAL";"2014";"1";"2014-06-04";"2014-06-06";"23456M12345 (04/06/2014 - 06/06/2014)";"";"55";"REGULAR";"f";"2015-06-17 11:27:29.793";"f";"";"10";"CONSOLIDADA";"";"Presencial";
"1224997";"01";"5752875";"";"TÉCNICO DE ENFERMAGEM - 2013.2";"2036900";"TÉCNICO";"";"LABORATÓRIO DE INFORMÁTICA - EEN";"2014";"1";"2014-01-28";"2014-03-11";"35T12345 (28/01/2014 - 11/03/2014)";"";"25";"REGULAR";"f";"2014-03-13 11:02:53.636";"f";"";"";"CONSOLIDADA";"";"Presencial";
"1224998";"02";"5755517";"";"TÉCNICO DE ENFERMAGEM - 2013.2";"2036900";"TÉCNICO";"";"LABORATÓRIO DE INFORMÁTICA - EEN";"2014";"1";"2014-01-28";"2014-03-11";"35T12345 (28/01/2014 - 11/03/2014)";"";"25";"REGULAR";"f";"2014-03-24 20:52:26.265";"f";"";"";"CONSOLIDADA";"";"Presencial";
"1224999";"01";"26045";"";"TÉCNICO DE ENFERMAGEM - 2013.2";"43357";"TÉCNICO";"";"SALA 19 - ESCOLA DE ENFERMAGEM DE NATAL";"2014";"1";"2014-01-27";"2014-03-07";"246T12345 (27/01/2014 - 07/03/2014)";"";"45";"REGULAR";"f";"2014-07-15 10:44:54.86";"f";"";"75";"CONSOLIDADA";"";"Presencial";
"1225000";"01";"26285";"";"TÉCNICO DE ENFERMAGEM - 2013.2";"43358";"TÉCNICO";"";"SALA 19 - ESCOLA DE ENFERMAGEM DE NATAL";"2014";"1";"2014-03-12";"2014-03-25";"23456T12345 (12/03/2014 - 25/03/2014)";"";"45";"REGULAR";"f";"2014-06-16 19:04:43.663";"f";"";"50";"CONSOLIDADA";"";"Presencial";
"1225000";"01";"5041557";"";"TÉCNICO DE ENFERMAGEM - 2013.2";"43358";"TÉCNICO";"";"SALA 19 - ESCOLA DE ENFERMAGEM DE NATAL";"2014";"1";"2014-03-12";"2014-03-25";"23456T12345 (12/03/2014 - 25/03/2014)";"";"45";"REGULAR";"f";"2014-06-16 19:04:43.663";"f";"";"50";"CONSOLIDADA";"";"Presencial";
"1225001";"01";"26285";"";"TÉCNICO DE ENFERMAGEM - 2013.2";"43359";"TÉCNICO";"";"SALA 19 - ESCOLA DE ENFERMAGEM DE NATAL";"2014";"1";"2014-03-26";"2014-04-08";"23456T12345 (26/03/2014 - 08/04/2014)";"";"45";"REGULAR";"f";"2014-06-16 20:01:56.532";"f";"";"45";"CONSOLIDADA";"";"Presencial";
"1225001";"01";"5041557";"";"TÉCNICO DE ENFERMAGEM - 2013.2";"43359";"TÉCNICO";"";"SALA 19 - ESCOLA DE ENFERMAGEM DE NATAL";"2014";"1";"2014-03-26";"2014-04-08";"23456T12345 (26/03/2014 - 08/04/2014)";"";"45";"REGULAR";"f";"2014-06-16 20:01:56.532";"f";"";"45";"CONSOLIDADA";"";"Presencial";
"1225002";"01";"5755065";"";"TÉCNICO DE ENFERMAGEM - 2013.2";"2056250";"TÉCNICO";"";"CAMPO DE ESTÁGIO";"2014";"1";"2014-04-09";"2014-05-13";"23456T12345";"";"6";"REGULAR";"f";"2014-06-16 14:49:56.758";"f";"";"105";"CONSOLIDADA";"";"Presencial";
"1225002";"01";"5041557";"";"TÉCNICO DE ENFERMAGEM - 2013.2";"2056250";"TÉCNICO";"";"CAMPO DE ESTÁGIO";"2014";"1";"2014-04-09";"2014-05-13";"23456T12345";"";"6";"REGULAR";"f";"2014-06-16 14:49:56.758";"f";"";"105";"CONSOLIDADA";"";"Presencial";
"1225003";"02";"5755065";"";"TÉCNICO DE ENFERMAGEM - 2013.2 - G2";"2056250";"TÉCNICO";"";"CAMPO DE ESTÁGIO";"2014";"1";"2014-04-09";"2014-05-13";"23456T12345";"";"6";"REGULAR";"f";"2014-06-16 15:00:58.892";"f";"";"105";"CONSOLIDADA";"";"Presencial";
"1225003";"02";"5041557";"";"TÉCNICO DE ENFERMAGEM - 2013.2 - G2";"2056250";"TÉCNICO";"";"CAMPO DE ESTÁGIO";"2014";"1";"2014-04-09";"2014-05-13";"23456T12345";"";"6";"REGULAR";"f";"2014-06-16 15:00:58.892";"f";"";"105";"CONSOLIDADA";"";"Presencial";
"1225004";"03";"26045";"";"TÉCNICO DE ENFERMAGEM - 2013.2 - G3";"2056250";"TÉCNICO";"";"CAMPO DE ESTÁGIO";"2014";"1";"2014-04-09";"2014-05-13";"23456T12345";"";"6";"REGULAR";"f";"";"f";"";"";"ABERTA";"";"Presencial";
"1225005";"04";"5755583";"";"TÉCNICO DE ENFERMAGEM - 2013.2 - G4";"2056250";"TÉCNICO";"";"CAMPO DE ESTÁGIO";"2014";"1";"2014-04-09";"2014-05-13";"23456T12345";"";"6";"REGULAR";"f";"";"f";"";"";"ABERTA";"";"Presencial";
"1225006";"02D";"5752289";"";"";"27124";"GRADUAÇÃO";"";"CURRAIS NOVOS/RN";"2014";"1";"2014-01-27";"2014-06-14";"";"16";"";"REGULAR";"t";"2014-06-17 22:02:13.255";"f";"";"0";"CONSOLIDADA";"";"A Distância";
"1225007";"11D";"5752289";"";"";"27124";"GRADUAÇÃO";"";"EXTREMOZ/RN";"2014";"1";"2014-01-27";"2014-06-14";"";"2";"";"REGULAR";"t";"2014-06-17 22:50:24.334";"f";"";"0";"CONSOLIDADA";"";"A Distância";
"1225008";"05";"5756447";"";"TÉCNICO DE ENFERMAGEM - 2013.2 - G5";"2056250";"TÉCNICO";"";"CAMPO DE ESTÁGIO";"2014";"1";"2014-04-09";"2014-05-13";"23456T12345";"";"6";"REGULAR";"f";"2014-06-07 19:17:08.779";"f";"";"0";"CONSOLIDADA";"";"Presencial";
"1225009";"15B";"5752289";"";"";"27124";"GRADUAÇÃO";"";"LAJES/RN";"2014";"1";"2014-01-27";"2014-06-14";"";"2";"";"REGULAR";"t";"2014-06-17 22:53:44.523";"f";"";"0";"CONSOLIDADA";"";"A Distância";
"1225010";"01C";"5752289";"";"";"27124";"GRADUAÇÃO";"";"MACAU/RN";"2014";"1";"2014-01-27";"2014-06-14";"";"15";"";"REGULAR";"t";"2014-06-17 21:48:49.721";"f";"";"0";"CONSOLIDADA";"";"A Distância";
"1225011";"16";"5752289";"";"";"27124";"GRADUAÇÃO";"";"MARCELINO VIEIRA/RN";"2014";"1";"2014-01-27";"2014-06-14";"";"";"";"REGULAR";"t";"";"f";"";"";"EXCLUÍDA";"";"A Distância";
"1225012";"03D";"5752289";"";"";"27124";"GRADUAÇÃO";"";"NOVA CRUZ/RN";"2014";"1";"2014-01-27";"2014-06-14";"";"20";"";"REGULAR";"t";"2014-06-17 22:10:30.157";"f";"";"0";"CONSOLIDADA";"";"A Distância";
"1225013";"06";"26285";"";"TÉCNICO DE ENFERMAGEM - 2013.2 - G6";"2056250";"TÉCNICO";"";"CAMPO DE ESTÁGIO";"2014";"1";"2014-04-09";"2014-05-13";"23456T12345";"";"6";"REGULAR";"f";"";"f";"";"";"ABERTA";"";"Presencial";
"1225015";"01";"5755945";"";"TÉCNICO DE ENFERMAGEM - 2013.2 - G1";"2056251";"TÉCNICO";"";"CAMPO DE ESTÁGIO";"2014";"1";"2014-05-14";"2014-06-10";"23456T12345";"";"6";"REGULAR";"f";"";"f";"";"";"ABERTA";"";"Presencial";
"1225016";"17";"5753753";"";"";"2021150";"GRADUAÇÃO";"Campus Central";"Sala 04";"2014";"1";"2014-01-27";"2014-06-14";"3M34";"1";"1";"REGULAR";"f";"2014-06-09 17:11:22.426";"f";"";"36";"CONSOLIDADA";"";"Presencial";
"1225017";"02";"5752726";"";"";"2038763";"GRADUAÇÃO";"Campus Macaíba";"Sala 02 - Graduação - EAJ";"2014";"1";"2014-01-27";"2014-06-14";"2M23 5M56";"19";"40";"REGULAR";"f";"2014-06-09 19:03:54.061";"f";"";"66";"CONSOLIDADA";"";"Presencial";
"1225018";"18";"5751559";"";"";"2021150";"GRADUAÇÃO";"Campus Central";"Sala 15";"2014";"1";"2014-01-27";"2014-06-14";"3M34";"1";"2";"REGULAR";"f";"2014-06-12 00:43:49.272";"f";"";"36";"CONSOLIDADA";"";"Presencial";
"1225019";"02";"5753651";"";"";"55224";"GRADUAÇÃO";"Campus Central";"2-H-4";"2014";"1";"2014-01-27";"2014-06-14";"6M2345";"";"20";"REGULAR";"f";"2014-06-02 10:26:27.221";"f";"";"68";"CONSOLIDADA";"";"Presencial";
"1225020";"02";"5756583";"";"";"2050107";"GRADUAÇÃO";"Campus Caicó";"A - 05";"2014";"1";"2014-01-27";"2014-06-14";"56N34";"25";"56";"REGULAR";"f";"2014-06-21 19:06:03.904";"f";"";"72";"CONSOLIDADA";"";"Presencial";
"1225021";"01";"64721";"";"";"2054650";"GRADUAÇÃO";"Campus Caicó";"?";"2014";"1";"2014-01-27";"2014-06-14";"34N34";"42";"55";"REGULAR";"f";"2014-06-16 09:33:35.507";"f";"";"74";"CONSOLIDADA";"";"Presencial";
"1225023";"01";"5752166";"";"";"52926";"GRADUAÇÃO";"Campus Central";"SETOR V, SALA C4";"2014";"1";"2014-01-27";"2014-06-14";"6T23 (27/01/2014 - 14/06/2014)";"50";"51";"REGULAR";"f";"2014-06-05 23:26:55.291";"f";"";"0";"CONSOLIDADA";"";"Presencial";
"1225024";"01";"5752204";"";"";"20683";"GRADUAÇÃO";"Campus Central";"LABCOM - ESTÚDIO DE TV / LABCOM - SALA 03";"2014";"1";"2014-01-27";"2014-06-14";"6T123456";"19";"25";"REGULAR";"f";"2014-06-06 10:22:19.842";"f";"";"108";"CONSOLIDADA";"";"Presencial";
"1225025";"01";"5755435";"";"";"26364";"GRADUAÇÃO";"Campus Central";"SETOR II - D1";"2014";"1";"2014-01-27";"2014-06-14";"6T56";"54";"56";"REGULAR";"f";"2014-06-09 13:04:20.146";"f";"";"36";"CONSOLIDADA";"";"Presencial";
"1225026";"02";"20899";"";"";"20683";"GRADUAÇÃO";"Campus Central";"LABCOM - ESTÚDIO DE TV / SALA 03";"2014";"1";"2014-01-27";"2014-06-14";"4T123456";"12";"25";"REGULAR";"f";"2014-06-18 16:47:48.239";"f";"";"108";"CONSOLIDADA";"";"Presencial";
"1225027";"02";"26045";"";"TÉCNICO DE ENFERMAGEM - 2013.2 - G2";"2056251";"TÉCNICO";"";"CAMPO DE ESTÁGIO";"2014";"1";"2014-05-14";"2014-06-10";"23456T12345";"";"6";"REGULAR";"f";"";"f";"";"";"ABERTA";"";"Presencial";
"1225028";"03";"5755065";"";"TÉCNICO DE ENFERMAGEM - 2013.2 - G3";"2056251";"TÉCNICO";"";"CAMPO DE ESTÁGIO";"2014";"1";"2014-05-14";"2014-06-10";"23456T12345";"";"6";"REGULAR";"f";"";"f";"";"";"ABERTA";"";"Presencial";
"1225030";"02";"25607";"";"";"24804";"GRADUAÇÃO";"Campus Central";"SETOR II - A1";"2014";"1";"2014-01-27";"2014-06-14";"35T34";"25";"40";"REGULAR";"f";"2014-06-21 11:32:00.387";"f";"";"72";"CONSOLIDADA";"";"Presencial";
"1225031";"05";"5755065";"";"TÉCNICO DE ENFERMAGEM - 2013.2 - G5";"2056251";"TÉCNICO";"";"CAMPO DE ESTÁGIO";"2014";"1";"2014-05-14";"2014-06-10";"23456T12345";"";"6";"REGULAR";"f";"";"f";"";"";"ABERTA";"";"Presencial";
"1225032";"06";"5756447";"";"TÉCNICO DE ENFERMAGEM - 2013.2 - G6";"2056251";"TÉCNICO";"";"CAMPO DE ESTÁGIO";"2014";"1";"2014-05-14";"2014-06-10";"23456T12345";"";"6";"REGULAR";"f";"2014-06-07 19:33:20.683";"f";"";"0";"CONSOLIDADA";"";"Presencial";
"1225032";"06";"5752879";"";"TÉCNICO DE ENFERMAGEM - 2013.2 - G6";"2056251";"TÉCNICO";"";"CAMPO DE ESTÁGIO";"2014";"1";"2014-05-14";"2014-06-10";"23456T12345";"";"6";"REGULAR";"f";"2014-06-07 19:33:20.683";"f";"";"0";"CONSOLIDADA";"";"Presencial";
"1225034";"01";"5041557";"";"TÉCNICO DE ENFERMAGEM - 2013.1";"43355";"TÉCNICO";"";"SALA 21 - ESCOLA DE ENFERMAGEM DE NATAL";"2014";"1";"2014-01-28";"2014-02-20";"35M12345 (28/01/2014 - 20/02/2014)";"";"40";"REGULAR";"f";"2014-06-16 14:23:40.634";"f";"";"40";"CONSOLIDADA";"";"Presencial";
"1225034";"01";"3031564";"";"TÉCNICO DE ENFERMAGEM - 2013.1";"43355";"TÉCNICO";"";"SALA 21 - ESCOLA DE ENFERMAGEM DE NATAL";"2014";"1";"2014-01-28";"2014-02-20";"35M12345 (28/01/2014 - 20/02/2014)";"";"40";"REGULAR";"f";"2014-06-16 14:23:40.634";"f";"";"40";"CONSOLIDADA";"";"Presencial";
"1225034";"01";"25137";"";"TÉCNICO DE ENFERMAGEM - 2013.1";"43355";"TÉCNICO";"";"SALA 21 - ESCOLA DE ENFERMAGEM DE NATAL";"2014";"1";"2014-01-28";"2014-02-20";"35M12345 (28/01/2014 - 20/02/2014)";"";"40";"REGULAR";"f";"2014-06-16 14:23:40.634";"f";"";"40";"CONSOLIDADA";"";"Presencial";
"1225034";"01";"26472";"";"TÉCNICO DE ENFERMAGEM - 2013.1";"43355";"TÉCNICO";"";"SALA 21 - ESCOLA DE ENFERMAGEM DE NATAL";"2014";"1";"2014-01-28";"2014-02-20";"35M12345 (28/01/2014 - 20/02/2014)";"";"40";"REGULAR";"f";"2014-06-16 14:23:40.634";"f";"";"40";"CONSOLIDADA";"";"Presencial";
"1225035";"01";"5751598";"";"TÉCNICO DE ENFERMAGEM - 2013.1";"43360";"TÉCNICO";"";"SALA 21 - ESCOLA DE ENFERMAGEM DE NATAL";"2014";"1";"2014-01-27";"2014-02-17";"246M12345 (27/01/2014 - 17/02/2014)";"";"40";"REGULAR";"f";"2014-03-18 00:08:56.02";"f";"";"";"CONSOLIDADA";"";"Presencial";
"1225036";"01";"5751833";"";"";"26353";"GRADUAÇÃO";"Campus Central";"SETOR II - I5";"2014";"1";"2014-01-27";"2014-06-14";"4T34";"61";"41";"REGULAR";"f";"2014-06-14 09:11:32.907";"f";"";"38";"CONSOLIDADA";"";"Presencial";
"1225038";"01";"5755474";"";"";"24699";"GRADUAÇÃO";"Campus Central";"LABCOM - ESTÚDIO DE TV / LABCOM - SALA 03";"2014";"1";"2014-01-27";"2014-06-14";"35T12";"25";"40";"REGULAR";"f";"2014-06-12 03:53:06.183";"f";"";"70";"CONSOLIDADA";"";"Presencial";
"1225039";"01";"26321";"";"TÉCNICO DE ENFERMAGEM - 2013.1";"43362";"TÉCNICO";"";"SALA 21 - ESCOLA DE ENFERMAGEM DE NATAL";"2014";"1";"2014-02-25";"2014-03-25";"35M12345";"";"45";"REGULAR";"f";"2014-04-11 17:18:32.73";"f";"";"40";"CONSOLIDADA";"";"Presencial";
"1225039";"01";"24229";"";"TÉCNICO DE ENFERMAGEM - 2013.1";"43362";"TÉCNICO";"";"SALA 21 - ESCOLA DE ENFERMAGEM DE NATAL";"2014";"1";"2014-02-25";"2014-03-25";"35M12345";"";"45";"REGULAR";"f";"2014-04-11 17:18:32.73";"f";"";"40";"CONSOLIDADA";"";"Presencial";
"1225040";"01";"5753881";"";"";"2040367";"GRADUAÇÃO";"Campus Central";"2N34 - SETOR II - B2 / 4N34 LabCom Sala 01";"2014";"1";"2014-01-27";"2014-06-14";"24N34";"46";"40";"REGULAR";"f";"2014-06-13 14:26:45.575";"f";"";"66";"CONSOLIDADA";"";"Presencial";
"1225041";"01";"26036";"";"TÉCNICO DE ENFERMAGEM - 2013.1";"43361";"TÉCNICO";"";"SALA 21 - ESCOLA DE ENFERMAGEM DE NATAL";"2014";"1";"2014-02-19";"2014-03-21";"246M12345";"";"42";"REGULAR";"f";"2014-05-16 11:44:27.927";"f";"";"50";"CONSOLIDADA";"";"Presencial";
"1225041";"01";"24228";"";"TÉCNICO DE ENFERMAGEM - 2013.1";"43361";"TÉCNICO";"";"SALA 21 - ESCOLA DE ENFERMAGEM DE NATAL";"2014";"1";"2014-02-19";"2014-03-21";"246M12345";"";"42";"REGULAR";"f";"2014-05-16 11:44:27.927";"f";"";"50";"CONSOLIDADA";"";"Presencial";
"1225042";"01";"5751598";"";"TÉCNICO DE ENFERMAGEM - 2013.1 - G1";"2056252";"TÉCNICO";"";"CAMPO DE ESTÁGIO";"2014";"1";"2014-03-31";"2014-05-07";"23456M12345";"";"6";"REGULAR";"f";"2014-06-06 10:40:54.502";"f";"";"120";"CONSOLIDADA";"";"Presencial";
"1225042";"01";"5756611";"";"TÉCNICO DE ENFERMAGEM - 2013.1 - G1";"2056252";"TÉCNICO";"";"CAMPO DE ESTÁGIO";"2014";"1";"2014-03-31";"2014-05-07";"23456M12345";"";"6";"REGULAR";"f";"2014-06-06 10:40:54.502";"f";"";"120";"CONSOLIDADA";"";"Presencial";
"1225043";"02";"5756611";"";"TÉCNICO DE ENFERMAGEM - 2013.1 - G2";"2056252";"TÉCNICO";"";"CAMPO DE ESTÁGIO";"2014";"1";"2014-03-31";"2014-05-07";"23456M12345";"";"6";"REGULAR";"f";"2014-11-08 23:15:08.606";"f";"";"120";"CONSOLIDADA";"";"Presencial";
"1225043";"02";"5756448";"";"TÉCNICO DE ENFERMAGEM - 2013.1 - G2";"2056252";"TÉCNICO";"";"CAMPO DE ESTÁGIO";"2014";"1";"2014-03-31";"2014-05-07";"23456M12345";"";"6";"REGULAR";"f";"2014-11-08 23:15:08.606";"f";"";"120";"CONSOLIDADA";"";"Presencial";
"1225044";"03";"5755752";"";"TÉCNICO DE ENFERMAGEM - 2013.1 - G3";"2056252";"TÉCNICO";"";"CAMPO DE ESTÁGIO";"2014";"1";"2014-03-31";"2014-05-07";"23456M12345";"";"6";"REGULAR";"f";"2015-03-30 15:44:07.428";"f";"";"120";"CONSOLIDADA";"";"Presencial";
"1225044";"03";"5751598";"";"TÉCNICO DE ENFERMAGEM - 2013.1 - G3";"2056252";"TÉCNICO";"";"CAMPO DE ESTÁGIO";"2014";"1";"2014-03-31";"2014-05-07";"23456M12345";"";"6";"REGULAR";"f";"2015-03-30 15:44:07.428";"f";"";"120";"CONSOLIDADA";"";"Presencial";
"1225046";"04";"5756478";"";"TÉCNICO DE ENFERMAGEM - 2013.1 - G4";"2056252";"TÉCNICO";"";"CAMPO DE ESTÁGIO";"2014";"1";"2014-03-31";"2014-05-07";"23456M12345";"";"6";"REGULAR";"f";"2017-03-08 15:04:56.968";"f";"";"45";"CONSOLIDADA";"";"Presencial";
"1225046";"04";"24229";"";"TÉCNICO DE ENFERMAGEM - 2013.1 - G4";"2056252";"TÉCNICO";"";"CAMPO DE ESTÁGIO";"2014";"1";"2014-03-31";"2014-05-07";"23456M12345";"";"6";"REGULAR";"f";"2017-03-08 15:04:56.968";"f";"";"45";"CONSOLIDADA";"";"Presencial";
"1225048";"04A";"24165";"";"";"46635";"GRADUAÇÃO";"Campus Central";"LAB 2 - ECT";"2014";"1";"2014-01-27";"2014-06-14";"234M12";"26";"40";"REGULAR";"f";"2014-06-10 08:17:39.463";"f";"1225047";"106";"CONSOLIDADA";"";"Presencial";
"1225049";"05";"5756478";"";"TÉCNICO DE ENFERMAGEM - 2013.1 - G5";"2056252";"TÉCNICO";"";"CAMPO DE ESTÁGIO";"2014";"1";"2014-03-31";"2014-05-07";"23456M12345";"";"6";"REGULAR";"f";"";"f";"";"";"ABERTA";"";"Presencial";
"1225051";"04A";"5752965";"";"";"46682";"GRADUAÇÃO";"Campus Central";"3M12CET/6M3456-SALA-4D2";"2014";"1";"2014-01-27";"2014-06-14";"3M12 6M3456";"25";"40";"REGULAR";"f";"2014-06-26 22:25:38.128";"f";"1225050";"110";"CONSOLIDADA";"";"Presencial";
"1225052";"06";"5756316";"";"TÉCNICO DE ENFERMAGEM - 2013.1 - G6";"2056252";"TÉCNICO";"";"CAMPO DE ESTÁGIO";"2014";"1";"2014-03-31";"2014-05-07";"23456M12345";"";"6";"REGULAR";"f";"";"f";"";"";"ABERTA";"";"Presencial";
"1225052";"06";"5756448";"";"TÉCNICO DE ENFERMAGEM - 2013.1 - G6";"2056252";"TÉCNICO";"";"CAMPO DE ESTÁGIO";"2014";"1";"2014-03-31";"2014-05-07";"23456M12345";"";"6";"REGULAR";"f";"";"f";"";"";"ABERTA";"";"Presencial";
"1225054";"01";"26321";"";"TÉCNICO DE ENFERMAGEM - 2013.1 - G1";"2056253";"TÉCNICO";"";"CAMPO DE ESTÁGIO";"2014";"1";"2014-05-08";"2014-06-11";"23456M12345";"";"6";"REGULAR";"f";"2014-07-10 07:22:07.435";"f";"";"60";"CONSOLIDADA";"";"Presencial";
"1225055";"01";"5756467";"";"";"2049555";"GRADUAÇÃO";"Campus Santa Cruz";"Bloco I - Sala 1";"2014";"1";"2014-01-27";"2014-06-14";"6M345";"32";"45";"REGULAR";"f";"2014-06-13 15:03:39.149";"f";"";"51";"CONSOLIDADA";"";"Presencial";
"1225055";"01";"5756089";"";"";"2049555";"GRADUAÇÃO";"Campus Santa Cruz";"Bloco I - Sala 1";"2014";"1";"2014-01-27";"2014-06-14";"6M345";"32";"45";"REGULAR";"f";"2014-06-13 15:03:39.149";"f";"";"51";"CONSOLIDADA";"";"Presencial";
"1225056";"01";"20831";"";"";"53324";"STRICTO SENSU";"";"setor V sala D2";"2014";"1";"2014-02-03";"2014-06-13";"2M2345";"23";"30";"REGULAR";"f";"2014-09-10 08:02:11.483";"f";"";"60";"CONSOLIDADA";"";"Presencial";
"1225057";"01";"21599";"";"";"53325";"STRICTO SENSU";"";"setor V sala D2";"2014";"1";"2014-02-03";"2014-06-13";"5M2345";"16";"30";"REGULAR";"f";"2014-09-23 23:04:05.544";"f";"";"60";"CONSOLIDADA";"";"Presencial";
"1225057";"01";"16991";"";"";"53325";"STRICTO SENSU";"";"setor V sala D2";"2014";"1";"2014-02-03";"2014-06-13";"5M2345";"16";"30";"REGULAR";"f";"2014-09-23 23:04:05.544";"f";"";"60";"CONSOLIDADA";"";"Presencial";
"1225058";"01";"16991";"";"";"53326";"STRICTO SENSU";"";"setor V sala D2";"2014";"1";"2014-02-03";"2014-06-13";"3M2345";"23";"30";"REGULAR";"f";"2014-11-07 20:59:34.57";"f";"";"60";"CONSOLIDADA";"";"Presencial";
"1225059";"01";"5752012";"";"";"53327";"STRICTO SENSU";"";"setor V sala D3";"2014";"1";"2014-02-03";"2014-06-13";"4T2345";"38";"50";"REGULAR";"f";"2014-07-17 10:31:52.333";"f";"";"60";"CONSOLIDADA";"";"Presencial";
"1225060";"02";"5755752";"";"TÉCNICO DE ENFERMAGEM - 2013.1 - G2";"2056253";"TÉCNICO";"";"CAMPO DE ESTÁGIO";"2014";"1";"2014-05-08";"2014-06-11";"23456M12345";"";"6";"REGULAR";"f";"";"f";"";"";"ABERTA";"";"Presencial";
"1225061";"03";"5756448";"";"TÉCNICO DE ENFERMAGEM - 2013.1 - G3";"2056253";"TÉCNICO";"";"CAMPO DE ESTÁGIO";"2014";"1";"2014-05-08";"2014-06-11";"23456M12345";"";"6";"REGULAR";"f";"2016-08-03 21:35:12.041";"f";"";"60";"CONSOLIDADA";"";"Presencial";
"1225061";"03";"5755452";"";"TÉCNICO DE ENFERMAGEM - 2013.1 - G3";"2056253";"TÉCNICO";"";"CAMPO DE ESTÁGIO";"2014";"1";"2014-05-08";"2014-06-11";"23456M12345";"";"6";"REGULAR";"f";"2016-08-03 21:35:12.041";"f";"";"60";"CONSOLIDADA";"";"Presencial";
"1225062";"01";"22741";"";"";"53328";"STRICTO SENSU";"";"setor V sala D2";"2014";"1";"2014-02-03";"2014-06-13";"5T2345";"29";"30";"REGULAR";"f";"2014-12-17 17:10:21.203";"f";"";"68";"CONSOLIDADA";"";"Presencial";
"1225063";"04";"5756611";"";"TÉCNICO DE ENFERMAGEM - 2013.1 - G4";"2056253";"TÉCNICO";"";"CAMPO DE ESTÁGIO";"2014";"1";"2014-05-08";"2014-06-11";"23456M12345";"";"6";"REGULAR";"f";"";"f";"";"";"ABERTA";"";"Presencial";
"1225064";"01";"5753060";"";"";"53334";"STRICTO SENSU";"";"setor V sala D3";"2014";"1";"2014-02-03";"2014-06-13";"2T23";"13";"30";"REGULAR";"f";"2014-09-30 11:29:51.657";"f";"";"34";"CONSOLIDADA";"";"Presencial";
"1225065";"01";"22739";"";"";"39020";"STRICTO SENSU";"";"setor V sala D2";"2014";"1";"2014-02-03";"2014-06-13";"2T34";"10";"30";"REGULAR";"f";"2014-07-29 09:39:03.839";"f";"";"28";"CONSOLIDADA";"";"Presencial";
"1225066";"05";"5755583";"";"TÉCNICO DE ENFERMAGEM - 2013.1 - G5";"2056253";"TÉCNICO";"";"CAMPO DE ESTÁGIO";"2014";"1";"2014-05-08";"2014-06-11";"23456M12345";"";"6";"REGULAR";"f";"2014-11-08 23:22:23.637";"f";"";"125";"CONSOLIDADA";"";"Presencial";
"1225066";"05";"5756611";"";"TÉCNICO DE ENFERMAGEM - 2013.1 - G5";"2056253";"TÉCNICO";"";"CAMPO DE ESTÁGIO";"2014";"1";"2014-05-08";"2014-06-11";"23456M12345";"";"6";"REGULAR";"f";"2014-11-08 23:22:23.637";"f";"";"125";"CONSOLIDADA";"";"Presencial";
"1225067";"06";"5755752";"";"TÉCNICO DE ENFERMAGEM - 2013.1 - G6";"2056253";"TÉCNICO";"";"CAMPO DE ESTÁGIO";"2014";"1";"2014-05-08";"2014-06-11";"23456M12345";"";"6";"REGULAR";"f";"";"f";"";"";"ABERTA";"";"Presencial";
"1225067";"06";"5756478";"";"TÉCNICO DE ENFERMAGEM - 2013.1 - G6";"2056253";"TÉCNICO";"";"CAMPO DE ESTÁGIO";"2014";"1";"2014-05-08";"2014-06-11";"23456M12345";"";"6";"REGULAR";"f";"";"f";"";"";"ABERTA";"";"Presencial";
"1225069";"01";"5753060";"";"";"53330";"STRICTO SENSU";"";"setor V sala D3";"2014";"1";"2014-02-03";"2014-06-13";"2T45";"19";"30";"REGULAR";"f";"2014-09-30 11:27:30.282";"f";"";"34";"CONSOLIDADA";"";"Presencial";
"1225070";"01";"5755752";"";"TÉCNICO DE ENFERMAGEM - 2012.2";"43363";"TÉCNICO";"";"SALA 21 - ESCOLA DE ENFERMAGEM DE NATAL";"2014";"1";"2014-01-27";"2014-02-28";"246T12345 (27/01/2014 - 28/02/2014)";"";"45";"REGULAR";"f";"2014-04-07 16:18:02.126";"f";"";"75";"CONSOLIDADA";"";"Presencial";
"1225070";"01";"5753772";"";"TÉCNICO DE ENFERMAGEM - 2012.2";"43363";"TÉCNICO";"";"SALA 21 - ESCOLA DE ENFERMAGEM DE NATAL";"2014";"1";"2014-01-27";"2014-02-28";"246T12345 (27/01/2014 - 28/02/2014)";"";"45";"REGULAR";"f";"2014-04-07 16:18:02.126";"f";"";"75";"CONSOLIDADA";"";"Presencial";
"1225071";"01";"3031564";"";"TÉCNICO DE ENFERMAGEM - 2012.2";"43366";"TÉCNICO";"";"SALA 21 - ESCOLA DE ENFERMAGEM DE NATAL";"2014";"1";"2014-01-28";"2014-02-20";"35T12345 (28/01/2014 - 20/02/2014)";"";"45";"REGULAR";"f";"2014-04-25 21:51:15.086";"f";"";"40";"CONSOLIDADA";"";"Presencial";
"1225072";"01";"3031564";"";"TÉCNICO DE ENFERMAGEM - 2012.2";"2056020";"TÉCNICO";"";"SALA 21 - ESCOLA DE ENFERMAGEM DE NATAL";"2014";"1";"2014-02-25";"2014-03-27";"35T12345";"";"45";"REGULAR";"f";"2014-04-03 16:24:45.635";"f";"";"45";"CONSOLIDADA";"";"Presencial";
"1225072";"01";"26472";"";"TÉCNICO DE ENFERMAGEM - 2012.2";"2056020";"TÉCNICO";"";"SALA 21 - ESCOLA DE ENFERMAGEM DE NATAL";"2014";"1";"2014-02-25";"2014-03-27";"35T12345";"";"45";"REGULAR";"f";"2014-04-03 16:24:45.635";"f";"";"45";"CONSOLIDADA";"";"Presencial";
"1225072";"01";"5753772";"";"TÉCNICO DE ENFERMAGEM - 2012.2";"2056020";"TÉCNICO";"";"SALA 21 - ESCOLA DE ENFERMAGEM DE NATAL";"2014";"1";"2014-02-25";"2014-03-27";"35T12345";"";"45";"REGULAR";"f";"2014-04-03 16:24:45.635";"f";"";"45";"CONSOLIDADA";"";"Presencial";
"1225072";"01";"5357706";"";"TÉCNICO DE ENFERMAGEM - 2012.2";"2056020";"TÉCNICO";"";"SALA 21 - ESCOLA DE ENFERMAGEM DE NATAL";"2014";"1";"2014-02-25";"2014-03-27";"35T12345";"";"45";"REGULAR";"f";"2014-04-03 16:24:45.635";"f";"";"45";"CONSOLIDADA";"";"Presencial";
"1225073";"01";"5756447";"";"TÉCNICO DE ENFERMAGEM - 2012.2";"43364";"TÉCNICO";"";"SALA 21 - ESCOLA DE ENFERMAGEM DE NATAL";"2014";"1";"2014-03-10";"2014-04-04";"246T12345";"";"45";"REGULAR";"f";"2014-06-14 22:38:52.839";"f";"";"60";"CONSOLIDADA";"";"Presencial";
"1225073";"01";"5755752";"";"TÉCNICO DE ENFERMAGEM - 2012.2";"43364";"TÉCNICO";"";"SALA 21 - ESCOLA DE ENFERMAGEM DE NATAL";"2014";"1";"2014-03-10";"2014-04-04";"246T12345";"";"45";"REGULAR";"f";"2014-06-14 22:38:52.839";"f";"";"60";"CONSOLIDADA";"";"Presencial";
"1225074";"01";"25137";"";"TÉCNICO DE ENFERMAGEM - 2012.2";"43365";"TÉCNICO";"";"SALA 21 - ESCOLA DE ENFERMAGEM DE NATAL";"2014";"1";"2014-04-01";"2014-04-22";"35T12345 (01/04/2014 - 22/04/2014)";"";"45";"REGULAR";"f";"2014-06-03 15:20:16.608";"f";"";"30";"CONSOLIDADA";"";"Presencial";
"1225074";"01";"5755733";"";"TÉCNICO DE ENFERMAGEM - 2012.2";"43365";"TÉCNICO";"";"SALA 21 - ESCOLA DE ENFERMAGEM DE NATAL";"2014";"1";"2014-04-01";"2014-04-22";"35T12345 (01/04/2014 - 22/04/2014)";"";"45";"REGULAR";"f";"2014-06-03 15:20:16.608";"f";"";"30";"CONSOLIDADA";"";"Presencial";
"1225075";"01";"26036";"";"TÉCNICO DE ENFERMAGEM - 2012.2";"43368";"TÉCNICO";"";"SALA 21 - ESCOLA DE ENFERMAGEM DE NATAL";"2014";"1";"2014-04-07";"2014-04-23";"246T12345";"";"45";"REGULAR";"f";"2014-06-06 15:45:17.731";"f";"";"30";"CONSOLIDADA";"";"Presencial";
"1225075";"01";"24228";"";"TÉCNICO DE ENFERMAGEM - 2012.2";"43368";"TÉCNICO";"";"SALA 21 - ESCOLA DE ENFERMAGEM DE NATAL";"2014";"1";"2014-04-07";"2014-04-23";"246T12345";"";"45";"REGULAR";"f";"2014-06-06 15:45:17.731";"f";"";"30";"CONSOLIDADA";"";"Presencial";
"1225076";"01";"26321";"";"TÉCNICO DE ENFERMAGEM - 2012.2";"43369";"TÉCNICO";"";"SALA 21 - ESCOLA DE ENFERMAGEM DE NATAL";"2014";"1";"2014-04-24";"2014-05-27";"35T12345 (24/04/2014 - 27/05/2014)";"";"45";"REGULAR";"f";"2014-07-17 07:34:42.521";"f";"";"45";"CONSOLIDADA";"";"Presencial";
"1225076";"01";"5753772";"";"TÉCNICO DE ENFERMAGEM - 2012.2";"43369";"TÉCNICO";"";"SALA 21 - ESCOLA DE ENFERMAGEM DE NATAL";"2014";"1";"2014-04-24";"2014-05-27";"35T12345 (24/04/2014 - 27/05/2014)";"";"45";"REGULAR";"f";"2014-07-17 07:34:42.521";"f";"";"45";"CONSOLIDADA";"";"Presencial";
"1225077";"01";"3031564";"";"TÉCNICO DE ENFERMAGEM - 2012.2";"43367";"TÉCNICO";"";"SALA 21 - ESCOLA DE ENFERMAGEM DE NATAL";"2014";"1";"2014-04-25";"2014-05-30";"246T12345 (25/04/2014 - 30/05/2014)";"";"45";"REGULAR";"f";"2014-06-05 11:48:41.495";"f";"";"80";"CONSOLIDADA";"";"Presencial";
"1225077";"01";"26285";"";"TÉCNICO DE ENFERMAGEM - 2012.2";"43367";"TÉCNICO";"";"SALA 21 - ESCOLA DE ENFERMAGEM DE NATAL";"2014";"1";"2014-04-25";"2014-05-30";"246T12345 (25/04/2014 - 30/05/2014)";"";"45";"REGULAR";"f";"2014-06-05 11:48:41.495";"f";"";"80";"CONSOLIDADA";"";"Presencial";
"1225078";"01";"26285";"";"TÉCNICO DE ENFERMAGEM - 2012.1 - G1";"2056254";"TÉCNICO";"";"CAMPO DE ESTÁGIO";"2014";"1";"2014-02-10";"2014-03-14";"23456M12345";"";"6";"REGULAR";"f";"";"f";"";"";"ABERTA";"";"Presencial";
"1225078";"01";"5756478";"";"TÉCNICO DE ENFERMAGEM - 2012.1 - G1";"2056254";"TÉCNICO";"";"CAMPO DE ESTÁGIO";"2014";"1";"2014-02-10";"2014-03-14";"23456M12345";"";"6";"REGULAR";"f";"";"f";"";"";"ABERTA";"";"Presencial";
"1225079";"02";"5041557";"";"TÉCNICO DE ENFERMAGEM - 2012.1 - G2";"2056254";"TÉCNICO";"";"CAMPO DE ESTÁGIO";"2014";"1";"2014-02-10";"2014-03-14";"23456M12345";"";"6";"REGULAR";"f";"2014-06-16 15:08:41.345";"f";"";"110";"CONSOLIDADA";"";"Presencial";
"1225080";"03";"26321";"";"TÉCNICO DE ENFERMAGEM - 2012.1 - G3";"2056254";"TÉCNICO";"";"CAMPO DE ESTÁGIO";"2014";"1";"2014-02-10";"2014-03-14";"23456M12345";"";"6";"REGULAR";"f";"2014-06-05 15:06:49.822";"f";"";"110";"CONSOLIDADA";"";"Presencial";
"1225080";"03";"5756316";"";"TÉCNICO DE ENFERMAGEM - 2012.1 - G3";"2056254";"TÉCNICO";"";"CAMPO DE ESTÁGIO";"2014";"1";"2014-02-10";"2014-03-14";"23456M12345";"";"6";"REGULAR";"f";"2014-06-05 15:06:49.822";"f";"";"110";"CONSOLIDADA";"";"Presencial";
"1225081";"04";"5756447";"";"TÉCNICO DE ENFERMAGEM - 2012.1 - G4";"2056254";"TÉCNICO";"";"CAMPO DE ESTÁGIO";"2014";"1";"2014-02-10";"2014-03-14";"23456M12345";"";"6";"REGULAR";"f";"2014-05-04 20:45:20.577";"f";"";"0";"CONSOLIDADA";"";"Presencial";
"1225081";"04";"26285";"";"TÉCNICO DE ENFERMAGEM - 2012.1 - G4";"2056254";"TÉCNICO";"";"CAMPO DE ESTÁGIO";"2014";"1";"2014-02-10";"2014-03-14";"23456M12345";"";"6";"REGULAR";"f";"2014-05-04 20:45:20.577";"f";"";"0";"CONSOLIDADA";"";"Presencial";
"1225082";"05";"5755583";"";"TÉCNICO DE ENFERMAGEM - 2012.1 - G5";"2056254";"TÉCNICO";"";"CAMPO DE ESTÁGIO";"2014";"1";"2014-02-10";"2014-03-14";"23456M12345";"";"6";"REGULAR";"f";"2014-06-05 14:53:21.891";"f";"";"110";"CONSOLIDADA";"";"Presencial";
"1225082";"05";"5756316";"";"TÉCNICO DE ENFERMAGEM - 2012.1 - G5";"2056254";"TÉCNICO";"";"CAMPO DE ESTÁGIO";"2014";"1";"2014-02-10";"2014-03-14";"23456M12345";"";"6";"REGULAR";"f";"2014-06-05 14:53:21.891";"f";"";"110";"CONSOLIDADA";"";"Presencial";
"1225083";"01";"26321";"";"TÉCNICO DE ENFERMAGEM - 2012.1 - G1";"2056255";"TÉCNICO";"";"CAMPO DE ESTÁGIO";"2014";"1";"2014-03-17";"2014-04-11";"23456M12345";"";"6";"REGULAR";"f";"2014-07-10 07:16:53.834";"f";"";"50";"CONSOLIDADA";"";"Presencial";
"1225083";"01";"5755529";"";"TÉCNICO DE ENFERMAGEM - 2012.1 - G1";"2056255";"TÉCNICO";"";"CAMPO DE ESTÁGIO";"2014";"1";"2014-03-17";"2014-04-11";"23456M12345";"";"6";"REGULAR";"f";"2014-07-10 07:16:53.834";"f";"";"50";"CONSOLIDADA";"";"Presencial";
"1225084";"02";"5755583";"";"TÉCNICO DE ENFERMAGEM - 2012.1 - G2";"2056255";"TÉCNICO";"";"CAMPO DE ESTÁGIO";"2014";"1";"2014-03-17";"2014-04-11";"23456M12345";"";"6";"REGULAR";"f";"";"f";"";"";"ABERTA";"";"Presencial";
"1225085";"03";"5755945";"";"TÉCNICO DE ENFERMAGEM - 2012.1 - G3";"2056255";"TÉCNICO";"";"CAMPO DE ESTÁGIO";"2014";"1";"2014-03-17";"2014-04-11";"23456M12345";"";"6";"REGULAR";"f";"";"f";"";"";"ABERTA";"";"Presencial";
"1225086";"04";"5756316";"";"TÉCNICO DE ENFERMAGEM - 2012.1 - G4";"2056255";"TÉCNICO";"";"CAMPO DE ESTÁGIO";"2014";"1";"2014-03-17";"2014-04-11";"23456M12345";"";"6";"REGULAR";"f";"2014-06-05 15:04:33.745";"f";"";"100";"CONSOLIDADA";"";"Presencial";
"1225086";"04";"5753772";"";"TÉCNICO DE ENFERMAGEM - 2012.1 - G4";"2056255";"TÉCNICO";"";"CAMPO DE ESTÁGIO";"2014";"1";"2014-03-17";"2014-04-11";"23456M12345";"";"6";"REGULAR";"f";"2014-06-05 15:04:33.745";"f";"";"100";"CONSOLIDADA";"";"Presencial";
"1225087";"01";"5756452";"";"";"26360";"GRADUAÇÃO";"Campus Central";"LABCOM - REDAÇÃO "A";"2014";"1";"2014-01-27";"2014-06-14";"46T34";"10";"40";"REGULAR";"f";"2014-06-13 01:00:46.204";"f";"";"76";"CONSOLIDADA";"";"Presencial";
"1225088";"05";"5755945";"";"TÉCNICO DE ENFERMAGEM - 2012.1 - G5";"2056255";"TÉCNICO";"";"CAMPO DE ESTÁGIO";"2014";"1";"2014-03-17";"2014-04-11";"23456M12345";"";"6";"REGULAR";"f";"";"f";"";"";"ABERTA";"";"Presencial";
"1225089";"01";"5755005";"";"";"26375";"GRADUAÇÃO";"Campus Central";"LABCOM - 3T56 / II E1 / 5T56 II - H3";"2014";"1";"2014-01-27";"2014-06-14";"35T56";"14";"40";"REGULAR";"f";"2014-06-08 15:36:41.167";"f";"";"66";"CONSOLIDADA";"";"Presencial";
"1225090";"01";"5755474";"";"";"26378";"GRADUAÇÃO";"Campus Central";"LABCOM - SALA 03";"2014";"1";"2014-01-27";"2014-06-14";"2N1234";"53";"41";"REGULAR";"f";"2014-06-09 00:24:39.485";"f";"";"68";"CONSOLIDADA";"";"Presencial";
"1225091";"01";"74509";"";"TRIS - 2014.1 - MATUTINO";"2045551";"TÉCNICO";"";"SALA 29 - ESCOLA DE ENFERMAGEM DE NATAL";"2014";"1";"2014-01-28";"2014-03-13";"35M12345 (28/01/2014 - 13/03/2014)";"";"55";"REGULAR";"f";"2014-05-22 09:13:39.568";"f";"";"45";"CONSOLIDADA";"";"Presencial";
"1225091";"01";"24228";"";"TRIS - 2014.1 - MATUTINO";"2045551";"TÉCNICO";"";"SALA 29 - ESCOLA DE ENFERMAGEM DE NATAL";"2014";"1";"2014-01-28";"2014-03-13";"35M12345 (28/01/2014 - 13/03/2014)";"";"55";"REGULAR";"f";"2014-05-22 09:13:39.568";"f";"";"45";"CONSOLIDADA";"";"Presencial";
"1225092";"01";"5753630";"";"TRIS - 2014.1 - MATUTINO";"2045556";"TÉCNICO";"";"LABORATÓRIO DE INFORMÁTICA - SALA 23 - EEN";"2014";"1";"2014-01-29";"2014-02-24";"246M12345 (29/01/2014 - 24/02/2014)";"";"55";"REGULAR";"f";"2014-03-06 18:53:42.21";"f";"";"";"CONSOLIDADA";"";"Presencial";
"1225093";"01";"5755452";"";"TRIS - 2014.1 - MATUTINO";"2045552";"TÉCNICO";"";"SALA 29 - ESCOLA DE ENFERMAGEM DE NATAL";"2014";"1";"2014-03-18";"2014-04-29";"35M12345 (18/03/2014 - 29/04/2014)";"";"55";"REGULAR";"f";"2014-06-03 15:26:31.389";"f";"";"55";"CONSOLIDADA";"";"Presencial";
"1225093";"01";"5755733";"";"TRIS - 2014.1 - MATUTINO";"2045552";"TÉCNICO";"";"SALA 29 - ESCOLA DE ENFERMAGEM DE NATAL";"2014";"1";"2014-03-18";"2014-04-29";"35M12345 (18/03/2014 - 29/04/2014)";"";"55";"REGULAR";"f";"2014-06-03 15:26:31.389";"f";"";"55";"CONSOLIDADA";"";"Presencial";
"1225094";"01";"24229";"";"TRIS - 2014.1 - MATUTINO";"42141";"TÉCNICO";"";"SALA 29 - ESCOLA DE ENFERMAGEM DE NATAL";"2014";"1";"2014-02-26";"2014-03-26";"246M12345";"";"55";"REGULAR";"f";"2014-05-14 09:11:25.32";"f";"";"55";"CONSOLIDADA";"";"Presencial";
"1225094";"01";"5755452";"";"TRIS - 2014.1 - MATUTINO";"42141";"TÉCNICO";"";"SALA 29 - ESCOLA DE ENFERMAGEM DE NATAL";"2014";"1";"2014-02-26";"2014-03-26";"246M12345";"";"55";"REGULAR";"f";"2014-05-14 09:11:25.32";"f";"";"55";"CONSOLIDADA";"";"Presencial";
"1225095";"01";"26045";"";"TRIS - 2014.1 - MATUTINO";"2045554";"TÉCNICO";"";"SALA 29 - ESCOLA DE ENFERMAGEM DE NATAL";"2014";"1";"2014-05-06";"2014-05-22";"35M12345 (06/05/2014 - 22/05/2014)";"";"55";"REGULAR";"f";"2014-09-17 15:01:45.034";"f";"";"30";"CONSOLIDADA";"";"Presencial";
"1225095";"01";"25137";"";"TRIS - 2014.1 - MATUTINO";"2045554";"TÉCNICO";"";"SALA 29 - ESCOLA DE ENFERMAGEM DE NATAL";"2014";"1";"2014-05-06";"2014-05-22";"35M12345 (06/05/2014 - 22/05/2014)";"";"55";"REGULAR";"f";"2014-09-17 15:01:45.034";"f";"";"30";"CONSOLIDADA";"";"Presencial";
"1225096";"01";"5756288";"";"TRIS - 2014.1 - MATUTINO";"2045566";"TÉCNICO";"";"SALA 29 - ESCOLA DE ENFERMAGEM DE NATAL";"2014";"1";"2014-03-28";"2014-05-14";"246M12345";"";"55";"REGULAR";"f";"2014-06-09 19:04:48.992";"f";"";"95";"CONSOLIDADA";"";"Presencial";
"1225096";"01";"5756478";"";"TRIS - 2014.1 - MATUTINO";"2045566";"TÉCNICO";"";"SALA 29 - ESCOLA DE ENFERMAGEM DE NATAL";"2014";"1";"2014-03-28";"2014-05-14";"246M12345";"";"55";"REGULAR";"f";"2014-06-09 19:04:48.992";"f";"";"95";"CONSOLIDADA";"";"Presencial";
"1225097";"01";"5041557";"";"TRIS - 2014.1 - MATUTINO";"2045555";"TÉCNICO";"";"SALA 29 - ESCOLA DE ENFERMAGEM DE NATAL";"2014";"1";"2014-05-16";"2014-06-04";"246M12345 (16/05/2014 - 04/06/2014)";"";"55";"REGULAR";"f";"2014-06-08 21:44:57.98";"f";"";"45";"CONSOLIDADA";"";"Presencial";
"1225098";"01";"5755877";"";"";"26406";"GRADUAÇÃO";"Campus Central";"SETOR II - A1";"2014";"1";"2014-01-27";"2014-06-14";"24T56";"23";"40";"REGULAR";"f";"2014-06-12 15:14:43.162";"f";"";"72";"CONSOLIDADA";"";"Presencial";
"1225099";"01";"5752879";"";"VISAU - 2013.1 - MATUTINO";"42967";"TÉCNICO";"";"SALA 30 - ESCOLA DE ENFERMAGEM DE NATAL";"2014";"1";"2014-01-27";"2014-03-14";"246M12345";"";"50";"REGULAR";"f";"2014-04-14 16:17:42.764";"f";"";"90";"CONSOLIDADA";"";"Presencial";
"1225099";"01";"5755517";"";"VISAU - 2013.1 - MATUTINO";"42967";"TÉCNICO";"";"SALA 30 - ESCOLA DE ENFERMAGEM DE NATAL";"2014";"1";"2014-01-27";"2014-03-14";"246M12345";"";"50";"REGULAR";"f";"2014-04-14 16:17:42.764";"f";"";"90";"CONSOLIDADA";"";"Presencial";
"1225100";"01";"24229";"";"VISAU - 2013.1 - MATUTINO";"42971";"TÉCNICO";"";"SALA 30 - ESCOLA DE ENFERMAGEM DE NATAL";"2014";"1";"2014-01-28";"2014-03-13";"35M12345";"";"50";"REGULAR";"f";"2014-05-21 16:59:04.658";"f";"";"65";"CONSOLIDADA";"";"Presencial";
"1225100";"01";"5755452";"";"VISAU - 2013.1 - MATUTINO";"42971";"TÉCNICO";"";"SALA 30 - ESCOLA DE ENFERMAGEM DE NATAL";"2014";"1";"2014-01-28";"2014-03-13";"35M12345";"";"50";"REGULAR";"f";"2014-05-21 16:59:04.658";"f";"";"65";"CONSOLIDADA";"";"Presencial";
"1225101";"01";"24229";"";"VISAU - 2013.1 - MATUTINO";"42972";"TÉCNICO";"";"SALA 30 - ESCOLA DE ENFERMAGEM DE NATAL";"2014";"1";"2014-03-17";"2014-04-30";"246M12345";"";"50";"REGULAR";"f";"2014-05-22 17:02:46.114";"f";"";"90";"CONSOLIDADA";"";"Presencial";
"1225101";"01";"5755452";"";"VISAU - 2013.1 - MATUTINO";"42972";"TÉCNICO";"";"SALA 30 - ESCOLA DE ENFERMAGEM DE NATAL";"2014";"1";"2014-03-17";"2014-04-30";"246M12345";"";"50";"REGULAR";"f";"2014-05-22 17:02:46.114";"f";"";"90";"CONSOLIDADA";"";"Presencial";
"1225102";"01";"5752879";"";"VISAU - 2013.1 - MATUTINO";"42968";"TÉCNICO";"";"SALA 30 - ESCOLA DE ENFERMAGEM DE NATAL";"2014";"1";"2014-03-18";"2014-04-15";"35M12345";"";"50";"REGULAR";"f";"2014-05-18 09:59:18.613";"f";"";"40";"CONSOLIDADA";"";"Presencial";
"1225102";"01";"5755517";"";"VISAU - 2013.1 - MATUTINO";"42968";"TÉCNICO";"";"SALA 30 - ESCOLA DE ENFERMAGEM DE NATAL";"2014";"1";"2014-03-18";"2014-04-15";"35M12345";"";"50";"REGULAR";"f";"2014-05-18 09:59:18.613";"f";"";"40";"CONSOLIDADA";"";"Presencial";
"1225103";"01";"5752879";"";"VISAU - 2013.1 - MATUTINO";"42969";"TÉCNICO";"";"SALA 30 - ESCOLA DE ENFERMAGEM DE NATAL";"2014";"1";"2014-04-22";"2014-05-15";"35M12345";"";"50";"REGULAR";"f";"2014-07-23 19:21:20.954";"f";"";"30";"CONSOLIDADA";"";"Presencial";
"1225104";"01";"5752879";"";"VISAU - 2013.1 - MATUTINO";"42970";"TÉCNICO";"";"SALA 30 - ESCOLA DE ENFERMAGEM DE NATAL";"2014";"1";"2014-05-05";"2014-06-06";"246M12345";"";"50";"REGULAR";"f";"2014-07-23 19:37:02.531";"f";"";"95";"CONSOLIDADA";"";"Presencial";
"1225104";"01";"5755517";"";"VISAU - 2013.1 - MATUTINO";"42970";"TÉCNICO";"";"SALA 30 - ESCOLA DE ENFERMAGEM DE NATAL";"2014";"1";"2014-05-05";"2014-06-06";"246M12345";"";"50";"REGULAR";"f";"2014-07-23 19:37:02.531";"f";"";"95";"CONSOLIDADA";"";"Presencial";
"1225105";"01";"5756452";"";"";"24805";"GRADUAÇÃO";"Campus Central";"LABCOM - SALA DE REDAÇÃO "B";"2014";"1";"2014-01-27";"2014-06-14";"46T56";"49";"41";"REGULAR";"f";"2014-06-13 00:51:06.484";"f";"";"76";"CONSOLIDADA";"";"Presencial";
"1225106";"01";"5752880";"";"TPICS - 2012.2 - MATUTINO";"41991";"TÉCNICO";"";"SALA 26A - ESCOLA DE ENFERMAGEM DE NATAL";"2014";"1";"2014-02-04";"2014-02-27";"35M12345 (04/02/2014 - 27/02/2014)";"";"45";"REGULAR";"f";"2014-06-02 17:29:28.233";"f";"";"40";"CONSOLIDADA";"";"Presencial";
"1225106";"01";"5753559";"";"TPICS - 2012.2 - MATUTINO";"41991";"TÉCNICO";"";"SALA 26A - ESCOLA DE ENFERMAGEM DE NATAL";"2014";"1";"2014-02-04";"2014-02-27";"35M12345 (04/02/2014 - 27/02/2014)";"";"45";"REGULAR";"f";"2014-06-02 17:29:28.233";"f";"";"40";"CONSOLIDADA";"";"Presencial";
"1225107";"01";"5752858";"";"TPICS - 2012.2 - MATUTINO";"41998";"TÉCNICO";"";"SALA 26A - ESCOLA DE ENFERMAGEM DE NATAL";"2014";"1";"2014-02-05";"2014-02-21";"46M12345 (05/02/2014 - 21/02/2014)";"";"45";"REGULAR";"f";"2014-06-01 11:02:19.21";"f";"";"30";"CONSOLIDADA";"";"Presencial";
"1225108";"01";"5752880";"";"TPICS - 2012.2 - MATUTINO";"42075";"TÉCNICO";"";"SALA 26A - ESCOLA DE ENFERMAGEM DE NATAL";"2014";"1";"2014-03-11";"2014-05-22";"3456M12345";"";"45";"REGULAR";"f";"2014-06-02 17:32:31.449";"f";"";"200";"CONSOLIDADA";"";"Presencial";
"1225108";"01";"5752858";"";"TPICS - 2012.2 - MATUTINO";"42075";"TÉCNICO";"";"SALA 26A - ESCOLA DE ENFERMAGEM DE NATAL";"2014";"1";"2014-03-11";"2014-05-22";"3456M12345";"";"45";"REGULAR";"f";"2014-06-02 17:32:31.449";"f";"";"200";"CONSOLIDADA";"";"Presencial";
"1225108";"01";"5753559";"";"TPICS - 2012.2 - MATUTINO";"42075";"TÉCNICO";"";"SALA 26A - ESCOLA DE ENFERMAGEM DE NATAL";"2014";"1";"2014-03-11";"2014-05-22";"3456M12345";"";"45";"REGULAR";"f";"2014-06-02 17:32:31.449";"f";"";"200";"CONSOLIDADA";"";"Presencial";
"1225109";"01";"5752858";"";"TPICS - 2013.2 - MATUTINO";"41977";"TÉCNICO";"";"SALA 31 - ESCOLA DE ENFERMAGEM DE NATAL";"2014";"1";"2014-02-04";"2014-03-20";"35M12345";"";"45";"REGULAR";"f";"2014-06-02 14:54:12.251";"f";"";"65";"CONSOLIDADA";"";"Presencial";
"1225109";"01";"5753559";"";"TPICS - 2013.2 - MATUTINO";"41977";"TÉCNICO";"";"SALA 31 - ESCOLA DE ENFERMAGEM DE NATAL";"2014";"1";"2014-02-04";"2014-03-20";"35M12345";"";"45";"REGULAR";"f";"2014-06-02 14:54:12.251";"f";"";"65";"CONSOLIDADA";"";"Presencial";
"1225110";"01";"5752880";"";"TPICS - 2013.2 - MATUTINO";"41978";"TÉCNICO";"";"SALA 31 - ESCOLA DE ENFERMAGEM DE NATAL";"2014";"1";"2014-02-05";"2014-03-21";"46M12345 (05/02/2014 - 21/03/2014)";"";"45";"REGULAR";"f";"2014-06-02 13:58:07.376";"f";"";"65";"CONSOLIDADA";"";"Presencial";
"1225110";"01";"5753559";"";"TPICS - 2013.2 - MATUTINO";"41978";"TÉCNICO";"";"SALA 31 - ESCOLA DE ENFERMAGEM DE NATAL";"2014";"1";"2014-02-05";"2014-03-21";"46M12345 (05/02/2014 - 21/03/2014)";"";"45";"REGULAR";"f";"2014-06-02 13:58:07.376";"f";"";"65";"CONSOLIDADA";"";"Presencial";
"1225111";"01";"5752858";"";"TPICS - 2013.2 - MATUTINO";"41980";"TÉCNICO";"";"SALA 31 - ESCOLA DE ENFERMAGEM DE NATAL";"2014";"1";"2014-03-25";"2014-06-04";"3456M12345";"";"45";"REGULAR";"f";"2014-06-06 16:22:57.22";"f";"";"190";"CONSOLIDADA";"";"Presencial";
"1225111";"01";"5752880";"";"TPICS - 2013.2 - MATUTINO";"41980";"TÉCNICO";"";"SALA 31 - ESCOLA DE ENFERMAGEM DE NATAL";"2014";"1";"2014-03-25";"2014-06-04";"3456M12345";"";"45";"REGULAR";"f";"2014-06-06 16:22:57.22";"f";"";"190";"CONSOLIDADA";"";"Presencial";
"1225111";"01";"5753559";"";"TPICS - 2013.2 - MATUTINO";"41980";"TÉCNICO";"";"SALA 31 - ESCOLA DE ENFERMAGEM DE NATAL";"2014";"1";"2014-03-25";"2014-06-04";"3456M12345";"";"45";"REGULAR";"f";"2014-06-06 16:22:57.22";"f";"";"190";"CONSOLIDADA";"";"Presencial";
"1225113";"01";"5753753";"";"";"2021200";"GRADUAÇÃO";"Campus Central";"Sala 06";"2014";"1";"2014-01-27";"2014-06-14";"6M56";"1";"2";"REGULAR";"f";"2014-06-10 12:08:19.009";"f";"";"36";"CONSOLIDADA";"";"Presencial";
"1225113";"01";"5755993";"";"";"2021200";"GRADUAÇÃO";"Campus Central";"Sala 06";"2014";"1";"2014-01-27";"2014-06-14";"6M56";"1";"2";"REGULAR";"f";"2014-06-10 12:08:19.009";"f";"";"36";"CONSOLIDADA";"";"Presencial";
"1225114";"02";"5756198";"";"";"52470";"GRADUAÇÃO";"Campus Santa Cruz";"Clínica Escola Facisa";"2014";"1";"2014-05-07";"2014-06-09";"24M123 (07/05/2014 - 09/06/2014)";"9";"12";"REGULAR";"f";"2014-06-13 08:58:32.387";"f";"";"30";"CONSOLIDADA";"";"Presencial";
"1225115";"03";"5756198";"";"";"52470";"GRADUAÇÃO";"Campus Santa Cruz";"Clínica Escola Facisa";"2014";"1";"2014-02-17";"2014-03-26";"24M123 (17/02/2014 - 26/03/2014)";"10";"12";"REGULAR";"f";"2014-06-13 09:09:00.32";"f";"";"30";"CONSOLIDADA";"";"Presencial";
"1225116";"02";"5754083";"";"";"2021200";"GRADUAÇÃO";"Campus Central";"Sala 15";"2014";"1";"2014-01-27";"2014-06-14";"3M12";"1";"2";"REGULAR";"f";"2014-06-11 14:24:00.551";"f";"";"34";"CONSOLIDADA";"";"Presencial";
"1225117";"03";"5755993";"";"";"2021200";"GRADUAÇÃO";"Campus Central";"Sala 06";"2014";"1";"2014-01-27";"2014-06-14";"6M12";"";"2";"REGULAR";"f";"";"f";"";"";"EXCLUÍDA";"";"Presencial";
"1225118";"01";"5755993";"";"";"2021202";"GRADUAÇÃO";"Campus Central";"Sala 06";"2014";"1";"2014-01-27";"2014-06-14";"3M34";"2";"2";"REGULAR";"f";"2014-06-12 21:16:50.758";"f";"";"36";"CONSOLIDADA";"";"Presencial";
"1225119";"02";"5755993";"";"";"2021202";"GRADUAÇÃO";"Campus Central";"Sala 06";"2014";"1";"2014-01-27";"2014-06-14";"6M34";"";"2";"REGULAR";"f";"";"f";"";"";"EXCLUÍDA";"";"Presencial";
"1225120";"01";"5755993";"";"";"2021403";"GRADUAÇÃO";"Campus Central";"Sala 06";"2014";"1";"2014-01-27";"2014-06-14";"2M34";"";"8";"REGULAR";"f";"";"f";"";"";"EXCLUÍDA";"";"Presencial";
"1225121";"02";"5755993";"";"";"2021405";"GRADUAÇÃO";"Campus Central";"Sala 06";"2014";"1";"2014-01-27";"2014-06-14";"2M56";"3";"8";"REGULAR";"f";"2014-06-09 21:32:53.299";"f";"";"36";"CONSOLIDADA";"";"Presencial";
"1225122";"01";"23477";"";"";"2021153";"GRADUAÇÃO";"Campus Central";"Sala 05";"2014";"1";"2014-01-27";"2014-06-14";"3M34";"2";"2";"REGULAR";"f";"2014-06-21 09:01:50.64";"f";"";"36";"CONSOLIDADA";"";"Presencial";
"1225123";"02";"23477";"";"";"2021401";"GRADUAÇÃO";"Campus Central";"Sala 05";"2014";"1";"2014-01-27";"2014-06-14";"3M12";"";"2";"REGULAR";"f";"";"f";"";"";"EXCLUÍDA";"";"Presencial";
"1225124";"02";"5756356";"";"";"2021153";"GRADUAÇÃO";"Campus Central";"Sala 04";"2014";"1";"2014-01-27";"2014-06-14";"3M12";"1";"2";"REGULAR";"f";"";"f";"";"";"EXCLUÍDA";"";"Presencial";
"1225125";"04";"19101";"";"";"2021200";"GRADUAÇÃO";"Campus Central";"Sala S";"2014";"1";"2014-01-27";"2014-06-14";"6M34";"2";"2";"REGULAR";"f";"2014-06-18 12:30:28.88";"f";"";"36";"CONSOLIDADA";"";"Presencial";
"1225126";"02";"19101";"";"";"2021403";"GRADUAÇÃO";"Campus Central";"Sala S";"2014";"1";"2014-01-27";"2014-06-14";"6M12";"1";"8";"REGULAR";"f";"2014-06-18 13:04:54.639";"f";"";"36";"CONSOLIDADA";"";"Presencial";
"1225127";"02";"5756476";"";"";"2021350";"GRADUAÇÃO";"Campus Central";"Sala M";"2014";"1";"2014-01-27";"2014-06-14";"3M12";"";"8";"REGULAR";"f";"";"f";"";"";"EXCLUÍDA";"";"Presencial";
"1225128";"01";"22889";"";"";"2021152";"GRADUAÇÃO";"Campus Central";"Sala 08";"2014";"1";"2014-01-27";"2014-06-14";"6M56";"";"2";"REGULAR";"f";"";"f";"";"";"EXCLUÍDA";"";"Presencial";
"1225129";"05";"22889";"";"";"2021200";"GRADUAÇÃO";"Campus Central";"Sala 08";"2014";"1";"2014-01-27";"2014-06-14";"6M34";"";"2";"REGULAR";"f";"";"f";"";"";"EXCLUÍDA";"";"Presencial";
"1225130";"01";"22889";"";"";"2021201";"GRADUAÇÃO";"Campus Central";"Sala 08";"2014";"1";"2014-01-27";"2014-06-14";"2M34";"";"2";"REGULAR";"f";"";"f";"";"";"EXCLUÍDA";"";"Presencial";
"1225131";"03";"5755070";"";"";"2021202";"GRADUAÇÃO";"Campus Central";"Sala 20";"2014";"1";"2014-01-27";"2014-06-14";"2M56";"2";"2";"REGULAR";"f";"2014-06-13 22:49:21.616";"f";"";"36";"CONSOLIDADA";"";"Presencial";
"1225132";"03";"22889";"";"";"2021401";"GRADUAÇÃO";"Campus Central";"Salas 08 e 17";"2014";"1";"2014-01-27";"2014-06-14";"4M12";"5";"8";"REGULAR";"f";"2014-06-21 20:20:09.188";"f";"";"38";"CONSOLIDADA";"";"Presencial";
"1225132";"03";"23176";"";"";"2021401";"GRADUAÇÃO";"Campus Central";"Salas 08 e 17";"2014";"1";"2014-01-27";"2014-06-14";"4M12";"5";"8";"REGULAR";"f";"2014-06-21 20:20:09.188";"f";"";"38";"CONSOLIDADA";"";"Presencial";
"1225133";"01";"5752878";"";"";"2021406";"GRADUAÇÃO";"Campus Central";"Sala 08";"2014";"1";"2014-01-27";"2014-06-14";"2M12";"";"8";"REGULAR";"f";"";"f";"";"";"EXCLUÍDA";"";"Presencial";
"1225134";"01";"5752878";"";"";"2021151";"GRADUAÇÃO";"Campus Central";"Sala 08";"2014";"1";"2014-01-27";"2014-06-14";"3M12";"";"2";"REGULAR";"f";"";"f";"";"";"EXCLUÍDA";"";"Presencial";
"1225135";"06";"5752878";"";"";"2021200";"GRADUAÇÃO";"Campus Central";"Sala 08";"2014";"1";"2014-01-27";"2014-06-14";"5M12";"2";"2";"REGULAR";"f";"";"f";"";"";"EXCLUÍDA";"";"Presencial";
"1225136";"04";"5752878";"";"";"2021202";"GRADUAÇÃO";"Campus Central";"Sala 08";"2014";"1";"2014-01-27";"2014-06-14";"5M34";"";"2";"REGULAR";"f";"";"f";"";"";"EXCLUÍDA";"";"Presencial";
"1225137";"03";"5752878";"";"";"2021405";"GRADUAÇÃO";"Campus Central";"Sala 08";"2014";"1";"2014-01-27";"2014-06-14";"5M56";"";"8";"REGULAR";"f";"";"f";"";"";"EXCLUÍDA";"";"Presencial";
"1225138";"02";"24200";"";"";"2021152";"GRADUAÇÃO";"Campus Central";"Sala 26";"2014";"1";"2014-01-27";"2014-06-14";"6M56";"1";"2";"REGULAR";"f";"2014-06-20 14:23:47.613";"f";"";"36";"CONSOLIDADA";"";"Presencial";
"1225139";"07";"24200";"";"";"2021200";"GRADUAÇÃO";"Campus Central";"Sala 26";"2014";"1";"2014-01-27";"2014-06-14";"5M34";"";"2";"REGULAR";"f";"";"f";"";"";"EXCLUÍDA";"";"Presencial";
"1225141";"08";"24200";"";"";"2021200";"GRADUAÇÃO";"Campus Central";"Sala 26";"2014";"1";"2014-01-27";"2014-06-14";"6M34";"";"2";"REGULAR";"f";"";"f";"";"";"EXCLUÍDA";"";"Presencial";
"1225142";"01";"3031587";"";"";"2021300";"GRADUAÇÃO";"Campus Central";"Sala T";"2014";"1";"2014-01-27";"2014-06-14";"5M34";"1";"2";"REGULAR";"f";"";"f";"";"";"EXCLUÍDA";"";"Presencial";
"1225143";"09";"24200";"";"";"2021200";"GRADUAÇÃO";"Campus Central";"Sala 26";"2014";"1";"2014-01-27";"2014-06-14";"3M34";"";"2";"REGULAR";"f";"";"f";"";"";"EXCLUÍDA";"";"Presencial";
"1225144";"10";"24200";"";"";"2021200";"GRADUAÇÃO";"Campus Central";"Sala 26";"2014";"1";"2014-01-27";"2014-06-14";"5M12";"0";"2";"REGULAR";"f";"";"f";"";"";"EXCLUÍDA";"";"Presencial";
"1225145";"11";"24200";"";"";"2021200";"GRADUAÇÃO";"Campus Central";"Sala 26";"2014";"1";"2014-01-27";"2014-06-14";"5M56";"4";"4";"REGULAR";"f";"2014-06-20 14:28:23.781";"f";"";"36";"CONSOLIDADA";"";"Presencial";
"1225146";"04";"24200";"";"";"2021401";"GRADUAÇÃO";"Campus Central";"Sala 26";"2014";"1";"2014-01-27";"2014-06-14";"3M12";"5";"8";"REGULAR";"f";"2014-06-20 14:33:29.544";"f";"";"38";"CONSOLIDADA";"";"Presencial";
"1225147";"05";"24200";"";"";"2021401";"GRADUAÇÃO";"Campus Central";"Sala 26";"2014";"1";"2014-01-27";"2014-06-14";"6M12";"";"8";"REGULAR";"f";"";"f";"";"";"EXCLUÍDA";"";"Presencial";
"1225148";"19";"22876";"";"";"2021150";"GRADUAÇÃO";"Campus Central";"Sala T";"2014";"1";"2014-01-27";"2014-06-14";"3M34";"2";"2";"REGULAR";"f";"2014-06-05 07:47:54.104";"f";"";"36";"CONSOLIDADA";"";"Presencial";
"1225148";"19";"3031587";"";"";"2021150";"GRADUAÇÃO";"Campus Central";"Sala T";"2014";"1";"2014-01-27";"2014-06-14";"3M34";"2";"2";"REGULAR";"f";"2014-06-05 07:47:54.104";"f";"";"36";"CONSOLIDADA";"";"Presencial";
"1225149";"03";"3031587";"";"";"2021152";"GRADUAÇÃO";"Campus Central";"Sala T";"2014";"1";"2014-01-27";"2014-06-14";"6M12";"1";"2";"REGULAR";"f";"2014-06-11 14:53:18.815";"f";"";"36";"CONSOLIDADA";"";"Presencial";
"1225150";"04";"3031587";"";"";"2021152";"GRADUAÇÃO";"Campus Central";"Sala T";"2014";"1";"2014-01-27";"2014-06-14";"6M56";"2";"2";"REGULAR";"f";"2014-06-11 15:10:57.002";"f";"";"36";"CONSOLIDADA";"";"Presencial";
"1225151";"12";"3031587";"";"";"2021200";"GRADUAÇÃO";"Campus Central";"Sala T";"2014";"1";"2014-01-27";"2014-06-14";"6M34";"";"2";"REGULAR";"f";"";"f";"";"";"EXCLUÍDA";"";"Presencial";
"1225152";"13";"3031587";"";"";"2021200";"GRADUAÇÃO";"Campus Central";"Sala T";"2014";"1";"2014-01-27";"2014-06-14";"5M12";"1";"2";"REGULAR";"f";"2014-06-11 15:31:32.012";"f";"";"34";"CONSOLIDADA";"";"Presencial";
"1225153";"06";"3031587";"";"";"2021401";"GRADUAÇÃO";"Campus Central";"Sala T";"2014";"1";"2014-01-27";"2014-06-14";"3M12";"";"8";"REGULAR";"f";"";"f";"";"";"EXCLUÍDA";"";"Presencial";
"1225154";"07";"3031587";"";"";"2021401";"GRADUAÇÃO";"Campus Central";"Sala T";"2014";"1";"2014-01-27";"2014-06-14";"4M12";"9";"9";"REGULAR";"f";"2014-06-11 15:50:27.643";"f";"";"36";"CONSOLIDADA";"";"Presencial";
"1225154";"07";"24200";"";"";"2021401";"GRADUAÇÃO";"Campus Central";"Sala T";"2014";"1";"2014-01-27";"2014-06-14";"4M12";"9";"9";"REGULAR";"f";"2014-06-11 15:50:27.643";"f";"";"36";"CONSOLIDADA";"";"Presencial";
"1225155";"02";"3031587";"";"";"2021402";"GRADUAÇÃO";"Campus Central";"Sala T";"2014";"1";"2014-01-27";"2014-06-14";"5M56";"";"8";"REGULAR";"f";"";"f";"";"";"EXCLUÍDA";"";"Presencial";
"1225156";"05";"5755552";"";"";"2021152";"GRADUAÇÃO";"Campus Central";"Sala 17";"2014";"1";"2014-01-27";"2014-06-14";"6M56";"2";"2";"REGULAR";"f";"2014-06-11 17:08:36.05";"f";"";"36";"CONSOLIDADA";"";"Presencial";
"1225157";"14";"23176";"";"";"2021200";"GRADUAÇÃO";"Campus Central";"Sala 17";"2014";"1";"2014-01-27";"2014-06-14";"6M34";"1";"2";"REGULAR";"f";"2014-06-12 00:21:43.609";"f";"";"36";"CONSOLIDADA";"";"Presencial";
"1225158";"15";"23176";"";"";"2021200";"GRADUAÇÃO";"Campus Central";"Sala 17";"2014";"1";"2014-01-27";"2014-06-14";"3M34";"";"2";"REGULAR";"f";"";"f";"";"";"EXCLUÍDA";"";"Presencial";
"1225159";"06";"5751559";"";"";"2021152";"GRADUAÇÃO";"Campus Central";"Sala 15";"2014";"1";"2014-01-27";"2014-06-14";"6M56";"1";"2";"REGULAR";"f";"2014-06-12 00:51:57.149";"f";"";"36";"CONSOLIDADA";"";"Presencial";
"1225160";"03";"5754083";"";"";"2021153";"GRADUAÇÃO";"Campus Central";"Sala 15";"2014";"1";"2014-01-27";"2014-06-14";"6M34";"1";"2";"REGULAR";"f";"2014-06-11 14:21:30.784";"f";"";"36";"CONSOLIDADA";"";"Presencial";
"1225161";"05";"5754083";"";"";"2021202";"GRADUAÇÃO";"Campus Central";"Sala 15";"2014";"1";"2014-01-27";"2014-06-14";"5M56";"1";"2";"REGULAR";"f";"2014-06-11 14:26:20.718";"f";"";"34";"CONSOLIDADA";"";"Presencial";
"1225162";"06";"5754083";"";"";"2021202";"GRADUAÇÃO";"Campus Central";"Sala 15";"2014";"1";"2014-01-27";"2014-06-14";"5M34";"1";"2";"REGULAR";"f";"2014-06-11 14:27:46.015";"f";"";"34";"CONSOLIDADA";"";"Presencial";
"1225163";"03";"5754083";"";"";"2021403";"GRADUAÇÃO";"Campus Central";"Sala 15";"2014";"1";"2014-01-27";"2014-06-14";"5M12";"1";"8";"REGULAR";"f";"2014-06-11 14:29:26.544";"f";"";"34";"CONSOLIDADA";"";"Presencial";
"1225164";"07";"5751546";"";"";"2021152";"GRADUAÇÃO";"Campus Central";"Sala 14";"2014";"1";"2014-01-27";"2014-06-14";"3M12";"1";"2";"REGULAR";"f";"2014-06-16 00:34:16.494";"f";"";"38";"CONSOLIDADA";"";"Presencial";
"1225165";"16";"5751546";"";"";"2021200";"GRADUAÇÃO";"Campus Central";"Sala 14";"2014";"1";"2014-01-27";"2014-06-14";"2M12";"";"2";"REGULAR";"f";"";"f";"";"";"EXCLUÍDA";"";"Presencial";
"1225166";"17";"5751546";"";"";"2021200";"GRADUAÇÃO";"Campus Central";"Sala 14";"2014";"1";"2014-01-27";"2014-06-14";"2M34";"2";"2";"REGULAR";"f";"2014-06-16 00:35:54.841";"f";"";"36";"CONSOLIDADA";"";"Presencial";
"1225167";"02";"5752855";"";"";"2021151";"GRADUAÇÃO";"Campus Central";"Sala L";"2014";"1";"2014-01-27";"2014-06-14";"3M12";"1";"2";"REGULAR";"f";"2014-06-10 14:56:12.354";"f";"";"38";"CONSOLIDADA";"";"Presencial";
"1225168";"18";"23176";"";"";"2021200";"GRADUAÇÃO";"Campus Central";"Sala 17";"2014";"1";"2014-01-27";"2014-06-14";"5M12";"2";"3";"REGULAR";"f";"2014-06-11 17:19:36.912";"f";"";"34";"CONSOLIDADA";"";"Presencial";
"1225168";"18";"5755552";"";"";"2021200";"GRADUAÇÃO";"Campus Central";"Sala 17";"2014";"1";"2014-01-27";"2014-06-14";"5M12";"2";"3";"REGULAR";"f";"2014-06-11 17:19:36.912";"f";"";"34";"CONSOLIDADA";"";"Presencial";
"1225169";"19";"5755552";"";"";"2021200";"GRADUAÇÃO";"Campus Central";"Sala 17";"2014";"1";"2014-01-27";"2014-06-14";"5M56";"2";"2";"REGULAR";"f";"2014-06-11 17:25:13.968";"f";"";"34";"CONSOLIDADA";"";"Presencial";
"1225169";"19";"23176";"";"";"2021200";"GRADUAÇÃO";"Campus Central";"Sala 17";"2014";"1";"2014-01-27";"2014-06-14";"5M56";"2";"2";"REGULAR";"f";"2014-06-11 17:25:13.968";"f";"";"34";"CONSOLIDADA";"";"Presencial";
"1225170";"03";"5753085";"";"";"2021151";"GRADUAÇÃO";"Campus Central";"Sala 12";"2014";"1";"2014-01-27";"2014-06-14";"3M34";"1";"2";"REGULAR";"f";"2014-06-13 18:23:08.019";"f";"";"38";"CONSOLIDADA";"";"Presencial";
"1225171";"08";"5753085";"";"";"2021152";"GRADUAÇÃO";"Campus Central";"Sala U";"2014";"1";"2014-01-27";"2014-06-14";"3M56";"";"2";"REGULAR";"f";"";"f";"";"";"EXCLUÍDA";"";"Presencial";
"1225172";"09";"5753085";"";"";"2021152";"GRADUAÇÃO";"Campus Central";"Sala 12";"2014";"1";"2014-01-27";"2014-06-14";"6M12";"2";"2";"REGULAR";"f";"2014-06-06 15:58:03.323";"f";"";"36";"CONSOLIDADA";"";"Presencial";
"1225173";"04";"5754083";"";"";"2021405";"GRADUAÇÃO";"Campus Central";"Sala 15";"2014";"1";"2014-01-27";"2014-06-14";"6M12";"1";"2";"REGULAR";"f";"2014-06-11 14:46:12.821";"f";"";"36";"CONSOLIDADA";"";"Presencial";
"1225174";"08";"26062";"";"";"2021401";"GRADUAÇÃO";"Campus Central";"Sala 17";"2014";"1";"2014-01-27";"2014-06-14";"3M12";"7";"8";"REGULAR";"f";"2014-06-12 00:47:56.344";"f";"";"34";"CONSOLIDADA";"";"Presencial";
"1225174";"08";"23176";"";"";"2021401";"GRADUAÇÃO";"Campus Central";"Sala 17";"2014";"1";"2014-01-27";"2014-06-14";"3M12";"7";"8";"REGULAR";"f";"2014-06-12 00:47:56.344";"f";"";"34";"CONSOLIDADA";"";"Presencial";
"1225175";"07";"5751546";"";"";"2021202";"GRADUAÇÃO";"Campus Central";"Sala 14";"2014";"1";"2014-01-27";"2014-06-14";"2M56";"1";"2";"REGULAR";"f";"2014-06-16 00:37:24.218";"f";"";"36";"CONSOLIDADA";"";"Presencial";
"1225176";"03";"5751546";"";"";"2021402";"GRADUAÇÃO";"Campus Central";"Sala 14";"2014";"1";"2014-01-27";"2014-06-14";"4M12";"7";"8";"REGULAR";"f";"2014-06-16 00:39:30.668";"f";"";"38";"CONSOLIDADA";"";"Presencial";
"1225177";"04";"5752855";"";"";"2021151";"GRADUAÇÃO";"Campus Central";"Sala L";"2014";"1";"2014-01-27";"2014-06-14";"5M34";"";"2";"REGULAR";"f";"";"f";"";"";"EXCLUÍDA";"";"Presencial";
"1225178";"08";"5752855";"";"";"2021202";"GRADUAÇÃO";"Campus Central";"Sala L";"2014";"1";"2014-01-27";"2014-06-14";"5M12";"1";"2";"REGULAR";"f";"2014-06-10 14:55:13.673";"f";"";"34";"CONSOLIDADA";"";"Presencial";
"1225179";"09";"5752855";"";"";"2021202";"GRADUAÇÃO";"Campus Central";"Sala L";"2014";"1";"2014-01-27";"2014-06-14";"5M56";"";"2";"REGULAR";"f";"";"f";"";"";"EXCLUÍDA";"";"Presencial";
"1225180";"04";"20909";"";"";"2021153";"GRADUAÇÃO";"Campus Central";"Sala 20";"2014";"1";"2014-01-27";"2014-06-14";"3M56";"1";"2";"REGULAR";"f";"2014-06-17 08:54:32.839";"f";"";"38";"CONSOLIDADA";"";"Presencial";
"1225181";"02";"20909";"";"";"2021201";"GRADUAÇÃO";"Campus Central";"Sala 20";"2014";"1";"2014-01-27";"2014-06-14";"3M34";"1";"2";"REGULAR";"f";"2014-06-17 08:56:54.789";"f";"";"36";"CONSOLIDADA";"";"Presencial";
"1225182";"10";"20909";"";"";"2021202";"GRADUAÇÃO";"Campus Central";"Sala 20";"2014";"1";"2014-01-27";"2014-06-14";"5M56";"";"2";"REGULAR";"f";"";"f";"";"";"EXCLUÍDA";"";"Presencial";
"1225183";"01";"20909";"";"";"2021404";"GRADUAÇÃO";"Campus Central";"Sala 20";"2014";"1";"2014-01-27";"2014-06-14";"3M12";"1";"8";"REGULAR";"f";"2014-06-17 08:59:12.814";"f";"";"38";"CONSOLIDADA";"";"Presencial";
"1225184";"02";"20909";"";"";"2021406";"GRADUAÇÃO";"Campus Central";"Sala 20";"2014";"1";"2014-01-27";"2014-06-14";"5M12";"2";"8";"REGULAR";"f";"";"f";"";"";"EXCLUÍDA";"";"Presencial";
"1225185";"09";"23176";"";"";"2021401";"GRADUAÇÃO";"Campus Central";"Sala 17";"2014";"1";"2014-01-27";"2014-06-14";"6M12";"";"8";"REGULAR";"f";"";"f";"";"";"EXCLUÍDA";"";"Presencial";
"1225186";"11";"5753085";"";"";"2021202";"GRADUAÇÃO";"Campus Central";"Sala U";"2014";"1";"2014-01-27";"2014-06-14";"6M34";"";"2";"REGULAR";"f";"";"f";"";"";"EXCLUÍDA";"";"Presencial";
"1225187";"10";"22876";"";"";"2021152";"GRADUAÇÃO";"Campus Central";"Sala M";"2014";"1";"2014-01-27";"2014-06-14";"6M12";"1";"2";"REGULAR";"f";"2014-06-05 07:55:11.178";"f";"";"34";"CONSOLIDADA";"";"Presencial";
"1225188";"11";"23176";"";"";"2021152";"GRADUAÇÃO";"Campus Central";"Sala 17";"2014";"1";"2014-01-27";"2014-06-14";"6M56";"";"2";"REGULAR";"f";"";"f";"";"";"EXCLUÍDA";"";"Presencial";
"1225189";"20";"22876";"";"";"2021200";"GRADUAÇÃO";"Campus Central";"Sala M";"2014";"1";"2014-01-27";"2014-06-14";"5M12";"";"2";"REGULAR";"f";"";"f";"";"";"EXCLUÍDA";"";"Presencial";
"1225190";"21";"22876";"";"";"2021200";"GRADUAÇÃO";"Campus Central";"Sala M";"2014";"1";"2014-01-27";"2014-06-14";"5M56";"";"2";"REGULAR";"f";"";"f";"";"";"EXCLUÍDA";"";"Presencial";
"1225191";"10";"5751745";"";"";"2021401";"GRADUAÇÃO";"Campus Central";"Sala M";"2014";"1";"2014-01-27";"2014-06-14";"6M34";"2";"8";"REGULAR";"f";"2014-06-08 08:50:18.932";"f";"";"36";"CONSOLIDADA";"";"Presencial";
"1225191";"10";"22876";"";"";"2021401";"GRADUAÇÃO";"Campus Central";"Sala M";"2014";"1";"2014-01-27";"2014-06-14";"6M34";"2";"8";"REGULAR";"f";"2014-06-08 08:50:18.932";"f";"";"36";"CONSOLIDADA";"";"Presencial";
"1225192";"22";"5751559";"";"";"2021200";"GRADUAÇÃO";"Campus Central";"Sala 15";"2014";"1";"2014-01-27";"2014-06-14";"2M34";"3";"3";"REGULAR";"f";"2014-06-12 01:02:23.468";"f";"";"36";"CONSOLIDADA";"";"Presencial";
"1225193";"03";"5751559";"";"";"2021201";"GRADUAÇÃO";"Campus Central";"Sala 15";"2014";"1";"2014-01-27";"2014-06-14";"2M56";"";"2";"REGULAR";"f";"";"f";"";"";"EXCLUÍDA";"";"Presencial";
"1225194";"04";"5751559";"";"";"2021402";"GRADUAÇÃO";"Campus Central";"Sala 15";"2014";"1";"2014-01-27";"2014-06-14";"2M12";"1";"8";"REGULAR";"f";"2014-06-12 01:19:24.28";"f";"";"34";"CONSOLIDADA";"";"Presencial";
"1225195";"04";"5751559";"";"";"2021403";"GRADUAÇÃO";"Campus Central";"A definir";"2014";"1";"2014-01-27";"2014-06-14";"3M12";"3";"8";"REGULAR";"f";"2014-06-12 01:20:32.361";"f";"";"36";"CONSOLIDADA";"";"Presencial";
"1225196";"12";"5751745";"";"";"2021152";"GRADUAÇÃO";"Campus Central";"Sala R";"2014";"1";"2014-01-27";"2014-06-14";"6M12";"1";"2";"REGULAR";"f";"2014-06-08 08:43:55.357";"f";"";"36";"CONSOLIDADA";"";"Presencial";
"1225197";"13";"5751745";"";"";"2021152";"GRADUAÇÃO";"Campus Central";"Sala R";"2014";"1";"2014-01-27";"2014-06-14";"6M56";"";"2";"REGULAR";"f";"";"f";"";"";"EXCLUÍDA";"";"Presencial";
"1225198";"11";"5751745";"";"";"2021401";"GRADUAÇÃO";"Campus Central";"Sala R";"2014";"1";"2014-01-27";"2014-06-14";"3M12";"2";"8";"REGULAR";"f";"2014-06-08 08:52:12.581";"f";"";"36";"CONSOLIDADA";"";"Presencial";
"1225199";"05";"5753085";"";"";"2021403";"GRADUAÇÃO";"Campus Central";"Sala 12";"2014";"1";"2014-01-27";"2014-06-14";"3M12";"2";"8";"REGULAR";"f";"2014-06-06 16:07:18.316";"f";"";"36";"CONSOLIDADA";"";"Presencial";
"1225200";"05";"5753085";"";"";"2021405";"GRADUAÇÃO";"Campus Central";"Sala 12";"2014";"1";"2014-01-27";"2014-06-14";"5M12";"1";"8";"REGULAR";"f";"2014-06-06 16:04:44.511";"f";"";"34";"CONSOLIDADA";"";"Presencial";
"1225201";"12";"5752202";"";"";"2021202";"GRADUAÇÃO";"Campus Central";"Sala 04";"2014";"1";"2014-01-27";"2014-06-14";"2M12";"2";"2";"REGULAR";"f";"2014-06-12 14:09:01.482";"f";"";"36";"CONSOLIDADA";"";"Presencial";
"1225202";"14";"5753753";"";"";"2021152";"GRADUAÇÃO";"Campus Central";"Sala 04";"2014";"1";"2014-01-27";"2014-06-14";"6M56";"1";"2";"REGULAR";"f";"";"f";"";"";"EXCLUÍDA";"";"Presencial";
"1225203";"23";"5753753";"";"";"2021200";"GRADUAÇÃO";"Campus Central";"Sala 04";"2014";"1";"2014-01-27";"2014-06-14";"6M34";"";"2";"REGULAR";"f";"";"f";"";"";"EXCLUÍDA";"";"Presencial";
"1225204";"12";"5753753";"";"";"2021401";"GRADUAÇÃO";"Campus Central";"Sala 04";"2014";"1";"2014-01-27";"2014-06-14";"6M12";"";"8";"REGULAR";"f";"";"f";"";"";"EXCLUÍDA";"";"Presencial";
"1225205";"05";"23014";"";"";"2021153";"GRADUAÇÃO";"Campus Central";"Sala 04";"2014";"1";"2014-01-27";"2014-06-14";"5M56";"";"2";"REGULAR";"f";"";"f";"";"";"EXCLUÍDA";"";"Presencial";
"1225206";"13";"5756356";"";"";"2021401";"GRADUAÇÃO";"Campus Central";"Sala 04";"2014";"1";"2014-01-27";"2014-06-14";"5M12";"1";"8";"REGULAR";"f";"2014-06-17 23:16:10.889";"f";"";"34";"CONSOLIDADA";"";"Presencial";
"1225207";"02";"5751546";"";"";"2021404";"GRADUAÇÃO";"Campus Central";"Sala 14";"2014";"1";"2014-01-27";"2014-06-14";"4M34";"";"8";"REGULAR";"f";"";"f";"";"";"EXCLUÍDA";"";"Presencial";
"1225208";"14";"5751559";"";"";"2021401";"GRADUAÇÃO";"Campus Central";"Sala 20";"2014";"1";"2014-01-27";"2014-06-14";"4M12";"4";"8";"REGULAR";"f";"2014-06-10 14:52:54.872";"f";"";"36";"CONSOLIDADA";"";"Presencial";
"1225208";"14";"5752855";"";"";"2021401";"GRADUAÇÃO";"Campus Central";"Sala 20";"2014";"1";"2014-01-27";"2014-06-14";"4M12";"4";"8";"REGULAR";"f";"2014-06-10 14:52:54.872";"f";"";"36";"CONSOLIDADA";"";"Presencial";
"1225209";"03";"5753753";"";"";"2021350";"GRADUAÇÃO";"Campus Central";"Sala 04";"2014";"1";"2014-01-27";"2014-06-14";"4M12";"2";"8";"REGULAR";"f";"2014-06-10 12:16:40.458";"f";"";"36";"CONSOLIDADA";"";"Presencial";
"1225210";"06";"5752202";"";"";"2021403";"GRADUAÇÃO";"Campus Central";"Sala 04";"2014";"1";"2014-01-27";"2014-06-14";"2M34";"2";"8";"REGULAR";"f";"2014-06-12 14:08:19.116";"f";"";"36";"CONSOLIDADA";"";"Presencial";
"1225211";"03";"24233";"";"";"2021301";"GRADUAÇÃO";"Campus Central";"Sala 03";"2014";"1";"2014-01-27";"2014-06-14";"3M56";"";"2";"REGULAR";"f";"";"f";"";"";"EXCLUÍDA";"";"Presencial";
"1225212";"02";"21707";"";"";"24700";"GRADUAÇÃO";"Campus Central";"Sala 23";"2014";"1";"2014-01-27";"2014-06-14";"35N34";"5";"50";"REGULAR";"f";"2014-06-12 08:37:48.36";"f";"";"72";"CONSOLIDADA";"";"Presencial";
"1225213";"02";"5756365";"";"";"27988";"GRADUAÇÃO";"Campus Central";"Sala 21";"2014";"1";"2014-01-27";"2014-06-14";"3N12";"15";"15";"REGULAR";"f";"2014-06-12 00:02:29.203";"f";"";"34";"CONSOLIDADA";"";"Presencial";
"1225214";"03";"21706";"";"";"24704";"GRADUAÇÃO";"Campus Central";"Sala 19";"2014";"1";"2014-01-27";"2014-06-14";"5N12";"17";"7";"REGULAR";"f";"2014-06-13 13:31:49.501";"f";"";"34";"CONSOLIDADA";"";"Presencial";
"1225215";"02";"5755544";"";"";"2049000";"GRADUAÇÃO";"Campus Central";"Sala 23";"2014";"1";"2014-01-27";"2014-06-14";"6N12";"20";"54";"REGULAR";"f";"2014-06-09 23:52:34.581";"f";"";"34";"CONSOLIDADA";"";"Presencial";
"1225216";"02";"";"103161118";"";"46855";"GRADUAÇÃO";"Campus Central";"Sala 24";"2014";"1";"2014-01-27";"2014-06-14";"6N34 (27/01/2014 - 14/06/2014)";"41";"50";"REGULAR";"f";"2014-06-20 07:44:10.799";"f";"";"30";"CONSOLIDADA";"";"Presencial";
"1225217";"02";"5753751";"";"";"46856";"GRADUAÇÃO";"Campus Central";"Sala 24";"2014";"1";"2014-01-27";"2014-06-14";"2N12 (27/01/2014 - 14/06/2014)";"35";"50";"REGULAR";"f";"2014-06-21 21:53:56.838";"f";"";"32";"CONSOLIDADA";"";"Presencial";
"1225218";"02";"5752921";"";"";"23988";"GRADUAÇÃO";"Campus Central";"Sala 21";"2014";"1";"2014-01-27";"2014-06-14";"46N12";"12";"15";"REGULAR";"f";"2014-06-13 13:37:50.985";"f";"";"70";"CONSOLIDADA";"";"Presencial";
"1225219";"02";"5755544";"";"";"28000";"GRADUAÇÃO";"Campus Central";"Sala 23";"2014";"1";"2014-01-27";"2014-06-14";"6N34";"45";"50";"REGULAR";"f";"2014-06-10 00:10:10.573";"f";"";"34";"CONSOLIDADA";"";"Presencial";
"1225220";"02";"21707";"";"";"23979";"GRADUAÇÃO";"Campus Central";"Sala 23";"2014";"1";"2014-01-27";"2014-06-14";"35N12";"32";"50";"REGULAR";"f";"2014-06-17 19:46:03.166";"f";"";"70";"CONSOLIDADA";"";"Presencial";
"1225221";"03";"21706";"";"";"23973";"GRADUAÇÃO";"Campus Central";"Sala 19";"2014";"1";"2014-01-27";"2014-06-14";"3N34";"3";"7";"REGULAR";"f";"2014-06-13 12:36:31.942";"f";"";"34";"CONSOLIDADA";"";"Presencial";
"1225222";"02";"21705";"";"";"24694";"GRADUAÇÃO";"Campus Central";"Sala 21";"2014";"1";"2014-01-27";"2014-06-14";"5N34";"25";"15";"REGULAR";"f";"2014-06-20 17:51:08.358";"f";"";"34";"CONSOLIDADA";"";"Presencial";
"1225223";"02";"5752855";"";"";"23978";"GRADUAÇÃO";"Campus Central";"Sala 20";"2014";"1";"2014-01-27";"2014-06-14";"4T56";"3";"3";"REGULAR";"f";"2014-06-10 15:07:07.576";"f";"";"36";"CONSOLIDADA";"";"Presencial";
"1225224";"02";"26052";"";"";"22233";"GRADUAÇÃO";"Campus Central";"Sala 16";"2014";"1";"2014-01-27";"2014-06-14";"24N12";"42";"30";"REGULAR";"f";"2014-06-10 10:27:23.625";"f";"";"70";"CONSOLIDADA";"";"Presencial";
"1225225";"02";"21708";"";"";"24705";"GRADUAÇÃO";"Campus Central";"Sala 25";"2014";"1";"2014-01-27";"2014-06-14";"2N34";"50";"30";"REGULAR";"f";"2014-06-10 18:08:26.408";"f";"";"34";"CONSOLIDADA";"";"Presencial";
"1225226";"03";"21708";"";"";"24705";"GRADUAÇÃO";"Campus Central";"Sala 25";"2014";"1";"2014-01-27";"2014-06-14";"4N34";"23";"30";"REGULAR";"f";"2014-06-19 10:42:42.46";"f";"";"38";"CONSOLIDADA";"";"Presencial";
"1225227";"02";"5756365";"";"";"2050204";"GRADUAÇÃO";"Campus Central";"Sala 18";"2014";"1";"2014-01-27";"2014-06-14";"2N34 (27/01/2014 - 14/06/2014)";"25";"25";"REGULAR";"f";"2014-06-13 08:50:17.825";"f";"";"34";"CONSOLIDADA";"";"Presencial";
"1225228";"03";"5756365";"";"";"2050204";"GRADUAÇÃO";"Campus Central";"Sala 18";"2014";"1";"2014-01-27";"2014-06-14";"4N34 (27/01/2014 - 14/06/2014)";"29";"25";"REGULAR";"f";"2014-06-12 15:05:19.179";"f";"";"36";"CONSOLIDADA";"";"Presencial";
"1225229";"02";"24233";"";"";"28010";"GRADUAÇÃO";"Campus Central";"Sala 24";"2014";"1";"2014-01-27";"2014-06-14";"35N12";"53";"50";"REGULAR";"f";"2014-06-13 11:37:03.88";"f";"";"74";"CONSOLIDADA";"";"Presencial";
"1225230";"02";"5755544";"";"";"2049520";"GRADUAÇÃO";"Campus Central";"Sala 11";"2014";"1";"2014-01-27";"2014-06-14";"35N34";"49";"30";"REGULAR";"f";"2014-06-05 23:27:05.239";"f";"";"66";"CONSOLIDADA";"";"Presencial";
"1225232";"03";"5755070";"";"";"2049001";"GRADUAÇÃO";"Campus Central";"Sala 20";"2014";"1";"2014-01-27";"2014-06-14";"6N34";"1";"15";"REGULAR";"f";"2014-06-13 23:01:02.798";"f";"";"38";"CONSOLIDADA";"";"Presencial";
"1225233";"02";"5756365";"";"";"2050206";"GRADUAÇÃO";"Campus Central";"Sala 18";"2014";"1";"2014-01-27";"2014-06-14";"2N12 (27/01/2014 - 14/06/2014)";"27";"25";"REGULAR";"f";"2014-06-12 15:00:26.293";"f";"";"34";"CONSOLIDADA";"";"Presencial";
"1225234";"03";"5751926";"";"";"2050206";"GRADUAÇÃO";"Campus Central";"Sala 18";"2014";"1";"2014-01-27";"2014-06-14";"4N12 (27/01/2014 - 14/06/2014)";"12";"25";"REGULAR";"f";"2014-06-21 22:20:52.756";"f";"";"36";"CONSOLIDADA";"";"Presencial";
"1225235";"01";"22193";"";"";"2048183";"GRADUAÇÃO";"Campus Central";"Sala 25";"2014";"1";"2014-01-27";"2014-06-14";"35N12";"15";"30";"REGULAR";"f";"2014-06-18 23:14:11.273";"f";"";"72";"CONSOLIDADA";"";"Presencial";
"1225236";"02";"5755059";"";"";"28014";"GRADUAÇÃO";"Campus Central";"LAMUCO";"2014";"1";"2014-01-27";"2014-06-14";"35N34";"28";"17";"REGULAR";"f";"2014-06-19 12:04:08.333";"f";"";"68";"CONSOLIDADA";"";"Presencial";
"1225237";"03";"21706";"";"";"2049003";"GRADUAÇÃO";"Campus Central";"Sala 20 e Sala 19";"2014";"1";"2014-01-27";"2014-06-14";"6N12";"13";"15";"REGULAR";"f";"2014-06-13 13:48:26.019";"f";"";"36";"CONSOLIDADA";"";"Presencial";
"1225237";"03";"5755070";"";"";"2049003";"GRADUAÇÃO";"Campus Central";"Sala 20 e Sala 19";"2014";"1";"2014-01-27";"2014-06-14";"6N12";"13";"15";"REGULAR";"f";"2014-06-13 13:48:26.019";"f";"";"36";"CONSOLIDADA";"";"Presencial";
"1225238";"01";"26052";"";"";"54205";"GRADUAÇÃO";"Campus Central";"LAMUCO";"2014";"1";"2014-01-27";"2014-06-14";"35N12";"14";"30";"REGULAR";"f";"2014-06-10 23:26:40.216";"f";"";"70";"CONSOLIDADA";"";"Presencial";
"1225239";"01";"26052";"";"";"54206";"GRADUAÇÃO";"Campus Central";"Sala 16";"2014";"1";"2014-01-27";"2014-06-14";"35N34";"3";"30";"REGULAR";"f";"2014-06-10 10:18:18.502";"f";"";"70";"CONSOLIDADA";"";"Presencial";
"1225240";"01";"5751599";"";"";"18722";"TÉCNICO";"";"Sala 23";"2014";"1";"2014-01-27";"2014-06-14";"2T56";"3";"50";"REGULAR";"f";"2014-06-05 06:20:57.855";"f";"";"30";"CONSOLIDADA";"";"Presencial";
"1225241";"02";"5753751";"";"";"18722";"TÉCNICO";"";"Sala 23";"2014";"1";"2014-01-27";"2014-06-14";"4T56";"2";"50";"REGULAR";"f";"2014-06-20 13:41:18.367";"f";"";"34";"CONSOLIDADA";"";"Presencial";
"1225242";"01";"22880";"";"";"18820";"TÉCNICO";"";"ESTUDIO";"2014";"1";"2014-01-27";"2014-06-14";"3T23456";"";"6";"REGULAR";"f";"2014-06-06 11:28:52.692";"f";"";"75";"CONSOLIDADA";"";"Presencial";
"1225243";"01";"22880";"";"";"2055503";"TÉCNICO";"";"ESTUDIO";"2014";"1";"2014-01-27";"2014-06-14";"6T1234";"";"6";"REGULAR";"f";"2014-06-03 15:15:46.098";"f";"";"60";"CONSOLIDADA";"";"Presencial";
"1225244";"01";"22880";"";"";"43327";"TÉCNICO";"";"ESTUDIO";"2014";"1";"2014-01-27";"2014-06-14";"6T56";"";"6";"REGULAR";"f";"2014-06-03 15:19:42.559";"f";"";"32";"CONSOLIDADA";"";"Presencial";
"1225245";"01";"5752922";"";"";"18710";"TÉCNICO";"";"Sala 24";"2014";"1";"2014-01-27";"2014-06-14";"4T123";"";"8";"REGULAR";"f";"2014-06-14 11:44:51.374";"f";"";"51";"CONSOLIDADA";"";"Presencial";
"1225246";"02";"15520";"";"";"18710";"TÉCNICO";"";"Sala 24";"2014";"1";"2014-01-27";"2014-06-14";"4T456";"";"8";"REGULAR";"f";"2014-06-14 10:44:03.895";"f";"";"51";"CONSOLIDADA";"";"Presencial";
"1225247";"01";"5756356";"";"";"18825";"TÉCNICO";"";"Sala 19";"2014";"1";"2014-01-27";"2014-06-14";"5T34";"";"8";"REGULAR";"f";"2014-06-17 23:21:20.61";"f";"";"28";"CONSOLIDADA";"";"Presencial";
"1225248";"02";"5756356";"";"";"18825";"TÉCNICO";"";"Sala 19";"2014";"1";"2014-01-27";"2014-06-14";"5T56";"";"8";"REGULAR";"f";"2014-06-20 21:21:54.32";"f";"";"30";"CONSOLIDADA";"";"Presencial";
"1225249";"01";"26062";"";"";"18651";"TÉCNICO";"";"Sala 03";"2014";"1";"2014-01-27";"2014-06-14";"5T123";"";"3";"REGULAR";"f";"2014-06-05 12:10:56.384";"f";"";"45";"CONSOLIDADA";"";"Presencial";
"1225250";"01";"5752179";"";"";"18760";"TÉCNICO";"";"Sala 24";"2014";"1";"2014-01-27";"2014-06-14";"2T12";"22";"50";"REGULAR";"f";"2014-06-09 15:23:50.261";"f";"";"30";"CONSOLIDADA";"";"Presencial";
"1225251";"02";"5752179";"";"";"18760";"TÉCNICO";"";"Sala 24";"2014";"1";"2014-01-27";"2014-06-14";"2T34";"10";"50";"REGULAR";"f";"2014-06-09 15:25:31.181";"f";"";"30";"CONSOLIDADA";"";"Presencial";
"1225252";"01";"22886";"";"";"18724";"TÉCNICO";"";"Sala 24";"2014";"1";"2014-01-27";"2014-06-14";"2T56";"22";"30";"REGULAR";"f";"2014-06-14 13:18:29.078";"f";"";"36";"CONSOLIDADA";"";"Presencial";
"1225253";"01";"21705";"";"";"18720";"TÉCNICO";"";"Sala 25";"2014";"1";"2014-01-27";"2014-06-14";"4T12";"19";"50";"REGULAR";"f";"2014-06-20 13:41:53.769";"f";"";"32";"CONSOLIDADA";"";"Presencial";
"1225255";"01";"22880";"";"";"18818";"TÉCNICO";"";"ESTUDIO";"2014";"1";"2014-01-27";"2014-06-14";"25T56";"3";"6";"REGULAR";"f";"2014-06-03 15:26:12.047";"f";"";"32";"CONSOLIDADA";"";"Presencial";
"1225256";"01";"5751599";"";"";"2055643";"TÉCNICO";"";"ESTUDIO";"2014";"1";"2014-01-27";"2014-06-14";"4T23456";"5";"6";"REGULAR";"f";"2014-06-04 13:38:29.405";"f";"";"85";"CONSOLIDADA";"";"Presencial";
"1225257";"01";"22880";"";"";"18822";"TÉCNICO";"";"ESTUDIO";"2014";"1";"2014-01-27";"2014-06-14";"5T1234";"2";"8";"REGULAR";"f";"2014-06-03 15:51:57.389";"f";"";"60";"CONSOLIDADA";"";"Presencial";
"1225258";"01";"5752922";"";"";"18712";"TÉCNICO";"";"Sala 18";"2014";"1";"2014-01-27";"2014-06-14";"5T456";"5";"10";"REGULAR";"f";"2014-06-14 11:46:34.582";"f";"";"33";"CONSOLIDADA";"";"Presencial";
"1225259";"01";"24233";"";"";"18653";"TÉCNICO";"";"Sala 03";"2014";"1";"2014-01-27";"2014-06-14";"3T456";"5";"3";"REGULAR";"f";"2014-06-13 10:04:14.786";"f";"";"57";"CONSOLIDADA";"";"Presencial";
"1225260";"02";"24233";"";"";"18653";"TÉCNICO";"";"Sala 03";"2014";"1";"2014-01-27";"2014-06-14";"3T123";"2";"3";"REGULAR";"f";"2014-06-13 09:33:36.206";"f";"";"57";"CONSOLIDADA";"";"Presencial";
"1225261";"01";"63717";"";"";"18832";"TÉCNICO";"";"ESTUDIO";"2014";"1";"2014-01-27";"2014-06-14";"5T456";"10";"10";"REGULAR";"f";"2014-06-20 11:20:09.749";"f";"";"51";"CONSOLIDADA";"";"Presencial";
"1225262";"02";"15520";"";"";"18832";"TÉCNICO";"";"AUDITORIO";"2014";"1";"2014-01-27";"2014-06-14";"5T234";"2";"40";"REGULAR";"f";"2014-10-22 11:00:58.883";"f";"";"39";"CONSOLIDADA";"";"Presencial";
"1225262";"02";"18913";"";"";"18832";"TÉCNICO";"";"AUDITORIO";"2014";"1";"2014-01-27";"2014-06-14";"5T234";"2";"40";"REGULAR";"f";"2014-10-22 11:00:58.883";"f";"";"39";"CONSOLIDADA";"";"Presencial";
"1225263";"03";"5752922";"";"";"18832";"TÉCNICO";"";"MINIAUDITORIO";"2014";"1";"2014-01-27";"2014-06-14";"6T123";"3";"20";"REGULAR";"f";"2014-06-14 11:42:29.335";"f";"";"54";"CONSOLIDADA";"";"Presencial";
"1225264";"04";"5751559";"";"";"18832";"TÉCNICO";"";"MINIAUDITORIO";"2014";"1";"2014-01-27";"2014-06-14";"5T456";"21";"26";"REGULAR";"f";"2014-10-22 10:59:13.12";"f";"";"48";"CONSOLIDADA";"";"Presencial";
"1225264";"04";"18913";"";"";"18832";"TÉCNICO";"";"MINIAUDITORIO";"2014";"1";"2014-01-27";"2014-06-14";"5T456";"21";"26";"REGULAR";"f";"2014-10-22 10:59:13.12";"f";"";"48";"CONSOLIDADA";"";"Presencial";
"1225265";"05";"23400";"";"";"18832";"TÉCNICO";"";"Sala 25";"2014";"1";"2014-01-27";"2014-06-14";"5T123";"5";"15";"REGULAR";"f";"2014-07-03 12:32:19.285";"f";"";"51";"CONSOLIDADA";"";"Presencial";
"1225266";"06";"5752878";"";"";"18832";"TÉCNICO";"";"Sala 07";"2014";"1";"2014-01-27";"2014-06-14";"5T123";"2";"8";"REGULAR";"f";"2014-06-15 15:46:02.505";"f";"";"54";"CONSOLIDADA";"";"Presencial";
"1225267";"07";"18913";"";"";"18832";"TÉCNICO";"";"Sala 26";"2014";"1";"2014-01-27";"2014-06-14";"5T123";"8";"10";"REGULAR";"f";"2014-10-22 10:56:41.784";"f";"";"51";"CONSOLIDADA";"";"Presencial";
"1225267";"07";"24200";"";"";"18832";"TÉCNICO";"";"Sala 26";"2014";"1";"2014-01-27";"2014-06-14";"5T123";"8";"10";"REGULAR";"f";"2014-10-22 10:56:41.784";"f";"";"51";"CONSOLIDADA";"";"Presencial";
"1225268";"01";"21707";"";"";"18773";"TÉCNICO";"";"Sala 24";"2014";"1";"2014-01-27";"2014-06-14";"6T12";"26";"21";"REGULAR";"f";"2014-06-20 21:13:56.453";"f";"";"36";"CONSOLIDADA";"";"Presencial";
"1225269";"01";"21707";"";"";"18721";"TÉCNICO";"";"LAMUCO";"2014";"1";"2014-01-27";"2014-06-14";"6T34";"34";"18";"REGULAR";"f";"2014-06-20 21:18:43.824";"f";"";"36";"CONSOLIDADA";"";"Presencial";
"1225270";"01";"24233";"";"";"18729";"TÉCNICO";"";"Sala 23";"2014";"1";"2014-01-27";"2014-06-14";"6T34";"8";"50";"REGULAR";"f";"2014-06-13 10:10:01.973";"f";"";"38";"CONSOLIDADA";"";"Presencial";
"1225271";"01";"5756354";"";"";"18809";"TÉCNICO";"";"Sala 23";"2014";"1";"2014-01-27";"2014-06-14";"6T56";"13";"50";"REGULAR";"f";"2014-06-19 12:37:53.77";"f";"";"38";"CONSOLIDADA";"";"Presencial";
"1225272";"01";"5752917";"";"";"932150";"TÉCNICO";"";"LAMUCO";"2014";"1";"2014-01-27";"2014-06-14";"5T34";"5";"16";"REGULAR";"f";"2014-06-10 16:10:20.642";"f";"";"32";"CONSOLIDADA";"";"Presencial";
"1225273";"01";"5752922";"";"";"18766";"TÉCNICO";"";"Sala 18";"2014";"1";"2014-01-27";"2014-06-14";"5T123";"5";"10";"REGULAR";"f";"2014-06-14 11:52:07.905";"f";"";"48";"CONSOLIDADA";"";"Presencial";
"1225274";"01";"26062";"";"";"18732";"TÉCNICO";"";"Sala 03";"2014";"1";"2014-01-27";"2014-06-14";"4T123";"2";"3";"REGULAR";"f";"2014-06-05 12:13:12.657";"f";"";"51";"CONSOLIDADA";"";"Presencial";
"1225275";"02";"26062";"";"";"18732";"TÉCNICO";"";"Sala 03";"2014";"1";"2014-01-27";"2014-06-14";"5T456";"";"3";"REGULAR";"f";"";"f";"";"";"EXCLUÍDA";"";"Presencial";
"1225276";"01";"20909";"";"";"18715";"TÉCNICO";"";"Sala 20";"2014";"1";"2014-01-27";"2014-06-14";"3T456";"";"3";"REGULAR";"f";"2014-06-15 08:58:13.007";"f";"";"57";"CONSOLIDADA";"";"Presencial";
"1225277";"02";"5755070";"";"";"18715";"TÉCNICO";"";"Sala 20";"2014";"1";"2014-01-27";"2014-06-14";"3T123";"";"3";"REGULAR";"f";"2014-06-13 23:03:50.125";"f";"";"54";"CONSOLIDADA";"";"Presencial";
"1225278";"03";"21705";"";"";"18715";"TÉCNICO";"";"Sala 20";"2014";"1";"2014-01-27";"2014-06-14";"3T234";"";"3";"REGULAR";"f";"2014-06-20 13:30:56.43";"f";"";"54";"CONSOLIDADA";"";"Presencial";
"1225279";"04";"22889";"";"";"18715";"TÉCNICO";"";"Sala 08";"2014";"1";"2014-01-27";"2014-06-14";"3T456";"";"3";"REGULAR";"f";"2014-06-21 20:23:41.04";"f";"";"57";"CONSOLIDADA";"";"Presencial";
"1225280";"05";"22889";"";"";"18715";"TÉCNICO";"";"Sala 08";"2014";"1";"2014-01-27";"2014-06-14";"3T123";"";"3";"REGULAR";"f";"2014-06-21 20:25:32.601";"f";"";"57";"CONSOLIDADA";"";"Presencial";
"1225281";"06";"5752878";"";"";"18715";"TÉCNICO";"";"Sala 07";"2014";"1";"2014-01-27";"2014-06-14";"3T123";"";"3";"REGULAR";"f";"2014-06-15 15:40:52.888";"f";"";"57";"CONSOLIDADA";"";"Presencial";
"1225282";"07";"5755213";"";"";"18715";"TÉCNICO";"";"Sala S";"2014";"1";"2014-01-27";"2014-06-14";"3T123";"";"3";"REGULAR";"f";"2014-06-05 10:43:18.553";"f";"";"54";"CONSOLIDADA";"";"Presencial";
"1225283";"08";"5755213";"";"";"18715";"TÉCNICO";"";"Sala S";"2014";"1";"2014-01-27";"2014-06-14";"3T456";"";"3";"REGULAR";"f";"2014-06-05 10:28:32.779";"f";"";"48";"CONSOLIDADA";"";"Presencial";
"1225284";"09";"5754083";"";"";"18715";"TÉCNICO";"";"Sala 15";"2014";"1";"2014-01-27";"2014-06-14";"3T456";"";"3";"REGULAR";"f";"2014-06-11 14:35:30.725";"f";"";"57";"CONSOLIDADA";"";"Presencial";
"1225285";"10";"5754083";"";"";"18715";"TÉCNICO";"";"Sala 15";"2014";"1";"2014-01-27";"2014-06-14";"3T123";"";"3";"REGULAR";"f";"2014-06-11 14:36:58.017";"f";"";"51";"CONSOLIDADA";"";"Presencial";
"1225286";"11";"5751559";"";"";"18715";"TÉCNICO";"";"Sala 15";"2014";"1";"2014-01-27";"2014-06-14";"6T456";"";"3";"REGULAR";"f";"2014-06-12 01:23:38.532";"f";"";"54";"CONSOLIDADA";"";"Presencial";
"1225287";"12";"5751745";"";"";"18715";"TÉCNICO";"";"Sala R";"2014";"1";"2014-01-27";"2014-06-14";"3T456";"";"3";"REGULAR";"f";"2014-06-08 08:54:14.923";"f";"";"54";"CONSOLIDADA";"";"Presencial";
"1225288";"13";"5751745";"";"";"18715";"TÉCNICO";"";"Sala R";"2014";"1";"2014-01-27";"2014-06-14";"3T123";"";"3";"REGULAR";"f";"2014-06-08 08:56:40.26";"f";"";"54";"CONSOLIDADA";"";"Presencial";
"1225289";"14";"23176";"";"";"18715";"TÉCNICO";"";"Sala 17";"2014";"1";"2014-01-27";"2014-06-14";"3T456";"";"3";"REGULAR";"f";"2014-06-12 07:58:08.559";"f";"";"57";"CONSOLIDADA";"";"Presencial";
"1225290";"15";"17295";"";"";"18715";"TÉCNICO";"";"Sala 06";"2014";"1";"2014-01-27";"2014-06-14";"3T456";"";"3";"REGULAR";"f";"2014-06-11 15:10:31.418";"f";"";"0";"CONSOLIDADA";"";"Presencial";
"1225291";"16";"17295";"";"";"18715";"TÉCNICO";"";"Sala 06";"2014";"1";"2014-01-27";"2014-06-14";"3T123";"";"3";"REGULAR";"f";"2014-06-11 14:33:17.89";"f";"";"0";"CONSOLIDADA";"";"Presencial";
"1225292";"17";"5755993";"";"";"18715";"TÉCNICO";"";"Sala 06";"2014";"1";"2014-01-27";"2014-06-14";"6T456";"";"3";"REGULAR";"f";"2014-06-12 21:20:17.368";"f";"";"0";"CONSOLIDADA";"";"Presencial";
"1225293";"18";"21708";"";"";"18715";"TÉCNICO";"";"Sala S";"2014";"1";"2014-01-27";"2014-06-14";"6T123";"";"3";"REGULAR";"f";"2014-06-16 21:46:14.392";"f";"";"57";"CONSOLIDADA";"";"Presencial";
"1225294";"19";"21708";"";"";"18715";"TÉCNICO";"";"Sala S";"2014";"1";"2014-01-27";"2014-06-14";"6T456";"";"3";"REGULAR";"f";"2014-06-17 08:30:57.472";"f";"";"57";"CONSOLIDADA";"";"Presencial";
"1225295";"20";"5751599";"";"";"18715";"TÉCNICO";"";"Sala P";"2014";"1";"2014-01-27";"2014-06-14";"6T456";"";"4";"REGULAR";"f";"2014-06-04 20:29:55.014";"f";"";"42";"CONSOLIDADA";"";"Presencial";
"1225296";"21";"23014";"";"";"18715";"TÉCNICO";"";"Sala D";"2014";"1";"2014-01-27";"2014-06-14";"3T123";"";"3";"REGULAR";"f";"2014-06-11 10:51:02.254";"f";"";"54";"CONSOLIDADA";"";"Presencial";
"1225297";"22";"23014";"";"";"18715";"TÉCNICO";"";"Sala D";"2014";"1";"2014-01-27";"2014-06-14";"3T456";"";"3";"REGULAR";"f";"2014-06-11 10:51:42.824";"f";"";"54";"CONSOLIDADA";"";"Presencial";
"1225298";"23";"5752202";"";"";"18715";"TÉCNICO";"";"Sala A";"2014";"1";"2014-01-27";"2014-06-14";"3T456";"";"3";"REGULAR";"f";"2014-06-11 14:25:00.889";"f";"";"57";"CONSOLIDADA";"";"Presencial";
"1225299";"24";"5752202";"";"";"18715";"TÉCNICO";"";"Sala A";"2014";"1";"2014-01-27";"2014-06-14";"3T123";"";"3";"REGULAR";"f";"";"f";"";"";"EXCLUÍDA";"";"Presencial";
"1225300";"25";"5752202";"";"";"18715";"TÉCNICO";"";"Sala A";"2014";"1";"2014-01-27";"2014-06-14";"4T456";"";"3";"REGULAR";"f";"";"f";"";"";"EXCLUÍDA";"";"Presencial";
"1225301";"26";"5752936";"";"";"18715";"TÉCNICO";"";"Sala E";"2014";"1";"2014-01-27";"2014-06-14";"3T456";"";"3";"REGULAR";"f";"2014-05-30 18:11:19.085";"f";"";"51";"CONSOLIDADA";"";"Presencial";
"1225302";"27";"5752936";"";"";"18715";"TÉCNICO";"";"Sala E";"2014";"1";"2014-01-27";"2014-06-14";"3T123";"";"3";"REGULAR";"f";"2014-05-30 10:27:46.644";"f";"";"48";"CONSOLIDADA";"";"Presencial";
"1225303";"28";"24200";"";"";"18715";"TÉCNICO";"";"Sala 26";"2014";"1";"2014-01-27";"2014-06-14";"3T456";"";"3";"REGULAR";"f";"2014-06-20 14:37:45.723";"f";"";"57";"CONSOLIDADA";"";"Presencial";
"1225304";"29";"24200";"";"";"18715";"TÉCNICO";"";"Sala 26";"2014";"1";"2014-01-27";"2014-06-14";"3T123";"";"3";"REGULAR";"f";"2014-06-20 14:40:15.776";"f";"";"57";"CONSOLIDADA";"";"Presencial";
"1225305";"30";"5752855";"";"";"18715";"TÉCNICO";"";"Sala L";"2014";"1";"2014-01-27";"2014-06-14";"3T456";"";"3";"REGULAR";"f";"2014-06-10 14:37:10.113";"f";"";"57";"CONSOLIDADA";"";"Presencial";
"1225306";"31";"63717";"";"";"18715";"TÉCNICO";"";"Sala Q";"2014";"1";"2014-01-27";"2014-06-14";"3T456";"";"2";"REGULAR";"f";"2014-06-05 14:42:27.921";"f";"";"54";"CONSOLIDADA";"";"Presencial";
"1225307";"32";"63717";"";"";"18715";"TÉCNICO";"";"Sala Q";"2014";"1";"2014-01-27";"2014-06-14";"3T123";"";"2";"REGULAR";"f";"2014-06-05 14:48:15.875";"f";"";"27";"CONSOLIDADA";"";"Presencial";
"1225308";"33";"5752878";"";"";"18715";"TÉCNICO";"";"Sala 07";"2014";"1";"2014-01-27";"2014-06-14";"3T456";"";"3";"REGULAR";"f";"2014-07-31 10:32:38.047";"f";"";"54";"CONSOLIDADA";"";"Presencial";
"1225309";"34";"5753085";"";"";"18715";"TÉCNICO";"";"Sala 12";"2014";"1";"2014-01-27";"2014-06-14";"4T456";"";"3";"REGULAR";"f";"2014-06-06 15:59:57.272";"f";"";"30";"CONSOLIDADA";"";"Presencial";
"1225310";"35";"23477";"";"";"18715";"TÉCNICO";"";"Sala 05";"2014";"1";"2014-01-27";"2014-06-14";"3T456";"";"3";"REGULAR";"f";"2014-06-21 09:55:43.371";"f";"";"51";"CONSOLIDADA";"";"Presencial";
"1225311";"36";"22876";"";"";"18715";"TÉCNICO";"";"Sala M";"2014";"1";"2014-01-27";"2014-06-14";"3T123";"";"3";"REGULAR";"f";"2014-06-03 11:58:45.179";"f";"";"54";"CONSOLIDADA";"";"Presencial";
"1225312";"37";"3031587";"";"";"18715";"TÉCNICO";"";"Sala T";"2014";"1";"2014-01-27";"2014-06-14";"3T456";"";"3";"REGULAR";"f";"2014-06-11 16:19:06.049";"f";"";"45";"CONSOLIDADA";"";"Presencial";
"1225313";"38";"";"104295606";"";"18715";"TÉCNICO";"";"Sala 14";"2014";"1";"2014-01-27";"2014-06-14";"2T123";"";"3";"REGULAR";"f";"2014-06-10 11:45:12.506";"f";"";"54";"CONSOLIDADA";"";"Presencial";
"1225314";"39";"5756476";"";"";"18715";"TÉCNICO";"";"Sala N";"2014";"1";"2014-01-27";"2014-06-14";"3T456";"";"3";"REGULAR";"f";"2014-06-17 12:09:54.782";"f";"";"57";"CONSOLIDADA";"";"Presencial";
"1225315";"01";"5755070";"";"";"18812";"TÉCNICO";"";"Sala 20";"2014";"1";"2014-01-27";"2014-06-14";"5T123";"2";"3";"REGULAR";"f";"2014-06-06 18:22:24.001";"f";"";"51";"CONSOLIDADA";"";"Presencial";
"1225316";"02";"5755070";"";"";"18812";"TÉCNICO";"";"Sala 20";"2014";"1";"2014-01-27";"2014-06-14";"5T456";"1";"3";"REGULAR";"f";"2014-06-13 23:05:06.982";"f";"";"51";"CONSOLIDADA";"";"Presencial";
"1225317";"03";"5752855";"";"";"18812";"TÉCNICO";"";"Sala L";"2014";"1";"2014-01-27";"2014-06-14";"5T123";"2";"3";"REGULAR";"f";"2014-06-10 14:41:00.578";"f";"";"51";"CONSOLIDADA";"";"Presencial";
"1225318";"04";"20909";"";"";"18812";"TÉCNICO";"";"Sala 20";"2014";"1";"2014-01-27";"2014-06-14";"6T123";"1";"3";"REGULAR";"f";"2014-06-15 10:44:56.741";"f";"";"57";"CONSOLIDADA";"";"Presencial";
"1225319";"05";"22889";"";"";"18812";"TÉCNICO";"";"Sala 08";"2014";"1";"2014-01-27";"2014-06-14";"4T456";"4";"3";"REGULAR";"f";"2014-06-21 20:27:37.985";"f";"";"57";"CONSOLIDADA";"";"Presencial";
"1225320";"06";"5752878";"";"";"18812";"TÉCNICO";"";"Sala 08";"2014";"1";"2014-01-27";"2014-06-14";"4T123";"";"3";"REGULAR";"f";"";"f";"";"";"EXCLUÍDA";"";"Presencial";
"1225321";"07";"5755213";"";"";"18812";"TÉCNICO";"";"Sala S";"2014";"1";"2014-01-27";"2014-06-14";"4T456";"2";"3";"REGULAR";"f";"2014-06-05 10:36:55.223";"f";"";"54";"CONSOLIDADA";"";"Presencial";
"1225322";"08";"5755213";"";"";"18812";"TÉCNICO";"";"Sala S";"2014";"1";"2014-01-27";"2014-06-14";"4T123";"3";"3";"REGULAR";"f";"2014-06-05 10:39:45.112";"f";"";"54";"CONSOLIDADA";"";"Presencial";
"1225323";"09";"5751745";"";"";"18812";"TÉCNICO";"";"Sala 18";"2014";"1";"2014-01-27";"2014-06-14";"2T456";"1";"3";"REGULAR";"f";"2014-06-08 08:59:45.269";"f";"";"51";"CONSOLIDADA";"";"Presencial";
"1225324";"10";"5751745";"";"";"18812";"TÉCNICO";"";"Sala 18";"2014";"1";"2014-01-27";"2014-06-14";"2T123";"1";"3";"REGULAR";"f";"2014-06-08 09:02:41.836";"f";"";"51";"CONSOLIDADA";"";"Presencial";
"1225325";"11";"23176";"";"";"18812";"TÉCNICO";"";"Sala 17";"2014";"1";"2014-01-27";"2014-06-14";"4T456";"1";"3";"REGULAR";"f";"";"f";"";"";"EXCLUÍDA";"";"Presencial";
"1225326";"12";"5755552";"";"";"18812";"TÉCNICO";"";"Sala 17";"2014";"1";"2014-01-27";"2014-06-14";"4T123";"2";"3";"REGULAR";"f";"2014-06-11 16:45:51.862";"f";"";"57";"CONSOLIDADA";"";"Presencial";
"1225327";"13";"5755552";"";"";"18812";"TÉCNICO";"";"Sala 17";"2014";"1";"2014-01-27";"2014-06-14";"5T456";"2";"3";"REGULAR";"f";"2014-06-11 16:51:56.442";"f";"";"51";"CONSOLIDADA";"";"Presencial";
"1225328";"14";"21708";"";"";"18812";"TÉCNICO";"";"Sala S";"2014";"1";"2014-01-27";"2014-06-14";"5T456";"1";"3";"REGULAR";"f";"2014-06-17 14:29:02.049";"f";"";"54";"CONSOLIDADA";"";"Presencial";
"1225329";"15";"5756354";"";"";"18812";"TÉCNICO";"";"Sala P";"2014";"1";"2014-01-27";"2014-06-14";"3T456";"2";"3";"REGULAR";"f";"2014-06-19 12:24:46.896";"f";"";"51";"CONSOLIDADA";"";"Presencial";
"1225330";"16";"5756354";"";"";"18812";"TÉCNICO";"";"Sala P";"2014";"1";"2014-01-27";"2014-06-14";"3T123";"1";"3";"REGULAR";"f";"2014-06-19 12:26:27.039";"f";"";"51";"CONSOLIDADA";"";"Presencial";
"1225331";"17";"23014";"";"";"18812";"TÉCNICO";"";"Sala D";"2014";"1";"2014-01-27";"2014-06-14";"4T345";"1";"3";"REGULAR";"f";"2014-06-11 10:50:04.506";"f";"";"54";"CONSOLIDADA";"";"Presencial";
"1225332";"18";"24200";"";"";"18812";"TÉCNICO";"";"Sala 26";"2014";"1";"2014-01-27";"2014-06-14";"4T456";"";"3";"REGULAR";"f";"";"f";"";"";"EXCLUÍDA";"";"Presencial";
"1225333";"19";"21705";"";"";"18812";"TÉCNICO";"";"Sala 20";"2014";"1";"2014-01-27";"2014-06-14";"5T234";"3";"3";"REGULAR";"f";"2014-06-20 13:51:50.941";"f";"";"33";"CONSOLIDADA";"";"Presencial";
"1225334";"20";"5752855";"";"";"18812";"TÉCNICO";"";"Sala L";"2014";"1";"2014-01-27";"2014-06-14";"5T456";"1";"3";"REGULAR";"f";"2014-06-10 14:45:20.577";"f";"";"51";"CONSOLIDADA";"";"Presencial";
"1225335";"21";"63717";"";"";"18812";"TÉCNICO";"";"Sala Q";"2014";"1";"2014-01-27";"2014-06-14";"5T123";"5";"2";"REGULAR";"f";"2014-06-05 14:56:09.371";"f";"";"51";"CONSOLIDADA";"";"Presencial";
"1225336";"22";"63717";"";"";"18812";"TÉCNICO";"";"Sala Q";"2014";"1";"2014-01-27";"2014-06-14";"4T123";"";"2";"REGULAR";"f";"2014-06-05 15:02:52.383";"f";"";"54";"CONSOLIDADA";"";"Presencial";
"1225337";"23";"63717";"";"";"18812";"TÉCNICO";"";"Sala Q";"2014";"1";"2014-01-27";"2014-06-14";"4T456";"";"2";"REGULAR";"f";"2014-06-05 15:30:52.712";"f";"";"54";"CONSOLIDADA";"";"Presencial";
"1225338";"24";"5752878";"";"";"18812";"TÉCNICO";"";"Sala 07";"2014";"1";"2014-01-27";"2014-06-14";"6T123";"";"3";"REGULAR";"f";"";"f";"";"";"EXCLUÍDA";"";"Presencial";
"1225339";"25";"23477";"";"";"18812";"TÉCNICO";"";"Sala 05";"2014";"1";"2014-01-27";"2014-06-14";"4T456";"1";"3";"REGULAR";"f";"2014-06-21 10:04:06.998";"f";"";"0";"CONSOLIDADA";"";"Presencial";
"1225340";"26";"";"104295606";"";"18812";"TÉCNICO";"";"Sala 14";"2014";"1";"2014-01-27";"2014-06-14";"2T456";"1";"3";"REGULAR";"f";"2014-06-10 11:46:02.275";"f";"";"0";"CONSOLIDADA";"";"Presencial";
"1225341";"27";"22886";"";"";"18812";"TÉCNICO";"";"Sala 04";"2014";"1";"2014-01-27";"2014-06-14";"3T456";"1";"3";"REGULAR";"f";"2014-06-14 12:44:52.634";"f";"";"51";"CONSOLIDADA";"";"Presencial";
"1225342";"01";"5755070";"";"";"18716";"TÉCNICO";"";"Sala 20";"2014";"1";"2014-01-27";"2014-06-14";"2T456";"1";"3";"REGULAR";"f";"";"f";"";"";"INTERROMPIDA";"";"Presencial";
"1225344";"03";"5755213";"";"";"18716";"TÉCNICO";"";"Sala S";"2014";"1";"2014-01-27";"2014-06-14";"2T123";"1";"3";"REGULAR";"f";"2014-06-05 10:42:06.118";"f";"";"51";"CONSOLIDADA";"";"Presencial";
"1225345";"02";"5756297";"";"";"24073";"GRADUAÇÃO";"Campus Central";"Sem sala por ter menos de três alunos";"2014";"1";"2014-01-27";"2014-06-14";"3M345";"1";"30";"REGULAR";"f";"2014-06-21 17:55:27.665";"f";"";"54";"CONSOLIDADA";"";"Presencial";
"1225346";"04";"5754083";"";"";"18716";"TÉCNICO";"";"Sala 15";"2014";"1";"2014-01-27";"2014-06-14";"5T123";"3";"3";"REGULAR";"f";"2014-06-11 14:38:26.415";"f";"";"51";"CONSOLIDADA";"";"Presencial";
"1225347";"01";"22889";"";"";"18831";"TÉCNICO";"";"Sala 08";"2014";"1";"2014-01-27";"2014-06-14";"2T456";"";"3";"REGULAR";"f";"";"f";"";"";"EXCLUÍDA";"";"Presencial";
"1225348";"02";"5755213";"";"";"18831";"TÉCNICO";"";"Sala S";"2014";"1";"2014-01-27";"2014-06-14";"2T456";"2";"3";"REGULAR";"f";"2014-06-05 10:45:18.846";"f";"";"51";"CONSOLIDADA";"";"Presencial";
"1225349";"03";"5751559";"";"";"18831";"TÉCNICO";"";"Sala 15";"2014";"1";"2014-01-27";"2014-06-14";"4T456";"1";"3";"REGULAR";"f";"";"f";"";"";"EXCLUÍDA";"";"Presencial";
"1225350";"05";"21706";"";"";"18716";"TÉCNICO";"";"Sala J";"2014";"1";"2014-01-27";"2014-06-14";"4T456";"";"3";"REGULAR";"f";"2014-06-06 19:46:06.724";"f";"";"48";"CONSOLIDADA";"";"Presencial";
"1225351";"06";"23176";"";"";"18716";"TÉCNICO";"";"Sala 17";"2014";"1";"2014-01-27";"2014-06-14";"5T123";"2";"3";"REGULAR";"f";"2014-06-12 08:12:05.739";"f";"";"54";"CONSOLIDADA";"";"Presencial";
"1225353";"08";"17295";"";"";"18716";"TÉCNICO";"";"Sala 06";"2014";"1";"2014-01-27";"2014-06-14";"6T123";"1";"3";"REGULAR";"f";"2014-06-11 14:50:35.94";"f";"";"0";"CONSOLIDADA";"";"Presencial";
"1225354";"09";"17295";"";"";"18716";"TÉCNICO";"";"Sala 06";"2014";"1";"2014-01-27";"2014-06-14";"4T123";"2";"3";"REGULAR";"f";"2014-06-11 14:40:20.286";"f";"";"0";"CONSOLIDADA";"";"Presencial";
"1225355";"10";"17295";"";"";"18716";"TÉCNICO";"";"Sala 06";"2014";"1";"2014-01-27";"2014-06-14";"4T456";"2";"3";"REGULAR";"f";"2014-06-11 14:44:33.737";"f";"";"0";"CONSOLIDADA";"";"Presencial";
"1225356";"11";"21708";"";"";"18716";"TÉCNICO";"";"Sala S";"2014";"1";"2014-01-27";"2014-06-14";"5T123";"3";"3";"REGULAR";"f";"2014-06-17 15:37:07.181";"f";"";"54";"CONSOLIDADA";"";"Presencial";
"1225357";"12";"5756354";"";"";"18716";"TÉCNICO";"";"Sala P";"2014";"1";"2014-01-27";"2014-06-14";"4T456";"2";"3";"REGULAR";"f";"2014-06-19 12:28:02.377";"f";"";"51";"CONSOLIDADA";"";"Presencial";
"1225358";"13";"23014";"";"";"18716";"TÉCNICO";"";"Sala D";"2014";"1";"2014-01-27";"2014-06-14";"4T456";"";"3";"REGULAR";"f";"";"f";"";"";"EXCLUÍDA";"";"Presencial";
"1225359";"14";"5752202";"";"";"18716";"TÉCNICO";"";"Sala A";"2014";"1";"2014-01-27";"2014-06-14";"4T123";"1";"3";"REGULAR";"f";"2014-06-11 14:30:59.301";"f";"";"57";"CONSOLIDADA";"";"Presencial";
"1225360";"15";"24200";"";"";"18716";"TÉCNICO";"";"Sala E";"2014";"1";"2014-01-27";"2014-06-14";"4T123";"";"3";"REGULAR";"f";"";"f";"";"";"EXCLUÍDA";"";"Presencial";
"1225361";"16";"21705";"";"";"18716";"TÉCNICO";"";"Sala 20";"2014";"1";"2014-01-27";"2014-06-14";"2T456";"";"3";"REGULAR";"f";"";"f";"";"";"EXCLUÍDA";"";"Presencial";
"1225362";"17";"5752936";"";"";"18716";"TÉCNICO";"";"Sala E";"2014";"1";"2014-01-27";"2014-06-14";"4T456";"";"3";"REGULAR";"f";"";"f";"";"";"EXCLUÍDA";"";"Presencial";
"1225363";"04";"5752936";"";"";"18831";"TÉCNICO";"";"Sala E";"2014";"1";"2014-01-27";"2014-06-14";"4T123";"1";"3";"REGULAR";"f";"2014-05-30 10:31:34.86";"f";"";"48";"CONSOLIDADA";"";"Presencial";
"1225364";"01";"5752878";"";"";"18799";"TÉCNICO";"";"Sala 07";"2014";"1";"2014-01-27";"2014-06-14";"5T456";"5";"3";"REGULAR";"f";"2014-06-15 15:44:29.466";"f";"";"54";"CONSOLIDADA";"";"Presencial";
"1225365";"18";"5753085";"";"";"18716";"TÉCNICO";"";"Sala 12";"2014";"1";"2014-01-27";"2014-06-14";"4T123";"";"3";"REGULAR";"f";"";"f";"";"";"EXCLUÍDA";"";"Presencial";
"1225366";"05";"5753085";"";"";"18831";"TÉCNICO";"";"Sala 12";"2014";"1";"2014-01-27";"2014-06-14";"2T456";"1";"3";"REGULAR";"f";"2014-06-06 16:01:14.362";"f";"";"27";"CONSOLIDADA";"";"Presencial";
"1225367";"19";"3031587";"";"";"18716";"TÉCNICO";"";"Sala T";"2014";"1";"2014-01-27";"2014-06-14";"4T456";"1";"3";"REGULAR";"f";"2014-06-11 16:25:00.293";"f";"";"48";"CONSOLIDADA";"";"Presencial";
"1225368";"20";"22876";"";"";"18716";"TÉCNICO";"";"Sala M";"2014";"1";"2014-01-27";"2014-06-14";"4T123";"1";"3";"REGULAR";"f";"2014-06-06 19:07:20.74";"f";"";"54";"CONSOLIDADA";"";"Presencial";
"1225369";"21";"5752921";"";"";"18716";"TÉCNICO";"";"Sala N";"2014";"1";"2014-01-27";"2014-06-14";"3T123";"1";"3";"REGULAR";"f";"2014-06-12 21:30:26.837";"f";"";"57";"CONSOLIDADA";"";"Presencial";
"1225370";"22";"5754760";"";"";"18716";"TÉCNICO";"";"Sala 26";"2014";"1";"2014-01-27";"2014-06-14";"2T456";"";"3";"REGULAR";"f";"";"f";"";"";"EXCLUÍDA";"";"Presencial";
"1225371";"23";"22886";"";"";"18716";"TÉCNICO";"";"Sala B";"2014";"1";"2014-01-27";"2014-06-14";"5T123";"2";"3";"REGULAR";"f";"2014-06-14 12:58:10.795";"f";"";"51";"CONSOLIDADA";"";"Presencial";
"1225372";"06";"5755828";"";"";"18831";"TÉCNICO";"";"Sala 04";"2014";"1";"2014-01-27";"2014-06-14";"4T456";"";"3";"REGULAR";"f";"";"f";"";"";"EXCLUÍDA";"";"Presencial";
"1225373";"24";"5753753";"";"";"2021200";"GRADUAÇÃO";"Campus Central";"Sala 04";"2014";"1";"2014-01-27";"2014-06-14";"4M34";"1";"2";"REGULAR";"f";"2014-06-10 12:14:56.857";"f";"";"36";"CONSOLIDADA";"";"Presencial";
"1225374";"15";"5753753";"";"";"2021401";"GRADUAÇÃO";"Campus Central";"Sala 04";"2014";"1";"2014-01-27";"2014-06-14";"4M56";"3";"8";"REGULAR";"f";"2014-06-21 01:01:41.831";"f";"";"36";"CONSOLIDADA";"";"Presencial";
"1225374";"15";"5756476";"";"";"2021401";"GRADUAÇÃO";"Campus Central";"Sala 04";"2014";"1";"2014-01-27";"2014-06-14";"4M56";"3";"8";"REGULAR";"f";"2014-06-21 01:01:41.831";"f";"";"36";"CONSOLIDADA";"";"Presencial";
"1225375";"15";"26597";"";"";"45841";"GRADUAÇÃO";"";"LAJES/RN";"2014";"1";"2014-01-27";"2014-06-14";"";"2";"";"REGULAR";"t";"2014-06-15 08:57:32.524";"f";"";"0";"CONSOLIDADA";"";"A Distância";
"1225376";"15";"5756439";"";"";"45766";"GRADUAÇÃO";"";"LAJES/RN";"2014";"1";"2014-01-27";"2014-06-14";"";"1";"";"REGULAR";"t";"2014-05-30 13:05:52.708";"f";"";"0";"CONSOLIDADA";"";"A Distância";
"1225377";"15";"5754334";"";"";"45860";"GRADUAÇÃO";"";"LAJES/RN";"2014";"1";"2014-01-27";"2014-06-14";"";"1";"";"REGULAR";"t";"2014-06-05 11:28:59.7";"f";"";"0";"CONSOLIDADA";"";"A Distância";
"1225378";"10";"5751854";"";"";"27182";"GRADUAÇÃO";"";"MACEIÓ/AL";"2014";"1";"2014-01-27";"2014-06-14";"";"2";"";"REGULAR";"t";"2014-06-20 09:37:11.55";"f";"";"0";"CONSOLIDADA";"";"A Distância";
"1225379";"03A";"5751595";"";"";"45856";"GRADUAÇÃO";"";"NOVA CRUZ/RN";"2014";"1";"2014-01-27";"2014-06-14";"";"2";"";"REGULAR";"t";"2014-06-13 11:42:02.092";"f";"";"0";"CONSOLIDADA";"";"A Distância";
"1225380";"11C";"20811";"";"";"27148";"GRADUAÇÃO";"";"EXTREMOZ/RN";"2014";"1";"2014-01-27";"2014-06-14";"";"1";"";"REGULAR";"t";"2014-06-20 14:48:06.682";"f";"";"0";"CONSOLIDADA";"";"A Distância";
"1225380";"11C";"21789";"";"";"27148";"GRADUAÇÃO";"";"EXTREMOZ/RN";"2014";"1";"2014-01-27";"2014-06-14";"";"1";"";"REGULAR";"t";"2014-06-20 14:48:06.682";"f";"";"0";"CONSOLIDADA";"";"A Distância";
"1225381";"01";"5752294";"";"";"39688";"STRICTO SENSU";"";"SALA 08-Escola de Ciências & Tecnologia";"2014";"1";"2014-02-10";"2014-06-27";"2T34";"11";"20";"REGULAR";"f";"2014-07-03 21:28:22.203";"f";"";"34";"CONSOLIDADA";"";"Presencial";
"1225382";"02";"5755035";"";"";"39688";"STRICTO SENSU";"";"3F1";"2014";"1";"2014-02-10";"2014-06-27";"2T56";"12";"25";"REGULAR";"f";"2014-06-25 16:22:16.17";"f";"";"34";"CONSOLIDADA";"";"Presencial";
"1225383";"01";"5753645";"";"";"39691";"STRICTO SENSU";"";"3F1";"2014";"1";"2014-02-10";"2014-06-27";"35M34";"10";"30";"REGULAR";"f";"2014-07-28 09:14:53.678";"f";"";"74";"CONSOLIDADA";"";"Presencial";
"1225383";"01";"5752770";"";"";"39691";"STRICTO SENSU";"";"3F1";"2014";"1";"2014-02-10";"2014-06-27";"35M34";"10";"30";"REGULAR";"f";"2014-07-28 09:14:53.678";"f";"";"74";"CONSOLIDADA";"";"Presencial";
"1225384";"01";"22812";"";"";"39715";"STRICTO SENSU";"";"3F1";"2014";"1";"2014-02-10";"2014-06-27";"24T34";"13";"30";"REGULAR";"f";"2014-06-26 12:46:20.896";"f";"";"82";"CONSOLIDADA";"";"Presencial";
"1225385";"01";"5753643";"";"";"39728";"STRICTO SENSU";"";"3F1";"2014";"1";"2014-02-10";"2014-06-27";"5T2345";"16";"30";"REGULAR";"f";"2014-06-26 10:44:43.309";"f";"";"68";"CONSOLIDADA";"";"Presencial";
"1225386";"01";"21609";"";"";"39730";"STRICTO SENSU";"";"sala de Reuniões do LCP";"2014";"1";"2014-02-10";"2014-06-27";"6M2345";"19";"16";"REGULAR";"f";"2014-08-05 09:36:24.565";"f";"";"72";"CONSOLIDADA";"";"Presencial";
"1225387";"01";"22911";"";"";"39748";"STRICTO SENSU";"";"sala 3F1";"2014";"1";"2014-02-10";"2014-06-27";"24M56";"9";"30";"REGULAR";"f";"2014-06-26 14:14:40.939";"f";"";"62";"CONSOLIDADA";"";"Presencial";
"1225388";"01";"16946";"";"";"39741";"STRICTO SENSU";"";"sala 3F1";"2014";"1";"2014-02-10";"2014-06-27";"24M34";"16";"30";"REGULAR";"f";"2014-07-05 18:42:59.281";"f";"";"72";"CONSOLIDADA";"";"Presencial";
"1225389";"02";"5752749";"";"";"55068";"GRADUAÇÃO";"Campus Central";"SALA TÉRREO - REUNI";"2014";"1";"2014-01-27";"2014-06-14";"35M56";"17";"66";"REGULAR";"f";"2014-06-11 17:45:19.12";"f";"";"72";"CONSOLIDADA";"";"Presencial";
"1225390";"01";"18651";"";"";"2034154";"GRADUAÇÃO";"Campus Central";"5º Subsolo do HUOL";"2014";"1";"2014-01-27";"2014-06-14";"2M12 6M45";"27";"50";"REGULAR";"f";"2014-06-18 13:06:08.414";"f";"";"68";"CONSOLIDADA";"";"Presencial";
"1225390";"01";"24854";"";"";"2034154";"GRADUAÇÃO";"Campus Central";"5º Subsolo do HUOL";"2014";"1";"2014-01-27";"2014-06-14";"2M12 6M45";"27";"50";"REGULAR";"f";"2014-06-18 13:06:08.414";"f";"";"68";"CONSOLIDADA";"";"Presencial";
"1225391";"01";"5755598";"";"";"2055028";"GRADUAÇÃO";"Campus Central";"5º Subsolo do HUOL";"2014";"1";"2014-01-27";"2014-06-14";"4M1234";"28";"50";"REGULAR";"f";"2014-06-13 20:35:54.086";"f";"";"76";"CONSOLIDADA";"";"Presencial";
"1225392";"01";"20885";"";"";"25991";"GRADUAÇÃO";"Campus Central";"IB2";"2014";"1";"2014-01-27";"2014-06-14";"3M34";"7";"30";"REGULAR";"f";"2014-06-02 07:05:56.85";"f";"";"34";"CONSOLIDADA";"";"Presencial";
"1225393";"01";"5755398";"";"";"24812";"GRADUAÇÃO";"Campus Central";"LABCOM - SALA 01";"2014";"1";"2014-01-27";"2014-06-14";"5M2345";"34";"40";"REGULAR";"f";"2014-06-13 21:21:36.142";"f";"";"72";"CONSOLIDADA";"";"Presencial";
"1225394";"01";"5755398";"";"";"26390";"GRADUAÇÃO";"Campus Central";"LABCOM - SALA 03";"2014";"1";"2014-01-27";"2014-06-14";"3M2345";"27";"40";"REGULAR";"f";"2014-06-13 22:02:46.062";"f";"";"76";"CONSOLIDADA";"";"Presencial";
"1225395";"01";"5755435";"";"";"26404";"GRADUAÇÃO";"Campus Central";"LABCOM - SALA 01";"2014";"1";"2014-01-27";"2014-06-14";"2T56 6T12";"13";"40";"REGULAR";"f";"2014-06-06 10:47:01.146";"f";"";"70";"CONSOLIDADA";"";"Presencial";
"1225396";"02";"5754362";"";"";"55246";"GRADUAÇÃO";"Campus Central";"H4";"2014";"1";"2014-03-28";"2014-05-23";"6M23456 (28/03/2014 - 29/03/2014), 3M2345 (08/04/2014 - 09/04/2014), 36M23456 (20/05/2014 - 23/05/2014)";"19";"20";"REGULAR";"f";"2014-06-20 17:20:50.997";"f";"";"19";"CONSOLIDADA";"";"Presencial";
"1225396";"02";"5753647";"";"";"55246";"GRADUAÇÃO";"Campus Central";"H4";"2014";"1";"2014-03-28";"2014-05-23";"6M23456 (28/03/2014 - 29/03/2014), 3M2345 (08/04/2014 - 09/04/2014), 36M23456 (20/05/2014 - 23/05/2014)";"19";"20";"REGULAR";"f";"2014-06-20 17:20:50.997";"f";"";"19";"CONSOLIDADA";"";"Presencial";
"1225397";"02";"21597";"";"";"55247";"GRADUAÇÃO";"Campus Central";"H4";"2014";"1";"2014-01-28";"2014-06-06";"3M2345 (28/01/2014 - 29/01/2014), 5M23456 (06/02/2014 - 07/02/2014), 6M2345 (28/02/2014 - 01/03/2014), 3M2345 6M23456 (11/03/2014 - 14/03/2014), 36M2345 (18/03/2014 - 25/03/2014), 6M2345 (04/04/2014 - 05/04/2014), 36M2345 (11/04/2014 - 15/04/2014), 36M23456 (22/04/2014 - 25/04/2014), 36M2345 (06/05/2014 - 16/05/2014), 36M2345 (27/05/2014 - 30/05/2014), 36M23456 (03/06/2014 - 06/06/2014)";"19";"20";"REGULAR";"f";"2014-06-16 14:27:44.533";"f";"";"82";"CONSOLIDADA";"";"Presencial";
"1225397";"02";"5752388";"";"";"55247";"GRADUAÇÃO";"Campus Central";"H4";"2014";"1";"2014-01-28";"2014-06-06";"3M2345 (28/01/2014 - 29/01/2014), 5M23456 (06/02/2014 - 07/02/2014), 6M2345 (28/02/2014 - 01/03/2014), 3M2345 6M23456 (11/03/2014 - 14/03/2014), 36M2345 (18/03/2014 - 25/03/2014), 6M2345 (04/04/2014 - 05/04/2014), 36M2345 (11/04/2014 - 15/04/2014), 36M23456 (22/04/2014 - 25/04/2014), 36M2345 (06/05/2014 - 16/05/2014), 36M2345 (27/05/2014 - 30/05/2014), 36M23456 (03/06/2014 - 06/06/2014)";"19";"20";"REGULAR";"f";"2014-06-16 14:27:44.533";"f";"";"82";"CONSOLIDADA";"";"Presencial";
"1225397";"02";"5755971";"";"";"55247";"GRADUAÇÃO";"Campus Central";"H4";"2014";"1";"2014-01-28";"2014-06-06";"3M2345 (28/01/2014 - 29/01/2014), 5M23456 (06/02/2014 - 07/02/2014), 6M2345 (28/02/2014 - 01/03/2014), 3M2345 6M23456 (11/03/2014 - 14/03/2014), 36M2345 (18/03/2014 - 25/03/2014), 6M2345 (04/04/2014 - 05/04/2014), 36M2345 (11/04/2014 - 15/04/2014), 36M23456 (22/04/2014 - 25/04/2014), 36M2345 (06/05/2014 - 16/05/2014), 36M2345 (27/05/2014 - 30/05/2014), 36M23456 (03/06/2014 - 06/06/2014)";"19";"20";"REGULAR";"f";"2014-06-16 14:27:44.533";"f";"";"82";"CONSOLIDADA";"";"Presencial";
"1225398";"01";"5755398";"";"";"26429";"GRADUAÇÃO";"Campus Central";"LABCOM - SALA 03";"2014";"1";"2014-01-27";"2014-06-14";"4M2345";"8";"40";"REGULAR";"f";"2014-06-12 22:28:36.901";"f";"";"76";"CONSOLIDADA";"";"Presencial";
"1225399";"01";"5752964";"";"";"42330";"STRICTO SENSU";"";"D1A";"2014";"1";"2014-02-10";"2014-07-08";"4M3456";"1";"10";"REGULAR";"f";"";"f";"";"";"EXCLUÍDA";"";"Presencial";
"1225399";"01";"5752965";"";"";"42330";"STRICTO SENSU";"";"D1A";"2014";"1";"2014-02-10";"2014-07-08";"4M3456";"1";"10";"REGULAR";"f";"";"f";"";"";"EXCLUÍDA";"";"Presencial";
"1225400";"01";"5753699";"";"";"39733";"STRICTO SENSU";"";"sala 3F1";"2014";"1";"2014-02-10";"2014-06-27";"3M56";"13";"30";"REGULAR";"f";"2014-06-25 20:48:45.977";"f";"";"38";"CONSOLIDADA";"";"Presencial";
"1225401";"02";"5756339";"";"";"2055639";"GRADUAÇÃO";"Campus Central";"a definir";"2014";"1";"2014-01-27";"2014-06-14";"3T56 (27/01/2014 - 14/06/2014)";"0";"25";"REGULAR";"f";"2014-06-11 15:19:48.423";"f";"";"34";"CONSOLIDADA";"";"Presencial";
"1225402";"02";"5754625";"";"";"2055641";"GRADUAÇÃO";"Campus Central";"a definir";"2014";"1";"2014-01-27";"2014-06-14";"6T12 (27/01/2014 - 14/06/2014)";"2";"25";"REGULAR";"f";"2014-06-17 13:47:31.561";"f";"";"0";"CONSOLIDADA";"";"Presencial";
"1225403";"02";"5754625";"";"";"2055853";"GRADUAÇÃO";"Campus Central";"a definir";"2014";"1";"2014-01-27";"2014-06-14";"4T56 (27/01/2014 - 14/06/2014)";"20";"25";"REGULAR";"f";"2014-06-17 08:20:21.128";"f";"";"38";"CONSOLIDADA";"";"Presencial";
"1225404";"02";"5753023";"";"";"43641";"GRADUAÇÃO";"Campus Central";"2A2";"2014";"1";"2014-01-27";"2014-06-14";"2T56 (27/01/2014 - 14/06/2014)";"2";"22";"REGULAR";"f";"2014-06-09 15:37:23.979";"f";"";"36";"CONSOLIDADA";"";"Presencial";
"1225405";"01";"24052";"";"";"25185";"GRADUAÇÃO";"Campus Central";"2I3";"2014";"1";"2014-01-27";"2014-06-14";"56T34";"12";"40";"REGULAR";"f";"2014-06-13 11:22:38.249";"f";"";"77";"CONSOLIDADA";"";"Presencial";
"1225406";"02";"5755057";"";"";"2048111";"GRADUAÇÃO";"Campus Caicó";"SALA A4";"2014";"1";"2014-01-27";"2014-06-14";"5M12345  5T1";"29";"50";"REGULAR";"f";"2014-06-20 19:25:53.608";"f";"";"108";"CONSOLIDADA";"";"Presencial";
"1225407";"02";"5755571";"";"";"2048112";"GRADUAÇÃO";"Campus Caicó";"SALA A4";"2014";"1";"2014-01-27";"2014-06-14";"6M12345  6T1";"28";"50";"REGULAR";"f";"2014-06-14 14:58:32.199";"f";"";"114";"CONSOLIDADA";"";"Presencial";
"1225408";"01";"5753098";"";"";"2020402";"GRADUAÇÃO";"Campus Central";"Sala da base (Gepet)";"2014";"1";"2014-01-27";"2014-06-14";"5M34";"8";"11";"REGULAR";"f";"2014-06-12 13:19:34.08";"f";"";"34";"CONSOLIDADA";"";"Presencial";
"1225409";"01";"5755926";"";"";"54752";"GRADUAÇÃO";"Campus Central";"FF - CCS";"2014";"1";"2014-01-27";"2014-06-14";"5M234";"30";"20";"REGULAR";"f";"2014-06-23 21:41:23.198";"f";"";"51";"CONSOLIDADA";"";"Presencial";
"1225410";"01";"5755926";"";"";"54753";"GRADUAÇÃO";"Campus Central";"FF - CCS";"2014";"1";"2014-01-27";"2014-06-14";"5M5";"30";"20";"REGULAR";"f";"2014-06-23 21:43:23.267";"f";"";"17";"CONSOLIDADA";"";"Presencial";
"1225411";"01";"5755921";"";"";"2036704";"GRADUAÇÃO";"Campus Central";"D1A";"2014";"1";"2014-01-27";"2014-06-14";"24N12";"3";"30";"REGULAR";"f";"2014-06-12 18:22:41.779";"f";"";"68";"CONSOLIDADA";"";"Presencial";
"1225412";"01";"5753551";"";"";"54222";"GRADUAÇÃO";"Campus Central";"5º Subsolo do HUOL";"2014";"1";"2014-01-27";"2014-06-14";"4T12 (27/01/2014 - 14/06/2014)";"21";"18";"REGULAR";"f";"2014-06-10 14:44:16.667";"f";"";"36";"CONSOLIDADA";"";"Presencial";
"1225412";"01";"5753555";"";"";"54222";"GRADUAÇÃO";"Campus Central";"5º Subsolo do HUOL";"2014";"1";"2014-01-27";"2014-06-14";"4T12 (27/01/2014 - 14/06/2014)";"21";"18";"REGULAR";"f";"2014-06-10 14:44:16.667";"f";"";"36";"CONSOLIDADA";"";"Presencial";
"1225412";"01";"23128";"";"";"54222";"GRADUAÇÃO";"Campus Central";"5º Subsolo do HUOL";"2014";"1";"2014-01-27";"2014-06-14";"4T12 (27/01/2014 - 14/06/2014)";"21";"18";"REGULAR";"f";"2014-06-10 14:44:16.667";"f";"";"36";"CONSOLIDADA";"";"Presencial";
"1225413";"02";"5753555";"";"";"54222";"GRADUAÇÃO";"Campus Central";"5º Subsolo do HUOL";"2014";"1";"2014-01-27";"2014-06-14";"4T12 (27/01/2014 - 14/06/2014)";"13";"19";"REGULAR";"f";"2014-06-10 14:43:14.058";"f";"";"36";"CONSOLIDADA";"";"Presencial";
"1225413";"02";"5753551";"";"";"54222";"GRADUAÇÃO";"Campus Central";"5º Subsolo do HUOL";"2014";"1";"2014-01-27";"2014-06-14";"4T12 (27/01/2014 - 14/06/2014)";"13";"19";"REGULAR";"f";"2014-06-10 14:43:14.058";"f";"";"36";"CONSOLIDADA";"";"Presencial";
"1225413";"02";"23128";"";"";"54222";"GRADUAÇÃO";"Campus Central";"5º Subsolo do HUOL";"2014";"1";"2014-01-27";"2014-06-14";"4T12 (27/01/2014 - 14/06/2014)";"13";"19";"REGULAR";"f";"2014-06-10 14:43:14.058";"f";"";"36";"CONSOLIDADA";"";"Presencial";
"1225414";"03";"5753555";"";"";"54222";"GRADUAÇÃO";"Campus Central";"5º Subsolo do HUOL";"2014";"1";"2014-01-27";"2014-06-14";"4T12 (27/01/2014 - 14/06/2014)";"16";"18";"REGULAR";"f";"2014-06-10 14:41:50.836";"f";"";"36";"CONSOLIDADA";"";"Presencial";
"1225414";"03";"23128";"";"";"54222";"GRADUAÇÃO";"Campus Central";"5º Subsolo do HUOL";"2014";"1";"2014-01-27";"2014-06-14";"4T12 (27/01/2014 - 14/06/2014)";"16";"18";"REGULAR";"f";"2014-06-10 14:41:50.836";"f";"";"36";"CONSOLIDADA";"";"Presencial";
"1225414";"03";"5753551";"";"";"54222";"GRADUAÇÃO";"Campus Central";"5º Subsolo do HUOL";"2014";"1";"2014-01-27";"2014-06-14";"4T12 (27/01/2014 - 14/06/2014)";"16";"18";"REGULAR";"f";"2014-06-10 14:41:50.836";"f";"";"36";"CONSOLIDADA";"";"Presencial";
"1225415";"01";"23128";"";"";"54223";"GRADUAÇÃO";"Campus Central";"5º Subsolo do HUOL";"2014";"1";"2014-01-27";"2014-06-14";"2T12";"50";"55";"REGULAR";"f";"2014-06-09 16:38:02.662";"f";"";"34";"CONSOLIDADA";"";"Presencial";
"1225415";"01";"5753551";"";"";"54223";"GRADUAÇÃO";"Campus Central";"5º Subsolo do HUOL";"2014";"1";"2014-01-27";"2014-06-14";"2T12";"50";"55";"REGULAR";"f";"2014-06-09 16:38:02.662";"f";"";"34";"CONSOLIDADA";"";"Presencial";
"1225415";"01";"5753555";"";"";"54223";"GRADUAÇÃO";"Campus Central";"5º Subsolo do HUOL";"2014";"1";"2014-01-27";"2014-06-14";"2T12";"50";"55";"REGULAR";"f";"2014-06-09 16:38:02.662";"f";"";"34";"CONSOLIDADA";"";"Presencial";
"1225416";"02G";"5755444";"";"";"46630";"GRADUAÇÃO";"";"CURRAIS NOVOS/RN";"2014";"1";"2014-01-27";"2014-06-14";"";"";"";"REGULAR";"t";"2014-06-26 23:51:02.557";"f";"";"0";"CONSOLIDADA";"";"A Distância";
"1225417";"12E";"5755444";"";"";"46630";"GRADUAÇÃO";"";"LUÍS GOMES/RN";"2014";"1";"2014-01-27";"2014-06-14";"";"";"";"REGULAR";"t";"";"f";"";"";"EXCLUÍDA";"";"A Distância";
"1225418";"01G";"5755444";"";"";"46630";"GRADUAÇÃO";"";"MACAU/RN";"2014";"1";"2014-01-27";"2014-06-14";"";"1";"";"REGULAR";"t";"2014-06-25 19:51:31.642";"f";"";"0";"CONSOLIDADA";"";"A Distância";
"1225419";"20";"26503";"";"";"39175";"STRICTO SENSU";"";"Centro de Educação";"2014";"1";"2014-02-10";"2014-06-11";"5M1";"1";"1";"REGULAR";"f";"2015-02-28 12:58:02.831";"f";"";"15";"CONSOLIDADA";"";"Presencial";
"1225420";"23";"22716";"";"";"39171";"STRICTO SENSU";"";"Centro de Educação";"2014";"1";"2014-02-10";"2014-06-11";"5M1";"1";"1";"REGULAR";"f";"2015-02-22 10:15:37.296";"f";"";"15";"CONSOLIDADA";"";"Presencial";
"1225421";"21";"22716";"";"";"39175";"STRICTO SENSU";"";"Centro de Educação";"2014";"1";"2014-02-10";"2014-06-11";"6M1";"1";"1";"REGULAR";"f";"2014-12-08 09:58:09.741";"f";"";"16";"CONSOLIDADA";"";"Presencial";
"1225422";"22";"21949";"";"";"39175";"STRICTO SENSU";"";"Centro de Educação";"2014";"1";"2014-02-10";"2014-06-11";"6M1";"1";"1";"REGULAR";"f";"";"f";"";"";"ABERTA";"";"Presencial";
"1225423";"19";"20855";"";"";"39172";"STRICTO SENSU";"";"Centro de Educação";"2014";"1";"2014-02-10";"2014-06-11";"5M1";"1";"1";"REGULAR";"f";"2014-12-11 11:53:42.856";"f";"";"15";"CONSOLIDADA";"";"Presencial";
"1225424";"18";"20855";"";"";"39181";"STRICTO SENSU";"";"Centro de Educação";"2014";"1";"2014-02-10";"2014-06-11";"6T1";"2";"2";"REGULAR";"f";"2014-12-11 12:02:07.283";"f";"";"16";"CONSOLIDADA";"";"Presencial";
"1225425";"09";"20855";"";"";"39176";"STRICTO SENSU";"";"Centro de Educação";"2014";"1";"2014-02-10";"2014-06-11";"2T1";"1";"1";"REGULAR";"f";"2014-12-11 12:22:11.018";"f";"";"16";"CONSOLIDADA";"";"Presencial";
"1225426";"20";"22129";"";"";"39172";"STRICTO SENSU";"";"Centro de Educação";"2014";"1";"2014-02-10";"2014-06-11";"5M1";"2";"2";"REGULAR";"f";"2014-06-15 21:35:17.19";"f";"";"15";"CONSOLIDADA";"";"Presencial";
"1225427";"19";"22129";"";"";"39181";"STRICTO SENSU";"";"Centro de Educação";"2014";"1";"2014-02-10";"2014-06-11";"6M1";"";"1";"REGULAR";"f";"";"f";"";"";"EXCLUÍDA";"";"Presencial";
"1225428";"10";"22129";"";"";"39176";"STRICTO SENSU";"";"Centro de Educação";"2014";"1";"2014-02-10";"2014-06-11";"3T1";"1";"1";"REGULAR";"f";"2014-06-21 13:17:43.243";"f";"";"17";"CONSOLIDADA";"";"Presencial";
"1225429";"24";"21949";"";"";"39171";"STRICTO SENSU";"";"Centro de Educação";"2014";"1";"2014-02-10";"2014-06-11";"2T1";"1";"1";"REGULAR";"f";"";"f";"";"";"ABERTA";"";"Presencial";
"1225430";"23";"21949";"";"";"39175";"STRICTO SENSU";"";"Centro de Educação";"2014";"1";"2014-02-10";"2014-06-11";"3T1";"";"1";"REGULAR";"f";"";"f";"";"";"EXCLUÍDA";"";"Presencial";
"1225431";"11";"20855";"";"";"39173";"STRICTO SENSU";"";"Centro de Educação";"2014";"1";"2014-02-10";"2014-06-11";"2T6";"1";"1";"REGULAR";"f";"2014-12-11 11:50:31.464";"f";"";"16";"CONSOLIDADA";"";"Presencial";
"1225432";"20";"20855";"";"";"39181";"STRICTO SENSU";"";"Centro de Educação";"2014";"1";"2014-02-10";"2014-06-11";"3T6";"";"1";"REGULAR";"f";"";"f";"";"";"EXCLUÍDA";"";"Presencial";
"1225433";"20";"20855";"";"";"39177";"STRICTO SENSU";"";"Centro de Educação";"2014";"1";"2014-02-10";"2014-06-11";"4T6";"1";"1";"REGULAR";"f";"2014-12-11 12:19:47.028";"f";"";"17";"CONSOLIDADA";"";"Presencial";
"1225434";"21";"22716";"";"";"39172";"STRICTO SENSU";"";"Centro de Educação";"2014";"1";"2014-02-10";"2014-06-11";"2T6";"1";"1";"REGULAR";"f";"2015-02-22 10:35:18.743";"f";"";"16";"CONSOLIDADA";"";"Presencial";
"1225435";"21";"22716";"";"";"39177";"STRICTO SENSU";"";"Centro de Educação";"2014";"1";"2014-02-10";"2014-06-11";"3T6";"1";"1";"REGULAR";"f";"2014-12-08 10:27:49.036";"f";"";"17";"CONSOLIDADA";"";"Presencial";
"1225436";"22";"26503";"";"";"39172";"STRICTO SENSU";"";"Centro de Educação";"2014";"1";"2014-02-10";"2014-06-11";"2T6";"";"1";"REGULAR";"f";"";"f";"";"";"EXCLUÍDA";"";"Presencial";
"1225437";"12";"26503";"";"";"39173";"STRICTO SENSU";"";"Centro de Educação";"2014";"1";"2014-02-10";"2014-06-11";"3T6";"2";"15";"REGULAR";"f";"2015-02-28 13:11:18.716";"f";"";"17";"CONSOLIDADA";"";"Presencial";
"1225438";"21";"26503";"";"";"39181";"STRICTO SENSU";"";"Centro de Educação";"2014";"1";"2014-02-10";"2014-06-11";"4T6";"";"1";"REGULAR";"f";"";"f";"";"";"EXCLUÍDA";"";"Presencial";
"1225439";"03";"26478";"";"";"2036863";"STRICTO SENSU";"";"SETOR I";"2014";"1";"2014-02-10";"2014-06-11";"3N23";"3";"2";"REGULAR";"f";"2015-01-05 00:37:06.72";"f";"";"0";"CONSOLIDADA";"";"Presencial";
"1225440";"22";"26503";"";"";"39177";"STRICTO SENSU";"";"Centro de Educação";"2014";"1";"2014-02-10";"2014-06-11";"2M6";"2";"2";"REGULAR";"f";"2015-02-28 13:01:13.444";"f";"";"16";"CONSOLIDADA";"";"Presencial";
"1225441";"23";"26478";"";"";"39172";"STRICTO SENSU";"";"Centro de Educação";"2014";"1";"2014-02-10";"2014-06-11";"2M6";"1";"1";"REGULAR";"f";"2016-07-06 07:35:33.272";"f";"";"0";"CONSOLIDADA";"";"Presencial";
"1225442";"02";"25366";"";"";"51417";"GRADUAÇÃO";"Campus Caicó";"sala de vídeo";"2014";"1";"2014-01-27";"2014-06-14";"45N34";"31";"55";"REGULAR";"f";"2014-06-13 20:01:31.249";"f";"";"70";"CONSOLIDADA";"";"Presencial";
"1225443";"22";"26478";"";"";"39181";"STRICTO SENSU";"";"Centro de Educação";"2014";"1";"2014-02-10";"2014-06-11";"3M6";"0";"1";"REGULAR";"f";"";"f";"";"";"EXCLUÍDA";"";"Presencial";
"1225444";"11";"26478";"";"";"39176";"STRICTO SENSU";"";"Centro de Educação";"2014";"1";"2014-02-10";"2014-06-11";"4M6";"1";"1";"REGULAR";"f";"2015-01-05 00:38:06.319";"f";"";"0";"CONSOLIDADA";"";"Presencial";
"1225445";"13";"22129";"";"";"39173";"STRICTO SENSU";"";"Centro de Educação";"2014";"1";"2014-02-10";"2014-06-11";"6T6";"1";"2";"REGULAR";"f";"2014-06-15 21:22:25.918";"f";"";"16";"CONSOLIDADA";"";"Presencial";
"1225446";"23";"22129";"";"";"39181";"STRICTO SENSU";"";"Centro de Educação";"2014";"1";"2014-02-10";"2014-06-11";"6M6";"1";"1";"REGULAR";"f";"2014-06-15 20:49:35.725";"f";"";"16";"CONSOLIDADA";"";"Presencial";
"1225447";"23";"22129";"";"";"39177";"STRICTO SENSU";"";"Centro de Educação";"2014";"1";"2014-02-10";"2014-06-11";"5M6";"2";"2";"REGULAR";"f";"2014-06-21 14:03:26.538";"f";"";"15";"CONSOLIDADA";"";"Presencial";
"1225448";"24";"21949";"";"";"39172";"STRICTO SENSU";"";"Centro de Educação";"2014";"1";"2014-02-10";"2014-06-11";"4T6";"1";"2";"REGULAR";"f";"";"f";"";"";"ABERTA";"";"Presencial";
"1225449";"14";"21949";"";"";"39173";"STRICTO SENSU";"";"Centro de Educação";"2014";"1";"2014-02-10";"2014-06-11";"2T6";"1";"2";"REGULAR";"f";"";"f";"";"";"ABERTA";"";"Presencial";
"1225450";"24";"21949";"";"";"39181";"STRICTO SENSU";"";"Centro de Educação";"2014";"1";"2014-02-10";"2014-06-11";"3M6";"2";"2";"REGULAR";"f";"";"f";"";"";"ABERTA";"";"Presencial";
"1225451";"24";"21949";"";"";"39177";"STRICTO SENSU";"";"Centro de Educação";"2014";"1";"2014-02-10";"2014-06-11";"2M6";"2";"2";"REGULAR";"f";"";"f";"";"";"ABERTA";"";"Presencial";
"1225452";"16";"20893";"";"";"39180";"STRICTO SENSU";"";"Centro de Educação";"2014";"1";"2014-02-10";"2014-06-11";"2T6";"";"1";"REGULAR";"f";"";"f";"";"";"EXCLUÍDA";"";"Presencial";
"1225453";"16";"22129";"";"";"39182";"STRICTO SENSU";"";"Centro de Educação";"2014";"1";"2014-02-10";"2014-06-11";"4M6";"1";"1";"REGULAR";"f";"2014-06-21 14:31:37.255";"f";"";"17";"CONSOLIDADA";"";"Presencial";
"1225454";"17";"22129";"";"";"39180";"STRICTO SENSU";"";"Centro de Educação";"2014";"1";"2014-02-10";"2014-06-11";"2M6";"1";"1";"REGULAR";"f";"2014-06-21 14:15:01.697";"f";"";"16";"CONSOLIDADA";"";"Presencial";
"1225455";"18";"20855";"";"";"39180";"STRICTO SENSU";"";"Centro de Educação";"2014";"1";"2014-02-10";"2014-06-11";"4M6";"1";"1";"REGULAR";"f";"2014-12-11 12:17:17.104";"f";"";"17";"CONSOLIDADA";"";"Presencial";
"1225456";"15";"21949";"";"";"39173";"STRICTO SENSU";"";"Centro de Educação";"2014";"1";"2014-02-10";"2014-06-11";"3T6";"";"1";"REGULAR";"f";"";"f";"";"";"EXCLUÍDA";"";"Presencial";
"1225457";"01";"21949";"";"";"39178";"STRICTO SENSU";"";"Centro de Educação";"2014";"1";"2014-02-10";"2014-06-11";"5T6";"2";"1";"REGULAR";"f";"2015-01-05 05:06:31.451";"f";"";"0";"CONSOLIDADA";"";"Presencial";
"1225458";"15";"";"102231282";"";"45956";"GRADUAÇÃO";"";"LAJES/RN";"2014";"1";"2014-01-27";"2014-06-14";"";"1";"";"REGULAR";"t";"2014-06-24 10:13:08.407";"f";"";"0";"CONSOLIDADA";"";"A Distância";
"1225459";"02";"5752154";"";"";"52986";"GRADUAÇÃO";"Campus Central";"DEPARTAMENTO DE FISIOTERAPIA";"2014";"1";"2014-01-27";"2014-06-14";"3T2345";"31";"35";"REGULAR";"f";"2014-06-12 01:31:22.657";"f";"";"68";"CONSOLIDADA";"";"Presencial";
"1225459";"02";"22991";"";"";"52986";"GRADUAÇÃO";"Campus Central";"DEPARTAMENTO DE FISIOTERAPIA";"2014";"1";"2014-01-27";"2014-06-14";"3T2345";"31";"35";"REGULAR";"f";"2014-06-12 01:31:22.657";"f";"";"68";"CONSOLIDADA";"";"Presencial";
"1225460";"02";"22206";"";"";"42316";"STRICTO SENSU";"";"D1A";"2014";"1";"2014-02-10";"2014-07-08";"7M3456";"12";"10";"REGULAR";"f";"2014-07-01 10:06:48.763";"f";"";"80";"CONSOLIDADA";"";"Presencial";
"1225461";"02";"5756306";"";"";"2047923";"GRADUAÇÃO";"Campus Caicó";"A-02";"2014";"1";"2014-01-27";"2014-06-14";"2N1234";"51";"55";"REGULAR";"f";"2014-06-13 10:31:05.035";"f";"";"72";"CONSOLIDADA";"";"Presencial";
"1225462";"02";"5756417";"";"";"2047939";"GRADUAÇÃO";"Campus Caicó";"A-02";"2014";"1";"2014-01-27";"2014-06-14";"2T56  5N34";"54";"55";"REGULAR";"f";"2014-06-12 13:08:45.713";"f";"";"72";"CONSOLIDADA";"";"Presencial";
"1225463";"01";"5755912";"";"";"53935";"GRADUAÇÃO";"Campus Central";"3G1";"2014";"1";"2014-01-27";"2014-06-14";"6T12";"11";"60";"REGULAR";"f";"2014-06-13 12:43:57.922";"f";"";"36";"CONSOLIDADA";"";"Presencial";
"1225464";"02";"5753362";"";"";"46461";"GRADUAÇÃO";"Campus Central";"SEDIS";"2014";"1";"2014-01-27";"2014-06-14";"26N34";"";"40";"REGULAR";"f";"";"f";"";"";"EXCLUÍDA";"";"Presencial";
"1225465";"02";"5755912";"";"";"53935";"GRADUAÇÃO";"Campus Central";"3G1";"2014";"1";"2014-01-27";"2014-06-14";"5N12";"7";"60";"REGULAR";"f";"2014-06-11 18:07:59.354";"f";"";"34";"CONSOLIDADA";"";"Presencial";
"1225467";"02";"18654";"";"";"27526";"GRADUAÇÃO";"Campus Central";"FF - CCS";"2014";"1";"2014-01-27";"2014-06-14";"5T54";"54";"48";"REGULAR";"f";"2014-06-17 09:33:37.919";"f";"";"36";"CONSOLIDADA";"";"Presencial";
"1225468";"01";"18257";"";"";"38210";"STRICTO SENSU";"";"Sala de Aula do PPGG";"2014";"1";"2014-03-10";"2014-07-31";"24T34";"1";"6";"REGULAR";"f";"";"f";"";"";"EXCLUÍDA";"";"Presencial";
"1225469";"01";"22735";"";"";"38188";"STRICTO SENSU";"";"Sala de Aula do LGGP";"2014";"1";"2014-03-10";"2014-07-31";"24M23";"13";"13";"REGULAR";"f";"2014-07-18 09:10:57.547";"f";"";"70";"CONSOLIDADA";"";"Presencial";
"1225470";"01";"21737";"";"";"38191";"STRICTO SENSU";"";"Sala de Aula do PPGG";"2014";"1";"2014-03-10";"2014-07-31";"35T56";"15";"15";"REGULAR";"f";"2014-07-26 21:06:43.156";"f";"";"56";"CONSOLIDADA";"";"Presencial";
"1225471";"01";"17599";"";"Comporta 2 CR de aulas teóricas e 2 CR voltados à temática dos alunos";"38200";"STRICTO SENSU";"";"LGGP";"2014";"1";"2014-03-10";"2014-07-31";"4T3456";"4";"3";"REGULAR";"f";"2014-08-25 10:00:57.373";"f";"";"72";"CONSOLIDADA";"";"Presencial";
"1225472";"01";"20787";"";"";"2036864";"STRICTO SENSU";"";"Depto. Geofísica";"2014";"1";"2014-03-10";"2014-07-31";"24M34";"5";"5";"REGULAR";"f";"2014-07-30 10:06:52.919";"f";"";"78";"CONSOLIDADA";"";"Presencial";
"1225473";"01";"5754275";"";"";"38166";"STRICTO SENSU";"";"Depto. Geofísica";"2014";"1";"2014-03-10";"2014-07-31";"24M56";"5";"5";"REGULAR";"f";"2014-07-28 09:30:30.205";"f";"";"72";"CONSOLIDADA";"";"Presencial";
"1225474";"01";"5752841";"";"";"38213";"STRICTO SENSU";"";"Sala de Aula do PPGG";"2014";"1";"2014-03-10";"2014-07-31";"35M34 (10/03/2014 - 31/07/2014)";"5";"5";"REGULAR";"f";"2014-07-31 17:11:18.767";"f";"";"76";"CONSOLIDADA";"";"Presencial";
"1225476";"01";"5756386";"";"";"52403";"LATO SENSU";"";"Laboratórios da ECT e IMD";"2014";"1";"2014-01-11";"2014-01-18";"246M12  7T3456  7N1";"";"26";"REGULAR";"f";"2014-06-25 18:08:27.35";"f";"";"0";"CONSOLIDADA";"";"Presencial";
"1225477";"01";"21794";"";"O curso será em módulo com previsão de 4 aulas por dia no período da tarde";"38193";"STRICTO SENSU";"";"Sala de Aula do PPGG";"2014";"1";"2014-05-05";"2014-05-23";"35T56 (05/05/2014 - 23/05/2014)";"3";"10";"REGULAR";"f";"";"f";"";"";"EXCLUÍDA";"";"Presencial";
"1225478";"01";"18210";"";"";"49513";"GRADUAÇÃO";"Campus Central";"4A10";"2014";"1";"2014-01-27";"2014-06-14";"24T34 (27/01/2014 - 14/06/2014)";"11";"16";"REGULAR";"f";"2014-06-10 15:32:54.034";"f";"";"70";"CONSOLIDADA";"";"Presencial";
"1225479";"01";"18210";"";"";"49514";"GRADUAÇÃO";"Campus Central";"4A10";"2014";"1";"2014-01-27";"2014-06-14";"24T56 (27/01/2014 - 14/06/2014)";"11";"16";"REGULAR";"f";"2014-06-10 15:17:46.385";"f";"";"68";"CONSOLIDADA";"";"Presencial";
"1225480";"02";"2258517";"";"";"53245";"GRADUAÇÃO";"Campus Central";"CENTERN";"2014";"1";"2014-02-17";"2014-02-22";"23456M123456  23456T123456  23456N1234 (17/02/2014 - 22/02/2014)";"43";"60";"REGULAR";"f";"2014-06-20 10:52:45.516";"f";"";"80";"CONSOLIDADA";"";"Presencial";
"1225481";"11";"3031765";"";"";"46522";"GRADUAÇÃO";"";"EXTREMOZ/RN";"2014";"1";"2014-01-27";"2014-06-14";"";"1";"";"REGULAR";"t";"2014-06-07 20:13:40.781";"f";"";"0";"CONSOLIDADA";"";"A Distância";
"1225482";"04";"36449";"";"";"27173";"GRADUAÇÃO";"";"CAMPINA GRANDE/PB";"2014";"1";"2014-01-27";"2014-06-14";"";"";"";"REGULAR";"t";"";"f";"";"";"EXCLUÍDA";"";"A Distância";
"1225483";"01";"36449";"";"";"27173";"GRADUAÇÃO";"";"MACAU/RN";"2014";"1";"2014-01-27";"2014-06-14";"";"";"";"REGULAR";"t";"";"f";"";"";"EXCLUÍDA";"";"A Distância";
"1225484";"04";"36449";"";"";"27173";"GRADUAÇÃO";"";"CAMPINA GRANDE/PB";"2014";"1";"2014-01-27";"2014-06-14";"";"3";"";"REGULAR";"t";"2014-06-18 15:13:23.291";"f";"";"0";"CONSOLIDADA";"";"A Distância";
"1225485";"01";"36449";"";"";"27173";"GRADUAÇÃO";"";"MACAU/RN";"2014";"1";"2014-01-27";"2014-06-14";"";"3";"";"REGULAR";"t";"2014-06-18 15:16:00.431";"f";"";"0";"CONSOLIDADA";"";"A Distância";
"1225486";"04";"21706";"";"";"2049003";"GRADUAÇÃO";"Campus Central";"Sala 19";"2014";"1";"2014-01-27";"2014-06-14";"5N34";"6";"7";"REGULAR";"f";"2014-06-13 14:23:40.208";"f";"";"34";"CONSOLIDADA";"";"Presencial";
"1225487";"01";"26507";"";"";"25277";"GRADUAÇÃO";"Campus Central";"DOD";"2014";"1";"2014-01-27";"2014-06-14";"24M234";"40";"45";"REGULAR";"f";"2014-06-19 23:08:44.803";"f";"";"108";"CONSOLIDADA";"";"Presencial";
"1225488";"01";"5756074";"";"";"21866";"GRADUAÇÃO";"Campus Central";"DOD";"2014";"1";"2014-01-27";"2014-06-14";"356M2345";"8";"8";"REGULAR";"f";"2014-06-16 11:55:20.742";"f";"";"224";"CONSOLIDADA";"";"Presencial";
"1225488";"01";"19116";"";"";"21866";"GRADUAÇÃO";"Campus Central";"DOD";"2014";"1";"2014-01-27";"2014-06-14";"356M2345";"8";"8";"REGULAR";"f";"2014-06-16 11:55:20.742";"f";"";"224";"CONSOLIDADA";"";"Presencial";
"1225488";"01";"5754342";"";"";"21866";"GRADUAÇÃO";"Campus Central";"DOD";"2014";"1";"2014-01-27";"2014-06-14";"356M2345";"8";"8";"REGULAR";"f";"2014-06-16 11:55:20.742";"f";"";"224";"CONSOLIDADA";"";"Presencial";
"1225488";"01";"5755032";"";"";"21866";"GRADUAÇÃO";"Campus Central";"DOD";"2014";"1";"2014-01-27";"2014-06-14";"356M2345";"8";"8";"REGULAR";"f";"2014-06-16 11:55:20.742";"f";"";"224";"CONSOLIDADA";"";"Presencial";
"1225488";"01";"5755864";"";"";"21866";"GRADUAÇÃO";"Campus Central";"DOD";"2014";"1";"2014-01-27";"2014-06-14";"356M2345";"8";"8";"REGULAR";"f";"2014-06-16 11:55:20.742";"f";"";"224";"CONSOLIDADA";"";"Presencial";
"1225489";"02";"19170";"";"";"21866";"GRADUAÇÃO";"Campus Central";"DOD";"2014";"1";"2014-01-27";"2014-06-14";"356M2345";"9";"8";"REGULAR";"f";"2014-06-16 12:00:44.931";"f";"";"224";"CONSOLIDADA";"";"Presencial";
"1225489";"02";"5754928";"";"";"21866";"GRADUAÇÃO";"Campus Central";"DOD";"2014";"1";"2014-01-27";"2014-06-14";"356M2345";"9";"8";"REGULAR";"f";"2014-06-16 12:00:44.931";"f";"";"224";"CONSOLIDADA";"";"Presencial";
"1225489";"02";"5755411";"";"";"21866";"GRADUAÇÃO";"Campus Central";"DOD";"2014";"1";"2014-01-27";"2014-06-14";"356M2345";"9";"8";"REGULAR";"f";"2014-06-16 12:00:44.931";"f";"";"224";"CONSOLIDADA";"";"Presencial";
"1225489";"02";"5755894";"";"";"21866";"GRADUAÇÃO";"Campus Central";"DOD";"2014";"1";"2014-01-27";"2014-06-14";"356M2345";"9";"8";"REGULAR";"f";"2014-06-16 12:00:44.931";"f";"";"224";"CONSOLIDADA";"";"Presencial";
"1225489";"02";"5754342";"";"";"21866";"GRADUAÇÃO";"Campus Central";"DOD";"2014";"1";"2014-01-27";"2014-06-14";"356M2345";"9";"8";"REGULAR";"f";"2014-06-16 12:00:44.931";"f";"";"224";"CONSOLIDADA";"";"Presencial";
"1225490";"03";"5756074";"";"";"21866";"GRADUAÇÃO";"Campus Central";"DOD";"2014";"1";"2014-01-27";"2014-06-14";"356M2345";"8";"8";"REGULAR";"f";"2014-06-16 12:01:42.477";"f";"";"224";"CONSOLIDADA";"";"Presencial";
"1225490";"03";"5754518";"";"";"21866";"GRADUAÇÃO";"Campus Central";"DOD";"2014";"1";"2014-01-27";"2014-06-14";"356M2345";"8";"8";"REGULAR";"f";"2014-06-16 12:01:42.477";"f";"";"224";"CONSOLIDADA";"";"Presencial";
"1225490";"03";"5755411";"";"";"21866";"GRADUAÇÃO";"Campus Central";"DOD";"2014";"1";"2014-01-27";"2014-06-14";"356M2345";"8";"8";"REGULAR";"f";"2014-06-16 12:01:42.477";"f";"";"224";"CONSOLIDADA";"";"Presencial";
"1225490";"03";"5754342";"";"";"21866";"GRADUAÇÃO";"Campus Central";"DOD";"2014";"1";"2014-01-27";"2014-06-14";"356M2345";"8";"8";"REGULAR";"f";"2014-06-16 12:01:42.477";"f";"";"224";"CONSOLIDADA";"";"Presencial";
"1225491";"04";"5754342";"";"";"21866";"GRADUAÇÃO";"Campus Central";"DOD";"2014";"1";"2014-01-27";"2014-06-14";"356M2345";"8";"8";"REGULAR";"f";"2014-06-16 12:02:36.019";"f";"";"224";"CONSOLIDADA";"";"Presencial";
"1225491";"04";"5755032";"";"";"21866";"GRADUAÇÃO";"Campus Central";"DOD";"2014";"1";"2014-01-27";"2014-06-14";"356M2345";"8";"8";"REGULAR";"f";"2014-06-16 12:02:36.019";"f";"";"224";"CONSOLIDADA";"";"Presencial";
"1225491";"04";"26152";"";"";"21866";"GRADUAÇÃO";"Campus Central";"DOD";"2014";"1";"2014-01-27";"2014-06-14";"356M2345";"8";"8";"REGULAR";"f";"2014-06-16 12:02:36.019";"f";"";"224";"CONSOLIDADA";"";"Presencial";
"1225491";"04";"5754518";"";"";"21866";"GRADUAÇÃO";"Campus Central";"DOD";"2014";"1";"2014-01-27";"2014-06-14";"356M2345";"8";"8";"REGULAR";"f";"2014-06-16 12:02:36.019";"f";"";"224";"CONSOLIDADA";"";"Presencial";
"1225491";"04";"5756326";"";"";"21866";"GRADUAÇÃO";"Campus Central";"DOD";"2014";"1";"2014-01-27";"2014-06-14";"356M2345";"8";"8";"REGULAR";"f";"2014-06-16 12:02:36.019";"f";"";"224";"CONSOLIDADA";"";"Presencial";
"1225492";"05";"5754518";"";"";"21866";"GRADUAÇÃO";"Campus Central";"DOD";"2014";"1";"2014-01-27";"2014-06-14";"356M2345";"6";"8";"REGULAR";"f";"2014-06-16 12:03:22.161";"f";"";"224";"CONSOLIDADA";"";"Presencial";
"1225492";"05";"5754928";"";"";"21866";"GRADUAÇÃO";"Campus Central";"DOD";"2014";"1";"2014-01-27";"2014-06-14";"356M2345";"6";"8";"REGULAR";"f";"2014-06-16 12:03:22.161";"f";"";"224";"CONSOLIDADA";"";"Presencial";
"1225492";"05";"5755032";"";"";"21866";"GRADUAÇÃO";"Campus Central";"DOD";"2014";"1";"2014-01-27";"2014-06-14";"356M2345";"6";"8";"REGULAR";"f";"2014-06-16 12:03:22.161";"f";"";"224";"CONSOLIDADA";"";"Presencial";
"1225492";"05";"5754342";"";"";"21866";"GRADUAÇÃO";"Campus Central";"DOD";"2014";"1";"2014-01-27";"2014-06-14";"356M2345";"6";"8";"REGULAR";"f";"2014-06-16 12:03:22.161";"f";"";"224";"CONSOLIDADA";"";"Presencial";
"1225492";"05";"19116";"";"";"21866";"GRADUAÇÃO";"Campus Central";"DOD";"2014";"1";"2014-01-27";"2014-06-14";"356M2345";"6";"8";"REGULAR";"f";"2014-06-16 12:03:22.161";"f";"";"224";"CONSOLIDADA";"";"Presencial";
"1225492";"05";"5755411";"";"";"21866";"GRADUAÇÃO";"Campus Central";"DOD";"2014";"1";"2014-01-27";"2014-06-14";"356M2345";"6";"8";"REGULAR";"f";"2014-06-16 12:03:22.161";"f";"";"224";"CONSOLIDADA";"";"Presencial";
"1225493";"06";"5754342";"";"";"21866";"GRADUAÇÃO";"Campus Central";"DOD";"2014";"1";"2014-01-27";"2014-06-14";"356M2345";"7";"8";"REGULAR";"f";"2014-06-16 11:59:52.465";"f";"";"224";"CONSOLIDADA";"";"Presencial";
"1225493";"06";"5755894";"";"";"21866";"GRADUAÇÃO";"Campus Central";"DOD";"2014";"1";"2014-01-27";"2014-06-14";"356M2345";"7";"8";"REGULAR";"f";"2014-06-16 11:59:52.465";"f";"";"224";"CONSOLIDADA";"";"Presencial";
"1225493";"06";"19116";"";"";"21866";"GRADUAÇÃO";"Campus Central";"DOD";"2014";"1";"2014-01-27";"2014-06-14";"356M2345";"7";"8";"REGULAR";"f";"2014-06-16 11:59:52.465";"f";"";"224";"CONSOLIDADA";"";"Presencial";
"1225493";"06";"5755411";"";"";"21866";"GRADUAÇÃO";"Campus Central";"DOD";"2014";"1";"2014-01-27";"2014-06-14";"356M2345";"7";"8";"REGULAR";"f";"2014-06-16 11:59:52.465";"f";"";"224";"CONSOLIDADA";"";"Presencial";
"1225493";"06";"5756074";"";"";"21866";"GRADUAÇÃO";"Campus Central";"DOD";"2014";"1";"2014-01-27";"2014-06-14";"356M2345";"7";"8";"REGULAR";"f";"2014-06-16 11:59:52.465";"f";"";"224";"CONSOLIDADA";"";"Presencial";
"1225494";"04";"5753597";"";"";"42411";"GRADUAÇÃO";"";"CAMPINA GRANDE/PB";"2014";"1";"2014-01-27";"2014-06-14";"";"1";"";"REGULAR";"t";"2014-06-20 19:46:10.899";"f";"";"0";"CONSOLIDADA";"";"A Distância";
"1225495";"05";"5753597";"";"";"42411";"GRADUAÇÃO";"";"GARANHUNS/PE";"2014";"1";"2014-01-27";"2014-06-14";"";"0";"";"REGULAR";"t";"";"f";"";"";"EXCLUÍDA";"";"A Distância";
"1225496";"01";"5752878";"";"";"25756";"GRADUAÇÃO";"Campus Central";"Sala 08";"2014";"1";"2014-01-27";"2014-06-14";"3M56";"4";"5";"REGULAR";"f";"";"f";"";"";"EXCLUÍDA";"";"Presencial";
"1225497";"04";"5753629";"";"";"27185";"GRADUAÇÃO";"";"CAMPINA GRANDE/PB";"2014";"1";"2014-01-27";"2014-06-14";"";"1";"";"REGULAR";"t";"2014-06-05 12:01:22.356";"f";"";"0";"CONSOLIDADA";"";"A Distância";
"1225498";"05B";"5753597";"";"";"27185";"GRADUAÇÃO";"";"GARANHUNS/PE";"2014";"1";"2014-01-27";"2014-06-14";"";"";"";"REGULAR";"t";"";"f";"";"";"EXCLUÍDA";"";"A Distância";
"1225499";"14";"5754340";"";"";"24567";"GRADUAÇÃO";"";"CAICÓ/RN";"2014";"1";"2014-01-27";"2014-06-14";"";"16";"";"REGULAR";"t";"2014-06-14 15:17:10.407";"f";"";"0";"CONSOLIDADA";"";"A Distância";
"1225500";"02";"5754340";"";"";"24567";"GRADUAÇÃO";"";"CURRIAS NOVOS/RN";"2014";"1";"2014-01-27";"2014-06-14";"";"2";"";"REGULAR";"t";"2014-06-14 15:11:44.789";"f";"";"0";"CONSOLIDADA";"";"A Distância";
"1225501";"11";"5754340";"";"";"24567";"GRADUAÇÃO";"";"EXTREMOZ/RN";"2014";"1";"2014-01-27";"2014-06-14";"";"";"";"REGULAR";"t";"";"f";"";"";"EXCLUÍDA";"";"A Distância";
"1225502";"20";"5754340";"";"";"24567";"GRADUAÇÃO";"";"GROSSOS/RN";"2014";"1";"2014-01-27";"2014-06-14";"";"12";"";"REGULAR";"t";"2014-06-14 15:19:48.065";"f";"";"0";"CONSOLIDADA";"";"A Distância";
"1225503";"15";"5754340";"";"";"24567";"GRADUAÇÃO";"";"LAJES/RN";"2014";"1";"2014-01-27";"2014-06-14";"";"2";"";"REGULAR";"t";"2014-06-14 15:17:42.616";"f";"";"0";"CONSOLIDADA";"";"A Distância";
"1225504";"12";"5754340";"";"";"24567";"GRADUAÇÃO";"";"LUÍS GOMES/RN";"2014";"1";"2014-01-27";"2014-06-14";"";"30";"";"REGULAR";"t";"2014-06-14 15:15:03.549";"f";"";"0";"CONSOLIDADA";"";"A Distância";
"1225505";"01";"5754340";"";"";"24567";"GRADUAÇÃO";"";"MACAU/RN";"2014";"1";"2014-01-27";"2014-06-14";"";"11";"";"REGULAR";"t";"2014-06-14 14:52:55.18";"f";"";"0";"CONSOLIDADA";"";"A Distância";
"1225506";"16";"5754340";"";"";"24567";"GRADUAÇÃO";"";"MARCELINO VIEIRA/RN";"2014";"1";"2014-01-27";"2014-06-14";"";"6";"";"REGULAR";"t";"2014-06-14 15:18:39.76";"f";"";"0";"CONSOLIDADA";"";"A Distância";
"1225507";"13";"5754340";"";"";"24567";"GRADUAÇÃO";"";"MARTINS/RN";"2014";"1";"2014-01-27";"2014-06-14";"";"16";"";"REGULAR";"t";"2014-06-14 15:16:15.536";"f";"";"0";"CONSOLIDADA";"";"A Distância";
"1225508";"18";"5754340";"";"";"24567";"GRADUAÇÃO";"";"NATAL/RN";"2014";"1";"2014-01-27";"2014-06-14";"";"7";"";"REGULAR";"t";"2014-06-14 15:19:16.045";"f";"";"0";"CONSOLIDADA";"";"A Distância";
"1225509";"03";"5754340";"";"";"24567";"GRADUAÇÃO";"";"NOVA CRUZ/RN";"2014";"1";"2014-01-27";"2014-06-14";"";"29";"";"REGULAR";"t";"2014-06-14 15:10:04.496";"f";"";"0";"CONSOLIDADA";"";"A Distância";
"1225510";"21";"5754340";"";"";"24567";"GRADUAÇÃO";"";"PARNAMIRIM/RN";"2014";"1";"2014-01-27";"2014-06-14";"";"6";"";"REGULAR";"t";"2014-06-14 15:21:10.653";"f";"";"0";"CONSOLIDADA";"";"A Distância";
"1225511";"01";"20238";"";"";"55265";"STRICTO SENSU";"";"SETOR V - SALA D3";"2014";"1";"2014-02-03";"2014-06-13";"6M34";"1";"30";"REGULAR";"f";"";"f";"";"";"EXCLUÍDA";"";"Presencial";
"1225512";"01";"5753595";"";"";"55268";"STRICTO SENSU";"";"SETOR V - SALA D3";"2014";"1";"2014-02-03";"2014-06-13";"4M56";"4";"30";"REGULAR";"f";"2014-06-18 09:23:39.124";"f";"";"36";"CONSOLIDADA";"";"Presencial";
"1225513";"01";"5753595";"";"";"55267";"STRICTO SENSU";"";"SETOR V - SALA D3";"2014";"1";"2014-02-03";"2014-06-13";"4M34";"5";"30";"REGULAR";"f";"2014-06-18 09:20:21.119";"f";"";"36";"CONSOLIDADA";"";"Presencial";
"1225516";"04";"5752299";"";"";"27149";"GRADUAÇÃO";"";"CAMPINA GRANDE/PB";"2014";"1";"2014-01-27";"2014-06-14";"";"1";"";"REGULAR";"t";"2014-06-09 11:29:48.319";"f";"";"0";"CONSOLIDADA";"";"A Distância";
"1225516";"04";"21391";"";"";"27149";"GRADUAÇÃO";"";"CAMPINA GRANDE/PB";"2014";"1";"2014-01-27";"2014-06-14";"";"1";"";"REGULAR";"t";"2014-06-09 11:29:48.319";"f";"";"0";"CONSOLIDADA";"";"A Distância";
"1225517";"05";"21391";"";"";"27149";"GRADUAÇÃO";"";"GARANHUNS/PE";"2014";"1";"2014-01-27";"2014-06-14";"";"0";"";"REGULAR";"t";"";"f";"";"";"EXCLUÍDA";"";"A Distância";
"1225517";"05";"5752299";"";"";"27149";"GRADUAÇÃO";"";"GARANHUNS/PE";"2014";"1";"2014-01-27";"2014-06-14";"";"0";"";"REGULAR";"t";"";"f";"";"";"EXCLUÍDA";"";"A Distância";
"1225518";"04";"19122";"";"";"27121";"GRADUAÇÃO";"";"CAMPINA GRANDE/PB";"2014";"1";"2014-01-27";"2014-06-14";"";"1";"";"REGULAR";"t";"2014-06-25 10:05:03.141";"f";"";"0";"CONSOLIDADA";"";"A Distância";
"1225518";"04";"";"4942767";"";"27121";"GRADUAÇÃO";"";"CAMPINA GRANDE/PB";"2014";"1";"2014-01-27";"2014-06-14";"";"1";"";"REGULAR";"t";"2014-06-25 10:05:03.141";"f";"";"0";"CONSOLIDADA";"";"A Distância";
"1225520";"01";"20885";"";"";"55275";"STRICTO SENSU";"";"SETOR V - SALA D2";"2014";"1";"2014-02-03";"2014-06-13";"4M34";"14";"40";"REGULAR";"f";"2015-03-18 14:29:46.562";"f";"";"36";"CONSOLIDADA";"";"Presencial";
"1225521";"02";"5756417";"";"";"51418";"GRADUAÇÃO";"Campus Caicó";"Sala de vídeo";"2014";"1";"2014-01-27";"2014-06-14";"23N12";"30";"55";"REGULAR";"f";"2014-06-16 14:38:42.967";"f";"";"76";"CONSOLIDADA";"";"Presencial";
"1225522";"01";"5752965";"";"";"42351";"STRICTO SENSU";"";"D1A";"2014";"1";"2014-02-10";"2014-07-08";"6N12";"14";"15";"REGULAR";"f";"2015-02-11 11:05:55.308";"f";"";"38";"CONSOLIDADA";"";"Presencial";
"1225523";"04";"23165";"";"";"54430";"STRICTO SENSU";"";"campus de currais novos - sala 07";"2014";"1";"2014-02-07";"2014-03-14";"6M2345  6T1234 (07/02/2014 - 14/03/2014)";"21";"22";"REGULAR";"f";"2014-10-10 14:47:14.277";"f";"";"48";"CONSOLIDADA";"";"Presencial";
"1225524";"02";"23193";"";"";"54433";"STRICTO SENSU";"";"campus de currais novos - sala 07";"2014";"1";"2014-03-21";"2014-06-30";"6M2345 (21/03/2014 - 30/06/2014)";"21";"22";"REGULAR";"f";"2014-07-14 07:25:19.782";"f";"";"52";"CONSOLIDADA";"";"Presencial";
"1225525";"02";"20786";"";"";"54432";"STRICTO SENSU";"";"campus de currais novos - sala 07";"2014";"1";"2014-03-21";"2014-06-30";"6T1234 (21/03/2014 - 30/06/2014)";"21";"22";"REGULAR";"f";"2015-03-18 11:57:07.295";"f";"";"52";"CONSOLIDADA";"";"Presencial";
"1225526";"01A";"5753597";"";"";"42412";"GRADUAÇÃO";"";"MACAU/RN";"2014";"1";"2014-01-27";"2014-06-14";"";"";"";"ENSINO INDIVIDUAL";"t";"";"f";"";"";"EXCLUÍDA";"";"A Distância";
"1225527";"28";"5754972";"";"";"46631";"GRADUAÇÃO";"Campus Central";"CARNAÚBA";"2014";"1";"2014-01-27";"2014-06-14";"5T56 7T34";"5";"26";"REGULAR";"f";"2014-06-20 23:38:36.124";"f";"";"0";"CONSOLIDADA";"";"Presencial";
"1225528";"29";"5754972";"";"";"46631";"GRADUAÇÃO";"Campus Central";"CATOLÉ";"2014";"1";"2014-01-27";"2014-06-14";"7T12  5N12";"4";"41";"REGULAR";"f";"2014-06-20 23:40:17.903";"f";"";"0";"CONSOLIDADA";"";"Presencial";
"1225529";"01";"5756378";"";"";"2052852";"GRADUAÇÃO";"Campus Central";"UBS de Nova Cidade";"2014";"1";"2014-01-27";"2014-06-14";"3T2345";"8";"17";"REGULAR";"f";"2014-06-05 15:27:47.783";"f";"";"72";"CONSOLIDADA";"";"Presencial";
"1225529";"01";"18885";"";"";"2052852";"GRADUAÇÃO";"Campus Central";"UBS de Nova Cidade";"2014";"1";"2014-01-27";"2014-06-14";"3T2345";"8";"17";"REGULAR";"f";"2014-06-05 15:27:47.783";"f";"";"72";"CONSOLIDADA";"";"Presencial";
"1225530";"01";"18885";"";"";"25308";"GRADUAÇÃO";"Campus Central";"UBS de Cidade Nova";"2014";"1";"2014-01-27";"2014-06-14";"5M2345";"15";"20";"REGULAR";"f";"2014-06-05 15:42:11.879";"f";"";"68";"CONSOLIDADA";"";"Presencial";
"1225530";"01";"5756378";"";"";"25308";"GRADUAÇÃO";"Campus Central";"UBS de Cidade Nova";"2014";"1";"2014-01-27";"2014-06-14";"5M2345";"15";"20";"REGULAR";"f";"2014-06-05 15:42:11.879";"f";"";"68";"CONSOLIDADA";"";"Presencial";
"1225531";"01";"22936";"";"";"37091";"STRICTO SENSU";"";"sala de aulas do PPGCEM";"2014";"1";"2014-02-03";"2014-07-31";"6T2345";"3";"15";"REGULAR";"f";"2014-05-16 12:47:46.972";"f";"";"56";"CONSOLIDADA";"";"Presencial";
"1225532";"02";"5752255";"";"";"2052852";"GRADUAÇÃO";"Campus Central";"UBS de Monte Líbano";"2014";"1";"2014-01-27";"2014-06-14";"3T2345";"11";"17";"REGULAR";"f";"2014-06-13 17:57:55.566";"f";"";"68";"CONSOLIDADA";"";"Presencial";
"1225533";"01";"5756388";"";"";"52522";"GRADUAÇÃO";"Campus Central";"DTG";"2014";"1";"2014-01-27";"2014-04-04";"246M3456 (27/01/2014 - 31/01/2014), 24M6 6M3456 (03/02/2014 - 04/04/2014)";"28";"30";"REGULAR";"f";"2014-06-23 13:04:55.678";"f";"";"60";"CONSOLIDADA";"";"Presencial";
"1225533";"01";"26319";"";"";"52522";"GRADUAÇÃO";"Campus Central";"DTG";"2014";"1";"2014-01-27";"2014-04-04";"246M3456 (27/01/2014 - 31/01/2014), 24M6 6M3456 (03/02/2014 - 04/04/2014)";"28";"30";"REGULAR";"f";"2014-06-23 13:04:55.678";"f";"";"60";"CONSOLIDADA";"";"Presencial";
"1225533";"01";"5753071";"";"";"52522";"GRADUAÇÃO";"Campus Central";"DTG";"2014";"1";"2014-01-27";"2014-04-04";"246M3456 (27/01/2014 - 31/01/2014), 24M6 6M3456 (03/02/2014 - 04/04/2014)";"28";"30";"REGULAR";"f";"2014-06-23 13:04:55.678";"f";"";"60";"CONSOLIDADA";"";"Presencial";
"1225533";"01";"5753807";"";"";"52522";"GRADUAÇÃO";"Campus Central";"DTG";"2014";"1";"2014-01-27";"2014-04-04";"246M3456 (27/01/2014 - 31/01/2014), 24M6 6M3456 (03/02/2014 - 04/04/2014)";"28";"30";"REGULAR";"f";"2014-06-23 13:04:55.678";"f";"";"60";"CONSOLIDADA";"";"Presencial";
"1225533";"01";"5753770";"";"";"52522";"GRADUAÇÃO";"Campus Central";"DTG";"2014";"1";"2014-01-27";"2014-04-04";"246M3456 (27/01/2014 - 31/01/2014), 24M6 6M3456 (03/02/2014 - 04/04/2014)";"28";"30";"REGULAR";"f";"2014-06-23 13:04:55.678";"f";"";"60";"CONSOLIDADA";"";"Presencial";
"1225533";"01";"5752793";"";"";"52522";"GRADUAÇÃO";"Campus Central";"DTG";"2014";"1";"2014-01-27";"2014-04-04";"246M3456 (27/01/2014 - 31/01/2014), 24M6 6M3456 (03/02/2014 - 04/04/2014)";"28";"30";"REGULAR";"f";"2014-06-23 13:04:55.678";"f";"";"60";"CONSOLIDADA";"";"Presencial";
"1225533";"01";"26582";"";"";"52522";"GRADUAÇÃO";"Campus Central";"DTG";"2014";"1";"2014-01-27";"2014-04-04";"246M3456 (27/01/2014 - 31/01/2014), 24M6 6M3456 (03/02/2014 - 04/04/2014)";"28";"30";"REGULAR";"f";"2014-06-23 13:04:55.678";"f";"";"60";"CONSOLIDADA";"";"Presencial";
"1225533";"01";"23673";"";"";"52522";"GRADUAÇÃO";"Campus Central";"DTG";"2014";"1";"2014-01-27";"2014-04-04";"246M3456 (27/01/2014 - 31/01/2014), 24M6 6M3456 (03/02/2014 - 04/04/2014)";"28";"30";"REGULAR";"f";"2014-06-23 13:04:55.678";"f";"";"60";"CONSOLIDADA";"";"Presencial";
"1225533";"01";"22765";"";"";"52522";"GRADUAÇÃO";"Campus Central";"DTG";"2014";"1";"2014-01-27";"2014-04-04";"246M3456 (27/01/2014 - 31/01/2014), 24M6 6M3456 (03/02/2014 - 04/04/2014)";"28";"30";"REGULAR";"f";"2014-06-23 13:04:55.678";"f";"";"60";"CONSOLIDADA";"";"Presencial";
"1225533";"01";"17519";"";"";"52522";"GRADUAÇÃO";"Campus Central";"DTG";"2014";"1";"2014-01-27";"2014-04-04";"246M3456 (27/01/2014 - 31/01/2014), 24M6 6M3456 (03/02/2014 - 04/04/2014)";"28";"30";"REGULAR";"f";"2014-06-23 13:04:55.678";"f";"";"60";"CONSOLIDADA";"";"Presencial";
"1225534";"02";"22765";"";"";"52522";"GRADUAÇÃO";"Campus Central";"DTG";"2014";"1";"2014-04-07";"2014-06-13";"246M3456 (07/04/2014 - 11/04/2014), 24M6 6M3456 (14/04/2014 - 13/06/2014)";"28";"30";"REGULAR";"f";"2014-06-19 12:44:22.423";"f";"";"61";"CONSOLIDADA";"";"Presencial";
"1225534";"02";"23673";"";"";"52522";"GRADUAÇÃO";"Campus Central";"DTG";"2014";"1";"2014-04-07";"2014-06-13";"246M3456 (07/04/2014 - 11/04/2014), 24M6 6M3456 (14/04/2014 - 13/06/2014)";"28";"30";"REGULAR";"f";"2014-06-19 12:44:22.423";"f";"";"61";"CONSOLIDADA";"";"Presencial";
"1225534";"02";"5753071";"";"";"52522";"GRADUAÇÃO";"Campus Central";"DTG";"2014";"1";"2014-04-07";"2014-06-13";"246M3456 (07/04/2014 - 11/04/2014), 24M6 6M3456 (14/04/2014 - 13/06/2014)";"28";"30";"REGULAR";"f";"2014-06-19 12:44:22.423";"f";"";"61";"CONSOLIDADA";"";"Presencial";
"1225534";"02";"5753807";"";"";"52522";"GRADUAÇÃO";"Campus Central";"DTG";"2014";"1";"2014-04-07";"2014-06-13";"246M3456 (07/04/2014 - 11/04/2014), 24M6 6M3456 (14/04/2014 - 13/06/2014)";"28";"30";"REGULAR";"f";"2014-06-19 12:44:22.423";"f";"";"61";"CONSOLIDADA";"";"Presencial";
"1225534";"02";"26582";"";"";"52522";"GRADUAÇÃO";"Campus Central";"DTG";"2014";"1";"2014-04-07";"2014-06-13";"246M3456 (07/04/2014 - 11/04/2014), 24M6 6M3456 (14/04/2014 - 13/06/2014)";"28";"30";"REGULAR";"f";"2014-06-19 12:44:22.423";"f";"";"61";"CONSOLIDADA";"";"Presencial";
"1225534";"02";"5756388";"";"";"52522";"GRADUAÇÃO";"Campus Central";"DTG";"2014";"1";"2014-04-07";"2014-06-13";"246M3456 (07/04/2014 - 11/04/2014), 24M6 6M3456 (14/04/2014 - 13/06/2014)";"28";"30";"REGULAR";"f";"2014-06-19 12:44:22.423";"f";"";"61";"CONSOLIDADA";"";"Presencial";
"1225534";"02";"26319";"";"";"52522";"GRADUAÇÃO";"Campus Central";"DTG";"2014";"1";"2014-04-07";"2014-06-13";"246M3456 (07/04/2014 - 11/04/2014), 24M6 6M3456 (14/04/2014 - 13/06/2014)";"28";"30";"REGULAR";"f";"2014-06-19 12:44:22.423";"f";"";"61";"CONSOLIDADA";"";"Presencial";
"1225534";"02";"5753770";"";"";"52522";"GRADUAÇÃO";"Campus Central";"DTG";"2014";"1";"2014-04-07";"2014-06-13";"246M3456 (07/04/2014 - 11/04/2014), 24M6 6M3456 (14/04/2014 - 13/06/2014)";"28";"30";"REGULAR";"f";"2014-06-19 12:44:22.423";"f";"";"61";"CONSOLIDADA";"";"Presencial";
"1225534";"02";"17519";"";"";"52522";"GRADUAÇÃO";"Campus Central";"DTG";"2014";"1";"2014-04-07";"2014-06-13";"246M3456 (07/04/2014 - 11/04/2014), 24M6 6M3456 (14/04/2014 - 13/06/2014)";"28";"30";"REGULAR";"f";"2014-06-19 12:44:22.423";"f";"";"61";"CONSOLIDADA";"";"Presencial";
"1225534";"02";"5752793";"";"";"52522";"GRADUAÇÃO";"Campus Central";"DTG";"2014";"1";"2014-04-07";"2014-06-13";"246M3456 (07/04/2014 - 11/04/2014), 24M6 6M3456 (14/04/2014 - 13/06/2014)";"28";"30";"REGULAR";"f";"2014-06-19 12:44:22.423";"f";"";"61";"CONSOLIDADA";"";"Presencial";
"1225535";"01";"5752793";"";"";"52523";"GRADUAÇÃO";"Campus Central";"DTG";"2014";"1";"2014-02-03";"2014-04-02";"24M345 (03/02/2014 - 02/04/2014)";"4";"4";"REGULAR";"f";"2014-06-23 12:59:32.482";"f";"";"48";"CONSOLIDADA";"";"Presencial";
"1225535";"01";"26582";"";"";"52523";"GRADUAÇÃO";"Campus Central";"DTG";"2014";"1";"2014-02-03";"2014-04-02";"24M345 (03/02/2014 - 02/04/2014)";"4";"4";"REGULAR";"f";"2014-06-23 12:59:32.482";"f";"";"48";"CONSOLIDADA";"";"Presencial";
"1225535";"01";"19096";"";"";"52523";"GRADUAÇÃO";"Campus Central";"DTG";"2014";"1";"2014-02-03";"2014-04-02";"24M345 (03/02/2014 - 02/04/2014)";"4";"4";"REGULAR";"f";"2014-06-23 12:59:32.482";"f";"";"48";"CONSOLIDADA";"";"Presencial";
"1225535";"01";"17519";"";"";"52523";"GRADUAÇÃO";"Campus Central";"DTG";"2014";"1";"2014-02-03";"2014-04-02";"24M345 (03/02/2014 - 02/04/2014)";"4";"4";"REGULAR";"f";"2014-06-23 12:59:32.482";"f";"";"48";"CONSOLIDADA";"";"Presencial";
"1225535";"01";"23673";"";"";"52523";"GRADUAÇÃO";"Campus Central";"DTG";"2014";"1";"2014-02-03";"2014-04-02";"24M345 (03/02/2014 - 02/04/2014)";"4";"4";"REGULAR";"f";"2014-06-23 12:59:32.482";"f";"";"48";"CONSOLIDADA";"";"Presencial";
"1225535";"01";"5756388";"";"";"52523";"GRADUAÇÃO";"Campus Central";"DTG";"2014";"1";"2014-02-03";"2014-04-02";"24M345 (03/02/2014 - 02/04/2014)";"4";"4";"REGULAR";"f";"2014-06-23 12:59:32.482";"f";"";"48";"CONSOLIDADA";"";"Presencial";
"1225535";"01";"22765";"";"";"52523";"GRADUAÇÃO";"Campus Central";"DTG";"2014";"1";"2014-02-03";"2014-04-02";"24M345 (03/02/2014 - 02/04/2014)";"4";"4";"REGULAR";"f";"2014-06-23 12:59:32.482";"f";"";"48";"CONSOLIDADA";"";"Presencial";
"1225535";"01";"5756397";"";"";"52523";"GRADUAÇÃO";"Campus Central";"DTG";"2014";"1";"2014-02-03";"2014-04-02";"24M345 (03/02/2014 - 02/04/2014)";"4";"4";"REGULAR";"f";"2014-06-23 12:59:32.482";"f";"";"48";"CONSOLIDADA";"";"Presencial";
"1225536";"02";"22765";"";"";"52523";"GRADUAÇÃO";"Campus Central";"DTG";"2014";"1";"2014-04-14";"2014-06-05";"24M345 (14/04/2014 - 05/06/2014)";"2";"4";"REGULAR";"f";"2014-06-19 12:29:49.399";"f";"";"45";"CONSOLIDADA";"";"Presencial";
"1225536";"02";"5756388";"";"";"52523";"GRADUAÇÃO";"Campus Central";"DTG";"2014";"1";"2014-04-14";"2014-06-05";"24M345 (14/04/2014 - 05/06/2014)";"2";"4";"REGULAR";"f";"2014-06-19 12:29:49.399";"f";"";"45";"CONSOLIDADA";"";"Presencial";
"1225536";"02";"5756397";"";"";"52523";"GRADUAÇÃO";"Campus Central";"DTG";"2014";"1";"2014-04-14";"2014-06-05";"24M345 (14/04/2014 - 05/06/2014)";"2";"4";"REGULAR";"f";"2014-06-19 12:29:49.399";"f";"";"45";"CONSOLIDADA";"";"Presencial";
"1225536";"02";"17519";"";"";"52523";"GRADUAÇÃO";"Campus Central";"DTG";"2014";"1";"2014-04-14";"2014-06-05";"24M345 (14/04/2014 - 05/06/2014)";"2";"4";"REGULAR";"f";"2014-06-19 12:29:49.399";"f";"";"45";"CONSOLIDADA";"";"Presencial";
"1225536";"02";"19096";"";"";"52523";"GRADUAÇÃO";"Campus Central";"DTG";"2014";"1";"2014-04-14";"2014-06-05";"24M345 (14/04/2014 - 05/06/2014)";"2";"4";"REGULAR";"f";"2014-06-19 12:29:49.399";"f";"";"45";"CONSOLIDADA";"";"Presencial";
"1225536";"02";"23673";"";"";"52523";"GRADUAÇÃO";"Campus Central";"DTG";"2014";"1";"2014-04-14";"2014-06-05";"24M345 (14/04/2014 - 05/06/2014)";"2";"4";"REGULAR";"f";"2014-06-19 12:29:49.399";"f";"";"45";"CONSOLIDADA";"";"Presencial";
"1225536";"02";"5752793";"";"";"52523";"GRADUAÇÃO";"Campus Central";"DTG";"2014";"1";"2014-04-14";"2014-06-05";"24M345 (14/04/2014 - 05/06/2014)";"2";"4";"REGULAR";"f";"2014-06-19 12:29:49.399";"f";"";"45";"CONSOLIDADA";"";"Presencial";
"1225536";"02";"26582";"";"";"52523";"GRADUAÇÃO";"Campus Central";"DTG";"2014";"1";"2014-04-14";"2014-06-05";"24M345 (14/04/2014 - 05/06/2014)";"2";"4";"REGULAR";"f";"2014-06-19 12:29:49.399";"f";"";"45";"CONSOLIDADA";"";"Presencial";
"1225537";"01";"26307";"";"";"40481";"STRICTO SENSU";"";"SALA 17 - CENOTEC/DEART";"2014";"1";"2014-02-12";"2014-06-13";"2T3456";"16";"17";"REGULAR";"f";"2014-07-18 21:01:02.934";"f";"";"60";"CONSOLIDADA";"";"Presencial";
"1225538";"01";"5753815";"";"";"40480";"STRICTO SENSU";"";"SALA 25 - DEART";"2014";"1";"2014-02-12";"2014-06-13";"3T2345";"16";"17";"REGULAR";"f";"2014-06-24 16:22:33.867";"f";"";"69";"CONSOLIDADA";"";"Presencial";
"1225538";"01";"22147";"";"";"40480";"STRICTO SENSU";"";"SALA 25 - DEART";"2014";"1";"2014-02-12";"2014-06-13";"3T2345";"16";"17";"REGULAR";"f";"2014-06-24 16:22:33.867";"f";"";"69";"CONSOLIDADA";"";"Presencial";
"1225538";"01";"5753050";"";"";"40480";"STRICTO SENSU";"";"SALA 25 - DEART";"2014";"1";"2014-02-12";"2014-06-13";"3T2345";"16";"17";"REGULAR";"f";"2014-06-24 16:22:33.867";"f";"";"69";"CONSOLIDADA";"";"Presencial";
"1225539";"01";"5753820";"";"";"40492";"STRICTO SENSU";"";"SALA 25 - DEART";"2014";"1";"2014-02-12";"2014-06-13";"4T123";"23";"25";"REGULAR";"f";"2014-07-11 08:54:20.741";"f";"";"51";"CONSOLIDADA";"";"Presencial";
"1225540";"01";"5755030";"";"";"40489";"STRICTO SENSU";"";"SALAS 18 E 19 - DEART";"2014";"1";"2014-02-12";"2014-06-13";"4T456";"19";"25";"REGULAR";"f";"2014-07-13 10:47:40.366";"f";"";"48";"CONSOLIDADA";"";"Presencial";
"1225540";"01";"23144";"";"";"40489";"STRICTO SENSU";"";"SALAS 18 E 19 - DEART";"2014";"1";"2014-02-12";"2014-06-13";"4T456";"19";"25";"REGULAR";"f";"2014-07-13 10:47:40.366";"f";"";"48";"CONSOLIDADA";"";"Presencial";
"1225541";"03";"5752793";"";"";"52523";"GRADUAÇÃO";"Campus Central";"DTG";"2014";"1";"2014-02-03";"2014-04-02";"24M345 (03/02/2014 - 02/04/2014)";"3";"4";"REGULAR";"f";"2014-04-24 10:46:09.795";"f";"";"48";"CONSOLIDADA";"";"Presencial";
"1225541";"03";"17519";"";"";"52523";"GRADUAÇÃO";"Campus Central";"DTG";"2014";"1";"2014-02-03";"2014-04-02";"24M345 (03/02/2014 - 02/04/2014)";"3";"4";"REGULAR";"f";"2014-04-24 10:46:09.795";"f";"";"48";"CONSOLIDADA";"";"Presencial";
"1225541";"03";"22765";"";"";"52523";"GRADUAÇÃO";"Campus Central";"DTG";"2014";"1";"2014-02-03";"2014-04-02";"24M345 (03/02/2014 - 02/04/2014)";"3";"4";"REGULAR";"f";"2014-04-24 10:46:09.795";"f";"";"48";"CONSOLIDADA";"";"Presencial";
"1225541";"03";"19096";"";"";"52523";"GRADUAÇÃO";"Campus Central";"DTG";"2014";"1";"2014-02-03";"2014-04-02";"24M345 (03/02/2014 - 02/04/2014)";"3";"4";"REGULAR";"f";"2014-04-24 10:46:09.795";"f";"";"48";"CONSOLIDADA";"";"Presencial";
"1225541";"03";"5756397";"";"";"52523";"GRADUAÇÃO";"Campus Central";"DTG";"2014";"1";"2014-02-03";"2014-04-02";"24M345 (03/02/2014 - 02/04/2014)";"3";"4";"REGULAR";"f";"2014-04-24 10:46:09.795";"f";"";"48";"CONSOLIDADA";"";"Presencial";
"1225541";"03";"5756388";"";"";"52523";"GRADUAÇÃO";"Campus Central";"DTG";"2014";"1";"2014-02-03";"2014-04-02";"24M345 (03/02/2014 - 02/04/2014)";"3";"4";"REGULAR";"f";"2014-04-24 10:46:09.795";"f";"";"48";"CONSOLIDADA";"";"Presencial";
"1225541";"03";"23673";"";"";"52523";"GRADUAÇÃO";"Campus Central";"DTG";"2014";"1";"2014-02-03";"2014-04-02";"24M345 (03/02/2014 - 02/04/2014)";"3";"4";"REGULAR";"f";"2014-04-24 10:46:09.795";"f";"";"48";"CONSOLIDADA";"";"Presencial";
"1225541";"03";"26582";"";"";"52523";"GRADUAÇÃO";"Campus Central";"DTG";"2014";"1";"2014-02-03";"2014-04-02";"24M345 (03/02/2014 - 02/04/2014)";"3";"4";"REGULAR";"f";"2014-04-24 10:46:09.795";"f";"";"48";"CONSOLIDADA";"";"Presencial";
"1225542";"04";"17519";"";"";"52523";"GRADUAÇÃO";"Campus Central";"DTG";"2014";"1";"2014-02-03";"2014-04-02";"24M345 (03/02/2014 - 02/04/2014)";"4";"4";"REGULAR";"f";"2014-04-24 10:49:23.273";"f";"";"48";"CONSOLIDADA";"";"Presencial";
"1225542";"04";"22765";"";"";"52523";"GRADUAÇÃO";"Campus Central";"DTG";"2014";"1";"2014-02-03";"2014-04-02";"24M345 (03/02/2014 - 02/04/2014)";"4";"4";"REGULAR";"f";"2014-04-24 10:49:23.273";"f";"";"48";"CONSOLIDADA";"";"Presencial";
"1225542";"04";"5756397";"";"";"52523";"GRADUAÇÃO";"Campus Central";"DTG";"2014";"1";"2014-02-03";"2014-04-02";"24M345 (03/02/2014 - 02/04/2014)";"4";"4";"REGULAR";"f";"2014-04-24 10:49:23.273";"f";"";"48";"CONSOLIDADA";"";"Presencial";
"1225542";"04";"26582";"";"";"52523";"GRADUAÇÃO";"Campus Central";"DTG";"2014";"1";"2014-02-03";"2014-04-02";"24M345 (03/02/2014 - 02/04/2014)";"4";"4";"REGULAR";"f";"2014-04-24 10:49:23.273";"f";"";"48";"CONSOLIDADA";"";"Presencial";
"1225542";"04";"19096";"";"";"52523";"GRADUAÇÃO";"Campus Central";"DTG";"2014";"1";"2014-02-03";"2014-04-02";"24M345 (03/02/2014 - 02/04/2014)";"4";"4";"REGULAR";"f";"2014-04-24 10:49:23.273";"f";"";"48";"CONSOLIDADA";"";"Presencial";
"1225542";"04";"5752793";"";"";"52523";"GRADUAÇÃO";"Campus Central";"DTG";"2014";"1";"2014-02-03";"2014-04-02";"24M345 (03/02/2014 - 02/04/2014)";"4";"4";"REGULAR";"f";"2014-04-24 10:49:23.273";"f";"";"48";"CONSOLIDADA";"";"Presencial";
"1225542";"04";"23673";"";"";"52523";"GRADUAÇÃO";"Campus Central";"DTG";"2014";"1";"2014-02-03";"2014-04-02";"24M345 (03/02/2014 - 02/04/2014)";"4";"4";"REGULAR";"f";"2014-04-24 10:49:23.273";"f";"";"48";"CONSOLIDADA";"";"Presencial";
"1225542";"04";"5756388";"";"";"52523";"GRADUAÇÃO";"Campus Central";"DTG";"2014";"1";"2014-02-03";"2014-04-02";"24M345 (03/02/2014 - 02/04/2014)";"4";"4";"REGULAR";"f";"2014-04-24 10:49:23.273";"f";"";"48";"CONSOLIDADA";"";"Presencial";
"1225543";"01";"5756337";"";"";"55282";"GRADUAÇÃO";"Campus Central";"3H8";"2014";"1";"2014-01-27";"2014-06-14";"36T45";"2";"50";"REGULAR";"f";"2014-06-13 11:51:43.175";"f";"";"68";"CONSOLIDADA";"";"Presencial";
"1225544";"05";"5756388";"";"";"52523";"GRADUAÇÃO";"Campus Central";"DTG";"2014";"1";"2014-02-03";"2014-04-02";"24M345 (03/02/2014 - 02/04/2014)";"5";"4";"REGULAR";"f";"2014-04-24 10:51:35.295";"f";"";"48";"CONSOLIDADA";"";"Presencial";
"1225544";"05";"17519";"";"";"52523";"GRADUAÇÃO";"Campus Central";"DTG";"2014";"1";"2014-02-03";"2014-04-02";"24M345 (03/02/2014 - 02/04/2014)";"5";"4";"REGULAR";"f";"2014-04-24 10:51:35.295";"f";"";"48";"CONSOLIDADA";"";"Presencial";
"1225544";"05";"22765";"";"";"52523";"GRADUAÇÃO";"Campus Central";"DTG";"2014";"1";"2014-02-03";"2014-04-02";"24M345 (03/02/2014 - 02/04/2014)";"5";"4";"REGULAR";"f";"2014-04-24 10:51:35.295";"f";"";"48";"CONSOLIDADA";"";"Presencial";
"1225544";"05";"5756397";"";"";"52523";"GRADUAÇÃO";"Campus Central";"DTG";"2014";"1";"2014-02-03";"2014-04-02";"24M345 (03/02/2014 - 02/04/2014)";"5";"4";"REGULAR";"f";"2014-04-24 10:51:35.295";"f";"";"48";"CONSOLIDADA";"";"Presencial";
"1225544";"05";"23673";"";"";"52523";"GRADUAÇÃO";"Campus Central";"DTG";"2014";"1";"2014-02-03";"2014-04-02";"24M345 (03/02/2014 - 02/04/2014)";"5";"4";"REGULAR";"f";"2014-04-24 10:51:35.295";"f";"";"48";"CONSOLIDADA";"";"Presencial";
"1225544";"05";"26582";"";"";"52523";"GRADUAÇÃO";"Campus Central";"DTG";"2014";"1";"2014-02-03";"2014-04-02";"24M345 (03/02/2014 - 02/04/2014)";"5";"4";"REGULAR";"f";"2014-04-24 10:51:35.295";"f";"";"48";"CONSOLIDADA";"";"Presencial";
"1225544";"05";"5752793";"";"";"52523";"GRADUAÇÃO";"Campus Central";"DTG";"2014";"1";"2014-02-03";"2014-04-02";"24M345 (03/02/2014 - 02/04/2014)";"5";"4";"REGULAR";"f";"2014-04-24 10:51:35.295";"f";"";"48";"CONSOLIDADA";"";"Presencial";
"1225544";"05";"19096";"";"";"52523";"GRADUAÇÃO";"Campus Central";"DTG";"2014";"1";"2014-02-03";"2014-04-02";"24M345 (03/02/2014 - 02/04/2014)";"5";"4";"REGULAR";"f";"2014-04-24 10:51:35.295";"f";"";"48";"CONSOLIDADA";"";"Presencial";
"1225545";"03";"62382";"";"";"2052852";"GRADUAÇÃO";"Campus Central";"UBS de Cidade Praia";"2014";"1";"2014-01-27";"2014-06-14";"3T2345";"5";"18";"REGULAR";"f";"2014-06-14 15:51:16.618";"f";"";"76";"CONSOLIDADA";"";"Presencial";
"1225546";"01";"19122";"";"";"2049252";"GRADUAÇÃO";"Campus Central";"3B3";"2014";"1";"2014-01-27";"2014-06-14";"46M56";"16";"35";"REGULAR";"f";"2014-06-18 16:31:35.744";"f";"";"68";"CONSOLIDADA";"";"Presencial";
"1225547";"04";"25917";"";"";"2052852";"GRADUAÇÃO";"Campus Central";"UBS de Nazaré";"2014";"1";"2014-01-27";"2014-06-14";"3T2345";"13";"18";"REGULAR";"f";"2014-06-13 12:54:44.993";"f";"";"68";"CONSOLIDADA";"";"Presencial";
"1225548";"05";"18739";"";"";"2052852";"GRADUAÇÃO";"Campus Central";"UBS de Planalto";"2014";"1";"2014-01-27";"2014-06-14";"3T2345";"13";"17";"REGULAR";"f";"2014-06-18 13:37:20.786";"f";"";"68";"CONSOLIDADA";"";"Presencial";
"1225549";"01";"20238";"";"";"55315";"STRICTO SENSU";"";"SETOR V - SALA D3";"2014";"1";"2014-02-03";"2014-06-13";"2M34";"11";"40";"REGULAR";"f";"2014-06-25 14:36:57.634";"f";"";"34";"CONSOLIDADA";"";"Presencial";
"1225550";"01";"24897";"";"";"55269";"GRADUAÇÃO";"Campus Central";"A definir";"2014";"1";"2014-01-27";"2014-06-14";"5M2345";"7";"10";"REGULAR";"f";"2014-06-08 22:30:38.299";"f";"";"68";"CONSOLIDADA";"";"Presencial";
"1225551";"01";"16988";"";"";"37101";"STRICTO SENSU";"";"Laboratório";"2014";"1";"2014-02-03";"2014-07-31";"4M1234";"9";"8";"REGULAR";"f";"2014-06-20 07:57:09.848";"f";"";"64";"CONSOLIDADA";"";"Presencial";
"1225552";"06";"5754552";"";"";"2052852";"GRADUAÇÃO";"Campus Central";"UBS de Felipe Camarão Mista";"2014";"1";"2014-01-27";"2014-06-14";"3T2345";"15";"18";"REGULAR";"f";"2014-06-12 12:02:13.478";"f";"";"68";"CONSOLIDADA";"";"Presencial";
"1225553";"07";"22738";"";"";"2052852";"GRADUAÇÃO";"Campus Central";"UBS de Felipe Camarão Básica";"2014";"1";"2014-01-27";"2014-06-14";"3T2345";"11";"18";"REGULAR";"f";"2014-06-11 22:52:32.59";"f";"";"72";"CONSOLIDADA";"";"Presencial";
"1225554";"08";"5756378";"";"";"2052852";"GRADUAÇÃO";"Campus Central";"UBS de Aparecida";"2014";"1";"2014-01-27";"2014-06-14";"3T2345";"12";"18";"REGULAR";"f";"2014-06-09 14:27:21.011";"f";"";"72";"CONSOLIDADA";"";"Presencial";
"1225554";"08";"18885";"";"";"2052852";"GRADUAÇÃO";"Campus Central";"UBS de Aparecida";"2014";"1";"2014-01-27";"2014-06-14";"3T2345";"12";"18";"REGULAR";"f";"2014-06-09 14:27:21.011";"f";"";"72";"CONSOLIDADA";"";"Presencial";
"1225554";"08";"5756460";"";"";"2052852";"GRADUAÇÃO";"Campus Central";"UBS de Aparecida";"2014";"1";"2014-01-27";"2014-06-14";"3T2345";"12";"18";"REGULAR";"f";"2014-06-09 14:27:21.011";"f";"";"72";"CONSOLIDADA";"";"Presencial";
"1225555";"09";"23814";"";"";"2052852";"GRADUAÇÃO";"Campus Central";"UBS de Santarém";"2014";"1";"2014-01-27";"2014-06-14";"3T2345";"6";"18";"REGULAR";"f";"2014-06-09 16:47:30.682";"f";"";"72";"CONSOLIDADA";"";"Presencial";
"1225556";"10";"21945";"";"";"2052852";"GRADUAÇÃO";"Campus Central";"UBS de Bairro Nordeste";"2014";"1";"2014-01-27";"2014-06-14";"3T2345";"12";"17";"REGULAR";"f";"2014-06-05 10:07:16.272";"f";"";"68";"CONSOLIDADA";"";"Presencial";
"1225557";"11";"5755734";"";"";"2052852";"GRADUAÇÃO";"Campus Central";"UBS de Panatis";"2014";"1";"2014-01-27";"2014-06-14";"3T2345";"10";"17";"REGULAR";"f";"2014-06-06 23:13:22.496";"f";"";"72";"CONSOLIDADA";"";"Presencial";
"1225557";"11";"5755495";"";"";"2052852";"GRADUAÇÃO";"Campus Central";"UBS de Panatis";"2014";"1";"2014-01-27";"2014-06-14";"3T2345";"10";"17";"REGULAR";"f";"2014-06-06 23:13:22.496";"f";"";"72";"CONSOLIDADA";"";"Presencial";
"1225558";"01";"3588459";"";"";"55278";"GRADUAÇÃO";"Campus Central";"3H8";"2014";"1";"2014-01-27";"2014-06-14";"35T123";"";"50";"REGULAR";"f";"2014-06-15 06:17:40.307";"f";"";"108";"CONSOLIDADA";"";"Presencial";
"1225559";"01";"5756337";"";"";"55280";"GRADUAÇÃO";"Campus Central";"3H8";"2014";"1";"2014-01-27";"2014-06-14";"46T123";"";"50";"REGULAR";"f";"2014-06-18 17:49:06.577";"f";"";"105";"CONSOLIDADA";"";"Presencial";
"1225560";"01";"5754324";"";"";"55281";"GRADUAÇÃO";"Campus Central";"3H8";"2014";"1";"2014-01-27";"2014-06-14";"2T23 5T45";"1";"50";"REGULAR";"f";"2014-06-13 11:22:46.509";"f";"";"70";"CONSOLIDADA";"";"Presencial";
"1225561";"06";"26582";"";"";"52523";"GRADUAÇÃO";"Campus Central";"DTG";"2014";"1";"2014-02-03";"2014-04-02";"24M345 (03/02/2014 - 02/04/2014)";"2";"4";"REGULAR";"f";"2014-04-24 10:53:45.557";"f";"";"48";"CONSOLIDADA";"";"Presencial";
"1225561";"06";"23673";"";"";"52523";"GRADUAÇÃO";"Campus Central";"DTG";"2014";"1";"2014-02-03";"2014-04-02";"24M345 (03/02/2014 - 02/04/2014)";"2";"4";"REGULAR";"f";"2014-04-24 10:53:45.557";"f";"";"48";"CONSOLIDADA";"";"Presencial";
"1225561";"06";"19096";"";"";"52523";"GRADUAÇÃO";"Campus Central";"DTG";"2014";"1";"2014-02-03";"2014-04-02";"24M345 (03/02/2014 - 02/04/2014)";"2";"4";"REGULAR";"f";"2014-04-24 10:53:45.557";"f";"";"48";"CONSOLIDADA";"";"Presencial";
"1225561";"06";"22765";"";"";"52523";"GRADUAÇÃO";"Campus Central";"DTG";"2014";"1";"2014-02-03";"2014-04-02";"24M345 (03/02/2014 - 02/04/2014)";"2";"4";"REGULAR";"f";"2014-04-24 10:53:45.557";"f";"";"48";"CONSOLIDADA";"";"Presencial";
"1225561";"06";"17519";"";"";"52523";"GRADUAÇÃO";"Campus Central";"DTG";"2014";"1";"2014-02-03";"2014-04-02";"24M345 (03/02/2014 - 02/04/2014)";"2";"4";"REGULAR";"f";"2014-04-24 10:53:45.557";"f";"";"48";"CONSOLIDADA";"";"Presencial";
"1225561";"06";"5756388";"";"";"52523";"GRADUAÇÃO";"Campus Central";"DTG";"2014";"1";"2014-02-03";"2014-04-02";"24M345 (03/02/2014 - 02/04/2014)";"2";"4";"REGULAR";"f";"2014-04-24 10:53:45.557";"f";"";"48";"CONSOLIDADA";"";"Presencial";
"1225561";"06";"5756397";"";"";"52523";"GRADUAÇÃO";"Campus Central";"DTG";"2014";"1";"2014-02-03";"2014-04-02";"24M345 (03/02/2014 - 02/04/2014)";"2";"4";"REGULAR";"f";"2014-04-24 10:53:45.557";"f";"";"48";"CONSOLIDADA";"";"Presencial";
"1225561";"06";"5752793";"";"";"52523";"GRADUAÇÃO";"Campus Central";"DTG";"2014";"1";"2014-02-03";"2014-04-02";"24M345 (03/02/2014 - 02/04/2014)";"2";"4";"REGULAR";"f";"2014-04-24 10:53:45.557";"f";"";"48";"CONSOLIDADA";"";"Presencial";
"1225562";"07";"5756397";"";"";"52523";"GRADUAÇÃO";"Campus Central";"DTG";"2014";"1";"2014-02-03";"2014-04-02";"24M345 (03/02/2014 - 02/04/2014)";"3";"4";"REGULAR";"f";"2014-04-24 10:55:32.553";"f";"";"48";"CONSOLIDADA";"";"Presencial";
"1225562";"07";"5752793";"";"";"52523";"GRADUAÇÃO";"Campus Central";"DTG";"2014";"1";"2014-02-03";"2014-04-02";"24M345 (03/02/2014 - 02/04/2014)";"3";"4";"REGULAR";"f";"2014-04-24 10:55:32.553";"f";"";"48";"CONSOLIDADA";"";"Presencial";
"1225562";"07";"5756388";"";"";"52523";"GRADUAÇÃO";"Campus Central";"DTG";"2014";"1";"2014-02-03";"2014-04-02";"24M345 (03/02/2014 - 02/04/2014)";"3";"4";"REGULAR";"f";"2014-04-24 10:55:32.553";"f";"";"48";"CONSOLIDADA";"";"Presencial";
"1225562";"07";"17519";"";"";"52523";"GRADUAÇÃO";"Campus Central";"DTG";"2014";"1";"2014-02-03";"2014-04-02";"24M345 (03/02/2014 - 02/04/2014)";"3";"4";"REGULAR";"f";"2014-04-24 10:55:32.553";"f";"";"48";"CONSOLIDADA";"";"Presencial";
"1225562";"07";"22765";"";"";"52523";"GRADUAÇÃO";"Campus Central";"DTG";"2014";"1";"2014-02-03";"2014-04-02";"24M345 (03/02/2014 - 02/04/2014)";"3";"4";"REGULAR";"f";"2014-04-24 10:55:32.553";"f";"";"48";"CONSOLIDADA";"";"Presencial";
"1225562";"07";"19096";"";"";"52523";"GRADUAÇÃO";"Campus Central";"DTG";"2014";"1";"2014-02-03";"2014-04-02";"24M345 (03/02/2014 - 02/04/2014)";"3";"4";"REGULAR";"f";"2014-04-24 10:55:32.553";"f";"";"48";"CONSOLIDADA";"";"Presencial";
"1225562";"07";"23673";"";"";"52523";"GRADUAÇÃO";"Campus Central";"DTG";"2014";"1";"2014-02-03";"2014-04-02";"24M345 (03/02/2014 - 02/04/2014)";"3";"4";"REGULAR";"f";"2014-04-24 10:55:32.553";"f";"";"48";"CONSOLIDADA";"";"Presencial";
"1225562";"07";"26582";"";"";"52523";"GRADUAÇÃO";"Campus Central";"DTG";"2014";"1";"2014-02-03";"2014-04-02";"24M345 (03/02/2014 - 02/04/2014)";"3";"4";"REGULAR";"f";"2014-04-24 10:55:32.553";"f";"";"48";"CONSOLIDADA";"";"Presencial";
"1225563";"24";"23477";"";"";"18716";"TÉCNICO";"";"Sala 05";"2014";"1";"2014-01-27";"2014-06-16";"4M34";"1";"3";"REGULAR";"f";"2014-06-21 10:23:26.141";"f";"";"36";"CONSOLIDADA";"";"Presencial";
"1225564";"01";"5754111";"";"";"55279";"GRADUAÇÃO";"Campus Central";"3H8";"2014";"1";"2014-01-27";"2014-06-14";"24T45";"1";"50";"REGULAR";"f";"2014-07-22 12:56:54.84";"f";"";"68";"CONSOLIDADA";"";"Presencial";
"1225565";"01";"2264213";"";"";"53332";"STRICTO SENSU";"";"SETOR V - SALA D3";"2014";"1";"2014-02-03";"2014-06-13";"5T34";"1";"40";"REGULAR";"f";"";"f";"";"";"EXCLUÍDA";"";"Presencial";
"1225566";"01";"2264213";"";"";"55266";"STRICTO SENSU";"";"SETOR V - SALA D3";"2014";"1";"2014-02-03";"2014-06-13";"5T56";"";"40";"REGULAR";"f";"";"f";"";"";"EXCLUÍDA";"";"Presencial";
"1225567";"02";"25917";"";"";"25308";"GRADUAÇÃO";"Campus Central";"UBS de Nazaré";"2014";"1";"2014-01-27";"2014-06-14";"5M2345";"15";"19";"REGULAR";"f";"2014-06-13 12:55:56.62";"f";"";"68";"CONSOLIDADA";"";"Presencial";
"1225568";"03";"62382";"";"";"25308";"GRADUAÇÃO";"Campus Central";"UBS de Cidade Praia";"2014";"1";"2014-01-27";"2014-06-14";"5M2345";"11";"20";"REGULAR";"f";"2014-06-14 16:03:15.457";"f";"";"72";"CONSOLIDADA";"";"Presencial";
"1225569";"04";"18739";"";"";"25308";"GRADUAÇÃO";"Campus Central";"UBS de Nova Cidade";"2014";"1";"2014-01-27";"2014-06-14";"5M2345";"14";"20";"REGULAR";"f";"2014-06-13 17:24:51.475";"f";"";"72";"CONSOLIDADA";"";"Presencial";
"1225570";"05";"5754552";"";"";"25308";"GRADUAÇÃO";"Campus Central";"UBS de Felipe Camarão Mista";"2014";"1";"2014-01-27";"2014-06-14";"5M2345";"12";"20";"REGULAR";"f";"2014-06-12 11:59:15.452";"f";"";"68";"CONSOLIDADA";"";"Presencial";
"1225570";"05";"5752774";"";"";"25308";"GRADUAÇÃO";"Campus Central";"UBS de Felipe Camarão Mista";"2014";"1";"2014-01-27";"2014-06-14";"5M2345";"12";"20";"REGULAR";"f";"2014-06-12 11:59:15.452";"f";"";"68";"CONSOLIDADA";"";"Presencial";
"1225571";"06";"23814";"";"";"25308";"GRADUAÇÃO";"Campus Central";"UBS de Santarém";"2014";"1";"2014-01-27";"2014-06-14";"5M2345";"14";"20";"REGULAR";"f";"2014-06-09 18:46:15.102";"f";"";"68";"CONSOLIDADA";"";"Presencial";
"1225572";"07";"5753094";"";"";"25308";"GRADUAÇÃO";"Campus Central";"UBS de Planície das Mangueiras";"2014";"1";"2014-01-27";"2014-06-14";"5M2345";"9";"19";"REGULAR";"f";"2014-06-14 18:30:24.445";"f";"";"68";"CONSOLIDADA";"";"Presencial";
"1225573";"08";"22738";"";"";"25308";"GRADUAÇÃO";"Campus Central";"UBS de Felipe Camarão Básica";"2014";"1";"2014-01-27";"2014-06-14";"5M2345";"15";"20";"REGULAR";"f";"2014-06-09 09:02:57.345";"f";"";"68";"CONSOLIDADA";"";"Presencial";
"1225574";"09";"5756036";"";"";"25308";"GRADUAÇÃO";"Campus Central";"UBS de Bom Pastor";"2014";"1";"2014-01-27";"2014-06-14";"5M2345";"14";"19";"REGULAR";"f";"2014-06-13 20:30:15.932";"f";"";"72";"CONSOLIDADA";"";"Presencial";
"1225575";"10";"21731";"";"";"25308";"GRADUAÇÃO";"Campus Central";"UBS de Bairro Nordeste";"2014";"1";"2014-01-27";"2014-06-14";"5M2345";"14";"19";"REGULAR";"f";"2014-06-14 23:20:26.932";"f";"";"72";"CONSOLIDADA";"";"Presencial";
"1225576";"11";"5755037";"";"";"25308";"GRADUAÇÃO";"Campus Central";"UBS de Vale Dourado";"2014";"1";"2014-01-27";"2014-06-14";"5M2345";"15";"20";"REGULAR";"f";"2014-06-18 13:53:31.225";"f";"";"72";"CONSOLIDADA";"";"Presencial";
"1225577";"12";"25091";"";"";"25308";"GRADUAÇÃO";"Campus Central";"UBS de Monte Líbano";"2014";"1";"2014-01-27";"2014-06-14";"5M2345";"12";"20";"REGULAR";"f";"2014-06-19 02:06:05.475";"f";"";"68";"CONSOLIDADA";"";"Presencial";
"1225578";"08";"26582";"";"";"52523";"GRADUAÇÃO";"Campus Central";"DTG";"2014";"1";"2014-02-03";"2014-04-02";"24M345 (03/02/2014 - 02/04/2014)";"3";"4";"REGULAR";"f";"2014-04-24 10:59:04.606";"f";"";"48";"CONSOLIDADA";"";"Presencial";
"1225578";"08";"5756388";"";"";"52523";"GRADUAÇÃO";"Campus Central";"DTG";"2014";"1";"2014-02-03";"2014-04-02";"24M345 (03/02/2014 - 02/04/2014)";"3";"4";"REGULAR";"f";"2014-04-24 10:59:04.606";"f";"";"48";"CONSOLIDADA";"";"Presencial";
"1225578";"08";"19096";"";"";"52523";"GRADUAÇÃO";"Campus Central";"DTG";"2014";"1";"2014-02-03";"2014-04-02";"24M345 (03/02/2014 - 02/04/2014)";"3";"4";"REGULAR";"f";"2014-04-24 10:59:04.606";"f";"";"48";"CONSOLIDADA";"";"Presencial";
"1225578";"08";"17519";"";"";"52523";"GRADUAÇÃO";"Campus Central";"DTG";"2014";"1";"2014-02-03";"2014-04-02";"24M345 (03/02/2014 - 02/04/2014)";"3";"4";"REGULAR";"f";"2014-04-24 10:59:04.606";"f";"";"48";"CONSOLIDADA";"";"Presencial";
"1225578";"08";"22765";"";"";"52523";"GRADUAÇÃO";"Campus Central";"DTG";"2014";"1";"2014-02-03";"2014-04-02";"24M345 (03/02/2014 - 02/04/2014)";"3";"4";"REGULAR";"f";"2014-04-24 10:59:04.606";"f";"";"48";"CONSOLIDADA";"";"Presencial";
"1225578";"08";"5752793";"";"";"52523";"GRADUAÇÃO";"Campus Central";"DTG";"2014";"1";"2014-02-03";"2014-04-02";"24M345 (03/02/2014 - 02/04/2014)";"3";"4";"REGULAR";"f";"2014-04-24 10:59:04.606";"f";"";"48";"CONSOLIDADA";"";"Presencial";
"1225578";"08";"23673";"";"";"52523";"GRADUAÇÃO";"Campus Central";"DTG";"2014";"1";"2014-02-03";"2014-04-02";"24M345 (03/02/2014 - 02/04/2014)";"3";"4";"REGULAR";"f";"2014-04-24 10:59:04.606";"f";"";"48";"CONSOLIDADA";"";"Presencial";
"1225578";"08";"5756397";"";"";"52523";"GRADUAÇÃO";"Campus Central";"DTG";"2014";"1";"2014-02-03";"2014-04-02";"24M345 (03/02/2014 - 02/04/2014)";"3";"4";"REGULAR";"f";"2014-04-24 10:59:04.606";"f";"";"48";"CONSOLIDADA";"";"Presencial";
"1225579";"09";"17519";"";"";"52523";"GRADUAÇÃO";"Campus Central";"DTG";"2014";"1";"2014-02-03";"2014-04-02";"24M345 (03/02/2014 - 02/04/2014)";"4";"4";"REGULAR";"f";"2014-04-24 11:00:46.414";"f";"";"48";"CONSOLIDADA";"";"Presencial";
"1225579";"09";"26582";"";"";"52523";"GRADUAÇÃO";"Campus Central";"DTG";"2014";"1";"2014-02-03";"2014-04-02";"24M345 (03/02/2014 - 02/04/2014)";"4";"4";"REGULAR";"f";"2014-04-24 11:00:46.414";"f";"";"48";"CONSOLIDADA";"";"Presencial";
"1225579";"09";"5752793";"";"";"52523";"GRADUAÇÃO";"Campus Central";"DTG";"2014";"1";"2014-02-03";"2014-04-02";"24M345 (03/02/2014 - 02/04/2014)";"4";"4";"REGULAR";"f";"2014-04-24 11:00:46.414";"f";"";"48";"CONSOLIDADA";"";"Presencial";
"1225579";"09";"5756397";"";"";"52523";"GRADUAÇÃO";"Campus Central";"DTG";"2014";"1";"2014-02-03";"2014-04-02";"24M345 (03/02/2014 - 02/04/2014)";"4";"4";"REGULAR";"f";"2014-04-24 11:00:46.414";"f";"";"48";"CONSOLIDADA";"";"Presencial";
"1225579";"09";"19096";"";"";"52523";"GRADUAÇÃO";"Campus Central";"DTG";"2014";"1";"2014-02-03";"2014-04-02";"24M345 (03/02/2014 - 02/04/2014)";"4";"4";"REGULAR";"f";"2014-04-24 11:00:46.414";"f";"";"48";"CONSOLIDADA";"";"Presencial";
"1225579";"09";"5756388";"";"";"52523";"GRADUAÇÃO";"Campus Central";"DTG";"2014";"1";"2014-02-03";"2014-04-02";"24M345 (03/02/2014 - 02/04/2014)";"4";"4";"REGULAR";"f";"2014-04-24 11:00:46.414";"f";"";"48";"CONSOLIDADA";"";"Presencial";
"1225579";"09";"23673";"";"";"52523";"GRADUAÇÃO";"Campus Central";"DTG";"2014";"1";"2014-02-03";"2014-04-02";"24M345 (03/02/2014 - 02/04/2014)";"4";"4";"REGULAR";"f";"2014-04-24 11:00:46.414";"f";"";"48";"CONSOLIDADA";"";"Presencial";
"1225579";"09";"22765";"";"";"52523";"GRADUAÇÃO";"Campus Central";"DTG";"2014";"1";"2014-02-03";"2014-04-02";"24M345 (03/02/2014 - 02/04/2014)";"4";"4";"REGULAR";"f";"2014-04-24 11:00:46.414";"f";"";"48";"CONSOLIDADA";"";"Presencial";
"1225580";"13";"5756378";"";"";"25308";"GRADUAÇÃO";"Campus Central";"UBS de Aparecida";"2014";"1";"2014-01-27";"2014-06-14";"5M2345";"15";"20";"REGULAR";"f";"2014-06-11 21:28:30.223";"f";"";"68";"CONSOLIDADA";"";"Presencial";
"1225580";"13";"5756460";"";"";"25308";"GRADUAÇÃO";"Campus Central";"UBS de Aparecida";"2014";"1";"2014-01-27";"2014-06-14";"5M2345";"15";"20";"REGULAR";"f";"2014-06-11 21:28:30.223";"f";"";"68";"CONSOLIDADA";"";"Presencial";
"1225580";"13";"18885";"";"";"25308";"GRADUAÇÃO";"Campus Central";"UBS de Aparecida";"2014";"1";"2014-01-27";"2014-06-14";"5M2345";"15";"20";"REGULAR";"f";"2014-06-11 21:28:30.223";"f";"";"68";"CONSOLIDADA";"";"Presencial";
"1225581";"10";"22765";"";"";"52523";"GRADUAÇÃO";"Campus Central";"DTG";"2014";"1";"2014-04-14";"2014-06-05";"24M345 (14/04/2014 - 05/06/2014)";"3";"4";"REGULAR";"f";"2014-06-19 12:31:16.973";"f";"";"45";"CONSOLIDADA";"";"Presencial";
"1225581";"10";"17519";"";"";"52523";"GRADUAÇÃO";"Campus Central";"DTG";"2014";"1";"2014-04-14";"2014-06-05";"24M345 (14/04/2014 - 05/06/2014)";"3";"4";"REGULAR";"f";"2014-06-19 12:31:16.973";"f";"";"45";"CONSOLIDADA";"";"Presencial";
"1225581";"10";"5756397";"";"";"52523";"GRADUAÇÃO";"Campus Central";"DTG";"2014";"1";"2014-04-14";"2014-06-05";"24M345 (14/04/2014 - 05/06/2014)";"3";"4";"REGULAR";"f";"2014-06-19 12:31:16.973";"f";"";"45";"CONSOLIDADA";"";"Presencial";
"1225581";"10";"19096";"";"";"52523";"GRADUAÇÃO";"Campus Central";"DTG";"2014";"1";"2014-04-14";"2014-06-05";"24M345 (14/04/2014 - 05/06/2014)";"3";"4";"REGULAR";"f";"2014-06-19 12:31:16.973";"f";"";"45";"CONSOLIDADA";"";"Presencial";
"1225581";"10";"26582";"";"";"52523";"GRADUAÇÃO";"Campus Central";"DTG";"2014";"1";"2014-04-14";"2014-06-05";"24M345 (14/04/2014 - 05/06/2014)";"3";"4";"REGULAR";"f";"2014-06-19 12:31:16.973";"f";"";"45";"CONSOLIDADA";"";"Presencial";
"1225581";"10";"5752793";"";"";"52523";"GRADUAÇÃO";"Campus Central";"DTG";"2014";"1";"2014-04-14";"2014-06-05";"24M345 (14/04/2014 - 05/06/2014)";"3";"4";"REGULAR";"f";"2014-06-19 12:31:16.973";"f";"";"45";"CONSOLIDADA";"";"Presencial";
"1225581";"10";"23673";"";"";"52523";"GRADUAÇÃO";"Campus Central";"DTG";"2014";"1";"2014-04-14";"2014-06-05";"24M345 (14/04/2014 - 05/06/2014)";"3";"4";"REGULAR";"f";"2014-06-19 12:31:16.973";"f";"";"45";"CONSOLIDADA";"";"Presencial";
"1225581";"10";"5756388";"";"";"52523";"GRADUAÇÃO";"Campus Central";"DTG";"2014";"1";"2014-04-14";"2014-06-05";"24M345 (14/04/2014 - 05/06/2014)";"3";"4";"REGULAR";"f";"2014-06-19 12:31:16.973";"f";"";"45";"CONSOLIDADA";"";"Presencial";
"1225582";"11";"22765";"";"";"52523";"GRADUAÇÃO";"Campus Central";"DTG";"2014";"1";"2014-04-14";"2014-06-05";"24M345 (14/04/2014 - 05/06/2014)";"3";"4";"REGULAR";"f";"2014-06-19 12:32:45.121";"f";"";"45";"CONSOLIDADA";"";"Presencial";
"1225582";"11";"5756388";"";"";"52523";"GRADUAÇÃO";"Campus Central";"DTG";"2014";"1";"2014-04-14";"2014-06-05";"24M345 (14/04/2014 - 05/06/2014)";"3";"4";"REGULAR";"f";"2014-06-19 12:32:45.121";"f";"";"45";"CONSOLIDADA";"";"Presencial";
"1225582";"11";"26582";"";"";"52523";"GRADUAÇÃO";"Campus Central";"DTG";"2014";"1";"2014-04-14";"2014-06-05";"24M345 (14/04/2014 - 05/06/2014)";"3";"4";"REGULAR";"f";"2014-06-19 12:32:45.121";"f";"";"45";"CONSOLIDADA";"";"Presencial";
"1225582";"11";"5752793";"";"";"52523";"GRADUAÇÃO";"Campus Central";"DTG";"2014";"1";"2014-04-14";"2014-06-05";"24M345 (14/04/2014 - 05/06/2014)";"3";"4";"REGULAR";"f";"2014-06-19 12:32:45.121";"f";"";"45";"CONSOLIDADA";"";"Presencial";
"1225582";"11";"5756397";"";"";"52523";"GRADUAÇÃO";"Campus Central";"DTG";"2014";"1";"2014-04-14";"2014-06-05";"24M345 (14/04/2014 - 05/06/2014)";"3";"4";"REGULAR";"f";"2014-06-19 12:32:45.121";"f";"";"45";"CONSOLIDADA";"";"Presencial";
"1225582";"11";"23673";"";"";"52523";"GRADUAÇÃO";"Campus Central";"DTG";"2014";"1";"2014-04-14";"2014-06-05";"24M345 (14/04/2014 - 05/06/2014)";"3";"4";"REGULAR";"f";"2014-06-19 12:32:45.121";"f";"";"45";"CONSOLIDADA";"";"Presencial";
"1225582";"11";"19096";"";"";"52523";"GRADUAÇÃO";"Campus Central";"DTG";"2014";"1";"2014-04-14";"2014-06-05";"24M345 (14/04/2014 - 05/06/2014)";"3";"4";"REGULAR";"f";"2014-06-19 12:32:45.121";"f";"";"45";"CONSOLIDADA";"";"Presencial";
"1225582";"11";"17519";"";"";"52523";"GRADUAÇÃO";"Campus Central";"DTG";"2014";"1";"2014-04-14";"2014-06-05";"24M345 (14/04/2014 - 05/06/2014)";"3";"4";"REGULAR";"f";"2014-06-19 12:32:45.121";"f";"";"45";"CONSOLIDADA";"";"Presencial";
"1225583";"14";"5755347";"";"";"25308";"GRADUAÇÃO";"Campus Central";"UBS de Planalto";"2014";"1";"2014-01-27";"2014-06-14";"5M2345";"16";"20";"REGULAR";"f";"2014-06-13 17:59:28.28";"f";"";"72";"CONSOLIDADA";"";"Presencial";
"1225584";"12";"5752793";"";"";"52523";"GRADUAÇÃO";"Campus Central";"DTG";"2014";"1";"2014-04-14";"2014-06-05";"24M345 (14/04/2014 - 05/06/2014)";"5";"4";"REGULAR";"f";"2014-06-19 12:33:57.013";"f";"";"45";"CONSOLIDADA";"";"Presencial";
"1225584";"12";"23673";"";"";"52523";"GRADUAÇÃO";"Campus Central";"DTG";"2014";"1";"2014-04-14";"2014-06-05";"24M345 (14/04/2014 - 05/06/2014)";"5";"4";"REGULAR";"f";"2014-06-19 12:33:57.013";"f";"";"45";"CONSOLIDADA";"";"Presencial";
"1225584";"12";"19096";"";"";"52523";"GRADUAÇÃO";"Campus Central";"DTG";"2014";"1";"2014-04-14";"2014-06-05";"24M345 (14/04/2014 - 05/06/2014)";"5";"4";"REGULAR";"f";"2014-06-19 12:33:57.013";"f";"";"45";"CONSOLIDADA";"";"Presencial";
"1225584";"12";"5756388";"";"";"52523";"GRADUAÇÃO";"Campus Central";"DTG";"2014";"1";"2014-04-14";"2014-06-05";"24M345 (14/04/2014 - 05/06/2014)";"5";"4";"REGULAR";"f";"2014-06-19 12:33:57.013";"f";"";"45";"CONSOLIDADA";"";"Presencial";
"1225584";"12";"17519";"";"";"52523";"GRADUAÇÃO";"Campus Central";"DTG";"2014";"1";"2014-04-14";"2014-06-05";"24M345 (14/04/2014 - 05/06/2014)";"5";"4";"REGULAR";"f";"2014-06-19 12:33:57.013";"f";"";"45";"CONSOLIDADA";"";"Presencial";
"1225584";"12";"5756397";"";"";"52523";"GRADUAÇÃO";"Campus Central";"DTG";"2014";"1";"2014-04-14";"2014-06-05";"24M345 (14/04/2014 - 05/06/2014)";"5";"4";"REGULAR";"f";"2014-06-19 12:33:57.013";"f";"";"45";"CONSOLIDADA";"";"Presencial";
"1225584";"12";"26582";"";"";"52523";"GRADUAÇÃO";"Campus Central";"DTG";"2014";"1";"2014-04-14";"2014-06-05";"24M345 (14/04/2014 - 05/06/2014)";"5";"4";"REGULAR";"f";"2014-06-19 12:33:57.013";"f";"";"45";"CONSOLIDADA";"";"Presencial";
"1225584";"12";"22765";"";"";"52523";"GRADUAÇÃO";"Campus Central";"DTG";"2014";"1";"2014-04-14";"2014-06-05";"24M345 (14/04/2014 - 05/06/2014)";"5";"4";"REGULAR";"f";"2014-06-19 12:33:57.013";"f";"";"45";"CONSOLIDADA";"";"Presencial";
"1225585";"13";"5756397";"";"";"52523";"GRADUAÇÃO";"Campus Central";"DTG";"2014";"1";"2014-04-14";"2014-06-05";"24M345 (14/04/2014 - 05/06/2014)";"2";"4";"REGULAR";"f";"2014-06-19 12:35:19.031";"f";"";"45";"CONSOLIDADA";"";"Presencial";
"1225585";"13";"5752793";"";"";"52523";"GRADUAÇÃO";"Campus Central";"DTG";"2014";"1";"2014-04-14";"2014-06-05";"24M345 (14/04/2014 - 05/06/2014)";"2";"4";"REGULAR";"f";"2014-06-19 12:35:19.031";"f";"";"45";"CONSOLIDADA";"";"Presencial";
"1225585";"13";"17519";"";"";"52523";"GRADUAÇÃO";"Campus Central";"DTG";"2014";"1";"2014-04-14";"2014-06-05";"24M345 (14/04/2014 - 05/06/2014)";"2";"4";"REGULAR";"f";"2014-06-19 12:35:19.031";"f";"";"45";"CONSOLIDADA";"";"Presencial";
"1225585";"13";"26582";"";"";"52523";"GRADUAÇÃO";"Campus Central";"DTG";"2014";"1";"2014-04-14";"2014-06-05";"24M345 (14/04/2014 - 05/06/2014)";"2";"4";"REGULAR";"f";"2014-06-19 12:35:19.031";"f";"";"45";"CONSOLIDADA";"";"Presencial";
"1225585";"13";"23673";"";"";"52523";"GRADUAÇÃO";"Campus Central";"DTG";"2014";"1";"2014-04-14";"2014-06-05";"24M345 (14/04/2014 - 05/06/2014)";"2";"4";"REGULAR";"f";"2014-06-19 12:35:19.031";"f";"";"45";"CONSOLIDADA";"";"Presencial";
"1225585";"13";"5756388";"";"";"52523";"GRADUAÇÃO";"Campus Central";"DTG";"2014";"1";"2014-04-14";"2014-06-05";"24M345 (14/04/2014 - 05/06/2014)";"2";"4";"REGULAR";"f";"2014-06-19 12:35:19.031";"f";"";"45";"CONSOLIDADA";"";"Presencial";
"1225585";"13";"19096";"";"";"52523";"GRADUAÇÃO";"Campus Central";"DTG";"2014";"1";"2014-04-14";"2014-06-05";"24M345 (14/04/2014 - 05/06/2014)";"2";"4";"REGULAR";"f";"2014-06-19 12:35:19.031";"f";"";"45";"CONSOLIDADA";"";"Presencial";
"1225585";"13";"22765";"";"";"52523";"GRADUAÇÃO";"Campus Central";"DTG";"2014";"1";"2014-04-14";"2014-06-05";"24M345 (14/04/2014 - 05/06/2014)";"2";"4";"REGULAR";"f";"2014-06-19 12:35:19.031";"f";"";"45";"CONSOLIDADA";"";"Presencial";
"1225586";"15";"5755495";"";"";"25308";"GRADUAÇÃO";"Campus Central";"UBS de Panatis";"2014";"1";"2014-01-27";"2014-06-14";"5M2345";"15";"18";"REGULAR";"f";"2014-06-07 00:22:53.932";"f";"";"68";"CONSOLIDADA";"";"Presencial";
"1225586";"15";"5755734";"";"";"25308";"GRADUAÇÃO";"Campus Central";"UBS de Panatis";"2014";"1";"2014-01-27";"2014-06-14";"5M2345";"15";"18";"REGULAR";"f";"2014-06-07 00:22:53.932";"f";"";"68";"CONSOLIDADA";"";"Presencial";
"1225587";"14";"5756388";"";"";"52523";"GRADUAÇÃO";"Campus Central";"DTG";"2014";"1";"2014-04-14";"2014-06-05";"24M345 (14/04/2014 - 05/06/2014)";"4";"4";"REGULAR";"f";"2014-06-19 12:36:41.414";"f";"";"45";"CONSOLIDADA";"";"Presencial";
"1225587";"14";"5752793";"";"";"52523";"GRADUAÇÃO";"Campus Central";"DTG";"2014";"1";"2014-04-14";"2014-06-05";"24M345 (14/04/2014 - 05/06/2014)";"4";"4";"REGULAR";"f";"2014-06-19 12:36:41.414";"f";"";"45";"CONSOLIDADA";"";"Presencial";
"1225587";"14";"5756397";"";"";"52523";"GRADUAÇÃO";"Campus Central";"DTG";"2014";"1";"2014-04-14";"2014-06-05";"24M345 (14/04/2014 - 05/06/2014)";"4";"4";"REGULAR";"f";"2014-06-19 12:36:41.414";"f";"";"45";"CONSOLIDADA";"";"Presencial";
"1225587";"14";"19096";"";"";"52523";"GRADUAÇÃO";"Campus Central";"DTG";"2014";"1";"2014-04-14";"2014-06-05";"24M345 (14/04/2014 - 05/06/2014)";"4";"4";"REGULAR";"f";"2014-06-19 12:36:41.414";"f";"";"45";"CONSOLIDADA";"";"Presencial";
"1225587";"14";"26582";"";"";"52523";"GRADUAÇÃO";"Campus Central";"DTG";"2014";"1";"2014-04-14";"2014-06-05";"24M345 (14/04/2014 - 05/06/2014)";"4";"4";"REGULAR";"f";"2014-06-19 12:36:41.414";"f";"";"45";"CONSOLIDADA";"";"Presencial";
"1225587";"14";"23673";"";"";"52523";"GRADUAÇÃO";"Campus Central";"DTG";"2014";"1";"2014-04-14";"2014-06-05";"24M345 (14/04/2014 - 05/06/2014)";"4";"4";"REGULAR";"f";"2014-06-19 12:36:41.414";"f";"";"45";"CONSOLIDADA";"";"Presencial";
"1225587";"14";"22765";"";"";"52523";"GRADUAÇÃO";"Campus Central";"DTG";"2014";"1";"2014-04-14";"2014-06-05";"24M345 (14/04/2014 - 05/06/2014)";"4";"4";"REGULAR";"f";"2014-06-19 12:36:41.414";"f";"";"45";"CONSOLIDADA";"";"Presencial";
"1225587";"14";"17519";"";"";"52523";"GRADUAÇÃO";"Campus Central";"DTG";"2014";"1";"2014-04-14";"2014-06-05";"24M345 (14/04/2014 - 05/06/2014)";"4";"4";"REGULAR";"f";"2014-06-19 12:36:41.414";"f";"";"45";"CONSOLIDADA";"";"Presencial";
"1225588";"15";"26582";"";"";"52523";"GRADUAÇÃO";"Campus Central";"DTG";"2014";"1";"2014-04-14";"2014-06-05";"24M345 (14/04/2014 - 05/06/2014)";"4";"4";"REGULAR";"f";"2014-06-19 12:38:32.485";"f";"";"45";"CONSOLIDADA";"";"Presencial";
"1225588";"15";"5756397";"";"";"52523";"GRADUAÇÃO";"Campus Central";"DTG";"2014";"1";"2014-04-14";"2014-06-05";"24M345 (14/04/2014 - 05/06/2014)";"4";"4";"REGULAR";"f";"2014-06-19 12:38:32.485";"f";"";"45";"CONSOLIDADA";"";"Presencial";
"1225588";"15";"23673";"";"";"52523";"GRADUAÇÃO";"Campus Central";"DTG";"2014";"1";"2014-04-14";"2014-06-05";"24M345 (14/04/2014 - 05/06/2014)";"4";"4";"REGULAR";"f";"2014-06-19 12:38:32.485";"f";"";"45";"CONSOLIDADA";"";"Presencial";
"1225588";"15";"5752793";"";"";"52523";"GRADUAÇÃO";"Campus Central";"DTG";"2014";"1";"2014-04-14";"2014-06-05";"24M345 (14/04/2014 - 05/06/2014)";"4";"4";"REGULAR";"f";"2014-06-19 12:38:32.485";"f";"";"45";"CONSOLIDADA";"";"Presencial";
"1225588";"15";"17519";"";"";"52523";"GRADUAÇÃO";"Campus Central";"DTG";"2014";"1";"2014-04-14";"2014-06-05";"24M345 (14/04/2014 - 05/06/2014)";"4";"4";"REGULAR";"f";"2014-06-19 12:38:32.485";"f";"";"45";"CONSOLIDADA";"";"Presencial";
"1225588";"15";"19096";"";"";"52523";"GRADUAÇÃO";"Campus Central";"DTG";"2014";"1";"2014-04-14";"2014-06-05";"24M345 (14/04/2014 - 05/06/2014)";"4";"4";"REGULAR";"f";"2014-06-19 12:38:32.485";"f";"";"45";"CONSOLIDADA";"";"Presencial";
"1225588";"15";"22765";"";"";"52523";"GRADUAÇÃO";"Campus Central";"DTG";"2014";"1";"2014-04-14";"2014-06-05";"24M345 (14/04/2014 - 05/06/2014)";"4";"4";"REGULAR";"f";"2014-06-19 12:38:32.485";"f";"";"45";"CONSOLIDADA";"";"Presencial";
"1225588";"15";"5756388";"";"";"52523";"GRADUAÇÃO";"Campus Central";"DTG";"2014";"1";"2014-04-14";"2014-06-05";"24M345 (14/04/2014 - 05/06/2014)";"4";"4";"REGULAR";"f";"2014-06-19 12:38:32.485";"f";"";"45";"CONSOLIDADA";"";"Presencial";
"1225589";"16";"22765";"";"";"52523";"GRADUAÇÃO";"Campus Central";"DTG";"2014";"1";"2014-04-14";"2014-06-05";"24M345 (14/04/2014 - 05/06/2014)";"5";"4";"REGULAR";"f";"2014-06-19 12:39:42.556";"f";"";"45";"CONSOLIDADA";"";"Presencial";
"1225589";"16";"19096";"";"";"52523";"GRADUAÇÃO";"Campus Central";"DTG";"2014";"1";"2014-04-14";"2014-06-05";"24M345 (14/04/2014 - 05/06/2014)";"5";"4";"REGULAR";"f";"2014-06-19 12:39:42.556";"f";"";"45";"CONSOLIDADA";"";"Presencial";
"1225589";"16";"5756388";"";"";"52523";"GRADUAÇÃO";"Campus Central";"DTG";"2014";"1";"2014-04-14";"2014-06-05";"24M345 (14/04/2014 - 05/06/2014)";"5";"4";"REGULAR";"f";"2014-06-19 12:39:42.556";"f";"";"45";"CONSOLIDADA";"";"Presencial";
"1225589";"16";"5756397";"";"";"52523";"GRADUAÇÃO";"Campus Central";"DTG";"2014";"1";"2014-04-14";"2014-06-05";"24M345 (14/04/2014 - 05/06/2014)";"5";"4";"REGULAR";"f";"2014-06-19 12:39:42.556";"f";"";"45";"CONSOLIDADA";"";"Presencial";
"1225589";"16";"17519";"";"";"52523";"GRADUAÇÃO";"Campus Central";"DTG";"2014";"1";"2014-04-14";"2014-06-05";"24M345 (14/04/2014 - 05/06/2014)";"5";"4";"REGULAR";"f";"2014-06-19 12:39:42.556";"f";"";"45";"CONSOLIDADA";"";"Presencial";
"1225589";"16";"5752793";"";"";"52523";"GRADUAÇÃO";"Campus Central";"DTG";"2014";"1";"2014-04-14";"2014-06-05";"24M345 (14/04/2014 - 05/06/2014)";"5";"4";"REGULAR";"f";"2014-06-19 12:39:42.556";"f";"";"45";"CONSOLIDADA";"";"Presencial";
"1225589";"16";"26582";"";"";"52523";"GRADUAÇÃO";"Campus Central";"DTG";"2014";"1";"2014-04-14";"2014-06-05";"24M345 (14/04/2014 - 05/06/2014)";"5";"4";"REGULAR";"f";"2014-06-19 12:39:42.556";"f";"";"45";"CONSOLIDADA";"";"Presencial";
"1225589";"16";"23673";"";"";"52523";"GRADUAÇÃO";"Campus Central";"DTG";"2014";"1";"2014-04-14";"2014-06-05";"24M345 (14/04/2014 - 05/06/2014)";"5";"4";"REGULAR";"f";"2014-06-19 12:39:42.556";"f";"";"45";"CONSOLIDADA";"";"Presencial";
"1225590";"01";"5753712";"";"";"52525";"GRADUAÇÃO";"Campus Central";"DTG";"2014";"1";"2014-01-27";"2014-04-04";"246M3456 (27/01/2014 - 31/01/2014), 24M6 6M3456 (03/02/2014 - 04/04/2014)";"29";"30";"REGULAR";"f";"2014-06-06 15:40:36.162";"f";"";"64";"CONSOLIDADA";"";"Presencial";
"1225590";"01";"25943";"";"";"52525";"GRADUAÇÃO";"Campus Central";"DTG";"2014";"1";"2014-01-27";"2014-04-04";"246M3456 (27/01/2014 - 31/01/2014), 24M6 6M3456 (03/02/2014 - 04/04/2014)";"29";"30";"REGULAR";"f";"2014-06-06 15:40:36.162";"f";"";"64";"CONSOLIDADA";"";"Presencial";
"1225590";"01";"22753";"";"";"52525";"GRADUAÇÃO";"Campus Central";"DTG";"2014";"1";"2014-01-27";"2014-04-04";"246M3456 (27/01/2014 - 31/01/2014), 24M6 6M3456 (03/02/2014 - 04/04/2014)";"29";"30";"REGULAR";"f";"2014-06-06 15:40:36.162";"f";"";"64";"CONSOLIDADA";"";"Presencial";
"1225590";"01";"16331";"";"";"52525";"GRADUAÇÃO";"Campus Central";"DTG";"2014";"1";"2014-01-27";"2014-04-04";"246M3456 (27/01/2014 - 31/01/2014), 24M6 6M3456 (03/02/2014 - 04/04/2014)";"29";"30";"REGULAR";"f";"2014-06-06 15:40:36.162";"f";"";"64";"CONSOLIDADA";"";"Presencial";
"1225590";"01";"5754353";"";"";"52525";"GRADUAÇÃO";"Campus Central";"DTG";"2014";"1";"2014-01-27";"2014-04-04";"246M3456 (27/01/2014 - 31/01/2014), 24M6 6M3456 (03/02/2014 - 04/04/2014)";"29";"30";"REGULAR";"f";"2014-06-06 15:40:36.162";"f";"";"64";"CONSOLIDADA";"";"Presencial";
"1225590";"01";"26310";"";"";"52525";"GRADUAÇÃO";"Campus Central";"DTG";"2014";"1";"2014-01-27";"2014-04-04";"246M3456 (27/01/2014 - 31/01/2014), 24M6 6M3456 (03/02/2014 - 04/04/2014)";"29";"30";"REGULAR";"f";"2014-06-06 15:40:36.162";"f";"";"64";"CONSOLIDADA";"";"Presencial";
"1225590";"01";"5753770";"";"";"52525";"GRADUAÇÃO";"Campus Central";"DTG";"2014";"1";"2014-01-27";"2014-04-04";"246M3456 (27/01/2014 - 31/01/2014), 24M6 6M3456 (03/02/2014 - 04/04/2014)";"29";"30";"REGULAR";"f";"2014-06-06 15:40:36.162";"f";"";"64";"CONSOLIDADA";"";"Presencial";
"1225590";"01";"5753807";"";"";"52525";"GRADUAÇÃO";"Campus Central";"DTG";"2014";"1";"2014-01-27";"2014-04-04";"246M3456 (27/01/2014 - 31/01/2014), 24M6 6M3456 (03/02/2014 - 04/04/2014)";"29";"30";"REGULAR";"f";"2014-06-06 15:40:36.162";"f";"";"64";"CONSOLIDADA";"";"Presencial";
"1225590";"01";"25915";"";"";"52525";"GRADUAÇÃO";"Campus Central";"DTG";"2014";"1";"2014-01-27";"2014-04-04";"246M3456 (27/01/2014 - 31/01/2014), 24M6 6M3456 (03/02/2014 - 04/04/2014)";"29";"30";"REGULAR";"f";"2014-06-06 15:40:36.162";"f";"";"64";"CONSOLIDADA";"";"Presencial";
"1225590";"01";"23411";"";"";"52525";"GRADUAÇÃO";"Campus Central";"DTG";"2014";"1";"2014-01-27";"2014-04-04";"246M3456 (27/01/2014 - 31/01/2014), 24M6 6M3456 (03/02/2014 - 04/04/2014)";"29";"30";"REGULAR";"f";"2014-06-06 15:40:36.162";"f";"";"64";"CONSOLIDADA";"";"Presencial";
"1225591";"02";"23411";"";"";"52525";"GRADUAÇÃO";"Campus Central";"DTG";"2014";"1";"2014-04-07";"2014-06-13";"246M3456 (07/04/2014 - 11/04/2014), 24M6 6M3456 (14/04/2014 - 13/06/2014)";"28";"30";"REGULAR";"f";"2014-06-16 15:29:45.783";"f";"";"55";"CONSOLIDADA";"";"Presencial";
"1225591";"02";"16331";"";"";"52525";"GRADUAÇÃO";"Campus Central";"DTG";"2014";"1";"2014-04-07";"2014-06-13";"246M3456 (07/04/2014 - 11/04/2014), 24M6 6M3456 (14/04/2014 - 13/06/2014)";"28";"30";"REGULAR";"f";"2014-06-16 15:29:45.783";"f";"";"55";"CONSOLIDADA";"";"Presencial";
"1225591";"02";"26310";"";"";"52525";"GRADUAÇÃO";"Campus Central";"DTG";"2014";"1";"2014-04-07";"2014-06-13";"246M3456 (07/04/2014 - 11/04/2014), 24M6 6M3456 (14/04/2014 - 13/06/2014)";"28";"30";"REGULAR";"f";"2014-06-16 15:29:45.783";"f";"";"55";"CONSOLIDADA";"";"Presencial";
"1225591";"02";"5753807";"";"";"52525";"GRADUAÇÃO";"Campus Central";"DTG";"2014";"1";"2014-04-07";"2014-06-13";"246M3456 (07/04/2014 - 11/04/2014), 24M6 6M3456 (14/04/2014 - 13/06/2014)";"28";"30";"REGULAR";"f";"2014-06-16 15:29:45.783";"f";"";"55";"CONSOLIDADA";"";"Presencial";
"1225591";"02";"5753770";"";"";"52525";"GRADUAÇÃO";"Campus Central";"DTG";"2014";"1";"2014-04-07";"2014-06-13";"246M3456 (07/04/2014 - 11/04/2014), 24M6 6M3456 (14/04/2014 - 13/06/2014)";"28";"30";"REGULAR";"f";"2014-06-16 15:29:45.783";"f";"";"55";"CONSOLIDADA";"";"Presencial";
"1225591";"02";"22753";"";"";"52525";"GRADUAÇÃO";"Campus Central";"DTG";"2014";"1";"2014-04-07";"2014-06-13";"246M3456 (07/04/2014 - 11/04/2014), 24M6 6M3456 (14/04/2014 - 13/06/2014)";"28";"30";"REGULAR";"f";"2014-06-16 15:29:45.783";"f";"";"55";"CONSOLIDADA";"";"Presencial";
"1225591";"02";"25915";"";"";"52525";"GRADUAÇÃO";"Campus Central";"DTG";"2014";"1";"2014-04-07";"2014-06-13";"246M3456 (07/04/2014 - 11/04/2014), 24M6 6M3456 (14/04/2014 - 13/06/2014)";"28";"30";"REGULAR";"f";"2014-06-16 15:29:45.783";"f";"";"55";"CONSOLIDADA";"";"Presencial";
"1225591";"02";"5754353";"";"";"52525";"GRADUAÇÃO";"Campus Central";"DTG";"2014";"1";"2014-04-07";"2014-06-13";"246M3456 (07/04/2014 - 11/04/2014), 24M6 6M3456 (14/04/2014 - 13/06/2014)";"28";"30";"REGULAR";"f";"2014-06-16 15:29:45.783";"f";"";"55";"CONSOLIDADA";"";"Presencial";
"1225591";"02";"25943";"";"";"52525";"GRADUAÇÃO";"Campus Central";"DTG";"2014";"1";"2014-04-07";"2014-06-13";"246M3456 (07/04/2014 - 11/04/2014), 24M6 6M3456 (14/04/2014 - 13/06/2014)";"28";"30";"REGULAR";"f";"2014-06-16 15:29:45.783";"f";"";"55";"CONSOLIDADA";"";"Presencial";
"1225591";"02";"5753712";"";"";"52525";"GRADUAÇÃO";"Campus Central";"DTG";"2014";"1";"2014-04-07";"2014-06-13";"246M3456 (07/04/2014 - 11/04/2014), 24M6 6M3456 (14/04/2014 - 13/06/2014)";"28";"30";"REGULAR";"f";"2014-06-16 15:29:45.783";"f";"";"55";"CONSOLIDADA";"";"Presencial";
"1225592";"01";"26310";"";"";"52526";"GRADUAÇÃO";"Campus Central";"DTG";"2014";"1";"2014-02-03";"2014-04-02";"24M345  35N12 (03/02/2014 - 02/04/2014)";"3";"4";"REGULAR";"f";"2014-06-06 15:07:10.816";"f";"";"80";"CONSOLIDADA";"";"Presencial";
"1225592";"01";"22753";"";"";"52526";"GRADUAÇÃO";"Campus Central";"DTG";"2014";"1";"2014-02-03";"2014-04-02";"24M345  35N12 (03/02/2014 - 02/04/2014)";"3";"4";"REGULAR";"f";"2014-06-06 15:07:10.816";"f";"";"80";"CONSOLIDADA";"";"Presencial";
"1225592";"01";"5753770";"";"";"52526";"GRADUAÇÃO";"Campus Central";"DTG";"2014";"1";"2014-02-03";"2014-04-02";"24M345  35N12 (03/02/2014 - 02/04/2014)";"3";"4";"REGULAR";"f";"2014-06-06 15:07:10.816";"f";"";"80";"CONSOLIDADA";"";"Presencial";
"1225592";"01";"18447";"";"";"52526";"GRADUAÇÃO";"Campus Central";"DTG";"2014";"1";"2014-02-03";"2014-04-02";"24M345  35N12 (03/02/2014 - 02/04/2014)";"3";"4";"REGULAR";"f";"2014-06-06 15:07:10.816";"f";"";"80";"CONSOLIDADA";"";"Presencial";
"1225592";"01";"5753807";"";"";"52526";"GRADUAÇÃO";"Campus Central";"DTG";"2014";"1";"2014-02-03";"2014-04-02";"24M345  35N12 (03/02/2014 - 02/04/2014)";"3";"4";"REGULAR";"f";"2014-06-06 15:07:10.816";"f";"";"80";"CONSOLIDADA";"";"Presencial";
"1225592";"01";"25915";"";"";"52526";"GRADUAÇÃO";"Campus Central";"DTG";"2014";"1";"2014-02-03";"2014-04-02";"24M345  35N12 (03/02/2014 - 02/04/2014)";"3";"4";"REGULAR";"f";"2014-06-06 15:07:10.816";"f";"";"80";"CONSOLIDADA";"";"Presencial";
"1225592";"01";"5753071";"";"";"52526";"GRADUAÇÃO";"Campus Central";"DTG";"2014";"1";"2014-02-03";"2014-04-02";"24M345  35N12 (03/02/2014 - 02/04/2014)";"3";"4";"REGULAR";"f";"2014-06-06 15:07:10.816";"f";"";"80";"CONSOLIDADA";"";"Presencial";
"1225592";"01";"16331";"";"";"52526";"GRADUAÇÃO";"Campus Central";"DTG";"2014";"1";"2014-02-03";"2014-04-02";"24M345  35N12 (03/02/2014 - 02/04/2014)";"3";"4";"REGULAR";"f";"2014-06-06 15:07:10.816";"f";"";"80";"CONSOLIDADA";"";"Presencial";
"1225592";"01";"25943";"";"";"52526";"GRADUAÇÃO";"Campus Central";"DTG";"2014";"1";"2014-02-03";"2014-04-02";"24M345  35N12 (03/02/2014 - 02/04/2014)";"3";"4";"REGULAR";"f";"2014-06-06 15:07:10.816";"f";"";"80";"CONSOLIDADA";"";"Presencial";
"1225592";"01";"23411";"";"";"52526";"GRADUAÇÃO";"Campus Central";"DTG";"2014";"1";"2014-02-03";"2014-04-02";"24M345  35N12 (03/02/2014 - 02/04/2014)";"3";"4";"REGULAR";"f";"2014-06-06 15:07:10.816";"f";"";"80";"CONSOLIDADA";"";"Presencial";
"1225593";"02";"5753770";"";"";"52526";"GRADUAÇÃO";"Campus Central";"DTG";"2014";"1";"2014-02-03";"2014-04-02";"24M345  35N12 (03/02/2014 - 02/04/2014)";"3";"4";"REGULAR";"f";"2014-06-06 15:27:51.687";"f";"";"80";"CONSOLIDADA";"";"Presencial";
"1225593";"02";"23411";"";"";"52526";"GRADUAÇÃO";"Campus Central";"DTG";"2014";"1";"2014-02-03";"2014-04-02";"24M345  35N12 (03/02/2014 - 02/04/2014)";"3";"4";"REGULAR";"f";"2014-06-06 15:27:51.687";"f";"";"80";"CONSOLIDADA";"";"Presencial";
"1225593";"02";"26310";"";"";"52526";"GRADUAÇÃO";"Campus Central";"DTG";"2014";"1";"2014-02-03";"2014-04-02";"24M345  35N12 (03/02/2014 - 02/04/2014)";"3";"4";"REGULAR";"f";"2014-06-06 15:27:51.687";"f";"";"80";"CONSOLIDADA";"";"Presencial";
"1225593";"02";"5753807";"";"";"52526";"GRADUAÇÃO";"Campus Central";"DTG";"2014";"1";"2014-02-03";"2014-04-02";"24M345  35N12 (03/02/2014 - 02/04/2014)";"3";"4";"REGULAR";"f";"2014-06-06 15:27:51.687";"f";"";"80";"CONSOLIDADA";"";"Presencial";
"1225593";"02";"18447";"";"";"52526";"GRADUAÇÃO";"Campus Central";"DTG";"2014";"1";"2014-02-03";"2014-04-02";"24M345  35N12 (03/02/2014 - 02/04/2014)";"3";"4";"REGULAR";"f";"2014-06-06 15:27:51.687";"f";"";"80";"CONSOLIDADA";"";"Presencial";
"1225593";"02";"25943";"";"";"52526";"GRADUAÇÃO";"Campus Central";"DTG";"2014";"1";"2014-02-03";"2014-04-02";"24M345  35N12 (03/02/2014 - 02/04/2014)";"3";"4";"REGULAR";"f";"2014-06-06 15:27:51.687";"f";"";"80";"CONSOLIDADA";"";"Presencial";
"1225593";"02";"22753";"";"";"52526";"GRADUAÇÃO";"Campus Central";"DTG";"2014";"1";"2014-02-03";"2014-04-02";"24M345  35N12 (03/02/2014 - 02/04/2014)";"3";"4";"REGULAR";"f";"2014-06-06 15:27:51.687";"f";"";"80";"CONSOLIDADA";"";"Presencial";
"1225593";"02";"25915";"";"";"52526";"GRADUAÇÃO";"Campus Central";"DTG";"2014";"1";"2014-02-03";"2014-04-02";"24M345  35N12 (03/02/2014 - 02/04/2014)";"3";"4";"REGULAR";"f";"2014-06-06 15:27:51.687";"f";"";"80";"CONSOLIDADA";"";"Presencial";
"1225593";"02";"16331";"";"";"52526";"GRADUAÇÃO";"Campus Central";"DTG";"2014";"1";"2014-02-03";"2014-04-02";"24M345  35N12 (03/02/2014 - 02/04/2014)";"3";"4";"REGULAR";"f";"2014-06-06 15:27:51.687";"f";"";"80";"CONSOLIDADA";"";"Presencial";
"1225594";"03";"23411";"";"";"52526";"GRADUAÇÃO";"Campus Central";"DTG";"2014";"1";"2014-02-03";"2014-04-02";"24M345  35N12 (03/02/2014 - 02/04/2014)";"3";"4";"REGULAR";"f";"2014-06-06 15:29:07.676";"f";"";"80";"CONSOLIDADA";"";"Presencial";
"1225594";"03";"18447";"";"";"52526";"GRADUAÇÃO";"Campus Central";"DTG";"2014";"1";"2014-02-03";"2014-04-02";"24M345  35N12 (03/02/2014 - 02/04/2014)";"3";"4";"REGULAR";"f";"2014-06-06 15:29:07.676";"f";"";"80";"CONSOLIDADA";"";"Presencial";
"1225594";"03";"22753";"";"";"52526";"GRADUAÇÃO";"Campus Central";"DTG";"2014";"1";"2014-02-03";"2014-04-02";"24M345  35N12 (03/02/2014 - 02/04/2014)";"3";"4";"REGULAR";"f";"2014-06-06 15:29:07.676";"f";"";"80";"CONSOLIDADA";"";"Presencial";
"1225594";"03";"25915";"";"";"52526";"GRADUAÇÃO";"Campus Central";"DTG";"2014";"1";"2014-02-03";"2014-04-02";"24M345  35N12 (03/02/2014 - 02/04/2014)";"3";"4";"REGULAR";"f";"2014-06-06 15:29:07.676";"f";"";"80";"CONSOLIDADA";"";"Presencial";
"1225594";"03";"5753807";"";"";"52526";"GRADUAÇÃO";"Campus Central";"DTG";"2014";"1";"2014-02-03";"2014-04-02";"24M345  35N12 (03/02/2014 - 02/04/2014)";"3";"4";"REGULAR";"f";"2014-06-06 15:29:07.676";"f";"";"80";"CONSOLIDADA";"";"Presencial";
"1225594";"03";"5753770";"";"";"52526";"GRADUAÇÃO";"Campus Central";"DTG";"2014";"1";"2014-02-03";"2014-04-02";"24M345  35N12 (03/02/2014 - 02/04/2014)";"3";"4";"REGULAR";"f";"2014-06-06 15:29:07.676";"f";"";"80";"CONSOLIDADA";"";"Presencial";
"1225594";"03";"25943";"";"";"52526";"GRADUAÇÃO";"Campus Central";"DTG";"2014";"1";"2014-02-03";"2014-04-02";"24M345  35N12 (03/02/2014 - 02/04/2014)";"3";"4";"REGULAR";"f";"2014-06-06 15:29:07.676";"f";"";"80";"CONSOLIDADA";"";"Presencial";
"1225594";"03";"16331";"";"";"52526";"GRADUAÇÃO";"Campus Central";"DTG";"2014";"1";"2014-02-03";"2014-04-02";"24M345  35N12 (03/02/2014 - 02/04/2014)";"3";"4";"REGULAR";"f";"2014-06-06 15:29:07.676";"f";"";"80";"CONSOLIDADA";"";"Presencial";
"1225594";"03";"26310";"";"";"52526";"GRADUAÇÃO";"Campus Central";"DTG";"2014";"1";"2014-02-03";"2014-04-02";"24M345  35N12 (03/02/2014 - 02/04/2014)";"3";"4";"REGULAR";"f";"2014-06-06 15:29:07.676";"f";"";"80";"CONSOLIDADA";"";"Presencial";
"1225595";"04";"23411";"";"";"52526";"GRADUAÇÃO";"Campus Central";"DTG";"2014";"1";"2014-02-03";"2014-04-02";"24M345  35N12 (03/02/2014 - 02/04/2014)";"4";"4";"REGULAR";"f";"2014-06-06 15:31:13.936";"f";"";"80";"CONSOLIDADA";"";"Presencial";
"1225595";"04";"5753807";"";"";"52526";"GRADUAÇÃO";"Campus Central";"DTG";"2014";"1";"2014-02-03";"2014-04-02";"24M345  35N12 (03/02/2014 - 02/04/2014)";"4";"4";"REGULAR";"f";"2014-06-06 15:31:13.936";"f";"";"80";"CONSOLIDADA";"";"Presencial";
"1225595";"04";"16331";"";"";"52526";"GRADUAÇÃO";"Campus Central";"DTG";"2014";"1";"2014-02-03";"2014-04-02";"24M345  35N12 (03/02/2014 - 02/04/2014)";"4";"4";"REGULAR";"f";"2014-06-06 15:31:13.936";"f";"";"80";"CONSOLIDADA";"";"Presencial";
"1225595";"04";"5753770";"";"";"52526";"GRADUAÇÃO";"Campus Central";"DTG";"2014";"1";"2014-02-03";"2014-04-02";"24M345  35N12 (03/02/2014 - 02/04/2014)";"4";"4";"REGULAR";"f";"2014-06-06 15:31:13.936";"f";"";"80";"CONSOLIDADA";"";"Presencial";
"1225595";"04";"25943";"";"";"52526";"GRADUAÇÃO";"Campus Central";"DTG";"2014";"1";"2014-02-03";"2014-04-02";"24M345  35N12 (03/02/2014 - 02/04/2014)";"4";"4";"REGULAR";"f";"2014-06-06 15:31:13.936";"f";"";"80";"CONSOLIDADA";"";"Presencial";
"1225595";"04";"25915";"";"";"52526";"GRADUAÇÃO";"Campus Central";"DTG";"2014";"1";"2014-02-03";"2014-04-02";"24M345  35N12 (03/02/2014 - 02/04/2014)";"4";"4";"REGULAR";"f";"2014-06-06 15:31:13.936";"f";"";"80";"CONSOLIDADA";"";"Presencial";
"1225595";"04";"18447";"";"";"52526";"GRADUAÇÃO";"Campus Central";"DTG";"2014";"1";"2014-02-03";"2014-04-02";"24M345  35N12 (03/02/2014 - 02/04/2014)";"4";"4";"REGULAR";"f";"2014-06-06 15:31:13.936";"f";"";"80";"CONSOLIDADA";"";"Presencial";
"1225595";"04";"26310";"";"";"52526";"GRADUAÇÃO";"Campus Central";"DTG";"2014";"1";"2014-02-03";"2014-04-02";"24M345  35N12 (03/02/2014 - 02/04/2014)";"4";"4";"REGULAR";"f";"2014-06-06 15:31:13.936";"f";"";"80";"CONSOLIDADA";"";"Presencial";
"1225595";"04";"22753";"";"";"52526";"GRADUAÇÃO";"Campus Central";"DTG";"2014";"1";"2014-02-03";"2014-04-02";"24M345  35N12 (03/02/2014 - 02/04/2014)";"4";"4";"REGULAR";"f";"2014-06-06 15:31:13.936";"f";"";"80";"CONSOLIDADA";"";"Presencial";
"1225596";"05";"5753770";"";"";"52526";"GRADUAÇÃO";"Campus Central";"DTG";"2014";"1";"2014-02-03";"2014-04-02";"24M345  35N12 (03/02/2014 - 02/04/2014)";"4";"4";"REGULAR";"f";"2014-06-06 15:17:48.788";"f";"";"80";"CONSOLIDADA";"";"Presencial";
"1225596";"05";"22753";"";"";"52526";"GRADUAÇÃO";"Campus Central";"DTG";"2014";"1";"2014-02-03";"2014-04-02";"24M345  35N12 (03/02/2014 - 02/04/2014)";"4";"4";"REGULAR";"f";"2014-06-06 15:17:48.788";"f";"";"80";"CONSOLIDADA";"";"Presencial";
"1225596";"05";"25915";"";"";"52526";"GRADUAÇÃO";"Campus Central";"DTG";"2014";"1";"2014-02-03";"2014-04-02";"24M345  35N12 (03/02/2014 - 02/04/2014)";"4";"4";"REGULAR";"f";"2014-06-06 15:17:48.788";"f";"";"80";"CONSOLIDADA";"";"Presencial";
"1225596";"05";"18447";"";"";"52526";"GRADUAÇÃO";"Campus Central";"DTG";"2014";"1";"2014-02-03";"2014-04-02";"24M345  35N12 (03/02/2014 - 02/04/2014)";"4";"4";"REGULAR";"f";"2014-06-06 15:17:48.788";"f";"";"80";"CONSOLIDADA";"";"Presencial";
"1225596";"05";"5753807";"";"";"52526";"GRADUAÇÃO";"Campus Central";"DTG";"2014";"1";"2014-02-03";"2014-04-02";"24M345  35N12 (03/02/2014 - 02/04/2014)";"4";"4";"REGULAR";"f";"2014-06-06 15:17:48.788";"f";"";"80";"CONSOLIDADA";"";"Presencial";
"1225596";"05";"25943";"";"";"52526";"GRADUAÇÃO";"Campus Central";"DTG";"2014";"1";"2014-02-03";"2014-04-02";"24M345  35N12 (03/02/2014 - 02/04/2014)";"4";"4";"REGULAR";"f";"2014-06-06 15:17:48.788";"f";"";"80";"CONSOLIDADA";"";"Presencial";
"1225596";"05";"23411";"";"";"52526";"GRADUAÇÃO";"Campus Central";"DTG";"2014";"1";"2014-02-03";"2014-04-02";"24M345  35N12 (03/02/2014 - 02/04/2014)";"4";"4";"REGULAR";"f";"2014-06-06 15:17:48.788";"f";"";"80";"CONSOLIDADA";"";"Presencial";
"1225596";"05";"26310";"";"";"52526";"GRADUAÇÃO";"Campus Central";"DTG";"2014";"1";"2014-02-03";"2014-04-02";"24M345  35N12 (03/02/2014 - 02/04/2014)";"4";"4";"REGULAR";"f";"2014-06-06 15:17:48.788";"f";"";"80";"CONSOLIDADA";"";"Presencial";
"1225596";"05";"16331";"";"";"52526";"GRADUAÇÃO";"Campus Central";"DTG";"2014";"1";"2014-02-03";"2014-04-02";"24M345  35N12 (03/02/2014 - 02/04/2014)";"4";"4";"REGULAR";"f";"2014-06-06 15:17:48.788";"f";"";"80";"CONSOLIDADA";"";"Presencial";
"1225597";"04";"5751559";"";"";"2021201";"GRADUAÇÃO";"Campus Central";"Sala 15";"2014";"1";"2014-01-27";"2014-06-14";"4M34";"1";"2";"REGULAR";"f";"2014-06-12 01:12:45.21";"f";"";"38";"CONSOLIDADA";"";"Presencial";
"1225598";"06";"23411";"";"";"52526";"GRADUAÇÃO";"Campus Central";"DTG";"2014";"1";"2014-02-03";"2014-04-02";"24M345  35N12 (03/02/2014 - 02/04/2014)";"4";"4";"REGULAR";"f";"2014-06-06 15:20:10.048";"f";"";"80";"CONSOLIDADA";"";"Presencial";
"1225598";"06";"5753770";"";"";"52526";"GRADUAÇÃO";"Campus Central";"DTG";"2014";"1";"2014-02-03";"2014-04-02";"24M345  35N12 (03/02/2014 - 02/04/2014)";"4";"4";"REGULAR";"f";"2014-06-06 15:20:10.048";"f";"";"80";"CONSOLIDADA";"";"Presencial";
"1225598";"06";"26310";"";"";"52526";"GRADUAÇÃO";"Campus Central";"DTG";"2014";"1";"2014-02-03";"2014-04-02";"24M345  35N12 (03/02/2014 - 02/04/2014)";"4";"4";"REGULAR";"f";"2014-06-06 15:20:10.048";"f";"";"80";"CONSOLIDADA";"";"Presencial";
"1225598";"06";"25915";"";"";"52526";"GRADUAÇÃO";"Campus Central";"DTG";"2014";"1";"2014-02-03";"2014-04-02";"24M345  35N12 (03/02/2014 - 02/04/2014)";"4";"4";"REGULAR";"f";"2014-06-06 15:20:10.048";"f";"";"80";"CONSOLIDADA";"";"Presencial";
"1225598";"06";"16331";"";"";"52526";"GRADUAÇÃO";"Campus Central";"DTG";"2014";"1";"2014-02-03";"2014-04-02";"24M345  35N12 (03/02/2014 - 02/04/2014)";"4";"4";"REGULAR";"f";"2014-06-06 15:20:10.048";"f";"";"80";"CONSOLIDADA";"";"Presencial";
"1225598";"06";"22753";"";"";"52526";"GRADUAÇÃO";"Campus Central";"DTG";"2014";"1";"2014-02-03";"2014-04-02";"24M345  35N12 (03/02/2014 - 02/04/2014)";"4";"4";"REGULAR";"f";"2014-06-06 15:20:10.048";"f";"";"80";"CONSOLIDADA";"";"Presencial";
"1225598";"06";"25943";"";"";"52526";"GRADUAÇÃO";"Campus Central";"DTG";"2014";"1";"2014-02-03";"2014-04-02";"24M345  35N12 (03/02/2014 - 02/04/2014)";"4";"4";"REGULAR";"f";"2014-06-06 15:20:10.048";"f";"";"80";"CONSOLIDADA";"";"Presencial";
"1225598";"06";"18447";"";"";"52526";"GRADUAÇÃO";"Campus Central";"DTG";"2014";"1";"2014-02-03";"2014-04-02";"24M345  35N12 (03/02/2014 - 02/04/2014)";"4";"4";"REGULAR";"f";"2014-06-06 15:20:10.048";"f";"";"80";"CONSOLIDADA";"";"Presencial";
"1225598";"06";"5753807";"";"";"52526";"GRADUAÇÃO";"Campus Central";"DTG";"2014";"1";"2014-02-03";"2014-04-02";"24M345  35N12 (03/02/2014 - 02/04/2014)";"4";"4";"REGULAR";"f";"2014-06-06 15:20:10.048";"f";"";"80";"CONSOLIDADA";"";"Presencial";
"1225599";"07";"5753807";"";"";"52526";"GRADUAÇÃO";"Campus Central";"DTG";"2014";"1";"2014-02-03";"2014-04-02";"24M345  35N12 (03/02/2014 - 02/04/2014)";"4";"4";"REGULAR";"f";"2014-06-06 15:23:23.698";"f";"";"80";"CONSOLIDADA";"";"Presencial";
"1225599";"07";"5753770";"";"";"52526";"GRADUAÇÃO";"Campus Central";"DTG";"2014";"1";"2014-02-03";"2014-04-02";"24M345  35N12 (03/02/2014 - 02/04/2014)";"4";"4";"REGULAR";"f";"2014-06-06 15:23:23.698";"f";"";"80";"CONSOLIDADA";"";"Presencial";
"1225599";"07";"25915";"";"";"52526";"GRADUAÇÃO";"Campus Central";"DTG";"2014";"1";"2014-02-03";"2014-04-02";"24M345  35N12 (03/02/2014 - 02/04/2014)";"4";"4";"REGULAR";"f";"2014-06-06 15:23:23.698";"f";"";"80";"CONSOLIDADA";"";"Presencial";
"1225599";"07";"26310";"";"";"52526";"GRADUAÇÃO";"Campus Central";"DTG";"2014";"1";"2014-02-03";"2014-04-02";"24M345  35N12 (03/02/2014 - 02/04/2014)";"4";"4";"REGULAR";"f";"2014-06-06 15:23:23.698";"f";"";"80";"CONSOLIDADA";"";"Presencial";
"1225599";"07";"22753";"";"";"52526";"GRADUAÇÃO";"Campus Central";"DTG";"2014";"1";"2014-02-03";"2014-04-02";"24M345  35N12 (03/02/2014 - 02/04/2014)";"4";"4";"REGULAR";"f";"2014-06-06 15:23:23.698";"f";"";"80";"CONSOLIDADA";"";"Presencial";
"1225599";"07";"16331";"";"";"52526";"GRADUAÇÃO";"Campus Central";"DTG";"2014";"1";"2014-02-03";"2014-04-02";"24M345  35N12 (03/02/2014 - 02/04/2014)";"4";"4";"REGULAR";"f";"2014-06-06 15:23:23.698";"f";"";"80";"CONSOLIDADA";"";"Presencial";
"1225599";"07";"23411";"";"";"52526";"GRADUAÇÃO";"Campus Central";"DTG";"2014";"1";"2014-02-03";"2014-04-02";"24M345  35N12 (03/02/2014 - 02/04/2014)";"4";"4";"REGULAR";"f";"2014-06-06 15:23:23.698";"f";"";"80";"CONSOLIDADA";"";"Presencial";
"1225599";"07";"25943";"";"";"52526";"GRADUAÇÃO";"Campus Central";"DTG";"2014";"1";"2014-02-03";"2014-04-02";"24M345  35N12 (03/02/2014 - 02/04/2014)";"4";"4";"REGULAR";"f";"2014-06-06 15:23:23.698";"f";"";"80";"CONSOLIDADA";"";"Presencial";
"1225599";"07";"18447";"";"";"52526";"GRADUAÇÃO";"Campus Central";"DTG";"2014";"1";"2014-02-03";"2014-04-02";"24M345  35N12 (03/02/2014 - 02/04/2014)";"4";"4";"REGULAR";"f";"2014-06-06 15:23:23.698";"f";"";"80";"CONSOLIDADA";"";"Presencial";
"1225600";"08";"22753";"";"";"52526";"GRADUAÇÃO";"Campus Central";"DTG";"2014";"1";"2014-02-03";"2014-04-02";"24M345  35N12 (03/02/2014 - 02/04/2014)";"4";"4";"REGULAR";"f";"2014-06-06 15:34:13.078";"f";"";"80";"CONSOLIDADA";"";"Presencial";
"1225600";"08";"23411";"";"";"52526";"GRADUAÇÃO";"Campus Central";"DTG";"2014";"1";"2014-02-03";"2014-04-02";"24M345  35N12 (03/02/2014 - 02/04/2014)";"4";"4";"REGULAR";"f";"2014-06-06 15:34:13.078";"f";"";"80";"CONSOLIDADA";"";"Presencial";
"1225600";"08";"5753770";"";"";"52526";"GRADUAÇÃO";"Campus Central";"DTG";"2014";"1";"2014-02-03";"2014-04-02";"24M345  35N12 (03/02/2014 - 02/04/2014)";"4";"4";"REGULAR";"f";"2014-06-06 15:34:13.078";"f";"";"80";"CONSOLIDADA";"";"Presencial";
"1225600";"08";"5753807";"";"";"52526";"GRADUAÇÃO";"Campus Central";"DTG";"2014";"1";"2014-02-03";"2014-04-02";"24M345  35N12 (03/02/2014 - 02/04/2014)";"4";"4";"REGULAR";"f";"2014-06-06 15:34:13.078";"f";"";"80";"CONSOLIDADA";"";"Presencial";
"1225600";"08";"16331";"";"";"52526";"GRADUAÇÃO";"Campus Central";"DTG";"2014";"1";"2014-02-03";"2014-04-02";"24M345  35N12 (03/02/2014 - 02/04/2014)";"4";"4";"REGULAR";"f";"2014-06-06 15:34:13.078";"f";"";"80";"CONSOLIDADA";"";"Presencial";
"1225600";"08";"25943";"";"";"52526";"GRADUAÇÃO";"Campus Central";"DTG";"2014";"1";"2014-02-03";"2014-04-02";"24M345  35N12 (03/02/2014 - 02/04/2014)";"4";"4";"REGULAR";"f";"2014-06-06 15:34:13.078";"f";"";"80";"CONSOLIDADA";"";"Presencial";
"1225600";"08";"26310";"";"";"52526";"GRADUAÇÃO";"Campus Central";"DTG";"2014";"1";"2014-02-03";"2014-04-02";"24M345  35N12 (03/02/2014 - 02/04/2014)";"4";"4";"REGULAR";"f";"2014-06-06 15:34:13.078";"f";"";"80";"CONSOLIDADA";"";"Presencial";
"1225600";"08";"25915";"";"";"52526";"GRADUAÇÃO";"Campus Central";"DTG";"2014";"1";"2014-02-03";"2014-04-02";"24M345  35N12 (03/02/2014 - 02/04/2014)";"4";"4";"REGULAR";"f";"2014-06-06 15:34:13.078";"f";"";"80";"CONSOLIDADA";"";"Presencial";
"1225600";"08";"18447";"";"";"52526";"GRADUAÇÃO";"Campus Central";"DTG";"2014";"1";"2014-02-03";"2014-04-02";"24M345  35N12 (03/02/2014 - 02/04/2014)";"4";"4";"REGULAR";"f";"2014-06-06 15:34:13.078";"f";"";"80";"CONSOLIDADA";"";"Presencial";
"1225601";"09";"25915";"";"";"52526";"GRADUAÇÃO";"Campus Central";"DTG";"2014";"1";"2014-04-14";"2014-06-12";"24M345  35N12 (14/04/2014 - 05/06/2014),  35N12 (10/06/2014 - 12/06/2014)";"4";"4";"REGULAR";"f";"2014-06-16 15:34:59.773";"f";"";"77";"CONSOLIDADA";"";"Presencial";
"1225601";"09";"16331";"";"";"52526";"GRADUAÇÃO";"Campus Central";"DTG";"2014";"1";"2014-04-14";"2014-06-12";"24M345  35N12 (14/04/2014 - 05/06/2014),  35N12 (10/06/2014 - 12/06/2014)";"4";"4";"REGULAR";"f";"2014-06-16 15:34:59.773";"f";"";"77";"CONSOLIDADA";"";"Presencial";
"1225601";"09";"25943";"";"";"52526";"GRADUAÇÃO";"Campus Central";"DTG";"2014";"1";"2014-04-14";"2014-06-12";"24M345  35N12 (14/04/2014 - 05/06/2014),  35N12 (10/06/2014 - 12/06/2014)";"4";"4";"REGULAR";"f";"2014-06-16 15:34:59.773";"f";"";"77";"CONSOLIDADA";"";"Presencial";
"1225601";"09";"23411";"";"";"52526";"GRADUAÇÃO";"Campus Central";"DTG";"2014";"1";"2014-04-14";"2014-06-12";"24M345  35N12 (14/04/2014 - 05/06/2014),  35N12 (10/06/2014 - 12/06/2014)";"4";"4";"REGULAR";"f";"2014-06-16 15:34:59.773";"f";"";"77";"CONSOLIDADA";"";"Presencial";
"1225601";"09";"22753";"";"";"52526";"GRADUAÇÃO";"Campus Central";"DTG";"2014";"1";"2014-04-14";"2014-06-12";"24M345  35N12 (14/04/2014 - 05/06/2014),  35N12 (10/06/2014 - 12/06/2014)";"4";"4";"REGULAR";"f";"2014-06-16 15:34:59.773";"f";"";"77";"CONSOLIDADA";"";"Presencial";
"1225601";"09";"5753071";"";"";"52526";"GRADUAÇÃO";"Campus Central";"DTG";"2014";"1";"2014-04-14";"2014-06-12";"24M345  35N12 (14/04/2014 - 05/06/2014),  35N12 (10/06/2014 - 12/06/2014)";"4";"4";"REGULAR";"f";"2014-06-16 15:34:59.773";"f";"";"77";"CONSOLIDADA";"";"Presencial";
"1225601";"09";"26310";"";"";"52526";"GRADUAÇÃO";"Campus Central";"DTG";"2014";"1";"2014-04-14";"2014-06-12";"24M345  35N12 (14/04/2014 - 05/06/2014),  35N12 (10/06/2014 - 12/06/2014)";"4";"4";"REGULAR";"f";"2014-06-16 15:34:59.773";"f";"";"77";"CONSOLIDADA";"";"Presencial";
"1225601";"09";"5753807";"";"";"52526";"GRADUAÇÃO";"Campus Central";"DTG";"2014";"1";"2014-04-14";"2014-06-12";"24M345  35N12 (14/04/2014 - 05/06/2014),  35N12 (10/06/2014 - 12/06/2014)";"4";"4";"REGULAR";"f";"2014-06-16 15:34:59.773";"f";"";"77";"CONSOLIDADA";"";"Presencial";
"1225601";"09";"18447";"";"";"52526";"GRADUAÇÃO";"Campus Central";"DTG";"2014";"1";"2014-04-14";"2014-06-12";"24M345  35N12 (14/04/2014 - 05/06/2014),  35N12 (10/06/2014 - 12/06/2014)";"4";"4";"REGULAR";"f";"2014-06-16 15:34:59.773";"f";"";"77";"CONSOLIDADA";"";"Presencial";
"1225601";"09";"5753770";"";"";"52526";"GRADUAÇÃO";"Campus Central";"DTG";"2014";"1";"2014-04-14";"2014-06-12";"24M345  35N12 (14/04/2014 - 05/06/2014),  35N12 (10/06/2014 - 12/06/2014)";"4";"4";"REGULAR";"f";"2014-06-16 15:34:59.773";"f";"";"77";"CONSOLIDADA";"";"Presencial";
"1225602";"10";"22753";"";"";"52526";"GRADUAÇÃO";"Campus Central";"DTG";"2014";"1";"2014-04-14";"2014-06-12";"24M345  35N12 (14/04/2014 - 05/06/2014),  35N12 (10/06/2014 - 12/06/2014)";"4";"4";"REGULAR";"f";"2014-06-17 08:13:47.847";"f";"";"77";"CONSOLIDADA";"";"Presencial";
"1225602";"10";"25915";"";"";"52526";"GRADUAÇÃO";"Campus Central";"DTG";"2014";"1";"2014-04-14";"2014-06-12";"24M345  35N12 (14/04/2014 - 05/06/2014),  35N12 (10/06/2014 - 12/06/2014)";"4";"4";"REGULAR";"f";"2014-06-17 08:13:47.847";"f";"";"77";"CONSOLIDADA";"";"Presencial";
"1225602";"10";"18447";"";"";"52526";"GRADUAÇÃO";"Campus Central";"DTG";"2014";"1";"2014-04-14";"2014-06-12";"24M345  35N12 (14/04/2014 - 05/06/2014),  35N12 (10/06/2014 - 12/06/2014)";"4";"4";"REGULAR";"f";"2014-06-17 08:13:47.847";"f";"";"77";"CONSOLIDADA";"";"Presencial";
"1225602";"10";"26310";"";"";"52526";"GRADUAÇÃO";"Campus Central";"DTG";"2014";"1";"2014-04-14";"2014-06-12";"24M345  35N12 (14/04/2014 - 05/06/2014),  35N12 (10/06/2014 - 12/06/2014)";"4";"4";"REGULAR";"f";"2014-06-17 08:13:47.847";"f";"";"77";"CONSOLIDADA";"";"Presencial";
"1225602";"10";"25943";"";"";"52526";"GRADUAÇÃO";"Campus Central";"DTG";"2014";"1";"2014-04-14";"2014-06-12";"24M345  35N12 (14/04/2014 - 05/06/2014),  35N12 (10/06/2014 - 12/06/2014)";"4";"4";"REGULAR";"f";"2014-06-17 08:13:47.847";"f";"";"77";"CONSOLIDADA";"";"Presencial";
"1225602";"10";"16331";"";"";"52526";"GRADUAÇÃO";"Campus Central";"DTG";"2014";"1";"2014-04-14";"2014-06-12";"24M345  35N12 (14/04/2014 - 05/06/2014),  35N12 (10/06/2014 - 12/06/2014)";"4";"4";"REGULAR";"f";"2014-06-17 08:13:47.847";"f";"";"77";"CONSOLIDADA";"";"Presencial";
"1225602";"10";"5753807";"";"";"52526";"GRADUAÇÃO";"Campus Central";"DTG";"2014";"1";"2014-04-14";"2014-06-12";"24M345  35N12 (14/04/2014 - 05/06/2014),  35N12 (10/06/2014 - 12/06/2014)";"4";"4";"REGULAR";"f";"2014-06-17 08:13:47.847";"f";"";"77";"CONSOLIDADA";"";"Presencial";
"1225602";"10";"23411";"";"";"52526";"GRADUAÇÃO";"Campus Central";"DTG";"2014";"1";"2014-04-14";"2014-06-12";"24M345  35N12 (14/04/2014 - 05/06/2014),  35N12 (10/06/2014 - 12/06/2014)";"4";"4";"REGULAR";"f";"2014-06-17 08:13:47.847";"f";"";"77";"CONSOLIDADA";"";"Presencial";
"1225602";"10";"5753770";"";"";"52526";"GRADUAÇÃO";"Campus Central";"DTG";"2014";"1";"2014-04-14";"2014-06-12";"24M345  35N12 (14/04/2014 - 05/06/2014),  35N12 (10/06/2014 - 12/06/2014)";"4";"4";"REGULAR";"f";"2014-06-17 08:13:47.847";"f";"";"77";"CONSOLIDADA";"";"Presencial";
"1225603";"11";"5753770";"";"";"52526";"GRADUAÇÃO";"Campus Central";"DTG";"2014";"1";"2014-04-14";"2014-06-12";"24M345  35N12 (14/04/2014 - 05/06/2014),  35N12 (10/06/2014 - 12/06/2014)";"3";"4";"REGULAR";"f";"2014-06-17 08:17:39.984";"f";"";"77";"CONSOLIDADA";"";"Presencial";
"1225603";"11";"26310";"";"";"52526";"GRADUAÇÃO";"Campus Central";"DTG";"2014";"1";"2014-04-14";"2014-06-12";"24M345  35N12 (14/04/2014 - 05/06/2014),  35N12 (10/06/2014 - 12/06/2014)";"3";"4";"REGULAR";"f";"2014-06-17 08:17:39.984";"f";"";"77";"CONSOLIDADA";"";"Presencial";
"1225603";"11";"18447";"";"";"52526";"GRADUAÇÃO";"Campus Central";"DTG";"2014";"1";"2014-04-14";"2014-06-12";"24M345  35N12 (14/04/2014 - 05/06/2014),  35N12 (10/06/2014 - 12/06/2014)";"3";"4";"REGULAR";"f";"2014-06-17 08:17:39.984";"f";"";"77";"CONSOLIDADA";"";"Presencial";
"1225603";"11";"25915";"";"";"52526";"GRADUAÇÃO";"Campus Central";"DTG";"2014";"1";"2014-04-14";"2014-06-12";"24M345  35N12 (14/04/2014 - 05/06/2014),  35N12 (10/06/2014 - 12/06/2014)";"3";"4";"REGULAR";"f";"2014-06-17 08:17:39.984";"f";"";"77";"CONSOLIDADA";"";"Presencial";
"1225603";"11";"5753807";"";"";"52526";"GRADUAÇÃO";"Campus Central";"DTG";"2014";"1";"2014-04-14";"2014-06-12";"24M345  35N12 (14/04/2014 - 05/06/2014),  35N12 (10/06/2014 - 12/06/2014)";"3";"4";"REGULAR";"f";"2014-06-17 08:17:39.984";"f";"";"77";"CONSOLIDADA";"";"Presencial";
"1225603";"11";"23411";"";"";"52526";"GRADUAÇÃO";"Campus Central";"DTG";"2014";"1";"2014-04-14";"2014-06-12";"24M345  35N12 (14/04/2014 - 05/06/2014),  35N12 (10/06/2014 - 12/06/2014)";"3";"4";"REGULAR";"f";"2014-06-17 08:17:39.984";"f";"";"77";"CONSOLIDADA";"";"Presencial";
"1225603";"11";"16331";"";"";"52526";"GRADUAÇÃO";"Campus Central";"DTG";"2014";"1";"2014-04-14";"2014-06-12";"24M345  35N12 (14/04/2014 - 05/06/2014),  35N12 (10/06/2014 - 12/06/2014)";"3";"4";"REGULAR";"f";"2014-06-17 08:17:39.984";"f";"";"77";"CONSOLIDADA";"";"Presencial";
"1225603";"11";"25943";"";"";"52526";"GRADUAÇÃO";"Campus Central";"DTG";"2014";"1";"2014-04-14";"2014-06-12";"24M345  35N12 (14/04/2014 - 05/06/2014),  35N12 (10/06/2014 - 12/06/2014)";"3";"4";"REGULAR";"f";"2014-06-17 08:17:39.984";"f";"";"77";"CONSOLIDADA";"";"Presencial";
"1225603";"11";"22753";"";"";"52526";"GRADUAÇÃO";"Campus Central";"DTG";"2014";"1";"2014-04-14";"2014-06-12";"24M345  35N12 (14/04/2014 - 05/06/2014),  35N12 (10/06/2014 - 12/06/2014)";"3";"4";"REGULAR";"f";"2014-06-17 08:17:39.984";"f";"";"77";"CONSOLIDADA";"";"Presencial";
"1225604";"12";"22753";"";"";"52526";"GRADUAÇÃO";"Campus Central";"DTG";"2014";"1";"2014-04-14";"2014-06-12";"24M345  35N12 (14/04/2014 - 05/06/2014),  35N12 (10/06/2014 - 12/06/2014)";"4";"4";"REGULAR";"f";"2014-06-17 08:21:20.643";"f";"";"77";"CONSOLIDADA";"";"Presencial";
"1225604";"12";"26310";"";"";"52526";"GRADUAÇÃO";"Campus Central";"DTG";"2014";"1";"2014-04-14";"2014-06-12";"24M345  35N12 (14/04/2014 - 05/06/2014),  35N12 (10/06/2014 - 12/06/2014)";"4";"4";"REGULAR";"f";"2014-06-17 08:21:20.643";"f";"";"77";"CONSOLIDADA";"";"Presencial";
"1225604";"12";"18447";"";"";"52526";"GRADUAÇÃO";"Campus Central";"DTG";"2014";"1";"2014-04-14";"2014-06-12";"24M345  35N12 (14/04/2014 - 05/06/2014),  35N12 (10/06/2014 - 12/06/2014)";"4";"4";"REGULAR";"f";"2014-06-17 08:21:20.643";"f";"";"77";"CONSOLIDADA";"";"Presencial";
"1225604";"12";"16331";"";"";"52526";"GRADUAÇÃO";"Campus Central";"DTG";"2014";"1";"2014-04-14";"2014-06-12";"24M345  35N12 (14/04/2014 - 05/06/2014),  35N12 (10/06/2014 - 12/06/2014)";"4";"4";"REGULAR";"f";"2014-06-17 08:21:20.643";"f";"";"77";"CONSOLIDADA";"";"Presencial";
"1225604";"12";"5753770";"";"";"52526";"GRADUAÇÃO";"Campus Central";"DTG";"2014";"1";"2014-04-14";"2014-06-12";"24M345  35N12 (14/04/2014 - 05/06/2014),  35N12 (10/06/2014 - 12/06/2014)";"4";"4";"REGULAR";"f";"2014-06-17 08:21:20.643";"f";"";"77";"CONSOLIDADA";"";"Presencial";
"1225604";"12";"23411";"";"";"52526";"GRADUAÇÃO";"Campus Central";"DTG";"2014";"1";"2014-04-14";"2014-06-12";"24M345  35N12 (14/04/2014 - 05/06/2014),  35N12 (10/06/2014 - 12/06/2014)";"4";"4";"REGULAR";"f";"2014-06-17 08:21:20.643";"f";"";"77";"CONSOLIDADA";"";"Presencial";
"1225604";"12";"25943";"";"";"52526";"GRADUAÇÃO";"Campus Central";"DTG";"2014";"1";"2014-04-14";"2014-06-12";"24M345  35N12 (14/04/2014 - 05/06/2014),  35N12 (10/06/2014 - 12/06/2014)";"4";"4";"REGULAR";"f";"2014-06-17 08:21:20.643";"f";"";"77";"CONSOLIDADA";"";"Presencial";
"1225604";"12";"5753807";"";"";"52526";"GRADUAÇÃO";"Campus Central";"DTG";"2014";"1";"2014-04-14";"2014-06-12";"24M345  35N12 (14/04/2014 - 05/06/2014),  35N12 (10/06/2014 - 12/06/2014)";"4";"4";"REGULAR";"f";"2014-06-17 08:21:20.643";"f";"";"77";"CONSOLIDADA";"";"Presencial";
"1225604";"12";"25915";"";"";"52526";"GRADUAÇÃO";"Campus Central";"DTG";"2014";"1";"2014-04-14";"2014-06-12";"24M345  35N12 (14/04/2014 - 05/06/2014),  35N12 (10/06/2014 - 12/06/2014)";"4";"4";"REGULAR";"f";"2014-06-17 08:21:20.643";"f";"";"77";"CONSOLIDADA";"";"Presencial";
"1225605";"13";"25943";"";"";"52526";"GRADUAÇÃO";"Campus Central";"DTG";"2014";"1";"2014-04-14";"2014-06-12";"24M345  35N12 (14/04/2014 - 05/06/2014),  35N12 (10/06/2014 - 12/06/2014)";"3";"4";"REGULAR";"f";"2014-06-17 08:27:27.374";"f";"";"77";"CONSOLIDADA";"";"Presencial";
"1225605";"13";"26310";"";"";"52526";"GRADUAÇÃO";"Campus Central";"DTG";"2014";"1";"2014-04-14";"2014-06-12";"24M345  35N12 (14/04/2014 - 05/06/2014),  35N12 (10/06/2014 - 12/06/2014)";"3";"4";"REGULAR";"f";"2014-06-17 08:27:27.374";"f";"";"77";"CONSOLIDADA";"";"Presencial";
"1225605";"13";"23411";"";"";"52526";"GRADUAÇÃO";"Campus Central";"DTG";"2014";"1";"2014-04-14";"2014-06-12";"24M345  35N12 (14/04/2014 - 05/06/2014),  35N12 (10/06/2014 - 12/06/2014)";"3";"4";"REGULAR";"f";"2014-06-17 08:27:27.374";"f";"";"77";"CONSOLIDADA";"";"Presencial";
"1225605";"13";"22753";"";"";"52526";"GRADUAÇÃO";"Campus Central";"DTG";"2014";"1";"2014-04-14";"2014-06-12";"24M345  35N12 (14/04/2014 - 05/06/2014),  35N12 (10/06/2014 - 12/06/2014)";"3";"4";"REGULAR";"f";"2014-06-17 08:27:27.374";"f";"";"77";"CONSOLIDADA";"";"Presencial";
"1225605";"13";"16331";"";"";"52526";"GRADUAÇÃO";"Campus Central";"DTG";"2014";"1";"2014-04-14";"2014-06-12";"24M345  35N12 (14/04/2014 - 05/06/2014),  35N12 (10/06/2014 - 12/06/2014)";"3";"4";"REGULAR";"f";"2014-06-17 08:27:27.374";"f";"";"77";"CONSOLIDADA";"";"Presencial";
"1225605";"13";"5753770";"";"";"52526";"GRADUAÇÃO";"Campus Central";"DTG";"2014";"1";"2014-04-14";"2014-06-12";"24M345  35N12 (14/04/2014 - 05/06/2014),  35N12 (10/06/2014 - 12/06/2014)";"3";"4";"REGULAR";"f";"2014-06-17 08:27:27.374";"f";"";"77";"CONSOLIDADA";"";"Presencial";
"1225605";"13";"18447";"";"";"52526";"GRADUAÇÃO";"Campus Central";"DTG";"2014";"1";"2014-04-14";"2014-06-12";"24M345  35N12 (14/04/2014 - 05/06/2014),  35N12 (10/06/2014 - 12/06/2014)";"3";"4";"REGULAR";"f";"2014-06-17 08:27:27.374";"f";"";"77";"CONSOLIDADA";"";"Presencial";
"1225605";"13";"5753807";"";"";"52526";"GRADUAÇÃO";"Campus Central";"DTG";"2014";"1";"2014-04-14";"2014-06-12";"24M345  35N12 (14/04/2014 - 05/06/2014),  35N12 (10/06/2014 - 12/06/2014)";"3";"4";"REGULAR";"f";"2014-06-17 08:27:27.374";"f";"";"77";"CONSOLIDADA";"";"Presencial";
"1225605";"13";"25915";"";"";"52526";"GRADUAÇÃO";"Campus Central";"DTG";"2014";"1";"2014-04-14";"2014-06-12";"24M345  35N12 (14/04/2014 - 05/06/2014),  35N12 (10/06/2014 - 12/06/2014)";"3";"4";"REGULAR";"f";"2014-06-17 08:27:27.374";"f";"";"77";"CONSOLIDADA";"";"Presencial";
"1225606";"14";"22753";"";"";"52526";"GRADUAÇÃO";"Campus Central";"DTG";"2014";"1";"2014-04-14";"2014-06-12";"24M345  35N12 (14/04/2014 - 05/06/2014),  35N12 (10/06/2014 - 12/06/2014)";"3";"4";"REGULAR";"f";"2014-06-17 08:31:11.894";"f";"";"77";"CONSOLIDADA";"";"Presencial";
"1225606";"14";"26310";"";"";"52526";"GRADUAÇÃO";"Campus Central";"DTG";"2014";"1";"2014-04-14";"2014-06-12";"24M345  35N12 (14/04/2014 - 05/06/2014),  35N12 (10/06/2014 - 12/06/2014)";"3";"4";"REGULAR";"f";"2014-06-17 08:31:11.894";"f";"";"77";"CONSOLIDADA";"";"Presencial";
"1225606";"14";"16331";"";"";"52526";"GRADUAÇÃO";"Campus Central";"DTG";"2014";"1";"2014-04-14";"2014-06-12";"24M345  35N12 (14/04/2014 - 05/06/2014),  35N12 (10/06/2014 - 12/06/2014)";"3";"4";"REGULAR";"f";"2014-06-17 08:31:11.894";"f";"";"77";"CONSOLIDADA";"";"Presencial";
"1225606";"14";"5753770";"";"";"52526";"GRADUAÇÃO";"Campus Central";"DTG";"2014";"1";"2014-04-14";"2014-06-12";"24M345  35N12 (14/04/2014 - 05/06/2014),  35N12 (10/06/2014 - 12/06/2014)";"3";"4";"REGULAR";"f";"2014-06-17 08:31:11.894";"f";"";"77";"CONSOLIDADA";"";"Presencial";
"1225606";"14";"5753807";"";"";"52526";"GRADUAÇÃO";"Campus Central";"DTG";"2014";"1";"2014-04-14";"2014-06-12";"24M345  35N12 (14/04/2014 - 05/06/2014),  35N12 (10/06/2014 - 12/06/2014)";"3";"4";"REGULAR";"f";"2014-06-17 08:31:11.894";"f";"";"77";"CONSOLIDADA";"";"Presencial";
"1225606";"14";"25915";"";"";"52526";"GRADUAÇÃO";"Campus Central";"DTG";"2014";"1";"2014-04-14";"2014-06-12";"24M345  35N12 (14/04/2014 - 05/06/2014),  35N12 (10/06/2014 - 12/06/2014)";"3";"4";"REGULAR";"f";"2014-06-17 08:31:11.894";"f";"";"77";"CONSOLIDADA";"";"Presencial";
"1225606";"14";"23411";"";"";"52526";"GRADUAÇÃO";"Campus Central";"DTG";"2014";"1";"2014-04-14";"2014-06-12";"24M345  35N12 (14/04/2014 - 05/06/2014),  35N12 (10/06/2014 - 12/06/2014)";"3";"4";"REGULAR";"f";"2014-06-17 08:31:11.894";"f";"";"77";"CONSOLIDADA";"";"Presencial";
"1225606";"14";"25943";"";"";"52526";"GRADUAÇÃO";"Campus Central";"DTG";"2014";"1";"2014-04-14";"2014-06-12";"24M345  35N12 (14/04/2014 - 05/06/2014),  35N12 (10/06/2014 - 12/06/2014)";"3";"4";"REGULAR";"f";"2014-06-17 08:31:11.894";"f";"";"77";"CONSOLIDADA";"";"Presencial";
"1225606";"14";"18447";"";"";"52526";"GRADUAÇÃO";"Campus Central";"DTG";"2014";"1";"2014-04-14";"2014-06-12";"24M345  35N12 (14/04/2014 - 05/06/2014),  35N12 (10/06/2014 - 12/06/2014)";"3";"4";"REGULAR";"f";"2014-06-17 08:31:11.894";"f";"";"77";"CONSOLIDADA";"";"Presencial";
"1225607";"15";"22753";"";"";"52526";"GRADUAÇÃO";"Campus Central";"DTG";"2014";"1";"2014-04-14";"2014-06-12";"24M345  35N12 (14/04/2014 - 05/06/2014),  35N12 (10/06/2014 - 12/06/2014)";"3";"4";"REGULAR";"f";"2014-06-17 08:34:41.295";"f";"";"77";"CONSOLIDADA";"";"Presencial";
"1225607";"15";"5753807";"";"";"52526";"GRADUAÇÃO";"Campus Central";"DTG";"2014";"1";"2014-04-14";"2014-06-12";"24M345  35N12 (14/04/2014 - 05/06/2014),  35N12 (10/06/2014 - 12/06/2014)";"3";"4";"REGULAR";"f";"2014-06-17 08:34:41.295";"f";"";"77";"CONSOLIDADA";"";"Presencial";
"1225607";"15";"23411";"";"";"52526";"GRADUAÇÃO";"Campus Central";"DTG";"2014";"1";"2014-04-14";"2014-06-12";"24M345  35N12 (14/04/2014 - 05/06/2014),  35N12 (10/06/2014 - 12/06/2014)";"3";"4";"REGULAR";"f";"2014-06-17 08:34:41.295";"f";"";"77";"CONSOLIDADA";"";"Presencial";
"1225607";"15";"25915";"";"";"52526";"GRADUAÇÃO";"Campus Central";"DTG";"2014";"1";"2014-04-14";"2014-06-12";"24M345  35N12 (14/04/2014 - 05/06/2014),  35N12 (10/06/2014 - 12/06/2014)";"3";"4";"REGULAR";"f";"2014-06-17 08:34:41.295";"f";"";"77";"CONSOLIDADA";"";"Presencial";
"1225607";"15";"18447";"";"";"52526";"GRADUAÇÃO";"Campus Central";"DTG";"2014";"1";"2014-04-14";"2014-06-12";"24M345  35N12 (14/04/2014 - 05/06/2014),  35N12 (10/06/2014 - 12/06/2014)";"3";"4";"REGULAR";"f";"2014-06-17 08:34:41.295";"f";"";"77";"CONSOLIDADA";"";"Presencial";
"1225607";"15";"25943";"";"";"52526";"GRADUAÇÃO";"Campus Central";"DTG";"2014";"1";"2014-04-14";"2014-06-12";"24M345  35N12 (14/04/2014 - 05/06/2014),  35N12 (10/06/2014 - 12/06/2014)";"3";"4";"REGULAR";"f";"2014-06-17 08:34:41.295";"f";"";"77";"CONSOLIDADA";"";"Presencial";
"1225607";"15";"16331";"";"";"52526";"GRADUAÇÃO";"Campus Central";"DTG";"2014";"1";"2014-04-14";"2014-06-12";"24M345  35N12 (14/04/2014 - 05/06/2014),  35N12 (10/06/2014 - 12/06/2014)";"3";"4";"REGULAR";"f";"2014-06-17 08:34:41.295";"f";"";"77";"CONSOLIDADA";"";"Presencial";
"1225607";"15";"5753770";"";"";"52526";"GRADUAÇÃO";"Campus Central";"DTG";"2014";"1";"2014-04-14";"2014-06-12";"24M345  35N12 (14/04/2014 - 05/06/2014),  35N12 (10/06/2014 - 12/06/2014)";"3";"4";"REGULAR";"f";"2014-06-17 08:34:41.295";"f";"";"77";"CONSOLIDADA";"";"Presencial";
"1225607";"15";"26310";"";"";"52526";"GRADUAÇÃO";"Campus Central";"DTG";"2014";"1";"2014-04-14";"2014-06-12";"24M345  35N12 (14/04/2014 - 05/06/2014),  35N12 (10/06/2014 - 12/06/2014)";"3";"4";"REGULAR";"f";"2014-06-17 08:34:41.295";"f";"";"77";"CONSOLIDADA";"";"Presencial";
"1225608";"16";"25915";"";"";"52526";"GRADUAÇÃO";"Campus Central";"DTG";"2014";"1";"2014-04-14";"2014-06-12";"24M345  35N12 (14/04/2014 - 05/06/2014),  35N12 (10/06/2014 - 12/06/2014)";"4";"4";"REGULAR";"f";"2014-06-17 08:54:41.729";"f";"";"77";"CONSOLIDADA";"";"Presencial";
"1225608";"16";"16331";"";"";"52526";"GRADUAÇÃO";"Campus Central";"DTG";"2014";"1";"2014-04-14";"2014-06-12";"24M345  35N12 (14/04/2014 - 05/06/2014),  35N12 (10/06/2014 - 12/06/2014)";"4";"4";"REGULAR";"f";"2014-06-17 08:54:41.729";"f";"";"77";"CONSOLIDADA";"";"Presencial";
"1225608";"16";"18447";"";"";"52526";"GRADUAÇÃO";"Campus Central";"DTG";"2014";"1";"2014-04-14";"2014-06-12";"24M345  35N12 (14/04/2014 - 05/06/2014),  35N12 (10/06/2014 - 12/06/2014)";"4";"4";"REGULAR";"f";"2014-06-17 08:54:41.729";"f";"";"77";"CONSOLIDADA";"";"Presencial";
"1225608";"16";"23411";"";"";"52526";"GRADUAÇÃO";"Campus Central";"DTG";"2014";"1";"2014-04-14";"2014-06-12";"24M345  35N12 (14/04/2014 - 05/06/2014),  35N12 (10/06/2014 - 12/06/2014)";"4";"4";"REGULAR";"f";"2014-06-17 08:54:41.729";"f";"";"77";"CONSOLIDADA";"";"Presencial";
"1225608";"16";"5753770";"";"";"52526";"GRADUAÇÃO";"Campus Central";"DTG";"2014";"1";"2014-04-14";"2014-06-12";"24M345  35N12 (14/04/2014 - 05/06/2014),  35N12 (10/06/2014 - 12/06/2014)";"4";"4";"REGULAR";"f";"2014-06-17 08:54:41.729";"f";"";"77";"CONSOLIDADA";"";"Presencial";
"1225608";"16";"22753";"";"";"52526";"GRADUAÇÃO";"Campus Central";"DTG";"2014";"1";"2014-04-14";"2014-06-12";"24M345  35N12 (14/04/2014 - 05/06/2014),  35N12 (10/06/2014 - 12/06/2014)";"4";"4";"REGULAR";"f";"2014-06-17 08:54:41.729";"f";"";"77";"CONSOLIDADA";"";"Presencial";
"1225608";"16";"5753807";"";"";"52526";"GRADUAÇÃO";"Campus Central";"DTG";"2014";"1";"2014-04-14";"2014-06-12";"24M345  35N12 (14/04/2014 - 05/06/2014),  35N12 (10/06/2014 - 12/06/2014)";"4";"4";"REGULAR";"f";"2014-06-17 08:54:41.729";"f";"";"77";"CONSOLIDADA";"";"Presencial";
"1225608";"16";"26310";"";"";"52526";"GRADUAÇÃO";"Campus Central";"DTG";"2014";"1";"2014-04-14";"2014-06-12";"24M345  35N12 (14/04/2014 - 05/06/2014),  35N12 (10/06/2014 - 12/06/2014)";"4";"4";"REGULAR";"f";"2014-06-17 08:54:41.729";"f";"";"77";"CONSOLIDADA";"";"Presencial";
"1225608";"16";"25943";"";"";"52526";"GRADUAÇÃO";"Campus Central";"DTG";"2014";"1";"2014-04-14";"2014-06-12";"24M345  35N12 (14/04/2014 - 05/06/2014),  35N12 (10/06/2014 - 12/06/2014)";"4";"4";"REGULAR";"f";"2014-06-17 08:54:41.729";"f";"";"77";"CONSOLIDADA";"";"Presencial";
"1225609";"01";"5752456";"";"";"53937";"GRADUAÇÃO";"Campus Central";"sala 2G4";"2014";"1";"2014-01-27";"2014-06-14";"5N1234";"10";"40";"REGULAR";"f";"2014-06-21 11:31:38.277";"f";"";"68";"CONSOLIDADA";"";"Presencial";
"1225610";"07";"5756046";"";"";"54998";"GRADUAÇÃO";"Campus Santa Cruz";"Externo";"2014";"1";"2014-02-04";"2014-04-29";"3M3 (04/02/2014 - 29/04/2014)";"5";"6";"REGULAR";"f";"2014-06-14 00:29:28.019";"f";"";"13";"CONSOLIDADA";"";"Presencial";
"1225611";"08";"5756299";"";"";"54998";"GRADUAÇÃO";"Campus Santa Cruz";"Externo";"2014";"1";"2014-02-04";"2014-04-29";"3M3 (04/02/2014 - 29/04/2014)";"6";"7";"REGULAR";"f";"2014-06-13 03:59:42.526";"f";"";"13";"CONSOLIDADA";"";"Presencial";
"1225612";"09";"5756046";"";"";"54998";"GRADUAÇÃO";"Campus Santa Cruz";"Externo";"2014";"1";"2014-02-04";"2014-04-29";"3M4 (04/02/2014 - 29/04/2014)";"7";"6";"REGULAR";"f";"2014-06-14 00:20:21.397";"f";"";"13";"CONSOLIDADA";"";"Presencial";
"1225613";"10";"5756299";"";"";"54998";"GRADUAÇÃO";"Campus Santa Cruz";"Externo";"2014";"1";"2014-02-04";"2014-04-29";"3M4 (04/02/2014 - 29/04/2014)";"7";"7";"REGULAR";"f";"2014-06-13 04:01:56.515";"f";"";"13";"CONSOLIDADA";"";"Presencial";
"1225614";"11";"5756046";"";"";"54998";"GRADUAÇÃO";"Campus Santa Cruz";"Externo";"2014";"1";"2014-02-04";"2014-04-29";"3M5 (04/02/2014 - 29/04/2014)";"7";"7";"REGULAR";"f";"2014-06-14 00:34:06.197";"f";"";"13";"CONSOLIDADA";"";"Presencial";
"1225615";"12";"5756299";"";"";"54998";"GRADUAÇÃO";"Campus Santa Cruz";"Externo";"2014";"1";"2014-02-04";"2014-04-29";"3M5 (04/02/2014 - 29/04/2014)";"6";"7";"REGULAR";"f";"2014-06-13 04:19:57.197";"f";"";"13";"CONSOLIDADA";"";"Presencial";
"1225616";"02";"18389";"";"";"43764";"GRADUAÇÃO";"Campus Central";"Sala 07 do DSC";"2014";"1";"2014-01-27";"2014-06-14";"5N123 (27/01/2014 - 14/06/2014)";"4";"60";"REGULAR";"f";"2014-06-21 14:52:22.412";"f";"";"51";"CONSOLIDADA";"";"Presencial";
"1225617";"01";"5755233";"";"";"25004";"GRADUAÇÃO";"Campus Central";"Sala de Aula 8";"2014";"1";"2014-01-27";"2014-06-14";"24M34";"44";"50";"REGULAR";"f";"2014-06-06 19:09:02.761";"f";"";"68";"CONSOLIDADA";"";"Presencial";
"1225617";"01";"18411";"";"";"25004";"GRADUAÇÃO";"Campus Central";"Sala de Aula 8";"2014";"1";"2014-01-27";"2014-06-14";"24M34";"44";"50";"REGULAR";"f";"2014-06-06 19:09:02.761";"f";"";"68";"CONSOLIDADA";"";"Presencial";
"1225617";"01";"5753094";"";"";"25004";"GRADUAÇÃO";"Campus Central";"Sala de Aula 8";"2014";"1";"2014-01-27";"2014-06-14";"24M34";"44";"50";"REGULAR";"f";"2014-06-06 19:09:02.761";"f";"";"68";"CONSOLIDADA";"";"Presencial";
"1225618";"01";"34240";"";"";"26108";"GRADUAÇÃO";"Campus Central";"Sala 24 - Escola de Música";"2014";"1";"2014-01-27";"2014-06-14";"24N34";"12";"50";"REGULAR";"f";"2014-06-10 17:47:26.881";"f";"";"66";"CONSOLIDADA";"";"Presencial";
"1225619";"02";"18389";"";"";"2034869";"GRADUAÇÃO";"Campus Central";"Departamento de Saúde Coletiva";"2014";"1";"2014-01-27";"2014-06-14";"7M45 (27/01/2014 - 14/06/2014)";"24";"60";"REGULAR";"f";"2014-06-23 17:10:23.367";"f";"";"40";"CONSOLIDADA";"";"Presencial";
"1225620";"02";"18389";"";"";"46406";"GRADUAÇÃO";"Campus Central";"Departamento de Saúde Coletiva";"2014";"1";"2014-01-27";"2014-06-14";"7M23 (27/01/2014 - 14/06/2014)";"14";"60";"REGULAR";"f";"2014-06-21 14:15:32.117";"f";"";"38";"CONSOLIDADA";"";"Presencial";
"1225621";"03";"5753815";"";"";"26158";"GRADUAÇÃO";"Campus Central";"Sala D";"2014";"1";"2014-01-27";"2014-06-14";"4T1234";"22";"25";"REGULAR";"f";"2014-06-18 12:47:28.19";"f";"";"76";"CONSOLIDADA";"";"Presencial";
"1225622";"01";"5752181";"";"";"54034";"LATO SENSU";"";"Setor II  Bloco F Sala 3";"2014";"1";"2014-01-11";"2014-02-08";"7M2345  7T2345 (11/01/2014 - 08/02/2014)";"";"50";"REGULAR";"f";"2014-12-10 08:51:00.698";"f";"";"40";"CONSOLIDADA";"";"Presencial";
"1225623";"03";"5753362";"";"";"46461";"GRADUAÇÃO";"Campus Central";"Setor IV";"2014";"1";"2014-01-27";"2014-06-14";"36N34";"4";"40";"REGULAR";"f";"";"f";"";"";"EXCLUÍDA";"";"Presencial";
"1225624";"03";"23400";"";"";"18732";"TÉCNICO";"";"Sala 21";"2014";"1";"2014-01-27";"2014-06-14";"2T456";"1";"3";"REGULAR";"f";"2014-06-20 15:25:56.906";"f";"";"6";"CONSOLIDADA";"";"Presencial";
"1225625";"07";"26062";"";"";"18831";"TÉCNICO";"";"Sala 03";"2014";"1";"2014-01-27";"2014-06-14";"4T456";"";"3";"REGULAR";"f";"";"f";"";"";"EXCLUÍDA";"";"Presencial";
"1225626";"01";"5754083";"";"";"51735";"TÉCNICO";"";"ESTUDIO";"2014";"1";"2014-01-27";"2014-06-14";"2T12";"";"8";"REGULAR";"f";"2014-06-11 14:32:35.914";"f";"";"32";"CONSOLIDADA";"";"Presencial";
"1225627";"08";"5754083";"";"";"18832";"TÉCNICO";"";"ESTUDIO";"2014";"1";"2014-01-27";"2014-06-14";"2T345";"6";"10";"REGULAR";"f";"2014-06-11 14:41:26.983";"f";"";"45";"CONSOLIDADA";"";"Presencial";
"1225628";"01";"5752921";"";"";"25759";"GRADUAÇÃO";"Campus Central";"Sala 15";"2014";"1";"2014-01-27";"2014-06-14";"4M56";"17";"16";"REGULAR";"f";"2014-06-12 16:10:25.457";"f";"";"38";"CONSOLIDADA";"";"Presencial";
"1225628";"01";"5751559";"";"";"25759";"GRADUAÇÃO";"Campus Central";"Sala 15";"2014";"1";"2014-01-27";"2014-06-14";"4M56";"17";"16";"REGULAR";"f";"2014-06-12 16:10:25.457";"f";"";"38";"CONSOLIDADA";"";"Presencial";
"1225629";"20";"5752878";"";"";"2021150";"GRADUAÇÃO";"Campus Central";"Sala 07";"2014";"1";"2014-01-27";"2014-06-14";"4M34";"0";"2";"REGULAR";"f";"";"f";"";"";"EXCLUÍDA";"";"Presencial";
"1225630";"05";"5752878";"";"";"2021151";"GRADUAÇÃO";"Campus Central";"Sala 08";"2014";"1";"2014-01-27";"2014-06-14";"4M56";"";"2";"REGULAR";"f";"";"f";"";"";"EXCLUÍDA";"";"Presencial";
"1225631";"02";"35466";"";"";"18651";"TÉCNICO";"";"Sala 21";"2014";"1";"2014-01-27";"2014-06-14";"4T123";"";"3";"REGULAR";"f";"2014-06-15 13:35:38.184";"f";"";"57";"CONSOLIDADA";"";"Presencial";
"1225632";"01";"5752297";"";"";"54152";"GRADUAÇÃO";"Campus Central";"Sala I9";"2014";"1";"2014-01-27";"2014-06-14";"4M12 5M1234 (27/01/2014 - 14/06/2014)";"";"12";"REGULAR";"f";"2014-06-20 21:23:21.684";"f";"";"110";"CONSOLIDADA";"";"Presencial";
"1225633";"01";"18913";"";"";"27952";"GRADUAÇÃO";"Campus Central";"MINIAUDITÓRIO";"2014";"1";"2014-01-27";"2014-06-14";"24T12";"23";"12";"REGULAR";"f";"2014-06-13 15:21:55.295";"f";"";"74";"CONSOLIDADA";"";"Presencial";
"1225634";"01";"2306717";"";"";"24582";"GRADUAÇÃO";"Campus Central";"Laboratório de Geologia";"2014";"1";"2014-01-27";"2014-06-14";"35N123";"2";"5";"REGULAR";"f";"2014-06-13 11:15:16.907";"f";"";"108";"CONSOLIDADA";"";"Presencial";
"1225635";"16A";"5751595";"";"";"45856";"GRADUAÇÃO";"";"MARCELINO VIEIRA/RN";"2014";"1";"2014-01-27";"2014-06-14";"";"1";"";"REGULAR";"t";"2014-06-07 09:54:05.942";"f";"";"0";"CONSOLIDADA";"";"A Distância";
"1225636";"14";"5751854";"";"";"27181";"GRADUAÇÃO";"";"CAICÓ/RN";"2014";"1";"2014-01-27";"2014-06-14";"";"";"";"REGULAR";"t";"";"f";"";"";"EXCLUÍDA";"";"A Distância";
"1225637";"04";"5751854";"";"";"27181";"GRADUAÇÃO";"";"CAMPINA GRANDE/PB";"2014";"1";"2014-01-27";"2014-06-14";"";"1";"";"REGULAR";"t";"2014-06-18 08:49:43.977";"f";"";"0";"CONSOLIDADA";"";"A Distância";
"1225638";"02";"5751854";"";"";"27181";"GRADUAÇÃO";"";"CURRAIS NOVOS/RN";"2014";"1";"2014-01-27";"2014-06-14";"";"1";"";"REGULAR";"t";"2014-06-20 09:37:53.021";"f";"";"0";"CONSOLIDADA";"";"A Distância";
"1225639";"11";"5751854";"";"";"27181";"GRADUAÇÃO";"";"EXTREMOZ/RN";"2014";"1";"2014-01-27";"2014-06-14";"";"3";"";"REGULAR";"t";"2014-06-12 15:19:04.933";"f";"";"0";"CONSOLIDADA";"";"A Distância";
"1225640";"05";"5751854";"";"";"27181";"GRADUAÇÃO";"";"GARANHUNS/PE";"2014";"1";"2014-01-27";"2014-06-14";"";"";"";"REGULAR";"t";"";"f";"";"";"EXCLUÍDA";"";"A Distância";
"1225641";"15";"5751854";"";"";"27181";"GRADUAÇÃO";"";"LAJES/RN";"2014";"1";"2014-01-27";"2014-06-14";"";"1";"";"REGULAR";"t";"2014-06-12 15:19:55.264";"f";"";"0";"CONSOLIDADA";"";"A Distância";
"1225642";"01";"5751854";"";"";"27181";"GRADUAÇÃO";"";"MACAU/RN";"2014";"1";"2014-01-27";"2014-06-14";"";"1";"";"REGULAR";"t";"2014-06-12 15:16:42.16";"f";"";"0";"CONSOLIDADA";"";"A Distância";
"1225643";"10";"5751854";"";"";"27181";"GRADUAÇÃO";"";"MACEIÓ/AL";"2014";"1";"2014-01-27";"2014-06-14";"";"";"";"REGULAR";"t";"";"f";"";"";"EXCLUÍDA";"";"A Distância";
"1225644";"03";"5751854";"";"";"27181";"GRADUAÇÃO";"";"NOVA CRUZ/RN";"2014";"1";"2014-01-27";"2014-06-14";"";"1";"";"REGULAR";"t";"2014-06-12 15:18:17.069";"f";"";"0";"CONSOLIDADA";"";"A Distância";
"1225645";"01";"5752687";"";"";"2056008";"STRICTO SENSU";"";"Setor II sala G2";"2014";"1";"2014-02-10";"2014-06-14";"5T234";"14";"25";"REGULAR";"f";"2014-09-18 11:55:17.424";"f";"";"45";"CONSOLIDADA";"";"Presencial";
"1225646";"03";"36449";"";"";"27173";"GRADUAÇÃO";"";"NOVA CRUZ/RN";"2014";"1";"2014-01-27";"2014-06-14";"";"2";"";"REGULAR";"t";"2014-06-06 10:06:14.574";"f";"";"0";"CONSOLIDADA";"";"A Distância";
"1225647";"15";"37595";"";"";"27176";"GRADUAÇÃO";"";"LAJES/RN";"2014";"1";"2014-01-27";"2014-06-14";"";"1";"";"REGULAR";"t";"2014-06-05 11:08:00.262";"f";"";"0";"CONSOLIDADA";"";"A Distância";
"1225648";"15";"5751595";"";"";"45863";"GRADUAÇÃO";"";"LAJES/RN";"2014";"1";"2014-01-27";"2014-06-14";"";"1";"";"REGULAR";"t";"2014-06-07 09:55:30.234";"f";"";"0";"CONSOLIDADA";"";"A Distância";
"1225649";"01";"22886";"";"";"2033950";"TÉCNICO";"";"Sala 04";"2014";"1";"2014-01-27";"2014-06-16";"7T123";"";"3";"REGULAR";"f";"";"f";"";"";"EXCLUÍDA";"";"Presencial";
"1225650";"01";"5755345";"";"";"22987";"GRADUAÇÃO";"Campus Central";"PROIN";"2014";"1";"2014-01-27";"2014-06-14";"7T1234";"27";"30";"REGULAR";"f";"2014-06-20 21:05:15.234";"f";"";"76";"CONSOLIDADA";"";"Presencial";
"1225651";"01";"19122";"";"";"22988";"GRADUAÇÃO";"Campus Central";"PROIN";"2014";"1";"2014-01-27";"2014-06-14";"46T56";"26";"30";"REGULAR";"f";"2014-06-26 14:50:31.645";"f";"";"72";"CONSOLIDADA";"";"Presencial";
"1225653";"40";"22886";"";"";"18715";"TÉCNICO";"";"Sala 04";"2014";"1";"2014-01-27";"2014-06-16";"3T123";"";"3";"REGULAR";"f";"2014-06-14 12:34:57.062";"f";"";"51";"CONSOLIDADA";"";"Presencial";
"1225654";"01";"17624";"";"";"55226";"GRADUAÇÃO";"Campus Central";"3E3";"2014";"1";"2014-01-27";"2014-06-14";"6M2345";"7";"10";"REGULAR";"f";"2014-06-20 13:02:17.259";"f";"";"72";"CONSOLIDADA";"";"Presencial";
"1225655";"15";"18727";"";"";"27178";"GRADUAÇÃO";"";"LAJES/RN";"2014";"1";"2014-01-27";"2014-06-14";"";"1";"";"REGULAR";"t";"2014-06-06 15:48:56.781";"f";"";"0";"CONSOLIDADA";"";"A Distância";
"1225656";"05";"5755727";"";"";"48797";"GRADUAÇÃO";"Campus Central";"Departamento de Saúde Coletiva";"2014";"1";"2014-01-27";"2014-06-14";"7M234 (27/01/2014 - 14/06/2014)";"6";"5";"REGULAR";"f";"2014-06-12 23:43:41.116";"f";"";"54";"CONSOLIDADA";"";"Presencial";
"1225657";"14";"5484636";"";"";"27190";"GRADUAÇÃO";"";"CAICÓ/RN";"2014";"1";"2014-01-27";"2014-06-14";"";"1";"";"REGULAR";"t";"2014-06-16 10:51:19.705";"f";"";"0";"CONSOLIDADA";"";"A Distância";
"1225658";"04";"5484636";"";"";"27190";"GRADUAÇÃO";"";"CAMPINA GRANDE/PB";"2014";"1";"2014-01-27";"2014-06-14";"";"";"";"REGULAR";"t";"";"f";"";"";"EXCLUÍDA";"";"A Distância";
"1225659";"02";"5484636";"";"";"27190";"GRADUAÇÃO";"";"CURRAIS NOVOS/RN";"2014";"1";"2014-01-27";"2014-06-14";"";"1";"";"REGULAR";"t";"";"f";"";"";"EXCLUÍDA";"";"A Distância";
"1225660";"11";"5484636";"";"";"27190";"GRADUAÇÃO";"";"EXTREMOZ/RN";"2014";"1";"2014-01-27";"2014-06-14";"";"4";"";"REGULAR";"t";"2014-06-16 10:50:38.208";"f";"";"0";"CONSOLIDADA";"";"A Distância";
"1225661";"05";"5484636";"";"";"27190";"GRADUAÇÃO";"";"GARANHUNS/PE";"2014";"1";"2014-01-27";"2014-06-14";"";"";"";"REGULAR";"t";"";"f";"";"";"EXCLUÍDA";"";"A Distância";
"1225662";"15";"5484636";"";"";"27190";"GRADUAÇÃO";"";"LAJES/RN";"2014";"1";"2014-01-27";"2014-06-14";"";"1";"";"REGULAR";"t";"2014-06-16 10:51:57.038";"f";"";"0";"CONSOLIDADA";"";"A Distância";
"1225663";"01";"5484636";"";"";"27190";"GRADUAÇÃO";"";"MACAU/RN";"2014";"1";"2014-01-27";"2014-06-14";"";"1";"";"REGULAR";"t";"2014-06-16 10:49:24.026";"f";"";"0";"CONSOLIDADA";"";"A Distância";
"1225664";"10";"5484636";"";"";"27190";"GRADUAÇÃO";"";"MACEIÓ/AL";"2014";"1";"2014-01-27";"2014-06-14";"";"";"";"REGULAR";"t";"";"f";"";"";"EXCLUÍDA";"";"A Distância";
"1225665";"03";"5484636";"";"";"27190";"GRADUAÇÃO";"";"NOVA CRUZ/RN";"2014";"1";"2014-01-27";"2014-06-14";"";"";"";"REGULAR";"t";"";"f";"";"";"EXCLUÍDA";"";"A Distância";
"1225666";"14";"";"994598";"";"27186";"GRADUAÇÃO";"";"CAICÓ/RN";"2014";"1";"2014-01-27";"2014-06-14";"";"";"";"REGULAR";"t";"";"f";"";"";"EXCLUÍDA";"";"A Distância";
"1225667";"04";"";"994598";"";"27186";"GRADUAÇÃO";"";"CAMPINA GRANDE/PB";"2014";"1";"2014-01-27";"2014-06-14";"";"";"";"REGULAR";"t";"";"f";"";"";"EXCLUÍDA";"";"A Distância";
"1225668";"02";"";"994598";"";"27186";"GRADUAÇÃO";"";"CURRAIS NOVOS/RN";"2014";"1";"2014-01-27";"2014-06-14";"";"1";"";"REGULAR";"t";"2014-06-13 18:15:53.531";"f";"";"0";"CONSOLIDADA";"";"A Distância";
"1225669";"11";"";"994598";"";"27186";"GRADUAÇÃO";"";"EXTREMOZ/RN";"2014";"1";"2014-01-27";"2014-06-14";"";"3";"";"REGULAR";"t";"2014-06-13 18:20:41.21";"f";"";"0";"CONSOLIDADA";"";"A Distância";
"1225670";"05";"";"994598";"";"27186";"GRADUAÇÃO";"";"GARANHUNS/PE";"2014";"1";"2014-01-27";"2014-06-14";"";"";"";"REGULAR";"t";"";"f";"";"";"EXCLUÍDA";"";"A Distância";
"1225671";"15";"";"994598";"";"27186";"GRADUAÇÃO";"";"LAJES/RN";"2014";"1";"2014-01-27";"2014-06-14";"";"";"";"REGULAR";"t";"";"f";"";"";"EXCLUÍDA";"";"A Distância";
"1225672";"01";"";"994598";"";"27186";"GRADUAÇÃO";"";"MACAU/RN";"2014";"1";"2014-01-27";"2014-06-14";"";"1";"";"REGULAR";"t";"2014-06-13 18:17:48.235";"f";"";"0";"CONSOLIDADA";"";"A Distância";
"1225673";"10";"";"994598";"";"27186";"GRADUAÇÃO";"";"MACEIÓ/AL";"2014";"1";"2014-01-27";"2014-06-14";"";"";"";"REGULAR";"t";"";"f";"";"";"EXCLUÍDA";"";"A Distância";
"1225674";"03";"";"994598";"";"27186";"GRADUAÇÃO";"";"NOVA CRUZ/RN";"2014";"1";"2014-01-27";"2014-06-14";"";"3";"";"REGULAR";"t";"2014-06-13 18:24:15.14";"f";"";"0";"CONSOLIDADA";"";"A Distância";
"1225675";"14";"";"99421460";"";"27172";"GRADUAÇÃO";"";"CAICÓ/RN";"2014";"1";"2014-01-27";"2014-06-14";"";"";"";"REGULAR";"t";"";"f";"";"";"EXCLUÍDA";"";"A Distância";
"1225676";"04";"";"99421460";"";"27172";"GRADUAÇÃO";"";"CAMPINA GRANDE/PB";"2014";"1";"2014-01-27";"2014-06-14";"";"";"";"REGULAR";"t";"";"f";"";"";"EXCLUÍDA";"";"A Distância";
"1225677";"02";"";"99421460";"";"27172";"GRADUAÇÃO";"";"CURRAIS NOVOS/RN";"2014";"1";"2014-01-27";"2014-06-14";"";"7";"";"REGULAR";"t";"2014-06-16 12:04:25.874";"f";"";"0";"CONSOLIDADA";"";"A Distância";
"1225678";"11";"";"99421460";"";"27172";"GRADUAÇÃO";"";"EXTREMOZ/RN";"2014";"1";"2014-01-27";"2014-06-14";"";"2";"";"REGULAR";"t";"2014-06-16 12:03:14.339";"f";"";"0";"CONSOLIDADA";"";"A Distância";
"1225679";"05";"";"99421460";"";"27172";"GRADUAÇÃO";"";"GARANHUNS/PE";"2014";"1";"2014-01-27";"2014-06-14";"";"";"";"REGULAR";"t";"";"f";"";"";"EXCLUÍDA";"";"A Distância";
"1225680";"15";"";"99421460";"";"27172";"GRADUAÇÃO";"";"LAJES/RN";"2014";"1";"2014-01-27";"2014-06-14";"";"";"";"REGULAR";"t";"";"f";"";"";"EXCLUÍDA";"";"A Distância";
"1225681";"01";"";"99421460";"";"27172";"GRADUAÇÃO";"";"MACAU/RN";"2014";"1";"2014-01-27";"2014-06-14";"";"1";"";"REGULAR";"t";"2014-06-05 21:45:36.046";"f";"";"0";"CONSOLIDADA";"";"A Distância";
"1225682";"10";"";"99421460";"";"27172";"GRADUAÇÃO";"";"MACEIÓ/AL";"2014";"1";"2014-01-27";"2014-06-14";"";"";"";"REGULAR";"t";"";"f";"";"";"EXCLUÍDA";"";"A Distância";
"1225683";"03";"";"99421460";"";"27172";"GRADUAÇÃO";"";"NOVA CRUZ/RN";"2014";"1";"2014-01-27";"2014-06-14";"";"4";"";"REGULAR";"t";"2014-06-05 21:43:21.04";"f";"";"0";"CONSOLIDADA";"";"A Distância";
"1225684";"13";"2305973";"";"";"2042259";"GRADUAÇÃO";"";"MARTINS/RN";"2014";"1";"2014-01-27";"2014-06-14";"";"1";"";"REGULAR";"t";"";"f";"";"";"INTERROMPIDA";"";"A Distância";
"1225685";"28";"3031587";"";"";"18812";"TÉCNICO";"";"Sala T";"2014";"1";"2014-01-27";"2014-06-16";"4T123";"";"3";"REGULAR";"f";"";"f";"";"";"EXCLUÍDA";"";"Presencial";
"1225686";"03";"22827";"";"";"46338";"GRADUAÇÃO";"Campus Central";"IA1";"2014";"1";"2014-01-27";"2014-06-14";"5T3456";"12";"59";"REGULAR";"f";"2014-06-20 20:59:02.652";"f";"";"68";"CONSOLIDADA";"";"Presencial";
"1225687";"01";"5753751";"";"";"52817";"STRICTO SENSU";"";"sala 22 Escola de Musica";"2014";"1";"2014-02-06";"2014-06-14";"5M5";"9";"9";"REGULAR";"f";"2014-06-20 13:39:44.967";"f";"";"15";"CONSOLIDADA";"";"Presencial";
"1225688";"01";"5751926";"";"";"52816";"STRICTO SENSU";"";"Sala 25 Escola de Música";"2014";"1";"2014-02-06";"2014-06-14";"6T234";"9";"9";"REGULAR";"f";"2014-06-21 19:31:58.273";"f";"";"51";"CONSOLIDADA";"";"Presencial";
"1225689";"01";"34240";"";"";"52821";"STRICTO SENSU";"";"Sala 22 Escola de Música";"2014";"1";"2014-02-06";"2014-06-14";"5T2345";"9";"9";"REGULAR";"f";"2014-06-16 13:54:36.898";"f";"";"64";"CONSOLIDADA";"";"Presencial";
"1225690";"02";"5752917";"";"";"52817";"STRICTO SENSU";"";"Laboratório LAMUCO Escola de Música";"2014";"1";"2014-02-06";"2014-06-14";"6M2";"13";"13";"REGULAR";"f";"2014-06-18 11:43:13.735";"f";"";"14";"CONSOLIDADA";"";"Presencial";
"1225691";"02";"21707";"";"";"52816";"STRICTO SENSU";"";"Sala 22 Escola de Música";"2014";"1";"2014-02-06";"2014-06-14";"6M456";"13";"13";"REGULAR";"f";"2014-06-20 21:31:18.005";"f";"";"54";"CONSOLIDADA";"";"Presencial";
"1225692";"01";"5751546";"";"";"52828";"STRICTO SENSU";"";"A definir";"2014";"1";"2014-02-06";"2014-06-14";"5T234";"";"3";"REGULAR";"f";"";"f";"";"";"EXCLUÍDA";"";"Presencial";
"1225693";"02";"15520";"";"";"52828";"STRICTO SENSU";"";"A definir";"2014";"1";"2014-02-06";"2014-06-14";"5T56  5N1";"";"2";"REGULAR";"f";"";"f";"";"";"EXCLUÍDA";"";"Presencial";
"1225694";"03";"5753753";"";"";"52828";"STRICTO SENSU";"";"A definir";"2014";"1";"2014-02-06";"2014-06-14";"5T234";"";"3";"REGULAR";"f";"";"f";"";"";"EXCLUÍDA";"";"Presencial";
"1225695";"04";"5752917";"";"";"52828";"STRICTO SENSU";"";"A definir";"2014";"1";"2014-02-06";"2014-06-14";"5T56  5N1";"";"2";"REGULAR";"f";"";"f";"";"";"EXCLUÍDA";"";"Presencial";
"1225696";"05";"5752878";"";"";"52828";"STRICTO SENSU";"";"A definir";"2014";"1";"2014-02-06";"2014-06-14";"5N123";"";"3";"REGULAR";"f";"";"f";"";"";"EXCLUÍDA";"";"Presencial";
"1225697";"01";"22193";"";"";"52819";"STRICTO SENSU";"";"A definir";"2014";"1";"2014-02-06";"2014-06-14";"7M5";"1";"1";"REGULAR";"f";"2014-06-19 00:05:07.944";"f";"";"19";"CONSOLIDADA";"";"Presencial";
"1225698";"02";"5753751";"";"";"52819";"STRICTO SENSU";"";"A definir";"2014";"1";"2014-02-06";"2014-06-14";"7M5";"1";"1";"REGULAR";"f";"2014-06-20 13:53:13.591";"f";"";"18";"CONSOLIDADA";"";"Presencial";
"1225699";"03";"5753751";"";"";"52819";"STRICTO SENSU";"";"A definir";"2014";"1";"2014-02-06";"2014-06-14";"7M6";"1";"1";"REGULAR";"f";"2014-06-20 13:49:36.525";"f";"";"18";"CONSOLIDADA";"";"Presencial";
"1225700";"04";"";"89918945";"";"52819";"STRICTO SENSU";"";"A definir";"2014";"1";"2014-02-06";"2014-06-14";"7T1";"1";"1";"REGULAR";"f";"2015-09-10 18:48:56.244";"f";"";"0";"CONSOLIDADA";"";"Presencial";
"1225701";"05";"5751926";"";"";"52819";"STRICTO SENSU";"";"A definir";"2014";"1";"2014-02-06";"2014-06-14";"7M4";"1";"1";"REGULAR";"f";"2014-06-20 23:36:02.821";"f";"";"19";"CONSOLIDADA";"";"Presencial";
"1225702";"06";"5751926";"";"";"52819";"STRICTO SENSU";"";"A definir";"2014";"1";"2014-02-06";"2014-06-14";"7M5";"1";"1";"REGULAR";"f";"2014-06-20 23:36:40.1";"f";"";"19";"CONSOLIDADA";"";"Presencial";
"1225703";"07";"5751926";"";"";"52819";"STRICTO SENSU";"";"A definir";"2014";"1";"2014-02-06";"2014-06-14";"7M6";"1";"1";"REGULAR";"f";"2014-06-20 23:37:20.536";"f";"";"19";"CONSOLIDADA";"";"Presencial";
"1225704";"08";"34240";"";"";"52819";"STRICTO SENSU";"";"A definir";"2014";"1";"2014-02-06";"2014-06-14";"7M5";"1";"1";"REGULAR";"f";"2014-06-23 11:42:28.776";"f";"";"19";"CONSOLIDADA";"";"Presencial";
"1225705";"09";"34240";"";"";"52819";"STRICTO SENSU";"";"A definir";"2014";"1";"2014-02-06";"2014-06-14";"7M6";"1";"1";"REGULAR";"f";"2014-06-16 13:45:41.487";"f";"";"19";"CONSOLIDADA";"";"Presencial";
"1225706";"10";"5751546";"";"";"52819";"STRICTO SENSU";"";"A definir";"2014";"1";"2014-02-06";"2014-06-14";"7M5";"1";"1";"REGULAR";"f";"2014-06-16 00:42:12.859";"f";"";"19";"CONSOLIDADA";"";"Presencial";
"1225707";"11";"5751546";"";"";"52819";"STRICTO SENSU";"";"A definir";"2014";"1";"2014-02-06";"2014-06-14";"7M6";"1";"1";"REGULAR";"f";"2014-06-16 00:44:43.934";"f";"";"19";"CONSOLIDADA";"";"Presencial";
"1225708";"12";"15520";"";"";"52819";"STRICTO SENSU";"";"A definir";"2014";"1";"2014-02-06";"2014-06-14";"7M4";"1";"1";"REGULAR";"f";"2014-06-20 10:53:12.663";"f";"";"18";"CONSOLIDADA";"";"Presencial";
"1225709";"13";"15520";"";"";"52819";"STRICTO SENSU";"";"A definir";"2014";"1";"2014-02-06";"2014-06-14";"7M5";"1";"1";"REGULAR";"f";"2014-06-21 21:21:15.751";"f";"";"19";"CONSOLIDADA";"";"Presencial";
"1225710";"14";"15520";"";"";"52819";"STRICTO SENSU";"";"A definir";"2014";"1";"2014-02-06";"2014-06-14";"7M6";"1";"1";"REGULAR";"f";"2014-06-21 21:14:49.182";"f";"";"19";"CONSOLIDADA";"";"Presencial";
"1225711";"15";"5753753";"";"";"52819";"STRICTO SENSU";"";"A definir";"2014";"1";"2014-02-06";"2014-06-14";"7M5";"1";"1";"REGULAR";"f";"2014-06-21 01:10:16.278";"f";"";"18";"CONSOLIDADA";"";"Presencial";
"1225712";"16";"5753753";"";"";"52819";"STRICTO SENSU";"";"A definir";"2014";"1";"2014-02-06";"2014-06-14";"7M6";"1";"1";"REGULAR";"f";"2014-06-21 01:12:45.05";"f";"";"17";"CONSOLIDADA";"";"Presencial";
"1225713";"17";"5752917";"";"";"52819";"STRICTO SENSU";"";"A definir";"2014";"1";"2014-02-06";"2014-06-14";"7M5";"1";"1";"REGULAR";"f";"2014-06-18 11:41:18.767";"f";"";"20";"CONSOLIDADA";"";"Presencial";
"1225714";"18";"5752878";"";"";"52819";"STRICTO SENSU";"";"A definir";"2014";"1";"2014-02-06";"2014-06-14";"7M5";"1";"1";"REGULAR";"f";"2014-12-16 11:00:56.119";"f";"";"19";"CONSOLIDADA";"";"Presencial";
"1225715";"01";"5751546";"";"";"52830";"STRICTO SENSU";"";"A definir";"2014";"1";"2014-02-06";"2014-06-14";"6T234";"";"2";"REGULAR";"f";"";"f";"";"";"EXCLUÍDA";"";"Presencial";
"1225716";"02";"15520";"";"";"52830";"STRICTO SENSU";"";"A definir";"2014";"1";"2014-02-06";"2014-06-14";"6T234";"";"3";"REGULAR";"f";"";"f";"";"";"EXCLUÍDA";"";"Presencial";
"1225717";"03";"5753753";"";"";"52830";"STRICTO SENSU";"";"A definir";"2014";"1";"2014-02-06";"2014-06-14";"6T234";"";"2";"REGULAR";"f";"";"f";"";"";"EXCLUÍDA";"";"Presencial";
"1225718";"04";"5752917";"";"";"52830";"STRICTO SENSU";"";"A definir";"2014";"1";"2014-02-06";"2014-06-14";"6T234";"";"1";"REGULAR";"f";"";"f";"";"";"EXCLUÍDA";"";"Presencial";
"1225719";"05";"5752878";"";"";"52830";"STRICTO SENSU";"";"A definir";"2014";"1";"2014-02-06";"2014-06-14";"6T456";"";"1";"REGULAR";"f";"";"f";"";"";"EXCLUÍDA";"";"Presencial";
"1225720";"14C";"20811";"";"";"27148";"GRADUAÇÃO";"";"CAICÓ/RN";"2014";"1";"2014-01-27";"2014-06-14";"";"";"";"REGULAR";"t";"2014-06-20 14:42:24.345";"f";"";"0";"CONSOLIDADA";"";"A Distância";
"1225720";"14C";"21789";"";"";"27148";"GRADUAÇÃO";"";"CAICÓ/RN";"2014";"1";"2014-01-27";"2014-06-14";"";"";"";"REGULAR";"t";"2014-06-20 14:42:24.345";"f";"";"0";"CONSOLIDADA";"";"A Distância";
"1225721";"01";"23105";"";"";"54232";"GRADUAÇÃO";"Campus Central";"Liga Norteriograndense Contra o Cancer";"2014";"1";"2014-01-27";"2014-06-14";"3T2";"47";"55";"REGULAR";"f";"2014-06-11 18:52:21.866";"f";"";"18";"CONSOLIDADA";"";"Presencial";
"1225721";"01";"5754764";"";"";"54232";"GRADUAÇÃO";"Campus Central";"Liga Norteriograndense Contra o Cancer";"2014";"1";"2014-01-27";"2014-06-14";"3T2";"47";"55";"REGULAR";"f";"2014-06-11 18:52:21.866";"f";"";"18";"CONSOLIDADA";"";"Presencial";
"1225721";"01";"5755101";"";"";"54232";"GRADUAÇÃO";"Campus Central";"Liga Norteriograndense Contra o Cancer";"2014";"1";"2014-01-27";"2014-06-14";"3T2";"47";"55";"REGULAR";"f";"2014-06-11 18:52:21.866";"f";"";"18";"CONSOLIDADA";"";"Presencial";
"1225721";"01";"5755865";"";"";"54232";"GRADUAÇÃO";"Campus Central";"Liga Norteriograndense Contra o Cancer";"2014";"1";"2014-01-27";"2014-06-14";"3T2";"47";"55";"REGULAR";"f";"2014-06-11 18:52:21.866";"f";"";"18";"CONSOLIDADA";"";"Presencial";
"1225721";"01";"5754553";"";"";"54232";"GRADUAÇÃO";"Campus Central";"Liga Norteriograndense Contra o Cancer";"2014";"1";"2014-01-27";"2014-06-14";"3T2";"47";"55";"REGULAR";"f";"2014-06-11 18:52:21.866";"f";"";"18";"CONSOLIDADA";"";"Presencial";
"1225722";"01";"23105";"";"";"54233";"GRADUAÇÃO";"Campus Central";"Liga Norteriograndense Contra o Cancer";"2014";"1";"2014-01-27";"2014-06-14";"3T34 (27/01/2014 - 14/06/2014)";"10";"11";"REGULAR";"f";"2014-06-11 18:55:27.442";"f";"";"36";"CONSOLIDADA";"";"Presencial";
"1225723";"02";"5754553";"";"";"54233";"GRADUAÇÃO";"Campus Central";"Liga Norteriograndense Contra o Cancer";"2014";"1";"2014-01-27";"2014-06-14";"3T34 (27/01/2014 - 14/06/2014)";"9";"11";"REGULAR";"f";"2014-06-18 13:21:30.267";"f";"";"34";"CONSOLIDADA";"";"Presencial";
"1225724";"03";"5755101";"";"";"54233";"GRADUAÇÃO";"Campus Central";"Liga Norteriograndense Contra o Cancer";"2014";"1";"2014-01-27";"2014-06-14";"3T34 (27/01/2014 - 14/06/2014)";"11";"11";"REGULAR";"f";"2014-07-11 13:49:46.553";"f";"";"36";"CONSOLIDADA";"";"Presencial";
"1225725";"04";"5755865";"";"";"54233";"GRADUAÇÃO";"Campus Central";"HUOL";"2014";"1";"2014-01-27";"2014-06-14";"3T34 (27/01/2014 - 14/06/2014)";"7";"11";"REGULAR";"f";"2014-06-18 13:47:52.023";"f";"";"36";"CONSOLIDADA";"";"Presencial";
"1225726";"05";"5754764";"";"";"54233";"GRADUAÇÃO";"Campus Central";"Liga Norteriograndense Contra o Cancer";"2014";"1";"2014-01-27";"2014-06-14";"3T34 (27/01/2014 - 14/06/2014)";"10";"11";"REGULAR";"f";"2014-06-27 15:51:55.119";"f";"";"36";"CONSOLIDADA";"";"Presencial";
"1225728";"01";"18387";"";"";"39191";"STRICTO SENSU";"";"SALA DE MULTIMEIOS 03/NEPSA";"2014";"1";"2014-02-10";"2014-06-11";"6T345";"56";"52";"REGULAR";"f";"2014-10-27 12:08:10.496";"f";"";"45";"CONSOLIDADA";"";"Presencial";
"1225729";"01";"26242";"";"";"39192";"STRICTO SENSU";"";"SALA F1/SETOR V";"2014";"1";"2014-02-10";"2014-06-11";"4T234";"36";"30";"REGULAR";"f";"2015-01-05 00:23:45.952";"f";"";"45";"CONSOLIDADA";"";"Presencial";
"1225729";"01";"5755397";"";"";"39192";"STRICTO SENSU";"";"SALA F1/SETOR V";"2014";"1";"2014-02-10";"2014-06-11";"4T234";"36";"30";"REGULAR";"f";"2015-01-05 00:23:45.952";"f";"";"45";"CONSOLIDADA";"";"Presencial";
"1225730";"02";"26242";"";"";"39191";"STRICTO SENSU";"";"SALA F1/SETOR V";"2014";"1";"2014-02-10";"2014-06-11";"3T234";"31";"30";"REGULAR";"f";"2014-06-20 21:05:28.217";"f";"";"45";"CONSOLIDADA";"";"Presencial";
"1225730";"02";"22827";"";"";"39191";"STRICTO SENSU";"";"SALA F1/SETOR V";"2014";"1";"2014-02-10";"2014-06-11";"3T234";"31";"30";"REGULAR";"f";"2014-06-20 21:05:28.217";"f";"";"45";"CONSOLIDADA";"";"Presencial";
"1225731";"01";"17608";"";"";"39190";"STRICTO SENSU";"";"SALA F2/SETOR V";"2014";"1";"2014-02-10";"2014-06-11";"5T234";"36";"35";"REGULAR";"f";"2014-06-09 20:35:43.425";"f";"";"45";"CONSOLIDADA";"";"Presencial";
"1225732";"01";"5752234";"";"";"39198";"STRICTO SENSU";"";"SALA F2/SETOR V";"2014";"1";"2014-02-10";"2014-06-11";"2M345";"17";"30";"REGULAR";"f";"2014-12-17 09:47:17.035";"f";"";"48";"CONSOLIDADA";"";"Presencial";
"1225732";"01";"22914";"";"";"39198";"STRICTO SENSU";"";"SALA F2/SETOR V";"2014";"1";"2014-02-10";"2014-06-11";"2M345";"17";"30";"REGULAR";"f";"2014-12-17 09:47:17.035";"f";"";"48";"CONSOLIDADA";"";"Presencial";
"1225732";"01";"22790";"";"";"39198";"STRICTO SENSU";"";"SALA F2/SETOR V";"2014";"1";"2014-02-10";"2014-06-11";"2M345";"17";"30";"REGULAR";"f";"2014-12-17 09:47:17.035";"f";"";"48";"CONSOLIDADA";"";"Presencial";
"1225733";"01";"5753581";"";"";"39483";"STRICTO SENSU";"";"SALA F1/SETOR V";"2014";"1";"2014-02-10";"2014-06-11";"3M123";"16";"20";"REGULAR";"f";"2014-07-15 15:24:15.366";"f";"";"51";"CONSOLIDADA";"";"Presencial";
"1225733";"01";"21928";"";"";"39483";"STRICTO SENSU";"";"SALA F1/SETOR V";"2014";"1";"2014-02-10";"2014-06-11";"3M123";"16";"20";"REGULAR";"f";"2014-07-15 15:24:15.366";"f";"";"51";"CONSOLIDADA";"";"Presencial";
"1225734";"01";"5753581";"";"";"40664";"STRICTO SENSU";"";"SALA F1/SETOR V";"2014";"1";"2014-02-10";"2014-06-11";"3M456";"";"20";"REGULAR";"f";"";"f";"";"";"EXCLUÍDA";"";"Presencial";
"1225734";"01";"21928";"";"";"40664";"STRICTO SENSU";"";"SALA F1/SETOR V";"2014";"1";"2014-02-10";"2014-06-11";"3M456";"";"20";"REGULAR";"f";"";"f";"";"";"EXCLUÍDA";"";"Presencial";
"1225735";"01";"17608";"";"";"40197";"STRICTO SENSU";"";"SALA F1/SETOR V";"2014";"1";"2014-02-10";"2014-06-11";"6T345";"7";"25";"REGULAR";"f";"2014-06-09 19:23:37.331";"f";"";"45";"CONSOLIDADA";"";"Presencial";
"1225736";"01";"22147";"";"";"39364";"STRICTO SENSU";"";"SALA F1/SETOR V";"2014";"1";"2014-02-10";"2014-06-11";"4T345";"10";"25";"REGULAR";"f";"2014-06-18 21:23:39.283";"f";"";"45";"CONSOLIDADA";"";"Presencial";
"1225736";"01";"22992";"";"";"39364";"STRICTO SENSU";"";"SALA F1/SETOR V";"2014";"1";"2014-02-10";"2014-06-11";"4T345";"10";"25";"REGULAR";"f";"2014-06-18 21:23:39.283";"f";"";"45";"CONSOLIDADA";"";"Presencial";
"1225737";"01";"5753609";"";"";"39271";"STRICTO SENSU";"";"SALA F2/SETOR V";"2014";"1";"2014-02-10";"2014-06-11";"4T234 (10/02/2014 - 11/06/2014)";"21";"30";"REGULAR";"f";"2014-11-22 21:28:42.857";"f";"";"51";"CONSOLIDADA";"";"Presencial";
"1225738";"01";"5753609";"";"";"39291";"STRICTO SENSU";"";"SALA F2/SETOR V";"2014";"1";"2014-02-10";"2014-06-11";"6T34";"16";"25";"REGULAR";"f";"2014-07-30 09:29:22.302";"f";"";"32";"CONSOLIDADA";"";"Presencial";
"1225738";"01";"26322";"";"";"39291";"STRICTO SENSU";"";"SALA F2/SETOR V";"2014";"1";"2014-02-10";"2014-06-11";"6T34";"16";"25";"REGULAR";"f";"2014-07-30 09:29:22.302";"f";"";"32";"CONSOLIDADA";"";"Presencial";
"1225739";"01";"23010";"";"";"39408";"STRICTO SENSU";"";"SALA B1/SETOR V";"2014";"1";"2014-02-10";"2014-06-11";"3M345";"15";"25";"REGULAR";"f";"2014-06-07 09:00:58.373";"f";"";"45";"CONSOLIDADA";"";"Presencial";
"1225740";"01";"22718";"";"";"39417";"STRICTO SENSU";"";"SALA F1/SETOR V";"2014";"1";"2014-02-10";"2014-06-11";"5M345";"18";"25";"REGULAR";"f";"2014-05-30 15:01:15.245";"f";"";"42";"CONSOLIDADA";"";"Presencial";
"1225741";"01";"26475";"";"";"39400";"STRICTO SENSU";"";"SALA F2/SETOR V";"2014";"1";"2014-02-10";"2014-06-11";"3M34";"14";"25";"REGULAR";"f";"2015-02-23 17:21:44.999";"f";"";"34";"CONSOLIDADA";"";"Presencial";
"1225742";"01";"5755397";"";"";"39378";"STRICTO SENSU";"";"Sala de Multimeios 02/Centro de Educação";"2014";"1";"2014-02-10";"2014-06-11";"3M345";"28";"26";"REGULAR";"f";"2014-06-10 11:22:58.761";"f";"";"45";"CONSOLIDADA";"";"Presencial";
"1225743";"01";"5752201";"";"";"39366";"STRICTO SENSU";"";"SALA F2/SETOR V";"2014";"1";"2014-02-10";"2014-06-11";"4M34";"23";"25";"REGULAR";"f";"2015-02-09 15:30:00.74";"f";"";"34";"CONSOLIDADA";"";"Presencial";
"1225744";"01";"5752506";"";"";"41154";"STRICTO SENSU";"";"Sala da Base";"2014";"1";"2014-02-13";"2014-06-13";"2M12";"1";"1";"REGULAR";"f";"2014-06-18 11:16:07.373";"f";"";"30";"CONSOLIDADA";"";"Presencial";
"1225745";"02";"22923";"";"";"41154";"STRICTO SENSU";"";"Sala da Base";"2014";"1";"2014-02-13";"2014-06-13";"2M12";"1";"1";"REGULAR";"f";"2014-06-26 18:34:00.158";"f";"";"30";"CONSOLIDADA";"";"Presencial";
"1225746";"01";"21949";"";"";"39245";"STRICTO SENSU";"";"SALA F1/SETOR V";"2014";"1";"2014-02-10";"2014-06-11";"4M34";"17";"25";"REGULAR";"f";"2014-07-14 10:37:48.893";"f";"";"34";"CONSOLIDADA";"";"Presencial";
"1225746";"01";"22948";"";"";"39245";"STRICTO SENSU";"";"SALA F1/SETOR V";"2014";"1";"2014-02-10";"2014-06-11";"4M34";"17";"25";"REGULAR";"f";"2014-07-14 10:37:48.893";"f";"";"34";"CONSOLIDADA";"";"Presencial";
"1225747";"03";"18150";"";"";"41154";"STRICTO SENSU";"";"Sala da Base";"2014";"1";"2014-02-13";"2014-06-13";"2M12";"4";"4";"REGULAR";"f";"2014-06-10 10:39:45.356";"f";"";"30";"CONSOLIDADA";"";"Presencial";
"1225748";"01";"62852";"";"";"39216";"STRICTO SENSU";"";"SALA B1/SETOR V";"2014";"1";"2014-02-10";"2014-06-11";"4M345";"25";"22";"REGULAR";"f";"2014-10-27 11:51:15.298";"f";"";"45";"CONSOLIDADA";"";"Presencial";
"1225748";"01";"22129";"";"";"39216";"STRICTO SENSU";"";"SALA B1/SETOR V";"2014";"1";"2014-02-10";"2014-06-11";"4M345";"25";"22";"REGULAR";"f";"2014-10-27 11:51:15.298";"f";"";"45";"CONSOLIDADA";"";"Presencial";
"1225748";"01";"20855";"";"";"39216";"STRICTO SENSU";"";"SALA B1/SETOR V";"2014";"1";"2014-02-10";"2014-06-11";"4M345";"25";"22";"REGULAR";"f";"2014-10-27 11:51:15.298";"f";"";"45";"CONSOLIDADA";"";"Presencial";
"1225749";"04";"22006";"";"";"41154";"STRICTO SENSU";"";"Sala da Base";"2014";"1";"2014-02-13";"2014-06-13";"2M12";"2";"2";"REGULAR";"f";"2014-06-07 08:26:02.336";"f";"";"28";"CONSOLIDADA";"";"Presencial";
"1225750";"01";"22716";"";"";"39244";"STRICTO SENSU";"";"SALA F1/SETOR V";"2014";"1";"2014-02-10";"2014-06-11";"2T34";"32";"30";"REGULAR";"f";"2015-08-03 16:27:00.507";"f";"";"30";"CONSOLIDADA";"";"Presencial";
"1225750";"01";"20855";"";"";"39244";"STRICTO SENSU";"";"SALA F1/SETOR V";"2014";"1";"2014-02-10";"2014-06-11";"2T34";"32";"30";"REGULAR";"f";"2015-08-03 16:27:00.507";"f";"";"30";"CONSOLIDADA";"";"Presencial";
"1225751";"05";"5752795";"";"";"41154";"STRICTO SENSU";"";"Sala da Base";"2014";"1";"2014-02-13";"2014-06-13";"2M12";"1";"1";"REGULAR";"f";"2014-06-16 15:04:34.501";"f";"";"30";"CONSOLIDADA";"";"Presencial";
"1225752";"06";"5753098";"";"";"41154";"STRICTO SENSU";"";"Sala da Base";"2014";"1";"2014-02-13";"2014-06-13";"2M12";"2";"2";"REGULAR";"f";"2014-06-12 13:13:49.88";"f";"";"30";"CONSOLIDADA";"";"Presencial";
"1225753";"07";"24264";"";"";"41154";"STRICTO SENSU";"";"Sala da Base";"2014";"1";"2014-02-13";"2014-06-13";"2M12";"1";"1";"REGULAR";"f";"2014-06-05 06:19:02.604";"f";"";"28";"CONSOLIDADA";"";"Presencial";
"1225754";"08";"2301545";"";"";"41154";"STRICTO SENSU";"";"Sala da Base";"2014";"1";"2014-02-13";"2014-06-13";"2M12";"1";"1";"REGULAR";"f";"2014-06-27 19:40:07.948";"f";"";"30";"CONSOLIDADA";"";"Presencial";
"1225755";"09";"23731";"";"";"41154";"STRICTO SENSU";"";"Sala da Base";"2014";"1";"2014-02-13";"2014-06-13";"2M12";"3";"3";"REGULAR";"f";"2014-06-26 21:08:23.338";"f";"";"30";"CONSOLIDADA";"";"Presencial";
"1225756";"10";"26543";"";"";"41154";"STRICTO SENSU";"";"Sala da Base";"2014";"1";"2014-02-13";"2014-06-13";"2M12";"2";"2";"REGULAR";"f";"2014-06-19 18:21:29.371";"f";"";"28";"CONSOLIDADA";"";"Presencial";
"1225757";"11";"";"99513492";"";"41154";"STRICTO SENSU";"";"Sala da Base";"2014";"1";"2014-02-13";"2014-06-13";"2M12";"1";"1";"REGULAR";"f";"2014-07-21 14:37:34.179";"f";"";"30";"CONSOLIDADA";"";"Presencial";
"1225758";"01";"24811";"";"";"2056011";"STRICTO SENSU";"";"Setor II_I6";"2014";"1";"2014-02-10";"2014-06-14";"4M342";"7";"20";"REGULAR";"f";"2014-07-11 17:39:08.916";"f";"";"51";"CONSOLIDADA";"";"Presencial";
"1225759";"02";"5755761";"";"";"2045650";"GRADUAÇÃO";"Campus Central";"Sala 05 do DNUT";"2014";"1";"2014-01-27";"2014-06-14";"24T56";"4";"20";"REGULAR";"f";"2014-06-14 20:55:48.4";"f";"";"66";"CONSOLIDADA";"";"Presencial";
"1225761";"41";"5752497";"";"";"18715";"TÉCNICO";"";"Sala 04";"2014";"1";"2014-01-27";"2014-06-14";"4T123";"";"3";"REGULAR";"f";"";"f";"";"";"EXCLUÍDA";"";"Presencial";
"1225762";"42";"5755828";"";"";"18715";"TÉCNICO";"";"Sala 04";"2014";"1";"2014-01-27";"2014-06-14";"5T456";"";"3";"REGULAR";"f";"";"f";"";"";"EXCLUÍDA";"";"Presencial";
"1225763";"43";"5752202";"";"";"18715";"TÉCNICO";"";"Sala A";"2014";"1";"2014-01-27";"2014-06-14";"3T123";"";"3";"REGULAR";"f";"2014-06-11 14:28:52.117";"f";"";"57";"CONSOLIDADA";"";"Presencial";
"1225764";"01";"22992";"";"";"44528";"STRICTO SENSU";"";"DEF - SALA 07";"2014";"1";"2014-01-27";"2014-07-31";"4M234516";"23";"30";"REGULAR";"f";"2014-06-17 20:36:53.006";"f";"";"102";"CONSOLIDADA";"";"Presencial";
"1225764";"01";"5753703";"";"";"44528";"STRICTO SENSU";"";"DEF - SALA 07";"2014";"1";"2014-01-27";"2014-07-31";"4M234516";"23";"30";"REGULAR";"f";"2014-06-17 20:36:53.006";"f";"";"102";"CONSOLIDADA";"";"Presencial";
"1225765";"01";"5755812";"";"";"44529";"STRICTO SENSU";"";"DEF - SALA 07";"2014";"1";"2014-01-27";"2014-07-31";"4T2345";"19";"25";"REGULAR";"f";"2014-07-22 10:33:29.142";"f";"";"64";"CONSOLIDADA";"";"Presencial";
"1225766";"01";"5752155";"";"";"44524";"STRICTO SENSU";"";"DEF - SALA 07";"2014";"1";"2014-01-27";"2014-07-31";"2T2345 (27/01/2014 - 31/07/2014)";"13";"25";"REGULAR";"f";"2014-07-31 18:36:46.676";"f";"";"88";"CONSOLIDADA";"";"Presencial";
"1225767";"02";"5753862";"";"";"54952";"GRADUAÇÃO";"Campus Santa Cruz";"Bloco I - Sala 8";"2014";"1";"2014-01-27";"2014-03-24";"2345M23456  2T23456 4T123 (27/01/2014 - 24/03/2014)";"44";"40";"REGULAR";"f";"2014-06-21 07:09:25.455";"f";"";"211";"CONSOLIDADA";"";"Presencial";
"1225767";"02";"5756066";"";"";"54952";"GRADUAÇÃO";"Campus Santa Cruz";"Bloco I - Sala 8";"2014";"1";"2014-01-27";"2014-03-24";"2345M23456  2T23456 4T123 (27/01/2014 - 24/03/2014)";"44";"40";"REGULAR";"f";"2014-06-21 07:09:25.455";"f";"";"211";"CONSOLIDADA";"";"Presencial";
"1225767";"02";"5754564";"";"";"54952";"GRADUAÇÃO";"Campus Santa Cruz";"Bloco I - Sala 8";"2014";"1";"2014-01-27";"2014-03-24";"2345M23456  2T23456 4T123 (27/01/2014 - 24/03/2014)";"44";"40";"REGULAR";"f";"2014-06-21 07:09:25.455";"f";"";"211";"CONSOLIDADA";"";"Presencial";
"1225767";"02";"5756242";"";"";"54952";"GRADUAÇÃO";"Campus Santa Cruz";"Bloco I - Sala 8";"2014";"1";"2014-01-27";"2014-03-24";"2345M23456  2T23456 4T123 (27/01/2014 - 24/03/2014)";"44";"40";"REGULAR";"f";"2014-06-21 07:09:25.455";"f";"";"211";"CONSOLIDADA";"";"Presencial";
"1225767";"02";"5753655";"";"";"54952";"GRADUAÇÃO";"Campus Santa Cruz";"Bloco I - Sala 8";"2014";"1";"2014-01-27";"2014-03-24";"2345M23456  2T23456 4T123 (27/01/2014 - 24/03/2014)";"44";"40";"REGULAR";"f";"2014-06-21 07:09:25.455";"f";"";"211";"CONSOLIDADA";"";"Presencial";
"1225767";"02";"5756047";"";"";"54952";"GRADUAÇÃO";"Campus Santa Cruz";"Bloco I - Sala 8";"2014";"1";"2014-01-27";"2014-03-24";"2345M23456  2T23456 4T123 (27/01/2014 - 24/03/2014)";"44";"40";"REGULAR";"f";"2014-06-21 07:09:25.455";"f";"";"211";"CONSOLIDADA";"";"Presencial";
"1225767";"02";"5753401";"";"";"54952";"GRADUAÇÃO";"Campus Santa Cruz";"Bloco I - Sala 8";"2014";"1";"2014-01-27";"2014-03-24";"2345M23456  2T23456 4T123 (27/01/2014 - 24/03/2014)";"44";"40";"REGULAR";"f";"2014-06-21 07:09:25.455";"f";"";"211";"CONSOLIDADA";"";"Presencial";
"1225768";"01";"5753703";"";"";"44515";"STRICTO SENSU";"";"DEF - SALA 07";"2014";"1";"2014-01-27";"2014-07-31";"5M2345";"10";"25";"REGULAR";"f";"2014-06-13 23:34:09.479";"f";"";"56";"CONSOLIDADA";"";"Presencial";
"1225769";"02";"23067";"";"";"42785";"GRADUAÇÃO";"Campus Macaíba";"Sala 05 - Graduação - EAJ";"2014";"1";"2014-01-27";"2014-06-14";"6M23456 (27/01/2014 - 14/06/2014)";"11";"30";"REGULAR";"f";"2014-06-19 09:22:11.03";"f";"";"20";"CONSOLIDADA";"";"Presencial";
"1225770";"01";"22150";"";"";"44519";"STRICTO SENSU";"";"DEF - SALA 07";"2014";"1";"2014-01-27";"2014-07-31";"3T2345";"14";"25";"REGULAR";"f";"2014-06-03 18:46:56.864";"f";"";"68";"CONSOLIDADA";"";"Presencial";
"1225770";"01";"5752251";"";"";"44519";"STRICTO SENSU";"";"DEF - SALA 07";"2014";"1";"2014-01-27";"2014-07-31";"3T2345";"14";"25";"REGULAR";"f";"2014-06-03 18:46:56.864";"f";"";"68";"CONSOLIDADA";"";"Presencial";
"1225771";"01";"23731";"";"";"41151";"STRICTO SENSU";"";"Sala da Base";"2014";"1";"2014-02-13";"2014-06-13";"6N12";"1";"1";"REGULAR";"f";"2014-06-26 21:21:37.717";"f";"";"34";"CONSOLIDADA";"";"Presencial";
"1225772";"02";"5751673";"";"";"41151";"STRICTO SENSU";"";"Sala da Base";"2014";"1";"2014-02-13";"2014-06-13";"6N12";"";"1";"REGULAR";"f";"";"f";"";"";"EXCLUÍDA";"";"Presencial";
"1225773";"03";"5753098";"";"";"41151";"STRICTO SENSU";"";"Sala da Base";"2014";"1";"2014-02-13";"2014-06-13";"6N12";"1";"1";"REGULAR";"f";"2014-06-15 11:06:20.415";"f";"";"34";"CONSOLIDADA";"";"Presencial";
"1225774";"01";"2301545";"";"";"41152";"STRICTO SENSU";"";"Sala da Base";"2014";"1";"2014-02-13";"2014-06-13";"6N34";"1";"1";"REGULAR";"f";"2014-06-27 09:02:44.394";"f";"";"34";"CONSOLIDADA";"";"Presencial";
"1225775";"02";"18229";"";"";"41152";"STRICTO SENSU";"";"Sala da Base";"2014";"1";"2014-02-13";"2014-06-13";"6N34";"1";"1";"REGULAR";"f";"2014-07-10 20:19:08.922";"f";"";"30";"CONSOLIDADA";"";"Presencial";
"1225776";"03";"";"99513492";"";"41152";"STRICTO SENSU";"";"Sala da Base";"2014";"1";"2014-02-13";"2014-06-13";"6N34";"1";"1";"REGULAR";"f";"2014-07-21 14:27:34.542";"f";"";"32";"CONSOLIDADA";"";"Presencial";
"1225777";"01";"25978";"";"";"37472";"STRICTO SENSU";"";"3D5";"2014";"1";"2014-02-03";"2014-06-14";"24M56";"26";"30";"REGULAR";"f";"2014-07-14 11:52:32.157";"f";"";"64";"CONSOLIDADA";"";"Presencial";
"1225778";"01";"22933";"";"Horário: 35M12";"37482";"STRICTO SENSU";"";"3D5";"2014";"1";"2014-02-03";"2014-06-14";"7M1234";"4";"10";"REGULAR";"f";"2014-06-12 14:30:54.271";"f";"";"72";"CONSOLIDADA";"";"Presencial";
"1225779";"01";"23713";"";"Horário: 35M34";"37477";"STRICTO SENSU";"";"3D5";"2014";"1";"2014-02-03";"2014-06-14";"7T1234";"6";"10";"REGULAR";"f";"2014-06-11 08:06:13.242";"f";"";"72";"CONSOLIDADA";"";"Presencial";
"1225780";"01";"5754320";"";"";"37485";"STRICTO SENSU";"";"3H7";"2014";"1";"2014-02-03";"2014-06-14";"24T34";"7";"10";"REGULAR";"f";"2014-11-25 04:04:09.084";"f";"";"70";"CONSOLIDADA";"";"Presencial";
"1225781";"01";"64472";"";"*Horário: 14h às 18h **Período: fevereiro a abril";"37476";"STRICTO SENSU";"";"3D5";"2014";"1";"2014-02-03";"2014-06-14";"7N1234";"";"10";"REGULAR";"f";"";"f";"";"";"EXCLUÍDA";"";"Presencial";
"1225782";"01";"24798";"";"";"2051555";"STRICTO SENSU";"";"Lolita";"2014";"1";"2014-02-03";"2014-06-14";"46M34";"1";"10";"REGULAR";"f";"2014-06-19 19:24:01.801";"f";"";"72";"CONSOLIDADA";"";"Presencial";
"1225783";"01";"26044";"";"";"2051559";"STRICTO SENSU";"";"3D5";"2014";"1";"2014-02-03";"2014-06-14";"6M56";"3";"10";"REGULAR";"f";"2014-06-17 11:48:37.546";"f";"";"36";"CONSOLIDADA";"";"Presencial";
"1225784";"01";"35188";"";"";"53199";"STRICTO SENSU";"";"3C3";"2014";"1";"2014-02-03";"2014-06-14";"35M34";"2";"10";"REGULAR";"f";"2014-10-02 17:40:52.222";"f";"";"70";"CONSOLIDADA";"";"Presencial";
"1225785";"01";"5753036";"";"";"51562";"STRICTO SENSU";"";"Sala de Aulas I - NPJ/PPGD";"2014";"1";"2014-01-27";"2014-06-14";"2M2345";"13";"13";"REGULAR";"f";"2014-07-14 12:30:10.57";"f";"";"68";"CONSOLIDADA";"";"Presencial";
"1225786";"01";"24853";"";"";"37538";"STRICTO SENSU";"";"3D5";"2014";"1";"2014-02-03";"2014-06-14";"3N1234";"10";"10";"REGULAR";"f";"2014-08-15 16:50:03.217";"f";"";"72";"CONSOLIDADA";"";"Presencial";
"1225787";"01";"5752383";"";"";"55388";"STRICTO SENSU";"";"Sala de Aulas I - NPJ/PPGD";"2014";"1";"2014-01-27";"2014-06-14";"2T3456";"5";"13";"REGULAR";"f";"2014-06-20 08:52:25.912";"f";"";"72";"CONSOLIDADA";"";"Presencial";
"1225788";"01";"25978";"";"";"53198";"STRICTO SENSU";"";"3D5";"2014";"1";"2014-02-03";"2014-06-14";"2N1234";"8";"10";"REGULAR";"f";"2014-08-14 10:54:44.075";"f";"";"64";"CONSOLIDADA";"";"Presencial";
"1225789";"01";"5755047";"";"";"37536";"STRICTO SENSU";"";"DIMAp/Imagina";"2014";"1";"2014-02-03";"2014-06-14";"35T12";"10";"10";"REGULAR";"f";"2014-06-15 15:14:46.089";"f";"";"56";"CONSOLIDADA";"";"Presencial";
"1225790";"01";"5752481";"";"";"41127";"STRICTO SENSU";"";"3D5";"2014";"1";"2014-02-03";"2014-06-14";"24T34";"4";"10";"REGULAR";"f";"2014-08-05 15:37:23.926";"f";"";"70";"CONSOLIDADA";"";"Presencial";
"1225791";"01";"5755051";"";"";"37531";"STRICTO SENSU";"";"3B1";"2014";"1";"2014-02-03";"2014-06-14";"24M34";"5";"10";"REGULAR";"f";"2014-07-18 13:33:43.653";"f";"";"70";"CONSOLIDADA";"";"Presencial";
"1225792";"01";"37428";"";"";"55383";"STRICTO SENSU";"";"Sala de Aulas I - NPJ/PPGD";"2014";"1";"2014-01-27";"2014-06-14";"3M2345";"11";"13";"REGULAR";"f";"2015-01-15 08:04:25.32";"f";"";"68";"CONSOLIDADA";"";"Presencial";
"1225793";"01";"5755408";"";"";"37532";"STRICTO SENSU";"";"3B1";"2014";"1";"2014-02-03";"2014-06-14";"24M56";"10";"15";"REGULAR";"f";"2014-07-15 19:23:42.315";"f";"";"58";"CONSOLIDADA";"";"Presencial";
"1225794";"01";"24348";"";"";"54197";"STRICTO SENSU";"";"Sala de Aulas I - NPJ/PPGD";"2014";"1";"2014-01-27";"2014-06-14";"4M2345";"14";"14";"REGULAR";"f";"2014-10-09 09:27:15.984";"f";"";"76";"CONSOLIDADA";"";"Presencial";
"1225795";"01";"5752302";"";"";"54199";"STRICTO SENSU";"";"Sala de Aulas I - NPJ/PPGD";"2014";"1";"2014-01-27";"2014-06-14";"5M1234";"12";"12";"REGULAR";"f";"2014-08-28 14:31:09.148";"f";"";"76";"CONSOLIDADA";"";"Presencial";
"1225796";"01";"5752198";"";"";"55253";"STRICTO SENSU";"";"Sala de Aulas I - NPJ/PPGD";"2014";"1";"2014-01-27";"2014-06-14";"5N1234";"17";"17";"REGULAR";"f";"2014-06-26 09:17:24.023";"f";"";"64";"CONSOLIDADA";"";"Presencial";
"1225797";"01";"5752480";"";"";"55392";"STRICTO SENSU";"";"Sala de Aulas II - NPJ/PPGD";"2014";"1";"2014-01-27";"2014-06-14";"2T1234";"5";"5";"REGULAR";"f";"2014-05-14 14:14:35.456";"f";"";"56";"CONSOLIDADA";"";"Presencial";
"1225798";"01";"4274563";"";"";"55391";"STRICTO SENSU";"";"Sala de Aulas II - NPJ/PPGD";"2014";"1";"2014-01-27";"2014-06-14";"3M3456";"6";"10";"REGULAR";"f";"2014-11-19 12:26:36.198";"f";"";"0";"CONSOLIDADA";"";"Presencial";
"1225799";"01";"5755547";"";"";"55393";"STRICTO SENSU";"";"Sala de Aulas I - NPJ/PPGD";"2014";"1";"2014-01-27";"2014-06-14";"3T2345";"5";"5";"REGULAR";"f";"2014-06-12 12:44:39.017";"f";"";"72";"CONSOLIDADA";"";"Presencial";
"1225800";"02";"5754405";"";"";"37113";"STRICTO SENSU";"";"A definir";"2014";"1";"2014-02-03";"2014-07-31";"2M34";"1";"1";"REGULAR";"f";"2014-07-24 10:13:02.938";"f";"";"30";"CONSOLIDADA";"";"Presencial";
"1225801";"01";"24853";"";"";"37467";"STRICTO SENSU";"";"a definir";"2014";"1";"2014-02-03";"2014-06-14";"4N1234";"1";"5";"REGULAR";"f";"2014-08-22 16:20:25.03";"f";"";"72";"CONSOLIDADA";"";"Presencial";
"1225802";"02";"5755408";"";"";"37467";"STRICTO SENSU";"";"a definir";"2014";"1";"2014-02-03";"2014-06-14";"4N1234";"1";"5";"REGULAR";"f";"2014-07-15 19:34:58.573";"f";"";"72";"CONSOLIDADA";"";"Presencial";
"1225803";"03";"26044";"";"";"37467";"STRICTO SENSU";"";"a definir";"2014";"1";"2014-02-03";"2014-06-14";"4N1234";"3";"5";"REGULAR";"f";"2014-06-10 11:52:21.404";"f";"";"68";"CONSOLIDADA";"";"Presencial";
"1225804";"04";"25978";"";"";"37467";"STRICTO SENSU";"";"a definir";"2014";"1";"2014-02-03";"2014-06-14";"4N1234";"1";"5";"REGULAR";"f";"2014-08-14 11:00:43.037";"f";"";"72";"CONSOLIDADA";"";"Presencial";
"1225805";"05";"5752241";"";"";"37467";"STRICTO SENSU";"";"a definir";"2014";"1";"2014-02-03";"2014-06-14";"4N1234";"2";"5";"REGULAR";"f";"2014-07-24 06:15:05.599";"f";"";"72";"CONSOLIDADA";"";"Presencial";
"1225806";"06";"23713";"";"";"37467";"STRICTO SENSU";"";"a definir";"2014";"1";"2014-02-03";"2014-06-14";"4N1234";"2";"5";"REGULAR";"f";"2014-06-12 07:21:07.782";"f";"";"72";"CONSOLIDADA";"";"Presencial";
"1225807";"07";"5755046";"";"";"37467";"STRICTO SENSU";"";"a definir";"2014";"1";"2014-02-03";"2014-06-14";"4N1234";"";"5";"REGULAR";"f";"";"f";"";"";"EXCLUÍDA";"";"Presencial";
"1225808";"08";"5753616";"";"";"37467";"STRICTO SENSU";"";"a definir";"2014";"1";"2014-02-03";"2014-06-14";"4N1234";"2";"5";"REGULAR";"f";"2014-06-04 15:04:49.098";"f";"";"68";"CONSOLIDADA";"";"Presencial";
"1225809";"09";"64472";"";"";"37467";"STRICTO SENSU";"";"a definir";"2014";"1";"2014-02-03";"2014-06-14";"4N1234";"";"5";"REGULAR";"f";"";"f";"";"";"EXCLUÍDA";"";"Presencial";
"1225810";"10";"5754320";"";"";"37467";"STRICTO SENSU";"";"a definir";"2014";"1";"2014-02-03";"2014-06-14";"4N1234";"1";"5";"REGULAR";"f";"";"f";"";"";"EXCLUÍDA";"";"Presencial";
"1225811";"11";"5753044";"";"";"37467";"STRICTO SENSU";"";"a definir";"2014";"1";"2014-02-03";"2014-06-14";"4N1234";"4";"5";"REGULAR";"f";"2014-08-01 10:58:33.137";"f";"";"68";"CONSOLIDADA";"";"Presencial";
"1225812";"12";"5751828";"";"";"37467";"STRICTO SENSU";"";"a definir";"2014";"1";"2014-02-03";"2014-06-14";"4N1234";"";"5";"REGULAR";"f";"";"f";"";"";"EXCLUÍDA";"";"Presencial";
"1225813";"13";"26012";"";"";"37467";"STRICTO SENSU";"";"a definir";"2014";"1";"2014-02-03";"2014-06-14";"4N1234";"1";"5";"REGULAR";"f";"";"f";"";"";"EXCLUÍDA";"";"Presencial";
"1225814";"14";"5752481";"";"";"37467";"STRICTO SENSU";"";"a definir";"2014";"1";"2014-02-03";"2014-06-14";"4N1234";"";"5";"REGULAR";"f";"";"f";"";"";"EXCLUÍDA";"";"Presencial";
"1225815";"15";"22933";"";"";"37467";"STRICTO SENSU";"";"a definir";"2014";"1";"2014-02-03";"2014-06-14";"4N1234";"";"5";"REGULAR";"f";"";"f";"";"";"EXCLUÍDA";"";"Presencial";
"1225816";"16";"5755047";"";"";"37467";"STRICTO SENSU";"";"a definir";"2014";"1";"2014-02-03";"2014-06-14";"4N1234";"1";"5";"REGULAR";"f";"2014-06-15 15:22:28.118";"f";"";"72";"CONSOLIDADA";"";"Presencial";
"1225817";"17";"35188";"";"";"37467";"STRICTO SENSU";"";"a definir";"2014";"1";"2014-02-03";"2014-06-14";"4N1234";"3";"5";"REGULAR";"f";"2014-08-06 12:17:03.507";"f";"";"72";"CONSOLIDADA";"";"Presencial";
"1225818";"18";"5755051";"";"";"37467";"STRICTO SENSU";"";"a definir";"2014";"1";"2014-02-03";"2014-06-14";"4N1234";"";"5";"REGULAR";"f";"";"f";"";"";"EXCLUÍDA";"";"Presencial";
"1225819";"19";"5752183";"";"";"37467";"STRICTO SENSU";"";"a definir";"2014";"1";"2014-02-03";"2014-06-14";"4N1234";"2";"5";"REGULAR";"f";"2014-07-22 15:27:03.083";"f";"";"72";"CONSOLIDADA";"";"Presencial";
"1225820";"20";"24798";"";"";"37467";"STRICTO SENSU";"";"a definir";"2014";"1";"2014-02-03";"2014-06-14";"4N1234";"1";"5";"REGULAR";"f";"2015-06-25 17:27:42.456";"f";"";"72";"CONSOLIDADA";"";"Presencial";
"1225821";"21";"62353";"";"";"37467";"STRICTO SENSU";"";"a definir";"2014";"1";"2014-02-03";"2014-06-14";"4N1234";"";"5";"REGULAR";"f";"";"f";"";"";"EXCLUÍDA";"";"Presencial";
"1225822";"22";"25868";"";"";"37467";"STRICTO SENSU";"";"a definir";"2014";"1";"2014-02-03";"2014-06-14";"4N1234";"";"5";"REGULAR";"f";"";"f";"";"";"EXCLUÍDA";"";"Presencial";
"1225823";"01";"15562";"";"";"42219";"LATO SENSU";"";"SETOR 2";"2014";"1";"2014-01-18";"2014-02-08";"7M2345  7T2345";"";"53";"REGULAR";"f";"2014-07-16 14:39:41.765";"f";"";"0";"CONSOLIDADA";"";"Presencial";
"1225824";"02";"20788";"";"";"42220";"LATO SENSU";"";"SETOR 2";"2014";"1";"2014-01-18";"2014-02-08";"7M2345  7T2345";"";"55";"REGULAR";"f";"2014-11-23 20:39:24.316";"f";"";"32";"CONSOLIDADA";"";"Presencial";
"1225825";"S CRUZ";"22792";"";"";"42207";"LATO SENSU";"";"santa cruz";"2014";"1";"2014-01-18";"2014-02-08";"7M2345  7T2345";"";"40";"REGULAR";"f";"2015-02-27 16:22:56.981";"f";"";"0";"CONSOLIDADA";"";"Presencial";
"1225826";"01";"24853";"";"";"37503";"STRICTO SENSU";"";"a definir";"2014";"1";"2014-02-03";"2014-06-14";"5N1234";"";"5";"REGULAR";"f";"";"f";"";"";"EXCLUÍDA";"";"Presencial";
"1225827";"02";"5755408";"";"";"37503";"STRICTO SENSU";"";"a definir";"2014";"1";"2014-02-03";"2014-06-14";"5N1234";"";"5";"REGULAR";"f";"";"f";"";"";"EXCLUÍDA";"";"Presencial";
"1225828";"03";"26044";"";"";"37503";"STRICTO SENSU";"";"a definir";"2014";"1";"2014-02-03";"2014-06-14";"5N1234";"1";"5";"REGULAR";"f";"2014-06-16 16:24:01.986";"f";"";"68";"CONSOLIDADA";"";"Presencial";
"1225829";"04";"25978";"";"";"37503";"STRICTO SENSU";"";"a definir";"2014";"1";"2014-02-03";"2014-06-14";"5N1234";"";"5";"REGULAR";"f";"";"f";"";"";"EXCLUÍDA";"";"Presencial";
"1225830";"05";"5752241";"";"";"37503";"STRICTO SENSU";"";"a definir";"2014";"1";"2014-02-03";"2014-06-14";"5N1234";"";"5";"REGULAR";"f";"";"f";"";"";"EXCLUÍDA";"";"Presencial";
"1225831";"06";"23713";"";"";"37503";"STRICTO SENSU";"";"a definir";"2014";"1";"2014-02-03";"2014-06-14";"5N1234";"1";"5";"REGULAR";"f";"2014-06-11 08:17:32.374";"f";"";"64";"CONSOLIDADA";"";"Presencial";
"1225832";"07";"5753616";"";"";"37503";"STRICTO SENSU";"";"a definir";"2014";"1";"2014-02-03";"2014-06-14";"5N1234";"1";"5";"REGULAR";"f";"2014-06-04 15:00:15.436";"f";"";"60";"CONSOLIDADA";"";"Presencial";
"1225833";"08";"64472";"";"";"37503";"STRICTO SENSU";"";"a definir";"2014";"1";"2014-02-03";"2014-06-14";"5N1234";"";"5";"REGULAR";"f";"";"f";"";"";"EXCLUÍDA";"";"Presencial";
"1225834";"09";"5754320";"";"";"37503";"STRICTO SENSU";"";"a definir";"2014";"1";"2014-02-03";"2014-06-14";"5N1234";"";"5";"REGULAR";"f";"";"f";"";"";"EXCLUÍDA";"";"Presencial";
"1225835";"11";"5756368";"";"";"26687";"GRADUAÇÃO";"Campus Central";"Sala 2 - Ginásio I (Basquetebol)";"2014";"1";"2014-01-27";"2014-06-14";"35M12";"14";"30";"REGULAR";"f";"2014-06-13 10:43:34.751";"f";"";"66";"CONSOLIDADA";"";"Presencial";
"1225836";"13";"5756368";"";"";"26688";"GRADUAÇÃO";"Campus Central";"Sala de Aula 9 e Ginásio I (Basquetebol)";"2014";"1";"2014-01-27";"2014-06-14";"35M34";"1";"30";"REGULAR";"f";"2014-06-13 11:04:35.613";"f";"";"66";"CONSOLIDADA";"";"Presencial";
"1225837";"10";"5753044";"";"";"37503";"STRICTO SENSU";"";"a definir";"2014";"1";"2014-02-03";"2014-06-14";"5N1234";"1";"5";"REGULAR";"f";"";"f";"";"";"EXCLUÍDA";"";"Presencial";
"1225838";"11";"5751828";"";"";"37503";"STRICTO SENSU";"";"a definir";"2014";"1";"2014-02-03";"2014-06-14";"5N1234";"1";"5";"REGULAR";"f";"";"f";"";"";"EXCLUÍDA";"";"Presencial";
"1225839";"12";"26012";"";"";"37503";"STRICTO SENSU";"";"a definir";"2014";"1";"2014-02-03";"2014-06-14";"5N1234";"";"5";"REGULAR";"f";"";"f";"";"";"EXCLUÍDA";"";"Presencial";
"1225840";"13";"5752481";"";"";"37503";"STRICTO SENSU";"";"a definir";"2014";"1";"2014-02-03";"2014-06-14";"5N1234";"1";"5";"REGULAR";"f";"2014-07-18 13:05:06.032";"f";"";"68";"CONSOLIDADA";"";"Presencial";
"1225841";"14";"22933";"";"";"37503";"STRICTO SENSU";"";"a definir";"2014";"1";"2014-02-03";"2014-06-14";"5N1234";"1";"5";"REGULAR";"f";"2014-06-12 14:27:12.69";"f";"";"68";"CONSOLIDADA";"";"Presencial";
"1225842";"15";"5755047";"";"";"37503";"STRICTO SENSU";"";"a definir";"2014";"1";"2014-02-03";"2014-06-14";"5N1234";"";"5";"REGULAR";"f";"";"f";"";"";"EXCLUÍDA";"";"Presencial";
"1225843";"16";"35188";"";"";"37503";"STRICTO SENSU";"";"a definir";"2014";"1";"2014-02-03";"2014-06-14";"5N1234";"";"5";"REGULAR";"f";"";"f";"";"";"EXCLUÍDA";"";"Presencial";
"1225844";"17";"5755051";"";"";"37503";"STRICTO SENSU";"";"a definir";"2014";"1";"2014-02-03";"2014-06-14";"5N1234";"2";"5";"REGULAR";"f";"2014-06-25 16:29:46.965";"f";"";"68";"CONSOLIDADA";"";"Presencial";
"1225845";"18";"5752183";"";"";"37503";"STRICTO SENSU";"";"a definir";"2014";"1";"2014-02-03";"2014-06-14";"5N1234";"1";"5";"REGULAR";"f";"2014-06-14 16:16:06.588";"f";"";"68";"CONSOLIDADA";"";"Presencial";
"1225846";"19";"24798";"";"";"37503";"STRICTO SENSU";"";"a definir";"2014";"1";"2014-02-03";"2014-06-14";"5N1234";"";"5";"REGULAR";"f";"";"f";"";"";"EXCLUÍDA";"";"Presencial";
"1225847";"20";"62353";"";"";"37503";"STRICTO SENSU";"";"a definir";"2014";"1";"2014-02-03";"2014-06-14";"5N1234";"1";"5";"REGULAR";"f";"2015-02-10 16:23:36.961";"f";"";"68";"CONSOLIDADA";"";"Presencial";
"1225848";"02";"26007";"";"";"48856";"GRADUAÇÃO";"Campus Central";"Sala da professora";"2014";"1";"2014-01-27";"2014-06-14";"4N1234";"";"1";"REGULAR";"f";"";"f";"";"";"EXCLUÍDA";"";"Presencial";
"1225849";"01";"5751673";"";"";"41153";"STRICTO SENSU";"";"Sala da Base";"2014";"1";"2014-02-13";"2014-06-13";"6N34";"1";"1";"REGULAR";"f";"2015-02-09 10:11:53.58";"f";"";"32";"CONSOLIDADA";"";"Presencial";
"1225850";"02";"18150";"";"";"41153";"STRICTO SENSU";"";"Sala da Base";"2014";"1";"2014-02-13";"2014-06-13";"6N34";"3";"3";"REGULAR";"f";"2014-06-15 15:38:53.303";"f";"";"32";"CONSOLIDADA";"";"Presencial";
"1225851";"03";"2301545";"";"";"41153";"STRICTO SENSU";"";"Sala da Base";"2014";"1";"2014-02-13";"2014-06-13";"6N12";"1";"1";"REGULAR";"f";"2014-06-27 09:07:56.54";"f";"";"34";"CONSOLIDADA";"";"Presencial";
"1225852";"04";"23731";"";"";"41153";"STRICTO SENSU";"";"Sala da Base";"2014";"1";"2014-02-13";"2014-06-13";"6N34";"1";"1";"REGULAR";"f";"2014-06-26 21:25:22.345";"f";"";"32";"CONSOLIDADA";"";"Presencial";
"1225853";"03";"26007";"";"";"48856";"GRADUAÇÃO";"Campus Central";"Sala da professora";"2014";"1";"2014-01-27";"2014-06-14";"4N1234";"";"1";"REGULAR";"f";"2014-06-10 19:45:31.549";"f";"";"72";"CONSOLIDADA";"";"Presencial";
"1225854";"02";"5753648";"";"";"54139";"GRADUAÇÃO";"Campus Central";"2-I-9";"2014";"1";"2014-01-27";"2014-06-14";"6M2345";"";"12";"REGULAR";"f";"2014-06-09 22:45:40.071";"f";"";"72";"CONSOLIDADA";"";"Presencial";
"1225855";"01";"";"102311176";"- Polishing process of ceramic floor tiles";"55433";"STRICTO SENSU";"";"Sala PPGCEM";"2014";"1";"2014-01-20";"2014-07-31";"234567M2345 (20/01/2014 - 25/01/2014)";"8";"10";"REGULAR";"f";"2014-03-18 15:51:19.841";"f";"";"";"CONSOLIDADA";"";"Presencial";
"1225855";"01";"24852";"";"- Polishing process of ceramic floor tiles";"55433";"STRICTO SENSU";"";"Sala PPGCEM";"2014";"1";"2014-01-20";"2014-07-31";"234567M2345 (20/01/2014 - 25/01/2014)";"8";"10";"REGULAR";"f";"2014-03-18 15:51:19.841";"f";"";"";"CONSOLIDADA";"";"Presencial";
"1225856";"06";"5751546";"";"";"52828";"STRICTO SENSU";"";"Sala 22 Escola de Música";"2014";"1";"2014-02-06";"2014-06-14";"5N123";"";"13";"REGULAR";"f";"";"f";"";"";"EXCLUÍDA";"";"Presencial";
"1225856";"06";"5752878";"";"";"52828";"STRICTO SENSU";"";"Sala 22 Escola de Música";"2014";"1";"2014-02-06";"2014-06-14";"5N123";"";"13";"REGULAR";"f";"";"f";"";"";"EXCLUÍDA";"";"Presencial";
"1225857";"07";"5751546";"";"";"52828";"STRICTO SENSU";"";"Sala 22 Escola de Música";"2014";"1";"2014-02-06";"2014-06-14";"5N123";"1";"13";"REGULAR";"f";"";"f";"";"";"EXCLUÍDA";"";"Presencial";
"1225857";"07";"5752878";"";"";"52828";"STRICTO SENSU";"";"Sala 22 Escola de Música";"2014";"1";"2014-02-06";"2014-06-14";"5N123";"1";"13";"REGULAR";"f";"";"f";"";"";"EXCLUÍDA";"";"Presencial";
"1225858";"06";"5753753";"";"";"52830";"STRICTO SENSU";"";"Mini auditório Oriano de Almeida 1º andar";"2014";"1";"2014-02-06";"2014-06-14";"6T234";"9";"9";"REGULAR";"f";"2014-06-21 01:15:18.918";"f";"";"42";"CONSOLIDADA";"";"Presencial";
"1225858";"06";"15520";"";"";"52830";"STRICTO SENSU";"";"Mini auditório Oriano de Almeida 1º andar";"2014";"1";"2014-02-06";"2014-06-14";"6T234";"9";"9";"REGULAR";"f";"2014-06-21 01:15:18.918";"f";"";"42";"CONSOLIDADA";"";"Presencial";
"1225858";"06";"5752917";"";"";"52830";"STRICTO SENSU";"";"Mini auditório Oriano de Almeida 1º andar";"2014";"1";"2014-02-06";"2014-06-14";"6T234";"9";"9";"REGULAR";"f";"2014-06-21 01:15:18.918";"f";"";"42";"CONSOLIDADA";"";"Presencial";
"1225859";"01";"";"103161118";"";"52837";"STRICTO SENSU";"";"Sala 22 Escola de Música";"2014";"1";"2014-02-06";"2014-06-14";"7M23";"0";"9";"REGULAR";"f";"";"f";"";"";"EXCLUÍDA";"";"Presencial";
"1225860";"01";"5752241";"";"";"37518";"STRICTO SENSU";"";"a definir";"2014";"1";"2014-02-03";"2014-06-14";"2N1234";"2";"3";"REGULAR";"f";"2014-07-24 06:21:11.069";"f";"";"68";"CONSOLIDADA";"";"Presencial";
"1225861";"07";"18422";"";"";"23766";"GRADUAÇÃO";"Campus Central";"Laboratório";"2014";"1";"2014-01-27";"2014-06-14";"7T123456";"";"2";"REGULAR";"f";"";"f";"";"";"EXCLUÍDA";"";"Presencial";
"1225862";"01";"5754538";"";"";"2043609";"STRICTO SENSU";"";"Sala de aula do PEC";"2014";"1";"2014-02-24";"2014-06-14";"2M123";"10";"15";"REGULAR";"f";"2014-06-17 08:26:23.083";"f";"";"42";"CONSOLIDADA";"";"Presencial";
"1225863";"01";"5752720";"";"";"2043601";"STRICTO SENSU";"";"Setor IV, Bloco "I", sala 6";"2014";"1";"2014-02-24";"2014-06-14";"3M345";"26";"26";"REGULAR";"f";"2014-06-30 22:57:51.025";"f";"";"45";"CONSOLIDADA";"";"Presencial";
"1225864";"01";"5753003";"";"";"2043600";"STRICTO SENSU";"";"Sala de aula do PEC";"2014";"1";"2014-02-24";"2014-06-14";"4M345";"21";"23";"REGULAR";"f";"2014-06-25 09:29:52.503";"f";"";"42";"CONSOLIDADA";"";"Presencial";
"1225865";"01";"";"102318016";"";"2043617";"STRICTO SENSU";"";"Sala de aula do PEC";"2014";"1";"2014-02-24";"2014-06-14";"5M345";"14";"15";"REGULAR";"f";"2014-06-20 08:44:14.301";"f";"";"42";"CONSOLIDADA";"";"Presencial";
"1225866";"01";"24225";"";"";"2043614";"STRICTO SENSU";"";"Sala de aula do PEC";"2014";"1";"2014-02-24";"2014-06-14";"6M234";"17";"20";"REGULAR";"f";"2014-07-20 18:42:03.919";"f";"";"42";"CONSOLIDADA";"";"Presencial";
"1225867";"02";"5752274";"";"";"46081";"GRADUAÇÃO";"Campus Caicó";"B-10";"2014";"1";"2014-01-27";"2014-06-14";"4M45 5M1234";"33";"40";"REGULAR";"f";"2014-06-21 17:44:11.713";"f";"";"110";"CONSOLIDADA";"";"Presencial";
"1225868";"01";"22006";"";"";"2020555";"GRADUAÇÃO";"Campus Central";"2F1";"2014";"1";"2014-01-27";"2014-06-14";"3M23";"12";"20";"REGULAR";"f";"2014-06-11 14:28:24.233";"f";"";"36";"CONSOLIDADA";"";"Presencial";
"1225869";"03";"5756340";"";"";"2056101";"GRADUAÇÃO";"Campus Central";"DOD";"2014";"1";"2014-01-27";"2014-06-14";"35M2345";"8";"10";"REGULAR";"f";"2014-06-23 22:38:32.299";"f";"";"148";"CONSOLIDADA";"";"Presencial";
"1225869";"03";"17223";"";"";"2056101";"GRADUAÇÃO";"Campus Central";"DOD";"2014";"1";"2014-01-27";"2014-06-14";"35M2345";"8";"10";"REGULAR";"f";"2014-06-23 22:38:32.299";"f";"";"148";"CONSOLIDADA";"";"Presencial";
"1225870";"04";"5753362";"";"";"46461";"GRADUAÇÃO";"Campus Central";"SEDIS";"2014";"1";"2014-01-27";"2014-06-14";"26N34";"5";"40";"REGULAR";"f";"2014-06-10 08:51:14.917";"f";"";"72";"CONSOLIDADA";"";"Presencial";
"1225872";"02A";"34292";"";"";"45260";"GRADUAÇÃO";"Campus Central";"Sala de Aula de Física - CB Piso Superior";"2014";"1";"2014-01-27";"2014-06-14";"35N34";"5";"40";"REGULAR";"f";"2014-07-03 09:08:04.96";"f";"1225871";"66";"CONSOLIDADA";"";"Presencial";
"1225872";"02A";"5753092";"";"";"45260";"GRADUAÇÃO";"Campus Central";"Sala de Aula de Física - CB Piso Superior";"2014";"1";"2014-01-27";"2014-06-14";"35N34";"5";"40";"REGULAR";"f";"2014-07-03 09:08:04.96";"f";"1225871";"66";"CONSOLIDADA";"";"Presencial";
"1225873";"01";"24852";"";"";"51023";"STRICTO SENSU";"";"A definir";"2014";"1";"2014-01-20";"2014-07-31";"7M23";"1";"5";"REGULAR";"f";"";"f";"";"";"EXCLUÍDA";"";"Presencial";
"1225874";"01";"25443";"";"";"2043607";"STRICTO SENSU";"";"Setor IV, Bloco "F", Sala 2 - "F2";"2014";"1";"2014-02-24";"2014-06-14";"6M234";"9";"15";"REGULAR";"f";"2014-07-23 08:46:37.197";"f";"";"51";"CONSOLIDADA";"";"Presencial";
"1225874";"01";"5753656";"";"";"2043607";"STRICTO SENSU";"";"Setor IV, Bloco "F", Sala 2 - "F2";"2014";"1";"2014-02-24";"2014-06-14";"6M234";"9";"15";"REGULAR";"f";"2014-07-23 08:46:37.197";"f";"";"51";"CONSOLIDADA";"";"Presencial";
"1225875";"01";"5755478";"";"";"2043613";"STRICTO SENSU";"";"Sala de aula do PEC";"2014";"1";"2014-02-24";"2014-06-14";"3T123";"1";"15";"REGULAR";"f";"";"f";"";"";"EXCLUÍDA";"";"Presencial";
"1225876";"02";"19045";"";"";"2040172";"GRADUAÇÃO";"Campus Central";"A definir";"2014";"1";"2014-01-27";"2014-06-14";"5M12";"11";"20";"REGULAR";"f";"2014-06-19 18:39:54.95";"f";"";"34";"CONSOLIDADA";"";"Presencial";
"1225877";"01";"23757";"";"";"2043619";"STRICTO SENSU";"";"Sala de aula do PEC";"2014";"1";"2014-02-24";"2014-06-14";"3T456";"10";"15";"REGULAR";"f";"2014-06-20 14:34:48.942";"f";"";"45";"CONSOLIDADA";"";"Presencial";
"1225878";"01";"5753038";"";"";"2043615";"STRICTO SENSU";"";"Setor IV, Bloco "C", Sala 2 - "C2";"2014";"1";"2014-02-24";"2014-06-14";"3T234";"3";"20";"REGULAR";"f";"";"f";"";"";"EXCLUÍDA";"";"Presencial";
"1225879";"15";"18485";"";"";"27153";"GRADUAÇÃO";"";"LAJES/RN";"2014";"1";"2014-01-27";"2014-06-14";"";"1";"";"REGULAR";"t";"2014-06-16 16:44:29.351";"f";"";"0";"CONSOLIDADA";"";"A Distância";
"1225880";"15";"5753688";"";"";"45852";"GRADUAÇÃO";"";"LAJES/RN";"2014";"1";"2014-01-27";"2014-06-14";"";"2";"";"REGULAR";"t";"2014-06-06 09:51:46.208";"f";"";"0";"CONSOLIDADA";"";"A Distância";
"1225881";"01";"5756335";"";"INTRODUÇÃO À MECÂNICA DOS SOLOS NÃO SATURADOS";"49099";"STRICTO SENSU";"";"Sala de aula do PEC";"2014";"1";"2014-02-24";"2014-06-14";"4T234";"13";"20";"REGULAR";"f";"2014-06-25 15:54:31.561";"f";"";"45";"CONSOLIDADA";"";"Presencial";
"1225882";"03";"24852";"";"";"37113";"STRICTO SENSU";"";"A definir";"2014";"1";"2014-01-20";"2014-07-31";"6N12";"3";"5";"REGULAR";"f";"2014-09-15 00:03:54.891";"f";"";"0";"CONSOLIDADA";"";"Presencial";
"1225883";"01";"5752375";"";"";"2043611";"STRICTO SENSU";"";"Sala de aula do PEC";"2014";"1";"2014-02-24";"2014-06-14";"5T345";"12";"15";"REGULAR";"f";"2014-06-30 11:31:49.485";"f";"";"45";"CONSOLIDADA";"";"Presencial";
"1225884";"02";"5756318";"";"";"43198";"GRADUAÇÃO";"Campus Caicó";"A DEFINIR";"2014";"1";"2014-01-27";"2014-06-14";"5M123456  5T123 (27/01/2014 - 14/06/2014)";"31";"45";"REGULAR";"f";"2014-06-11 19:07:20.915";"f";"";"153";"CONSOLIDADA";"";"Presencial";
"1225885";"11B";"5756439";"";"";"45766";"GRADUAÇÃO";"";"EXTREMOZ/RN";"2014";"1";"2014-01-27";"2014-06-14";"";"3";"";"REGULAR";"t";"2014-06-08 19:06:17.987";"f";"";"0";"CONSOLIDADA";"";"A Distância";
"1225886";"01";"";"5824365";"";"37175";"STRICTO SENSU";"";"Sala de Aula do PPGCSa";"2014";"1";"2014-01-27";"2014-06-06";"4M34";"27";"27";"REGULAR";"f";"2014-06-30 08:47:58.778";"f";"";"36";"CONSOLIDADA";"";"Presencial";
"1225887";"01";"15524";"";"";"37176";"STRICTO SENSU";"";"DOD - Departamento de Odontologia";"2014";"1";"2014-01-27";"2014-06-06";"2M34";"37";"25";"REGULAR";"f";"2014-07-13 22:06:01.612";"f";"";"34";"CONSOLIDADA";"";"Presencial";
"1225888";"01";"5755549";"";"";"37195";"STRICTO SENSU";"";"Sala de Aula do PPGCSa";"2014";"1";"2014-01-27";"2014-06-06";"3T23";"25";"35";"REGULAR";"f";"2014-07-14 21:09:05.331";"f";"";"34";"CONSOLIDADA";"";"Presencial";
"1225888";"01";"21585";"";"";"37195";"STRICTO SENSU";"";"Sala de Aula do PPGCSa";"2014";"1";"2014-01-27";"2014-06-06";"3T23";"25";"35";"REGULAR";"f";"2014-07-14 21:09:05.331";"f";"";"34";"CONSOLIDADA";"";"Presencial";
"1225889";"01";"18908";"";"";"51610";"STRICTO SENSU";"";"Auditório do CCS - Faculdade de Farmácia";"2014";"1";"2014-01-27";"2014-06-06";"5M6";"57";"60";"REGULAR";"f";"2014-07-02 12:19:02.262";"f";"";"15";"CONSOLIDADA";"";"Presencial";
"1225890";"01";"26270";"";"";"55263";"STRICTO SENSU";"";"Sala ST2 MORFOLOGIA CB";"2014";"1";"2014-01-27";"2014-06-06";"6T1234";"6";"20";"REGULAR";"f";"2014-06-30 17:12:44.238";"f";"";"56";"CONSOLIDADA";"";"Presencial";
"1225890";"01";"2260569";"";"";"55263";"STRICTO SENSU";"";"Sala ST2 MORFOLOGIA CB";"2014";"1";"2014-01-27";"2014-06-06";"6T1234";"6";"20";"REGULAR";"f";"2014-06-30 17:12:44.238";"f";"";"56";"CONSOLIDADA";"";"Presencial";
"1225890";"01";"26227";"";"";"55263";"STRICTO SENSU";"";"Sala ST2 MORFOLOGIA CB";"2014";"1";"2014-01-27";"2014-06-06";"6T1234";"6";"20";"REGULAR";"f";"2014-06-30 17:12:44.238";"f";"";"56";"CONSOLIDADA";"";"Presencial";
"1225891";"02";"19063";"";"";"26492";"GRADUAÇÃO";"Campus Currais Novos";"DLC";"2014";"1";"2014-01-27";"2014-06-14";"4N123 7N12";"30";"40";"REGULAR";"f";"2014-06-21 13:46:10.453";"f";"";"90";"CONSOLIDADA";"";"Presencial";
"1225892";"03";"5756464";"";"";"2037012";"GRADUAÇÃO";"Campus Caicó";"LAB. NEUMANN";"2014";"1";"2014-01-27";"2014-06-14";"24M34";"7";"20";"REGULAR";"f";"2014-06-18 13:02:36.313";"f";"";"74";"CONSOLIDADA";"";"Presencial";
"1225893";"02";"5756019";"";"";"2037021";"GRADUAÇÃO";"Campus Caicó";"LAB. NEUMANN";"2014";"1";"2014-01-27";"2014-06-14";"24M12";"12";"20";"REGULAR";"f";"2014-06-21 09:58:57.23";"f";"";"66";"CONSOLIDADA";"";"Presencial";
"1225894";"01";"18681";"";"";"41288";"STRICTO SENSU";"";"Auditório do PPGEQ";"2014";"1";"2014-01-27";"2014-05-30";"35T23";"17";"25";"REGULAR";"f";"2014-08-05 12:27:43.328";"f";"";"72";"CONSOLIDADA";"";"Presencial";
"1225894";"01";"20904";"";"";"41288";"STRICTO SENSU";"";"Auditório do PPGEQ";"2014";"1";"2014-01-27";"2014-05-30";"35T23";"17";"25";"REGULAR";"f";"2014-08-05 12:27:43.328";"f";"";"72";"CONSOLIDADA";"";"Presencial";
"1225894";"01";"2289300";"";"";"41288";"STRICTO SENSU";"";"Auditório do PPGEQ";"2014";"1";"2014-01-27";"2014-05-30";"35T23";"17";"25";"REGULAR";"f";"2014-08-05 12:27:43.328";"f";"";"72";"CONSOLIDADA";"";"Presencial";
"1225895";"01";"22926";"";"";"41322";"STRICTO SENSU";"";"Sala Aula NUPEG";"2014";"1";"2014-01-27";"2014-05-30";"35T45";"2";"25";"REGULAR";"f";"";"f";"";"";"EXCLUÍDA";"";"Presencial";
"1225896";"02C";"20811";"";"";"27148";"GRADUAÇÃO";"";"CURRAIS NOVOS/RN";"2014";"1";"2014-01-27";"2014-06-14";"";"1";"";"REGULAR";"t";"2014-06-20 14:08:50.258";"f";"";"0";"CONSOLIDADA";"";"A Distância";
"1225896";"02C";"21789";"";"";"27148";"GRADUAÇÃO";"";"CURRAIS NOVOS/RN";"2014";"1";"2014-01-27";"2014-06-14";"";"1";"";"REGULAR";"t";"2014-06-20 14:08:50.258";"f";"";"0";"CONSOLIDADA";"";"A Distância";
"1225897";"01";"24414";"";"";"41295";"STRICTO SENSU";"";"Auditório do PPGEQ";"2014";"1";"2014-01-27";"2014-05-30";"24M45";"12";"25";"REGULAR";"f";"2014-07-22 11:06:36.003";"f";"";"66";"CONSOLIDADA";"";"Presencial";
"1225898";"01";"21347";"";"";"41309";"STRICTO SENSU";"";"Auditório do PPGEQ";"2014";"1";"2014-01-27";"2014-05-30";"24T23";"17";"25";"REGULAR";"f";"2014-06-04 16:49:56.289";"f";"";"62";"CONSOLIDADA";"";"Presencial";
"1225899";"01";"26212";"";"";"55255";"STRICTO SENSU";"";"A DEFINIR PELO ORIENTADOR";"2014";"1";"2014-01-27";"2014-06-06";"7M1";"5";"5";"REGULAR";"f";"2014-06-27 17:58:02.981";"f";"";"18";"CONSOLIDADA";"";"Presencial";
"1225900";"02";"5753547";"";"";"46629";"GRADUAÇÃO";"";"CURRAIS NOVOS/RN";"2014";"1";"2014-01-27";"2014-06-14";"";"";"";"REGULAR";"t";"2014-06-20 09:09:38.164";"f";"";"0";"CONSOLIDADA";"";"A Distância";
"1225901";"01";"";"96092282";"";"53029";"LATO SENSU";"";"ID3";"2014";"1";"2014-02-12";"2014-02-15";"7M2345  456N1234 (12/02/2014 - 15/02/2014)";"";"40";"REGULAR";"f";"2015-12-10 16:06:37.265";"f";"";"16";"CONSOLIDADA";"";"Presencial";
"1225902";"02";"17274";"";"";"55255";"STRICTO SENSU";"";"A DEFINIR PELO ORIENTADOR";"2014";"1";"2014-01-27";"2014-06-06";"7M1";"3";"3";"REGULAR";"f";"2014-06-27 22:29:16.387";"f";"";"18";"CONSOLIDADA";"";"Presencial";
"1225903";"03";"23673";"";"";"55255";"STRICTO SENSU";"";"A DEFINIR PELO ORIENTADOR";"2014";"1";"2014-01-27";"2014-06-06";"7M1";"7";"7";"REGULAR";"f";"2014-06-28 11:49:01.349";"f";"";"18";"CONSOLIDADA";"";"Presencial";
"1225904";"04";"";"5824365";"";"55255";"STRICTO SENSU";"";"A DEFINIR PELO ORIENTADOR";"2014";"1";"2014-01-27";"2014-06-06";"7M1";"1";"1";"REGULAR";"f";"2014-07-03 10:06:39.477";"f";"";"18";"CONSOLIDADA";"";"Presencial";
"1225905";"05";"5751830";"";"";"55255";"STRICTO SENSU";"";"A DEFINIR PELO ORIENTADOR";"2014";"1";"2014-01-27";"2014-06-06";"7M1";"1";"1";"REGULAR";"f";"2014-06-30 11:45:51.814";"f";"";"18";"CONSOLIDADA";"";"Presencial";
"1225906";"06";"5756222";"";"";"55255";"STRICTO SENSU";"";"A DEFINIR PELO ORIENTADOR";"2014";"1";"2014-01-27";"2014-06-06";"7M1";"1";"1";"REGULAR";"f";"2014-07-29 16:48:02.967";"f";"";"18";"CONSOLIDADA";"";"Presencial";
"1225907";"02";"5753617";"";"";"51023";"STRICTO SENSU";"";"A definir";"2014";"1";"2014-01-20";"2014-07-31";"5N12";"2";"3";"REGULAR";"f";"2014-06-19 09:51:05.476";"f";"";"38";"CONSOLIDADA";"";"Presencial";
"1225909";"02";"";"102548753";"";"52837";"STRICTO SENSU";"";"Sala 22 Escola de Música";"2014";"1";"2014-02-06";"2014-06-14";"7T12";"23";"22";"REGULAR";"f";"";"f";"";"";"EXCLUÍDA";"";"Presencial";
"1225910";"01";"60551";"";"ÊNFASE EM DESENVOLVIMENTO DE PROGRAMAS DE COMPUTADOR PARA ENGENHARIA";"44377";"STRICTO SENSU";"";"Setor IV - Sala 4E5";"2014";"1";"2014-02-03";"2014-06-14";"3T1234";"6";"20";"REGULAR";"f";"2014-07-29 16:29:03.323";"f";"";"72";"CONSOLIDADA";"";"Presencial";
"1225911";"02";"5753872";"";"";"2054968";"GRADUAÇÃO";"Campus Central";"Setor IV";"2014";"1";"2014-01-27";"2014-06-14";"24T56";"";"10";"REGULAR";"f";"";"f";"";"";"EXCLUÍDA";"";"Presencial";
"1225912";"02";"63227";"";"";"2055014";"GRADUAÇÃO";"Campus Central";"SETOR IV";"2014";"1";"2014-01-27";"2014-06-14";"35T34";"";"10";"REGULAR";"f";"";"f";"";"";"EXCLUÍDA";"";"Presencial";
"1225913";"02";"26206";"";"";"2055010";"GRADUAÇÃO";"Campus Central";"LABTEX";"2014";"1";"2014-01-27";"2014-06-14";"3T34";"";"20";"REGULAR";"f";"";"f";"";"";"EXCLUÍDA";"";"Presencial";
"1225914";"02";"5755514";"";"";"2054973";"GRADUAÇÃO";"Campus Central";"LABMALHA";"2014";"1";"2014-01-27";"2014-06-14";"24T56";"";"10";"REGULAR";"f";"";"f";"";"";"EXCLUÍDA";"";"Presencial";
"1225915";"01";"24047";"";"";"41323";"STRICTO SENSU";"";"Sala Profa. Roberta Targino";"2014";"1";"2014-01-27";"2014-05-30";"6M2345";"1";"1";"REGULAR";"f";"2014-06-02 14:01:51.928";"f";"";"68";"CONSOLIDADA";"";"Presencial";
"1225916";"01";"22926";"";"";"41283";"STRICTO SENSU";"";"Sala Aula NUPEG";"2014";"1";"2014-01-27";"2014-05-30";"2T2345";"";"10";"REGULAR";"f";"";"f";"";"";"EXCLUÍDA";"";"Presencial";
"1225917";"01";"20831";"";"";"55436";"STRICTO SENSU";"";"SETOR V - SALA D3";"2014";"1";"2014-02-03";"2014-06-13";"3T45";"9";"40";"REGULAR";"f";"2014-10-04 10:14:07.312";"f";"";"30";"CONSOLIDADA";"";"Presencial";
"1225917";"01";"20238";"";"";"55436";"STRICTO SENSU";"";"SETOR V - SALA D3";"2014";"1";"2014-02-03";"2014-06-13";"3T45";"9";"40";"REGULAR";"f";"2014-10-04 10:14:07.312";"f";"";"30";"CONSOLIDADA";"";"Presencial";
"1225918";"07";"";"5818960";"";"55255";"STRICTO SENSU";"";"A DEFINIR PELO ORIENTADOR";"2014";"1";"2014-01-27";"2014-06-06";"7M1";"3";"3";"REGULAR";"f";"2014-07-14 14:23:36.433";"f";"";"18";"CONSOLIDADA";"";"Presencial";
"1225919";"08";"";"98802014";"";"55255";"STRICTO SENSU";"";"A DEFINIR PELO ORIENTADOR";"2014";"1";"2014-01-27";"2014-06-06";"7M1";"3";"3";"REGULAR";"f";"2014-08-01 16:22:56.851";"f";"";"18";"CONSOLIDADA";"";"Presencial";
"1225920";"09";"23487";"";"";"55255";"STRICTO SENSU";"";"A DEFINIR PELO ORIENTADOR";"2014";"1";"2014-01-27";"2014-06-06";"7M1";"6";"6";"REGULAR";"f";"2014-07-14 12:32:07.418";"f";"";"18";"CONSOLIDADA";"";"Presencial";
"1225921";"01";"18517";"";"";"41282";"STRICTO SENSU";"";"Auditório do PPGEQ";"2014";"1";"2014-01-27";"2014-05-30";"5T2345";"2";"15";"REGULAR";"f";"2014-06-06 16:44:17.733";"f";"";"60";"CONSOLIDADA";"";"Presencial";
"1225922";"10";"18150";"";"";"55255";"STRICTO SENSU";"";"A DEFINIR PELO ORIENTADOR";"2014";"1";"2014-01-27";"2014-06-06";"7M1";"7";"7";"REGULAR";"f";"2014-07-18 12:01:01.905";"f";"";"18";"CONSOLIDADA";"";"Presencial";
"1225923";"11";"22770";"";"";"55255";"STRICTO SENSU";"";"A DEFINIR PELO ORIENTADOR";"2014";"1";"2014-01-27";"2014-06-06";"7M1";"2";"2";"REGULAR";"f";"2014-07-14 10:22:27.348";"f";"";"18";"CONSOLIDADA";"";"Presencial";
"1225924";"12";"24837";"";"";"55255";"STRICTO SENSU";"";"A DEFINIR PELO ORIENTADOR";"2014";"1";"2014-01-27";"2014-06-06";"7M1";"4";"4";"REGULAR";"f";"2014-09-02 11:03:04.413";"f";"";"18";"CONSOLIDADA";"";"Presencial";
"1225925";"13";"26522";"";"";"55255";"STRICTO SENSU";"";"A DEFINIR PELO ORIENTADOR";"2014";"1";"2014-01-27";"2014-06-06";"7M1";"5";"5";"REGULAR";"f";"2014-05-31 19:39:09.801";"f";"";"14";"CONSOLIDADA";"";"Presencial";
"1225926";"14";"23112";"";"";"55255";"STRICTO SENSU";"";"A DEFINIR PELO ORIENTADOR";"2014";"1";"2014-01-27";"2014-06-06";"7M1";"4";"4";"REGULAR";"f";"2014-06-10 11:06:42.95";"f";"";"18";"CONSOLIDADA";"";"Presencial";
"1225927";"15";"5752698";"";"";"55255";"STRICTO SENSU";"";"A DEFINIR PELO ORIENTADOR";"2014";"1";"2014-01-27";"2014-06-06";"7M1";"1";"2";"REGULAR";"f";"2014-07-24 10:20:53.531";"f";"";"18";"CONSOLIDADA";"";"Presencial";
"1225928";"16";"26013";"";"";"55255";"STRICTO SENSU";"";"A DEFINIR PELO ORIENTADOR";"2014";"1";"2014-01-27";"2014-06-06";"7M1";"7";"7";"REGULAR";"f";"2014-05-28 11:04:15.367";"f";"";"17";"CONSOLIDADA";"";"Presencial";
"1225929";"17";"23117";"";"";"55255";"STRICTO SENSU";"";"A DEFINIR PELO ORIENTADOR";"2014";"1";"2014-01-27";"2014-06-06";"7M1";"1";"1";"REGULAR";"f";"2014-07-16 11:50:05.674";"f";"";"18";"CONSOLIDADA";"";"Presencial";
"1225930";"18";"22903";"";"";"55255";"STRICTO SENSU";"";"A DEFINIR PELO ORIENTADOR";"2014";"1";"2014-01-27";"2014-06-06";"7M1";"4";"4";"REGULAR";"f";"2014-07-15 17:32:05.54";"f";"";"18";"CONSOLIDADA";"";"Presencial";
"1225931";"01";"26268";"";"";"37681";"STRICTO SENSU";"";"Setor V - Sala B7";"2014";"1";"2014-02-04";"2014-06-13";"4M1234";"11";"20";"REGULAR";"f";"2014-10-23 09:31:06.299";"f";"";"64";"CONSOLIDADA";"";"Presencial";
"1225932";"02";"22926";"";"";"41322";"STRICTO SENSU";"";"Sala Aula NUPEG";"2014";"1";"2014-01-27";"2014-05-30";"24T45";"17";"25";"REGULAR";"f";"2014-06-23 13:07:04.128";"f";"";"66";"CONSOLIDADA";"";"Presencial";
"1225933";"19";"18908";"";"";"55255";"STRICTO SENSU";"";"A DEFINIR PELO ORIENTADOR";"2014";"1";"2014-01-27";"2014-06-06";"7M1";"3";"3";"REGULAR";"f";"2014-07-09 08:50:12.763";"f";"";"14";"CONSOLIDADA";"";"Presencial";
"1225934";"01";"5752665";"";"";"37682";"STRICTO SENSU";"";"Setor V - Sala B7";"2014";"1";"2014-02-04";"2014-06-13";"3M1234";"12";"20";"REGULAR";"f";"2015-03-23 11:32:46.314";"f";"";"64";"CONSOLIDADA";"";"Presencial";
"1225935";"20";"24597";"";"";"55255";"STRICTO SENSU";"";"A DEFINIR PELO ORIENTADOR";"2014";"1";"2014-01-27";"2014-06-06";"7M1";"3";"3";"REGULAR";"f";"2014-07-11 13:14:51.482";"f";"";"18";"CONSOLIDADA";"";"Presencial";
"1225936";"21";"23832";"";"";"55255";"STRICTO SENSU";"";"A DEFINIR PELO ORIENTADOR";"2014";"1";"2014-01-27";"2014-06-06";"7M1";"3";"3";"REGULAR";"f";"2016-09-13 16:35:07.747";"f";"";"0";"CONSOLIDADA";"";"Presencial";
"1225937";"01";"23730";"";"";"37699";"STRICTO SENSU";"";"Setor V - Sala B7";"2014";"1";"2014-02-04";"2014-06-13";"5M56";"14";"20";"REGULAR";"f";"2014-07-04 00:41:33.899";"f";"";"34";"CONSOLIDADA";"";"Presencial";
"1225938";"02";"22926";"";"";"41283";"STRICTO SENSU";"";"Sala Aula NUPEG";"2014";"1";"2014-01-27";"2014-05-30";"3M2345";"3";"10";"REGULAR";"f";"2014-06-18 14:37:15.904";"f";"";"68";"CONSOLIDADA";"";"Presencial";
"1225939";"22";"15524";"";"";"55255";"STRICTO SENSU";"";"A DEFINIR PELO ORIENTADOR";"2014";"1";"2014-01-27";"2014-06-06";"7M1";"4";"4";"REGULAR";"f";"2014-07-11 16:10:12.895";"f";"";"18";"CONSOLIDADA";"";"Presencial";
"1225940";"01";"22702";"";"";"37689";"STRICTO SENSU";"";"Setor V - Sala B7";"2014";"1";"2014-02-04";"2014-06-13";"6M123";"9";"20";"REGULAR";"f";"2014-06-30 11:42:50.466";"f";"";"48";"CONSOLIDADA";"";"Presencial";
"1225941";"23";"20538";"";"";"55255";"STRICTO SENSU";"";"A DEFINIR PELO ORIENTADOR";"2014";"1";"2014-01-27";"2014-06-06";"7M1";"3";"3";"REGULAR";"f";"2014-05-29 21:59:16.555";"f";"";"15";"CONSOLIDADA";"";"Presencial";
"1225942";"24";"23019";"";"";"55255";"STRICTO SENSU";"";"A DEFINIR PELO ORIENTADOR";"2014";"1";"2014-01-27";"2014-06-06";"7M1";"3";"3";"REGULAR";"f";"2014-05-26 16:26:33.995";"f";"";"17";"CONSOLIDADA";"";"Presencial";
"1225943";"25";"5755549";"";"";"55255";"STRICTO SENSU";"";"A DEFINIR PELO ORIENTADOR";"2014";"1";"2014-01-27";"2014-06-06";"7M1";"3";"3";"REGULAR";"f";"2014-07-14 11:05:40.471";"f";"";"18";"CONSOLIDADA";"";"Presencial";
"1225944";"26";"17975";"";"";"55255";"STRICTO SENSU";"";"A DEFINIR PELO ORIENTADOR";"2014";"1";"2014-01-27";"2014-06-06";"7M1";"2";"2";"REGULAR";"f";"2015-01-05 02:44:33.66";"f";"";"0";"CONSOLIDADA";"";"Presencial";
"1225945";"27";"25946";"";"";"55255";"STRICTO SENSU";"";"A DEFINIR PELO ORIENTADOR";"2014";"1";"2014-01-27";"2014-06-06";"7M1";"1";"1";"REGULAR";"f";"2014-07-05 21:36:10.969";"f";"";"18";"CONSOLIDADA";"";"Presencial";
"1225946";"28";"";"101172124";"";"55255";"STRICTO SENSU";"";"A DEFINIR PELO ORIENTADOR";"2014";"1";"2014-01-27";"2014-06-06";"7M1";"1";"1";"REGULAR";"f";"2015-01-05 02:45:24.257";"f";"";"0";"CONSOLIDADA";"";"Presencial";
"1225947";"01";"18409";"";"";"41318";"STRICTO SENSU";"";"Auditório do NUPEG";"2014";"1";"2014-01-27";"2014-05-30";"6T2345";"16";"25";"REGULAR";"f";"2014-06-11 09:56:38.04";"f";"";"68";"CONSOLIDADA";"";"Presencial";
"1225948";"29";"";"6006610";"";"55255";"STRICTO SENSU";"";"A DEFINIR PELO ORIENTADOR";"2014";"1";"2014-01-27";"2014-06-06";"7M1";"4";"4";"REGULAR";"f";"2014-06-27 18:34:21.767";"f";"";"18";"CONSOLIDADA";"";"Presencial";
"1225949";"30";"5752155";"";"";"55255";"STRICTO SENSU";"";"A DEFINIR PELO ORIENTADOR";"2014";"1";"2014-01-27";"2014-06-06";"7M1";"2";"2";"REGULAR";"f";"2014-07-11 14:27:51.995";"f";"";"18";"CONSOLIDADA";"";"Presencial";
"1225950";"31";"2260569";"";"";"55255";"STRICTO SENSU";"";"A DEFINIR PELO ORIENTADOR";"2014";"1";"2014-01-27";"2014-06-06";"7M1";"2";"2";"REGULAR";"f";"2014-07-17 10:10:48.119";"f";"";"15";"CONSOLIDADA";"";"Presencial";
"1225951";"32";"21734";"";"";"55255";"STRICTO SENSU";"";"A DEFINIR PELO ORIENTADOR";"2014";"1";"2014-01-27";"2014-06-06";"7M1";"5";"5";"REGULAR";"f";"2014-06-09 16:23:36.462";"f";"";"18";"CONSOLIDADA";"";"Presencial";
"1225952";"33";"21744";"";"";"55255";"STRICTO SENSU";"";"A DEFINIR PELO ORIENTADOR";"2014";"1";"2014-01-27";"2014-06-06";"7M1";"8";"10";"REGULAR";"f";"2015-07-16 16:31:23.829";"f";"";"17";"CONSOLIDADA";"";"Presencial";
"1225953";"34";"24040";"";"";"55255";"STRICTO SENSU";"";"A DEFINIR PELO ORIENTADOR";"2014";"1";"2014-01-27";"2014-06-06";"7M1";"5";"5";"REGULAR";"f";"2014-07-01 13:45:33.889";"f";"";"18";"CONSOLIDADA";"";"Presencial";
"1225954";"35";"23677";"";"";"55255";"STRICTO SENSU";"";"A DEFINIR PELO ORIENTADOR";"2014";"1";"2014-01-27";"2014-06-06";"7M1";"1";"1";"REGULAR";"f";"2014-07-04 11:09:17.181";"f";"";"18";"CONSOLIDADA";"";"Presencial";
"1225955";"36";"17402";"";"";"55255";"STRICTO SENSU";"";"A DEFINIR PELO ORIENTADOR";"2014";"1";"2014-01-27";"2014-06-06";"7M1";"5";"5";"REGULAR";"f";"2014-07-11 12:59:17.345";"f";"";"18";"CONSOLIDADA";"";"Presencial";
"1225956";"37";"23833";"";"";"55255";"STRICTO SENSU";"";"A DEFINIR PELO PROFESSOR";"2014";"1";"2014-01-27";"2014-12-22";"7M1";"0";"1";"REGULAR";"f";"";"f";"";"";"EXCLUÍDA";"";"Presencial";
"1225957";"38";"25957";"";"";"55255";"STRICTO SENSU";"";"A DEFINIR PELO PROFESSOR";"2014";"1";"2014-01-27";"2014-06-06";"7M1";"1";"1";"REGULAR";"f";"2014-07-14 09:01:32.908";"f";"";"17";"CONSOLIDADA";"";"Presencial";
"1225958";"39";"22738";"";"";"55255";"STRICTO SENSU";"";"A DEFINIR PELO PROFESSOR";"2014";"1";"2014-01-27";"2014-06-06";"7M1";"1";"1";"REGULAR";"f";"2014-06-27 21:21:06.296";"f";"";"18";"CONSOLIDADA";"";"Presencial";
"1225959";"01";"5753872";"";"";"44388";"STRICTO SENSU";"";"Lab. de Eng. Têxtil (LABTEX) - NTI";"2014";"1";"2014-02-03";"2014-06-14";"4M2345";"39";"36";"REGULAR";"f";"2014-06-12 21:34:15.802";"f";"";"68";"CONSOLIDADA";"";"Presencial";
"1225960";"01";"20212";"";"ÊNFASE EM ENERGIA EÓLICA";"44408";"STRICTO SENSU";"";"Lab. Energia - NTI";"2014";"1";"2014-02-03";"2014-06-14";"4T2345";"70";"60";"REGULAR";"f";"2014-07-18 17:12:28.59";"f";"";"72";"CONSOLIDADA";"";"Presencial";
"1225961";"01";"5753036";"";"";"39109";"STRICTO SENSU";"";"Definido pelo professor";"2014";"1";"2014-01-27";"2014-06-14";"7M1";"4";"4";"REGULAR";"f";"2014-07-09 08:00:24.865";"f";"";"18";"CONSOLIDADA";"";"Presencial";
"1225962";"01";"18202";"";"";"44398";"STRICTO SENSU";"";"Setor IV - Sala 4A2";"2014";"1";"2014-02-03";"2014-06-14";"4M2345";"30";"30";"REGULAR";"f";"2014-06-04 16:10:59.414";"f";"";"68";"CONSOLIDADA";"";"Presencial";
"1225963";"02D";"20811";"";"";"27148";"GRADUAÇÃO";"";"CURRAIS NOVOS/RN";"2014";"1";"2014-01-27";"2014-06-14";"";"";"";"REGULAR";"t";"2014-06-20 14:55:10.637";"f";"";"0";"CONSOLIDADA";"";"A Distância";
"1225963";"02D";"21789";"";"";"27148";"GRADUAÇÃO";"";"CURRAIS NOVOS/RN";"2014";"1";"2014-01-27";"2014-06-14";"";"";"";"REGULAR";"t";"2014-06-20 14:55:10.637";"f";"";"0";"CONSOLIDADA";"";"A Distância";
"1225964";"01";"23937";"";"";"44424";"STRICTO SENSU";"";"Sala 94 do CT";"2014";"1";"2014-02-03";"2014-06-14";"6M2345";"5";"20";"REGULAR";"f";"2014-06-20 13:04:31.906";"f";"";"60";"CONSOLIDADA";"";"Presencial";
"1225965";"01";"5753036";"";"";"54401";"STRICTO SENSU";"";"Setor 2 - G4";"2014";"1";"2014-01-01";"2014-06-30";"3N12";"";"16";"REGULAR";"f";"";"f";"";"";"EXCLUÍDA";"";"Presencial";
"1225966";"02C";"21391";"";"";"27149";"GRADUAÇÃO";"";"CURRAIS NOVOS/RN";"2014";"1";"2014-01-27";"2014-06-14";"";"";"";"REGULAR";"t";"2014-06-18 11:35:40.389";"f";"";"0";"CONSOLIDADA";"";"A Distância";
"1225966";"02C";"5752299";"";"";"27149";"GRADUAÇÃO";"";"CURRAIS NOVOS/RN";"2014";"1";"2014-01-27";"2014-06-14";"";"";"";"REGULAR";"t";"2014-06-18 11:35:40.389";"f";"";"0";"CONSOLIDADA";"";"A Distância";
"1225967";"12";"5753597";"";"";"37673";"STRICTO SENSU";"";"Sala do Orientador";"2014";"1";"2014-02-03";"2014-06-14";"4M12";"1";"1";"REGULAR";"f";"2014-07-20 22:45:36.801";"f";"";"32";"CONSOLIDADA";"";"Presencial";
"1225968";"15";"5753597";"";"";"37671";"STRICTO SENSU";"";"Sala do Orientador";"2014";"1";"2014-02-03";"2014-06-14";"4M34";"2";"2";"REGULAR";"f";"2014-07-20 23:05:45.093";"f";"";"32";"CONSOLIDADA";"";"Presencial";
"1225969";"01";"20904";"";"";"41286";"STRICTO SENSU";"";"Sala Prof. Carlson";"2014";"1";"2014-01-27";"2014-05-30";"2T2";"";"1";"REGULAR";"f";"";"f";"";"";"EXCLUÍDA";"";"Presencial";
"1225970";"01";"18179";"";"";"41316";"STRICTO SENSU";"";"Sala da Profa. Tereza Neuma";"2014";"1";"2014-01-27";"2014-05-30";"3T12";"1";"1";"REGULAR";"f";"2014-08-05 17:19:49.047";"f";"";"34";"CONSOLIDADA";"";"Presencial";
"1225971";"01";"18179";"";"";"41315";"STRICTO SENSU";"";"Sala Profa. Tereza Neuma";"2014";"1";"2014-01-27";"2014-05-30";"4T12";"1";"1";"REGULAR";"f";"2014-08-05 17:17:18.097";"f";"";"34";"CONSOLIDADA";"";"Presencial";
"1225972";"02";"2289300";"";"";"41316";"STRICTO SENSU";"";"Sala Profa. Camila";"2014";"1";"2014-01-27";"2014-05-30";"2M23";"1";"1";"REGULAR";"f";"2014-04-29 16:29:49.49";"f";"";"28";"CONSOLIDADA";"";"Presencial";
"1225973";"03";"2289300";"";"";"41316";"STRICTO SENSU";"";"Sala Profa. Camila";"2014";"1";"2014-01-27";"2014-05-30";"2T23";"1";"1";"REGULAR";"f";"2014-04-29 16:41:28.516";"f";"";"28";"CONSOLIDADA";"";"Presencial";
"1225974";"02";"24414";"";"";"41315";"STRICTO SENSU";"";"Sala Prof. Eduardo";"2014";"1";"2014-01-27";"2014-05-30";"5M2  6T2";"1";"1";"REGULAR";"f";"2014-05-26 11:31:32.67";"f";"";"30";"CONSOLIDADA";"";"Presencial";
"1225975";"01";"18681";"";"";"41285";"STRICTO SENSU";"";"Sala Profa. Márcia Duarte";"2014";"1";"2014-01-27";"2014-05-30";"2T2";"0";"1";"REGULAR";"f";"";"f";"";"";"EXCLUÍDA";"";"Presencial";
"1225976";"01";"22926";"";"";"41317";"STRICTO SENSU";"";"Sala Prof. Osvaldo";"2014";"1";"2014-01-27";"2014-05-30";"3T56";"1";"1";"REGULAR";"f";"2014-06-30 20:18:50.139";"f";"";"34";"CONSOLIDADA";"";"Presencial";
"1225977";"02";"22926";"";"";"41317";"STRICTO SENSU";"";"Sala Prof. Osvaldo";"2014";"1";"2014-01-27";"2014-05-30";"5T56";"1";"1";"REGULAR";"f";"2014-06-30 20:20:04.398";"f";"";"32";"CONSOLIDADA";"";"Presencial";
"1225978";"01";"24414";"";"";"41307";"STRICTO SENSU";"";"Sala Prof. Eduardo";"2014";"1";"2014-01-27";"2014-05-30";"246N12";"1";"1";"REGULAR";"f";"2014-09-10 11:33:56.925";"f";"";"100";"CONSOLIDADA";"";"Presencial";
"1225980";"01";"22014";"";"";"49093";"STRICTO SENSU";"";"Laban";"2014";"1";"2014-02-14";"2014-06-06";"6M6 (14/02/2014 - 06/06/2014)";"3";"5";"REGULAR";"f";"2014-06-04 20:03:55.007";"f";"";"0";"CONSOLIDADA";"";"Presencial";
"1225981";"02";"18681";"";"";"41307";"STRICTO SENSU";"";"Sala Profa. Márcia Duarte";"2014";"1";"2014-01-27";"2014-05-30";"246T56";"1";"1";"REGULAR";"f";"2014-08-26 16:35:31.664";"f";"";"102";"CONSOLIDADA";"";"Presencial";
"1225982";"01";"22014";"";"";"49098";"STRICTO SENSU";"";"Laban";"2014";"1";"2014-02-14";"2014-04-05";"6M5 (14/02/2014 - 06/06/2014)";"4";"4";"REGULAR";"f";"2014-06-04 20:05:36.351";"f";"";"0";"CONSOLIDADA";"";"Presencial";
"1225983";"02";"2289300";"";"";"41286";"STRICTO SENSU";"";"Sala Profa. Camila";"2014";"1";"2014-01-27";"2014-05-30";"6M1";"1";"1";"REGULAR";"f";"2014-04-28 21:52:46.588";"f";"";"16";"CONSOLIDADA";"";"Presencial";
"1225984";"01";"22014";"";"";"37270";"STRICTO SENSU";"";"Bioquimica XII";"2014";"1";"2014-02-24";"2014-04-04";"2345M34";"1";"1";"REGULAR";"f";"2014-06-04 20:07:05.432";"f";"";"0";"CONSOLIDADA";"";"Presencial";
"1225985";"03";"20904";"";"";"41317";"STRICTO SENSU";"";"Sala Prof. Carlson";"2014";"1";"2014-01-27";"2014-05-30";"2T56";"1";"1";"REGULAR";"f";"2014-06-30 12:29:51.078";"f";"";"32";"CONSOLIDADA";"";"Presencial";
"1225986";"01";"5752382";"";"";"2037006";"GRADUAÇÃO";"Campus Caicó";"LAB. IMD";"2014";"1";"2014-01-27";"2014-06-14";"234T34";"5";"20";"REGULAR";"f";"2014-06-20 13:21:58.183";"f";"";"112";"CONSOLIDADA";"";"Presencial";
"1225987";"01";"5753582";"";"";"36979";"STRICTO SENSU";"";"G3 - Setor II";"2014";"1";"2014-02-03";"2014-06-14";"5T3456";"12";"30";"REGULAR";"f";"2014-09-04 13:25:10.142";"f";"";"64";"CONSOLIDADA";"";"Presencial";
"1225988";"01";"";"97190119";"Antropologia do Movimento";"36995";"STRICTO SENSU";"";"G3 - Setor II";"2014";"1";"2014-02-03";"2014-06-14";"4T3456";"7";"30";"REGULAR";"f";"2014-12-03 10:18:30.213";"f";"";"64";"CONSOLIDADA";"";"Presencial";
"1225989";"01";"";"103821761";"";"36987";"STRICTO SENSU";"";"Sala C5 - Setor II";"2014";"1";"2014-02-03";"2014-06-14";"6M3456";"23";"35";"REGULAR";"f";"2015-03-02 14:11:34.983";"f";"";"64";"CONSOLIDADA";"";"Presencial";
"1225989";"01";"22944";"";"";"36987";"STRICTO SENSU";"";"Sala C5 - Setor II";"2014";"1";"2014-02-03";"2014-06-14";"6M3456";"23";"35";"REGULAR";"f";"2015-03-02 14:11:34.983";"f";"";"64";"CONSOLIDADA";"";"Presencial";
"1225989";"01";"";"103812384";"";"36987";"STRICTO SENSU";"";"Sala C5 - Setor II";"2014";"1";"2014-02-03";"2014-06-14";"6M3456";"23";"35";"REGULAR";"f";"2015-03-02 14:11:34.983";"f";"";"64";"CONSOLIDADA";"";"Presencial";
"1225989";"01";"22941";"";"";"36987";"STRICTO SENSU";"";"Sala C5 - Setor II";"2014";"1";"2014-02-03";"2014-06-14";"6M3456";"23";"35";"REGULAR";"f";"2015-03-02 14:11:34.983";"f";"";"64";"CONSOLIDADA";"";"Presencial";
"1225990";"01";"5752241";"";"";"40500";"STRICTO SENSU";"";"a definir";"2014";"1";"2014-02-03";"2014-06-14";"6N1234";"1";"1";"REGULAR";"f";"2014-06-24 18:46:47.793";"f";"";"72";"CONSOLIDADA";"";"Presencial";
"1225993";"02";"22755";"";"Turma clonada a partir da turma 2014.1 - PAT1000.1 T01";"54078";"GRADUAÇÃO";"Campus Central";"Departamento de Patologia";"2014";"1";"2014-01-27";"2014-06-14";"2M2";"32";"11";"REGULAR";"f";"2014-06-13 18:40:01.848";"f";"";"18";"CONSOLIDADA";"";"Presencial";
"1225993";"02";"23754";"";"Turma clonada a partir da turma 2014.1 - PAT1000.1 T01";"54078";"GRADUAÇÃO";"Campus Central";"Departamento de Patologia";"2014";"1";"2014-01-27";"2014-06-14";"2M2";"32";"11";"REGULAR";"f";"2014-06-13 18:40:01.848";"f";"";"18";"CONSOLIDADA";"";"Presencial";
"1225993";"02";"22757";"";"Turma clonada a partir da turma 2014.1 - PAT1000.1 T01";"54078";"GRADUAÇÃO";"Campus Central";"Departamento de Patologia";"2014";"1";"2014-01-27";"2014-06-14";"2M2";"32";"11";"REGULAR";"f";"2014-06-13 18:40:01.848";"f";"";"18";"CONSOLIDADA";"";"Presencial";
"1225993";"02";"22999";"";"Turma clonada a partir da turma 2014.1 - PAT1000.1 T01";"54078";"GRADUAÇÃO";"Campus Central";"Departamento de Patologia";"2014";"1";"2014-01-27";"2014-06-14";"2M2";"32";"11";"REGULAR";"f";"2014-06-13 18:40:01.848";"f";"";"18";"CONSOLIDADA";"";"Presencial";
"1225993";"02";"5751840";"";"Turma clonada a partir da turma 2014.1 - PAT1000.1 T01";"54078";"GRADUAÇÃO";"Campus Central";"Departamento de Patologia";"2014";"1";"2014-01-27";"2014-06-14";"2M2";"32";"11";"REGULAR";"f";"2014-06-13 18:40:01.848";"f";"";"18";"CONSOLIDADA";"";"Presencial";
"1225994";"03";"22755";"";"Turma clonada a partir da turma 2014.1 - PAT1000.1 T01";"54078";"GRADUAÇÃO";"Campus Central";"Departamento de Patologia";"2014";"1";"2014-01-27";"2014-06-14";"2M2";"32";"11";"REGULAR";"f";"2014-06-13 18:41:24.122";"f";"";"18";"CONSOLIDADA";"";"Presencial";
"1225994";"03";"5751840";"";"Turma clonada a partir da turma 2014.1 - PAT1000.1 T01";"54078";"GRADUAÇÃO";"Campus Central";"Departamento de Patologia";"2014";"1";"2014-01-27";"2014-06-14";"2M2";"32";"11";"REGULAR";"f";"2014-06-13 18:41:24.122";"f";"";"18";"CONSOLIDADA";"";"Presencial";
"1225994";"03";"22757";"";"Turma clonada a partir da turma 2014.1 - PAT1000.1 T01";"54078";"GRADUAÇÃO";"Campus Central";"Departamento de Patologia";"2014";"1";"2014-01-27";"2014-06-14";"2M2";"32";"11";"REGULAR";"f";"2014-06-13 18:41:24.122";"f";"";"18";"CONSOLIDADA";"";"Presencial";
"1225994";"03";"23754";"";"Turma clonada a partir da turma 2014.1 - PAT1000.1 T01";"54078";"GRADUAÇÃO";"Campus Central";"Departamento de Patologia";"2014";"1";"2014-01-27";"2014-06-14";"2M2";"32";"11";"REGULAR";"f";"2014-06-13 18:41:24.122";"f";"";"18";"CONSOLIDADA";"";"Presencial";
"1225995";"04";"22755";"";"Turma clonada a partir da turma 2014.1 - PAT1000.1 T01";"54078";"GRADUAÇÃO";"Campus Central";"Departamento de Patologia";"2014";"1";"2014-01-27";"2014-06-14";"2M2";"32";"11";"REGULAR";"f";"2014-06-13 18:42:37.436";"f";"";"18";"CONSOLIDADA";"";"Presencial";
"1225995";"04";"23754";"";"Turma clonada a partir da turma 2014.1 - PAT1000.1 T01";"54078";"GRADUAÇÃO";"Campus Central";"Departamento de Patologia";"2014";"1";"2014-01-27";"2014-06-14";"2M2";"32";"11";"REGULAR";"f";"2014-06-13 18:42:37.436";"f";"";"18";"CONSOLIDADA";"";"Presencial";
"1225995";"04";"22871";"";"Turma clonada a partir da turma 2014.1 - PAT1000.1 T01";"54078";"GRADUAÇÃO";"Campus Central";"Departamento de Patologia";"2014";"1";"2014-01-27";"2014-06-14";"2M2";"32";"11";"REGULAR";"f";"2014-06-13 18:42:37.436";"f";"";"18";"CONSOLIDADA";"";"Presencial";
"1225995";"04";"23816";"";"Turma clonada a partir da turma 2014.1 - PAT1000.1 T01";"54078";"GRADUAÇÃO";"Campus Central";"Departamento de Patologia";"2014";"1";"2014-01-27";"2014-06-14";"2M2";"32";"11";"REGULAR";"f";"2014-06-13 18:42:37.436";"f";"";"18";"CONSOLIDADA";"";"Presencial";
"1225995";"04";"22757";"";"Turma clonada a partir da turma 2014.1 - PAT1000.1 T01";"54078";"GRADUAÇÃO";"Campus Central";"Departamento de Patologia";"2014";"1";"2014-01-27";"2014-06-14";"2M2";"32";"11";"REGULAR";"f";"2014-06-13 18:42:37.436";"f";"";"18";"CONSOLIDADA";"";"Presencial";
"1225996";"02";"23754";"";"Turma clonada a partir da turma 2014.1 - PAT0700.1 T01";"54066";"GRADUAÇÃO";"Campus Central";"Departamento de Patologia";"2014";"1";"2014-01-27";"2014-06-14";"5M3";"48";"12";"REGULAR";"f";"2014-06-17 08:28:06.371";"f";"";"17";"CONSOLIDADA";"";"Presencial";
"1225997";"03";"22755";"";"Turma clonada a partir da turma 2014.1 - PAT0700.1 T01";"54066";"GRADUAÇÃO";"Campus Central";"Departamento de Patologia";"2014";"1";"2014-01-27";"2014-06-14";"5M3";"48";"12";"REGULAR";"f";"2014-06-17 08:26:11.148";"f";"";"17";"CONSOLIDADA";"";"Presencial";
"1225997";"03";"22871";"";"Turma clonada a partir da turma 2014.1 - PAT0700.1 T01";"54066";"GRADUAÇÃO";"Campus Central";"Departamento de Patologia";"2014";"1";"2014-01-27";"2014-06-14";"5M3";"48";"12";"REGULAR";"f";"2014-06-17 08:26:11.148";"f";"";"17";"CONSOLIDADA";"";"Presencial";
"1225997";"03";"5755753";"";"Turma clonada a partir da turma 2014.1 - PAT0700.1 T01";"54066";"GRADUAÇÃO";"Campus Central";"Departamento de Patologia";"2014";"1";"2014-01-27";"2014-06-14";"5M3";"48";"12";"REGULAR";"f";"2014-06-17 08:26:11.148";"f";"";"17";"CONSOLIDADA";"";"Presencial";
"1225998";"04";"5755753";"";"Turma clonada a partir da turma 2014.1 - PAT0700.1 T01";"54066";"GRADUAÇÃO";"Campus Central";"Departamento de Patologia";"2014";"1";"2014-01-27";"2014-06-14";"5M3";"48";"12";"REGULAR";"f";"2014-06-17 08:30:07.962";"f";"";"17";"CONSOLIDADA";"";"Presencial";
"1225998";"04";"22757";"";"Turma clonada a partir da turma 2014.1 - PAT0700.1 T01";"54066";"GRADUAÇÃO";"Campus Central";"Departamento de Patologia";"2014";"1";"2014-01-27";"2014-06-14";"5M3";"48";"12";"REGULAR";"f";"2014-06-17 08:30:07.962";"f";"";"17";"CONSOLIDADA";"";"Presencial";
"1225998";"04";"5751840";"";"Turma clonada a partir da turma 2014.1 - PAT0700.1 T01";"54066";"GRADUAÇÃO";"Campus Central";"Departamento de Patologia";"2014";"1";"2014-01-27";"2014-06-14";"5M3";"48";"12";"REGULAR";"f";"2014-06-17 08:30:07.962";"f";"";"17";"CONSOLIDADA";"";"Presencial";
"1225999";"02";"22999";"";"Turma clonada a partir da turma 2014.1 - PAT0900.1 T01";"54075";"GRADUAÇÃO";"Campus Central";"Departamento de Patologia";"2014";"1";"2014-01-27";"2014-06-14";"6M1";"28";"11";"REGULAR";"f";"2014-06-16 14:49:19.038";"f";"";"18";"CONSOLIDADA";"";"Presencial";
"1225999";"02";"22871";"";"Turma clonada a partir da turma 2014.1 - PAT0900.1 T01";"54075";"GRADUAÇÃO";"Campus Central";"Departamento de Patologia";"2014";"1";"2014-01-27";"2014-06-14";"6M1";"28";"11";"REGULAR";"f";"2014-06-16 14:49:19.038";"f";"";"18";"CONSOLIDADA";"";"Presencial";
"1226000";"01";"5753519";"";"";"54403";"STRICTO SENSU";"";"Setor 2 - G4";"2014";"1";"2014-01-01";"2014-06-30";"2N123";"16";"16";"REGULAR";"f";"2014-11-03 00:23:21.004";"f";"";"66";"CONSOLIDADA";"";"Presencial";
"1226001";"01";"5752204";"";"";"54400";"STRICTO SENSU";"";"Setor 2 - G4";"2014";"1";"2014-01-01";"2014-06-30";"2N4";"";"16";"REGULAR";"f";"";"f";"";"";"EXCLUÍDA";"";"Presencial";
"1226001";"01";"5755540";"";"";"54400";"STRICTO SENSU";"";"Setor 2 - G4";"2014";"1";"2014-01-01";"2014-06-30";"2N4";"";"16";"REGULAR";"f";"";"f";"";"";"EXCLUÍDA";"";"Presencial";
"1226002";"02";"5753036";"";"";"54401";"STRICTO SENSU";"";"Setor 2 - G4";"2014";"1";"2014-01-01";"2014-06-30";"3N12";"16";"16";"REGULAR";"f";"2014-06-17 09:17:21.636";"f";"";"42";"CONSOLIDADA";"";"Presencial";
"1226003";"01";"22909";"";"";"54405";"STRICTO SENSU";"";"Setor 2 - G4";"2014";"1";"2014-01-01";"2014-06-30";"3N34";"10";"16";"REGULAR";"f";"2014-08-25 12:19:29.741";"f";"";"32";"CONSOLIDADA";"";"Presencial";
"1226003";"01";"5752250";"";"";"54405";"STRICTO SENSU";"";"Setor 2 - G4";"2014";"1";"2014-01-01";"2014-06-30";"3N34";"10";"16";"REGULAR";"f";"2014-08-25 12:19:29.741";"f";"";"32";"CONSOLIDADA";"";"Presencial";
"1226004";"01";"5753671";"";"";"54402";"STRICTO SENSU";"";"Setor 2 - G4";"2014";"1";"2014-01-01";"2014-06-30";"4N34";"14";"16";"REGULAR";"f";"2014-06-27 10:37:43.105";"f";"";"46";"CONSOLIDADA";"";"Presencial";
"1226005";"01";"5753023";"";"";"54404";"STRICTO SENSU";"";"Setor 2 - G4";"2014";"1";"2014-01-01";"2014-06-30";"4N12";"16";"16";"REGULAR";"f";"2014-06-25 11:31:25.216";"f";"";"62";"CONSOLIDADA";"";"Presencial";
"1226006";"01";"25982";"";"";"54198";"STRICTO SENSU";"";"Setor V - Sala F5";"2014";"1";"2014-01-27";"2014-06-14";"2T3456";"12";"12";"REGULAR";"f";"2014-06-25 16:35:25.552";"f";"";"72";"CONSOLIDADA";"";"Presencial";
"1226007";"01";"5753872";"";"";"38433";"STRICTO SENSU";"";"A Definir";"2014";"1";"2014-02-03";"2014-06-14";"7M3";"2";"4";"REGULAR";"f";"2014-06-12 21:25:00.514";"f";"";"18";"CONSOLIDADA";"";"Presencial";
"1226008";"01";"22722";"";"";"41369";"STRICTO SENSU";"";"Setor II - Sala B2";"2014";"1";"2014-02-24";"2014-06-12";"4T2345";"9";"30";"REGULAR";"f";"2014-11-18 15:35:01.735";"f";"";"56";"CONSOLIDADA";"";"Presencial";
"1226009";"01";"5751762";"";"";"41368";"STRICTO SENSU";"";"Setor II - Sala B2";"2014";"1";"2014-02-24";"2014-06-12";"3M3456";"17";"30";"REGULAR";"f";"2015-03-16 22:33:52.495";"f";"";"64";"CONSOLIDADA";"";"Presencial";
"1226010";"01";"25970";"";"";"2053834";"STRICTO SENSU";"";"Setor II - Sala H1";"2014";"1";"2014-02-24";"2014-06-12";"4M3456";"8";"30";"REGULAR";"f";"2014-10-13 12:25:21.777";"f";"";"60";"CONSOLIDADA";"";"Presencial";
"1226011";"04";"21347";"";"";"41317";"STRICTO SENSU";"";"Sala Prof. João Fernandes";"2014";"1";"2014-01-27";"2014-05-30";"3T12";"1";"1";"REGULAR";"f";"2014-06-08 07:57:32.084";"f";"";"34";"CONSOLIDADA";"";"Presencial";
"1226012";"01";"19055";"";"";"41391";"STRICTO SENSU";"";"Setor II - Sala H10";"2014";"1";"2014-02-24";"2014-06-12";"3T3456";"15";"30";"REGULAR";"f";"2015-03-23 18:53:43.124";"f";"";"60";"CONSOLIDADA";"";"Presencial";
"1226013";"01";"5752498";"";"";"41370";"STRICTO SENSU";"";"Setor II - Sala D1";"2014";"1";"2014-02-24";"2014-06-12";"5T2345";"9";"30";"REGULAR";"f";"2015-01-05 10:29:50.247";"f";"";"0";"CONSOLIDADA";"";"Presencial";
"1226013";"01";"5753612";"";"";"41370";"STRICTO SENSU";"";"Setor II - Sala D1";"2014";"1";"2014-02-24";"2014-06-12";"5T2345";"9";"30";"REGULAR";"f";"2015-01-05 10:29:50.247";"f";"";"0";"CONSOLIDADA";"";"Presencial";
"1226014";"01";"22774";"";"Reestruturação produtiva, território e trabalho";"54342";"STRICTO SENSU";"";"Setor II - Sala H7";"2014";"1";"2014-02-24";"2014-06-12";"5T23";"4";"30";"REGULAR";"f";"2014-08-01 19:20:49.444";"f";"";"36";"CONSOLIDADA";"";"Presencial";
"1226014";"01";"5755429";"";"Reestruturação produtiva, território e trabalho";"54342";"STRICTO SENSU";"";"Setor II - Sala H7";"2014";"1";"2014-02-24";"2014-06-12";"5T23";"4";"30";"REGULAR";"f";"2014-08-01 19:20:49.444";"f";"";"36";"CONSOLIDADA";"";"Presencial";
"1226015";"03";"21347";"";"";"41307";"STRICTO SENSU";"";"Sala do Prof. João Fernandes";"2014";"1";"2014-01-27";"2014-05-30";"356T56";"1";"1";"REGULAR";"f";"2014-06-04 17:06:02.201";"f";"";"100";"CONSOLIDADA";"";"Presencial";
"1226016";"02";"5753761";"";"";"38433";"STRICTO SENSU";"";"A Definir";"2014";"1";"2014-02-03";"2014-06-14";"7M3";"2";"2";"REGULAR";"f";"2014-06-19 22:50:37.32";"f";"";"19";"CONSOLIDADA";"";"Presencial";
"1226017";"01";"5754359";"";"";"43528";"STRICTO SENSU";"";"Sala 04 - anexo do CCET";"2014";"1";"2014-02-05";"2014-06-27";"4T2345 (05/02/2014 - 27/06/2014)";"14";"15";"REGULAR";"f";"2014-06-07 23:36:15.084";"f";"";"68";"CONSOLIDADA";"";"Presencial";
"1226018";"02";"18536";"";"";"41285";"STRICTO SENSU";"";"Sala de Aula Prof. Marcus";"2014";"1";"2014-01-27";"2014-05-30";"2M2";"1";"1";"REGULAR";"f";"2014-06-19 13:58:44.436";"f";"";"16";"CONSOLIDADA";"";"Presencial";
"1226019";"03";"21347";"";"";"41285";"STRICTO SENSU";"";"Sala de Aula Prof. João Fernandes";"2014";"1";"2014-01-27";"2014-05-30";"4M1";"1";"1";"REGULAR";"f";"2014-06-08 07:33:32.711";"f";"";"17";"CONSOLIDADA";"";"Presencial";
"1226020";"03";"24047";"";"";"41286";"STRICTO SENSU";"";"Sala Profa. Roberta Targino";"2014";"1";"2014-01-27";"2014-05-30";"2T2";"1";"1";"REGULAR";"f";"2014-06-02 13:41:07.974";"f";"";"16";"CONSOLIDADA";"";"Presencial";
"1226021";"04";"24414";"";"";"41285";"STRICTO SENSU";"";"Sala de Aula Prof. Eduardo";"2014";"1";"2014-01-27";"2014-05-30";"2T1";"2";"1";"REGULAR";"f";"";"f";"";"";"EXCLUÍDA";"";"Presencial";
"1226022";"02";"5751828";"";"";"40500";"STRICTO SENSU";"";"a definir";"2014";"1";"2014-02-03";"2014-06-14";"6N1234";"1";"1";"REGULAR";"f";"2014-06-17 12:12:12.155";"f";"";"72";"CONSOLIDADA";"";"Presencial";
"1226023";"01";"";"102370754";"";"36982";"STRICTO SENSU";"";"Setor 2 - Sala I-11";"2014";"1";"2014-02-03";"2014-06-14";"3T1234";"6";"30";"REGULAR";"f";"2014-08-08 10:11:35.544";"f";"";"68";"CONSOLIDADA";"";"Presencial";
"1226024";"04";"21347";"";"";"41286";"STRICTO SENSU";"";"Sala Prof. João Fernandes";"2014";"1";"2014-01-27";"2014-05-30";"6M6";"1";"1";"REGULAR";"f";"2014-06-08 07:42:19.107";"f";"";"17";"CONSOLIDADA";"";"Presencial";
"1226025";"1,2,3B";"5755991";"";"";"46631";"GRADUAÇÃO";"";"SÃO GONÇALO  DO AMARANTE/RN";"2014";"1";"2014-01-27";"2014-06-14";"";"";"";"REGULAR";"t";"2014-06-20 15:25:55.074";"f";"";"0";"CONSOLIDADA";"";"A Distância";
"1226026";"01";"5753616";"";"";"52406";"LATO SENSU";"";"Laboratórios da ECT";"2014";"1";"2014-01-24";"2014-01-31";"246M1234 (24/01/2014 - 31/01/2014)";"";"26";"REGULAR";"f";"2014-12-01 11:45:44.905";"f";"";"16";"CONSOLIDADA";"";"Presencial";
"1226027";"02";"22755";"";"Turma clonada a partir da turma 2014.1 - PAT0600.1 T01";"54063";"GRADUAÇÃO";"Campus Central";"Departamento de Patologia";"2014";"1";"2014-01-27";"2014-06-14";"4T34";"49";"8";"REGULAR";"f";"2014-06-13 09:37:04.52";"f";"";"36";"CONSOLIDADA";"";"Presencial";
"1226028";"03";"22999";"";"Turma clonada a partir da turma 2014.1 - PAT0600.1 T01";"54063";"GRADUAÇÃO";"Campus Central";"Departamento de Patologia";"2014";"1";"2014-01-27";"2014-06-14";"4T34";"49";"8";"REGULAR";"f";"2014-06-13 09:54:13.256";"f";"";"36";"CONSOLIDADA";"";"Presencial";
"1226028";"03";"23754";"";"Turma clonada a partir da turma 2014.1 - PAT0600.1 T01";"54063";"GRADUAÇÃO";"Campus Central";"Departamento de Patologia";"2014";"1";"2014-01-27";"2014-06-14";"4T34";"49";"8";"REGULAR";"f";"2014-06-13 09:54:13.256";"f";"";"36";"CONSOLIDADA";"";"Presencial";
"1226029";"04";"22757";"";"Turma clonada a partir da turma 2014.1 - PAT0600.1 T01";"54063";"GRADUAÇÃO";"Campus Central";"Departamento de Patologia";"2014";"1";"2014-01-27";"2014-06-14";"4T34";"49";"7";"REGULAR";"f";"2014-06-13 10:35:34.727";"f";"";"36";"CONSOLIDADA";"";"Presencial";
"1226030";"05";"22871";"";"Turma clonada a partir da turma 2014.1 - PAT0600.1 T01";"54063";"GRADUAÇÃO";"Campus Central";"Departamento de Patologia";"2014";"1";"2014-01-27";"2014-06-14";"4T34";"49";"7";"REGULAR";"f";"2014-06-13 17:32:14.544";"f";"";"36";"CONSOLIDADA";"";"Presencial";
"1226031";"06";"23816";"";"Turma clonada a partir da turma 2014.1 - PAT0600.1 T01";"54063";"GRADUAÇÃO";"Campus Central";"Departamento de Patologia";"2014";"1";"2014-01-27";"2014-06-14";"4T34";"50";"7";"REGULAR";"f";"2014-06-13 09:19:26.011";"f";"";"36";"CONSOLIDADA";"";"Presencial";
"1226032";"07";"23181";"";"Turma clonada a partir da turma 2014.1 - PAT0600.1 T01";"54063";"GRADUAÇÃO";"Campus Central";"Departamento de Patologia";"2014";"1";"2014-01-27";"2014-06-14";"4T34";"49";"7";"REGULAR";"f";"2014-06-13 17:43:16.015";"f";"";"38";"CONSOLIDADA";"";"Presencial";
"1226032";"07";"5755753";"";"Turma clonada a partir da turma 2014.1 - PAT0600.1 T01";"54063";"GRADUAÇÃO";"Campus Central";"Departamento de Patologia";"2014";"1";"2014-01-27";"2014-06-14";"4T34";"49";"7";"REGULAR";"f";"2014-06-13 17:43:16.015";"f";"";"38";"CONSOLIDADA";"";"Presencial";
"1226033";"03";"22755";"";"Turma clonada a partir da turma 2014.1 - PAT0900.1 T01";"54075";"GRADUAÇÃO";"Campus Central";"Departamento de Patologia";"2014";"1";"2014-01-27";"2014-06-14";"6M1";"28";"11";"REGULAR";"f";"2014-06-15 23:08:55.147";"f";"";"18";"CONSOLIDADA";"";"Presencial";
"1226033";"03";"5755753";"";"Turma clonada a partir da turma 2014.1 - PAT0900.1 T01";"54075";"GRADUAÇÃO";"Campus Central";"Departamento de Patologia";"2014";"1";"2014-01-27";"2014-06-14";"6M1";"28";"11";"REGULAR";"f";"2014-06-15 23:08:55.147";"f";"";"18";"CONSOLIDADA";"";"Presencial";
"1226033";"03";"22757";"";"Turma clonada a partir da turma 2014.1 - PAT0900.1 T01";"54075";"GRADUAÇÃO";"Campus Central";"Departamento de Patologia";"2014";"1";"2014-01-27";"2014-06-14";"6M1";"28";"11";"REGULAR";"f";"2014-06-15 23:08:55.147";"f";"";"18";"CONSOLIDADA";"";"Presencial";
"1226034";"04";"5751840";"";"Turma clonada a partir da turma 2014.1 - PAT0900.1 T01";"54075";"GRADUAÇÃO";"Campus Central";"Departamento de Patologia";"2014";"1";"2014-01-27";"2014-06-14";"6M1";"28";"12";"REGULAR";"f";"2014-06-16 14:15:58.17";"f";"";"18";"CONSOLIDADA";"";"Presencial";
"1226034";"04";"23816";"";"Turma clonada a partir da turma 2014.1 - PAT0900.1 T01";"54075";"GRADUAÇÃO";"Campus Central";"Departamento de Patologia";"2014";"1";"2014-01-27";"2014-06-14";"6M1";"28";"12";"REGULAR";"f";"2014-06-16 14:15:58.17";"f";"";"18";"CONSOLIDADA";"";"Presencial";
"1226034";"04";"22871";"";"Turma clonada a partir da turma 2014.1 - PAT0900.1 T01";"54075";"GRADUAÇÃO";"Campus Central";"Departamento de Patologia";"2014";"1";"2014-01-27";"2014-06-14";"6M1";"28";"12";"REGULAR";"f";"2014-06-16 14:15:58.17";"f";"";"18";"CONSOLIDADA";"";"Presencial";
"1226034";"04";"22757";"";"Turma clonada a partir da turma 2014.1 - PAT0900.1 T01";"54075";"GRADUAÇÃO";"Campus Central";"Departamento de Patologia";"2014";"1";"2014-01-27";"2014-06-14";"6M1";"28";"12";"REGULAR";"f";"2014-06-16 14:15:58.17";"f";"";"18";"CONSOLIDADA";"";"Presencial";
"1226036";"05";"20904";"";"";"41285";"STRICTO SENSU";"";"Sala Prof. Carlson";"2014";"1";"2014-01-27";"2014-05-30";"2M2";"1";"1";"REGULAR";"f";"2014-09-11 21:45:53.89";"f";"";"16";"CONSOLIDADA";"";"Presencial";
"1226037";"05";"20904";"";"";"41317";"STRICTO SENSU";"";"Sala Prof. Carlson";"2014";"1";"2014-01-27";"2014-05-30";"2M34";"1";"1";"REGULAR";"f";"2017-09-15 09:25:04.397";"f";"";"32";"CONSOLIDADA";"";"Presencial";
"1226038";"15";"5753753";"";"Turma clonada a partir da turma 2014.1 - MUS0047 T08";"2021152";"GRADUAÇÃO";"Campus Central";"Sala 04";"2014";"1";"2014-01-27";"2014-06-14";"3M56";"";"1";"REGULAR";"f";"";"f";"";"";"EXCLUÍDA";"";"Presencial";
"1226039";"01";"18741";"";"";"37728";"STRICTO SENSU";"";"Sala 2 DCA";"2014";"1";"2014-01-27";"2014-06-13";"35M56";"10";"25";"REGULAR";"f";"2014-06-20 11:12:55.278";"f";"";"72";"CONSOLIDADA";"";"Presencial";
"1226040";"01";"23033";"";"";"2051900";"STRICTO SENSU";"";"Sala 2 DCA";"2014";"1";"2014-01-27";"2014-06-13";"6M1234";"21";"25";"REGULAR";"f";"2014-06-17 07:39:06.398";"f";"";"68";"CONSOLIDADA";"";"Presencial";
"1226041";"01";"24792";"";"";"40502";"STRICTO SENSU";"";"Sala 08 - ECT";"2014";"1";"2014-01-27";"2014-06-13";"35M34";"14";"25";"REGULAR";"f";"2014-06-18 00:49:20.042";"f";"";"74";"CONSOLIDADA";"";"Presencial";
"1226042";"01";"24841";"";"";"37733";"STRICTO SENSU";"";"A definir";"2014";"1";"2014-01-27";"2014-06-13";"46M34";"3";"10";"REGULAR";"f";"2014-06-16 21:42:36.979";"f";"";"74";"CONSOLIDADA";"";"Presencial";
"1226043";"01";"18185";"";"";"2051902";"STRICTO SENSU";"";"A definir";"2014";"1";"2014-01-27";"2014-06-13";"6M2345";"4";"20";"REGULAR";"f";"2014-06-15 14:19:39.661";"f";"";"72";"CONSOLIDADA";"";"Presencial";
"1226044";"01";"22939";"";"";"37708";"STRICTO SENSU";"";"Auditório do LAMP";"2014";"1";"2014-01-27";"2014-06-13";"6M1234";"3";"20";"REGULAR";"f";"2014-06-20 10:30:37.202";"f";"";"68";"CONSOLIDADA";"";"Presencial";
"1226045";"01";"5753695";"";"";"2051901";"STRICTO SENSU";"";"4A1";"2014";"1";"2014-01-27";"2014-06-13";"24M56";"11";"20";"REGULAR";"f";"2014-06-20 10:56:42.514";"f";"";"64";"CONSOLIDADA";"";"Presencial";
"1226046";"01";"24841";"";"";"2052204";"STRICTO SENSU";"";"A definir";"2014";"1";"2014-01-27";"2014-06-13";"6N1234";"2";"2";"REGULAR";"f";"2014-06-11 11:11:01.674";"f";"";"72";"CONSOLIDADA";"";"Presencial";
"1226047";"01";"20835";"";"";"2052205";"STRICTO SENSU";"";"Sala do Professor";"2014";"1";"2014-01-27";"2014-06-13";"4N1234";"2";"2";"REGULAR";"f";"2014-06-21 18:02:23.91";"f";"";"64";"CONSOLIDADA";"";"Presencial";
"1226048";"02";"18185";"";"";"2052204";"STRICTO SENSU";"";"Sala do Professor";"2014";"1";"2014-01-27";"2014-06-13";"2N1234";"";"1";"REGULAR";"f";"";"f";"";"";"EXCLUÍDA";"";"Presencial";
"1226049";"03";"5754609";"";"";"2052204";"STRICTO SENSU";"";"Sala de Reuniões do INCT-CSF";"2014";"1";"2014-01-27";"2014-06-13";"6N1234";"2";"3";"REGULAR";"f";"2014-06-19 23:14:34.273";"f";"";"64";"CONSOLIDADA";"";"Presencial";
"1226050";"04";"5753362";"";"";"2052204";"STRICTO SENSU";"";"Sala do Professor";"2014";"1";"2014-01-27";"2014-06-13";"4N1234";"2";"2";"REGULAR";"f";"2014-07-04 11:52:57.497";"f";"";"76";"CONSOLIDADA";"";"Presencial";
"1226051";"02";"5753362";"";"";"2052205";"STRICTO SENSU";"";"Sala do Professor";"2014";"1";"2014-01-27";"2014-06-13";"5N1234";"5";"4";"REGULAR";"f";"2014-07-04 11:54:33.587";"f";"";"72";"CONSOLIDADA";"";"Presencial";
"1226052";"05";"22939";"";"";"2052204";"STRICTO SENSU";"";"Sala do Professor";"2014";"1";"2014-01-27";"2014-06-13";"4N1234";"";"3";"REGULAR";"f";"";"f";"";"";"EXCLUÍDA";"";"Presencial";
"1226053";"06";"5753695";"";"";"2052204";"STRICTO SENSU";"";"Sala do Professor";"2014";"1";"2014-01-27";"2014-06-13";"4N1234";"1";"1";"REGULAR";"f";"";"f";"";"";"EXCLUÍDA";"";"Presencial";
"1226055";"01";"18679";"";"";"37710";"STRICTO SENSU";"";"A definir";"2014";"1";"2014-01-27";"2014-06-13";"24M34";"8";"20";"REGULAR";"f";"2014-06-18 12:14:16.858";"f";"";"74";"CONSOLIDADA";"";"Presencial";
"1226056";"01";"5754609";"";"Dispositivos e Circuitos de  Ondas Milimétricas e Terahertz";"37747";"STRICTO SENSU";"";"Sala de Reuniões do INCT-CSF";"2014";"1";"2014-01-27";"2014-06-13";"5M3456";"3";"20";"REGULAR";"f";"2014-06-19 23:20:19.761";"f";"";"64";"CONSOLIDADA";"";"Presencial";
"1226057";"01";"5755520";"";"Fundamentos de Modelagem Computacional";"37746";"STRICTO SENSU";"";"A definir";"2014";"1";"2014-01-27";"2014-06-13";"35T23";"1";"20";"REGULAR";"f";"2014-06-27 08:15:16.532";"f";"";"70";"CONSOLIDADA";"";"Presencial";
"1226058";"07";"5755520";"";"";"2052204";"STRICTO SENSU";"";"Sala do Professor";"2014";"1";"2014-01-27";"2014-06-13";"4N1234";"2";"4";"REGULAR";"f";"2014-06-27 08:16:49.352";"f";"";"72";"CONSOLIDADA";"";"Presencial";
"1226059";"01";"5753987";"";"Estimação de Sinais e Sistemas";"37745";"STRICTO SENSU";"";"Sala 2 DCA";"2014";"1";"2014-01-27";"2014-06-13";"35T34";"6";"20";"REGULAR";"f";"2014-06-14 10:05:20.435";"f";"";"74";"CONSOLIDADA";"";"Presencial";
"1226060";"01";"5752264";"";"Middleware";"37749";"STRICTO SENSU";"";"Sala 06 da ECT";"2014";"1";"2014-01-27";"2014-06-13";"6T3456";"9";"20";"REGULAR";"f";"2014-06-14 10:31:28.196";"f";"";"76";"CONSOLIDADA";"";"Presencial";
"1226061";"02";"5753711";"";"Transformadas  para Processamento de Sinais";"37749";"STRICTO SENSU";"";"A definir";"2014";"1";"2014-01-27";"2014-06-13";"35T12";"";"20";"REGULAR";"f";"";"f";"";"";"EXCLUÍDA";"";"Presencial";
"1226062";"01";"5753711";"";"Transformadas  para Processamento de Sinais";"37748";"STRICTO SENSU";"";"A definir";"2014";"1";"2014-01-27";"2014-06-13";"35T12";"9";"20";"REGULAR";"f";"2014-06-13 14:36:35.454";"f";"";"59";"CONSOLIDADA";"";"Presencial";
"1226063";"03";"26062";"";"Turma clonada a partir da turma 2014.1 - MUS0059 T02";"2021304";"GRADUAÇÃO";"Campus Central";"Sala 03";"2014";"1";"2014-01-27";"2014-06-14";"5M56";"1";"2";"REGULAR";"f";"2014-06-05 11:53:39.938";"f";"";"34";"CONSOLIDADA";"";"Presencial";
"1226064";"01";"22014";"";"";"2037663";"STRICTO SENSU";"";"Sala Carl Peter von Dietrich";"2014";"1";"2014-02-14";"2014-06-06";"6T45 (14/02/2014 - 06/06/2014)";"6";"10";"REGULAR";"f";"2014-06-04 20:01:22.77";"f";"";"28";"CONSOLIDADA";"";"Presencial";
"1226065";"21";"23014";"";"Turma clonada a partir da turma 2014.1 - MUS0045 T20";"2021150";"GRADUAÇÃO";"Campus Central";"Sala 04";"2014";"1";"2014-01-27";"2014-06-14";"4M34";"";"2";"REGULAR";"f";"";"f";"";"";"EXCLUÍDA";"";"Presencial";
"1226066";"01";"5753109";"";"";"51219";"STRICTO SENSU";"";"DEART - Sala 14";"2014";"1";"2014-02-04";"2014-04-22";"3N123 (04/02/2014 - 22/04/2014)";"11";"12";"REGULAR";"f";"2014-12-19 05:17:11.825";"f";"";"33";"CONSOLIDADA";"";"Presencial";
"1226067";"01";"22006";"";"";"41155";"STRICTO SENSU";"";"sala da base";"2014";"1";"2014-02-13";"2014-06-13";"5N12";"1";"1";"REGULAR";"f";"2014-06-07 08:22:55.88";"f";"";"30";"CONSOLIDADA";"";"Presencial";
"1226068";"02";"22186";"";"";"2047700";"STRICTO SENSU";"";"Sala D1 - Setor V";"2014";"1";"2014-02-24";"2014-06-14";"7T1";"";"1";"REGULAR";"f";"";"f";"";"";"EXCLUÍDA";"";"Presencial";
"1226069";"02";"24264";"";"";"41155";"STRICTO SENSU";"";"sala da base";"2014";"1";"2014-02-13";"2014-06-13";"5N12";"1";"1";"REGULAR";"f";"2014-06-05 06:00:53.265";"f";"";"30";"CONSOLIDADA";"";"Presencial";
"1226070";"03";"18643";"";"";"41155";"STRICTO SENSU";"";"sala da base";"2014";"1";"2014-02-13";"2014-06-13";"5N12";"1";"1";"REGULAR";"f";"2015-02-08 21:17:29.347";"f";"";"32";"CONSOLIDADA";"";"Presencial";
"1226071";"03";"5753610";"";"";"2047700";"STRICTO SENSU";"";"Sala D1 - Setor V";"2014";"1";"2014-02-24";"2014-06-14";"7M2";"1";"1";"REGULAR";"f";"2014-08-13 16:00:11.674";"f";"";"16";"CONSOLIDADA";"";"Presencial";
"1226072";"01";"18643";"";"";"41156";"STRICTO SENSU";"";"sala da base";"2014";"1";"2014-02-13";"2014-06-13";"6N12";"1";"2";"REGULAR";"f";"2015-02-15 08:08:14.974";"f";"";"32";"CONSOLIDADA";"";"Presencial";
"1226073";"02";"18150";"";"";"41156";"STRICTO SENSU";"";"sala da base";"2014";"1";"2014-02-13";"2014-06-13";"6N12";"1";"1";"REGULAR";"f";"2014-06-15 15:47:23.678";"f";"";"32";"CONSOLIDADA";"";"Presencial";
"1226074";"04";"5752271";"";"";"2047700";"STRICTO SENSU";"";"Sala D1 - Setor V";"2014";"1";"2014-02-24";"2014-06-14";"7T3";"1";"1";"REGULAR";"f";"2014-09-10 17:24:56.346";"f";"";"16";"CONSOLIDADA";"";"Presencial";
"1226075";"01";"5753663";"";"";"51220";"STRICTO SENSU";"";"DEART - Sala 14";"2014";"1";"2014-02-06";"2014-04-24";"5N123 (06/02/2014 - 24/04/2014)";"10";"12";"REGULAR";"f";"2014-06-20 09:59:16.531";"f";"";"18";"CONSOLIDADA";"";"Presencial";
"1226076";"02";"5753011";"";"PROCESSAMENTO DE SINAIS EM SISTEMAS PARA ENGENHARIA MECÂNICA";"44377";"STRICTO SENSU";"";"Setor IV - Sala 4I2";"2014";"1";"2014-02-03";"2014-06-14";"5T1234";"3";"20";"REGULAR";"f";"2014-06-05 11:49:34.472";"f";"";"60";"CONSOLIDADA";"";"Presencial";
"1226077";"01";"5751560";"";"";"2041341";"GRADUAÇÃO";"";"Campus Macaíba";"2014";"1";"2014-01-27";"2014-06-14";"5T23";"";"15";"REGULAR";"f";"";"f";"";"";"EXCLUÍDA";"";"Presencial";
"1226078";"08";"5752936";"";"";"18831";"TÉCNICO";"";"Sala E";"2014";"1";"2014-01-27";"2014-06-14";"4T456";"";"1";"REGULAR";"f";"2014-05-28 19:16:42.139";"f";"";"48";"CONSOLIDADA";"";"Presencial";
"1226079";"01";"24047";"";"";"41284";"STRICTO SENSU";"";"Sala Profa. Roberta Targino";"2014";"1";"2014-01-27";"2014-05-30";"3T2";"1";"1";"REGULAR";"f";"2014-06-02 13:54:10.642";"f";"";"17";"CONSOLIDADA";"";"Presencial";
"1226080";"01";"20852";"";"";"41289";"STRICTO SENSU";"";"Auditório do PPGEQ";"2014";"1";"2014-01-27";"2014-05-30";"35T45";"4";"20";"REGULAR";"f";"2014-06-21 10:07:19.553";"f";"";"66";"CONSOLIDADA";"";"Presencial";
"1226081";"01";"19211";"";"";"55252";"STRICTO SENSU";"";"Auditório do PPGEQ";"2014";"1";"2014-01-27";"2014-05-30";"5M2345";"16";"25";"REGULAR";"f";"2014-06-11 16:33:26.364";"f";"";"64";"CONSOLIDADA";"";"Presencial";
"1226082";"01";"5752388";"";"";"51221";"STRICTO SENSU";"";"DEART - Sala 14";"2014";"1";"2014-02-03";"2014-04-21";"2N123 (03/02/2014 - 21/04/2014)";"10";"12";"REGULAR";"f";"2014-06-20 20:37:33.743";"f";"";"33";"CONSOLIDADA";"";"Presencial";
"1226083";"01";"5752219";"";"";"51222";"STRICTO SENSU";"";"DEART - Sala 14";"2014";"1";"2014-02-19";"2014-04-23";"4N1234 (19/02/2014 - 23/04/2014)";"10";"12";"REGULAR";"f";"2014-12-13 22:42:57.368";"f";"";"36";"CONSOLIDADA";"";"Presencial";
"1226084";"02";"5752921";"";"Turma clonada a partir da turma 2014.1 - MUS0431 T01";"25759";"GRADUAÇÃO";"Campus Central";"A definir";"2014";"1";"2014-01-27";"2014-06-14";"4M56";"16";"4";"REGULAR";"f";"";"f";"";"";"EXCLUÍDA";"";"Presencial";
"1226085";"04";"26062";"";"";"2021303";"GRADUAÇÃO";"Campus Central";"Sala 03";"2014";"1";"2014-01-27";"2014-06-14";"5M34";"";"2";"REGULAR";"f";"";"f";"";"";"EXCLUÍDA";"";"Presencial";
"1226086";"13";"26062";"";"";"2021202";"GRADUAÇÃO";"";"Sala 03";"2014";"1";"2014-01-27";"2014-06-14";"3M56";"";"2";"REGULAR";"f";"";"f";"";"";"EXCLUÍDA";"";"Presencial";
"1226087";"03";"5752878";"";"";"2021406";"GRADUAÇÃO";"";"Sala 07";"2014";"1";"2014-01-27";"2014-06-14";"4M12";"";"8";"REGULAR";"f";"";"f";"";"";"EXCLUÍDA";"";"Presencial";
"1226088";"25";"5752878";"";"";"2021200";"GRADUAÇÃO";"Campus Central";"Sala 07";"2014";"1";"2014-01-27";"2014-06-14";"4M56";"2";"2";"REGULAR";"f";"2014-06-15 15:59:24.796";"f";"";"38";"CONSOLIDADA";"";"Presencial";
"1226089";"04";"22889";"";"";"2021406";"GRADUAÇÃO";"Campus Central";"Sala 08";"2014";"1";"2014-01-27";"2014-06-14";"3M12";"";"8";"REGULAR";"f";"";"f";"";"";"EXCLUÍDA";"";"Presencial";
"1226090";"05";"22889";"";"";"2021201";"GRADUAÇÃO";"Campus Central";"Sala 08";"2014";"1";"2014-01-27";"2014-06-14";"3M34";"";"2";"REGULAR";"f";"";"f";"";"";"EXCLUÍDA";"";"Presencial";
"1226091";"14";"22889";"";"";"2021202";"GRADUAÇÃO";"Campus Central";"Sala 08";"2014";"1";"2014-01-27";"2014-06-14";"4M56";"";"2";"REGULAR";"f";"2014-06-21 20:16:15.644";"f";"";"38";"CONSOLIDADA";"";"Presencial";
"1226092";"04";"35466";"";"";"2021350";"GRADUAÇÃO";"Campus Central";"Sala 21";"2014";"1";"2014-01-27";"2014-06-14";"3T34";"4";"6";"REGULAR";"f";"2014-06-14 16:54:46.251";"f";"";"38";"CONSOLIDADA";"";"Presencial";
"1226093";"05";"5752878";"";"";"2021406";"GRADUAÇÃO";"Campus Central";"Sala 07";"2014";"1";"2014-01-27";"2014-06-14";"4T54";"4";"8";"REGULAR";"f";"2014-06-15 16:07:56.109";"f";"";"38";"CONSOLIDADA";"";"Presencial";
"1226095";"06";"26062";"";"";"2021405";"GRADUAÇÃO";"Campus Central";"Sala 03";"2014";"1";"2014-01-27";"2014-06-14";"3M56";"1";"8";"REGULAR";"f";"";"f";"";"";"EXCLUÍDA";"";"Presencial";
"1226096";"16";"23400";"";"";"2021401";"GRADUAÇÃO";"Campus Central";"Sala 03";"2014";"1";"2014-01-27";"2014-06-14";"2M34";"";"3";"REGULAR";"f";"";"f";"";"";"EXCLUÍDA";"";"Presencial";
"1226097";"05";"24233";"";"";"2021402";"GRADUAÇÃO";"Campus Central";"Sala 03";"2014";"1";"2014-01-27";"2014-06-14";"4M56";"2";"6";"REGULAR";"f";"2014-06-13 11:47:03.35";"f";"";"38";"CONSOLIDADA";"";"Presencial";
"1226097";"05";"5755993";"";"";"2021402";"GRADUAÇÃO";"Campus Central";"Sala 03";"2014";"1";"2014-01-27";"2014-06-14";"4M56";"2";"6";"REGULAR";"f";"2014-06-13 11:47:03.35";"f";"";"38";"CONSOLIDADA";"";"Presencial";
"1226098";"01";"5752167";"";"Fundamentos do conhecimento teórico da enfermagem";"44935";"STRICTO SENSU";"";"Departamento de enfermagem";"2014";"1";"2014-01-27";"2014-06-14";"2T234";"13";"20";"REGULAR";"f";"2014-09-03 15:35:03.439";"f";"";"42";"CONSOLIDADA";"";"Presencial";
"1226098";"01";"19082";"";"Fundamentos do conhecimento teórico da enfermagem";"44935";"STRICTO SENSU";"";"Departamento de enfermagem";"2014";"1";"2014-01-27";"2014-06-14";"2T234";"13";"20";"REGULAR";"f";"2014-09-03 15:35:03.439";"f";"";"42";"CONSOLIDADA";"";"Presencial";
"1226099";"01";"5752703";"";"";"40625";"STRICTO SENSU";"";"Departamento de enfermagem";"2014";"1";"2014-01-27";"2014-06-14";"3T234";"22";"25";"REGULAR";"f";"2014-10-21 15:58:41.283";"f";"";"54";"CONSOLIDADA";"";"Presencial";
"1226099";"01";"26332";"";"";"40625";"STRICTO SENSU";"";"Departamento de enfermagem";"2014";"1";"2014-01-27";"2014-06-14";"3T234";"22";"25";"REGULAR";"f";"2014-10-21 15:58:41.283";"f";"";"54";"CONSOLIDADA";"";"Presencial";
"1226100";"01";"21986";"";"Introdução ao uso de Software  SPSS e ALCESTE";"44937";"STRICTO SENSU";"";"Departamento de enfermagem";"2014";"1";"2014-01-27";"2014-06-14";"3N123";"23";"25";"REGULAR";"f";"2014-06-14 18:03:57.024";"f";"";"45";"CONSOLIDADA";"";"Presencial";
"1226100";"01";"";"98418561";"Introdução ao uso de Software  SPSS e ALCESTE";"44937";"STRICTO SENSU";"";"Departamento de enfermagem";"2014";"1";"2014-01-27";"2014-06-14";"3N123";"23";"25";"REGULAR";"f";"2014-06-14 18:03:57.024";"f";"";"45";"CONSOLIDADA";"";"Presencial";
"1226100";"01";"23112";"";"Introdução ao uso de Software  SPSS e ALCESTE";"44937";"STRICTO SENSU";"";"Departamento de enfermagem";"2014";"1";"2014-01-27";"2014-06-14";"3N123";"23";"25";"REGULAR";"f";"2014-06-14 18:03:57.024";"f";"";"45";"CONSOLIDADA";"";"Presencial";
"1226100";"01";"5755511";"";"Introdução ao uso de Software  SPSS e ALCESTE";"44937";"STRICTO SENSU";"";"Departamento de enfermagem";"2014";"1";"2014-01-27";"2014-06-14";"3N123";"23";"25";"REGULAR";"f";"2014-06-14 18:03:57.024";"f";"";"45";"CONSOLIDADA";"";"Presencial";
"1226100";"01";"";"103703472";"Introdução ao uso de Software  SPSS e ALCESTE";"44937";"STRICTO SENSU";"";"Departamento de enfermagem";"2014";"1";"2014-01-27";"2014-06-14";"3N123";"23";"25";"REGULAR";"f";"2014-06-14 18:03:57.024";"f";"";"45";"CONSOLIDADA";"";"Presencial";
"1226101";"01";"21986";"";"";"43990";"STRICTO SENSU";"";"Departamento de enfermagem";"2014";"1";"2014-01-27";"2014-06-14";"4M345 (27/01/2014 - 14/06/2014)";"32";"40";"REGULAR";"f";"2014-06-09 17:48:03.456";"f";"";"51";"CONSOLIDADA";"";"Presencial";
"1226101";"01";"15567";"";"";"43990";"STRICTO SENSU";"";"Departamento de enfermagem";"2014";"1";"2014-01-27";"2014-06-14";"4M345 (27/01/2014 - 14/06/2014)";"32";"40";"REGULAR";"f";"2014-06-09 17:48:03.456";"f";"";"51";"CONSOLIDADA";"";"Presencial";
"1226101";"01";"";"98755847";"";"43990";"STRICTO SENSU";"";"Departamento de enfermagem";"2014";"1";"2014-01-27";"2014-06-14";"4M345 (27/01/2014 - 14/06/2014)";"32";"40";"REGULAR";"f";"2014-06-09 17:48:03.456";"f";"";"51";"CONSOLIDADA";"";"Presencial";
"1226119";"01";"5755511";"";"";"44713";"STRICTO SENSU";"";"Departamento de enfermagem";"2014";"1";"2014-01-27";"2014-06-14";"4N123";"";"20";"REGULAR";"f";"";"f";"";"";"EXCLUÍDA";"";"Presencial";
"1226119";"01";"23112";"";"";"44713";"STRICTO SENSU";"";"Departamento de enfermagem";"2014";"1";"2014-01-27";"2014-06-14";"4N123";"";"20";"REGULAR";"f";"";"f";"";"";"EXCLUÍDA";"";"Presencial";
"1226119";"01";"24597";"";"";"44713";"STRICTO SENSU";"";"Departamento de enfermagem";"2014";"1";"2014-01-27";"2014-06-14";"4N123";"";"20";"REGULAR";"f";"";"f";"";"";"EXCLUÍDA";"";"Presencial";
"1226120";"01";"74509";"";"";"44735";"STRICTO SENSU";"";"Departamento de enfermagem";"2014";"1";"2014-01-27";"2014-06-14";"5T234";"25";"25";"REGULAR";"f";"2014-08-03 01:38:48.931";"f";"";"54";"CONSOLIDADA";"";"Presencial";
"1226120";"01";"3029409";"";"";"44735";"STRICTO SENSU";"";"Departamento de enfermagem";"2014";"1";"2014-01-27";"2014-06-14";"5T234";"25";"25";"REGULAR";"f";"2014-08-03 01:38:48.931";"f";"";"54";"CONSOLIDADA";"";"Presencial";
"1226120";"01";"5752214";"";"";"44735";"STRICTO SENSU";"";"Departamento de enfermagem";"2014";"1";"2014-01-27";"2014-06-14";"5T234";"25";"25";"REGULAR";"f";"2014-08-03 01:38:48.931";"f";"";"54";"CONSOLIDADA";"";"Presencial";
"1226121";"01";"5754547";"";"Tecnologias de enfermagem";"44936";"STRICTO SENSU";"";"Departamento de enfermagem";"2014";"1";"2014-01-27";"2014-06-14";"5T6  5N12";"13";"20";"REGULAR";"f";"2014-06-11 17:37:53.66";"f";"";"51";"CONSOLIDADA";"";"Presencial";
"1226121";"01";"5752716";"";"Tecnologias de enfermagem";"44936";"STRICTO SENSU";"";"Departamento de enfermagem";"2014";"1";"2014-01-27";"2014-06-14";"5T6  5N12";"13";"20";"REGULAR";"f";"2014-06-11 17:37:53.66";"f";"";"51";"CONSOLIDADA";"";"Presencial";
"1226122";"01";"5752722";"";"";"53868";"STRICTO SENSU";"";"Setor II Bloco I sala 14";"2014";"1";"2014-02-07";"2014-04-11";"6T234 (07/02/2014 - 11/04/2014)";"32";"33";"REGULAR";"f";"2015-01-20 14:29:52.594";"f";"";"28";"CONSOLIDADA";"";"Presencial";
"1226123";"01";"24352";"";"";"53871";"STRICTO SENSU";"";"Setor 2, bloco I, sala 14";"2014";"1";"2014-04-24";"2014-05-29";"5T23 6T2 (24/04/2014 - 29/05/2014)";"32";"33";"REGULAR";"f";"2015-01-12 14:52:51.065";"f";"";"6";"CONSOLIDADA";"";"Presencial";
"1226123";"01";"20842";"";"";"53871";"STRICTO SENSU";"";"Setor 2, bloco I, sala 14";"2014";"1";"2014-04-24";"2014-05-29";"5T23 6T2 (24/04/2014 - 29/05/2014)";"32";"33";"REGULAR";"f";"2015-01-12 14:52:51.065";"f";"";"6";"CONSOLIDADA";"";"Presencial";
"1226124";"01";"5752232";"";"";"53870";"STRICTO SENSU";"";"Setor 2, bloco I, sala 14";"2014";"1";"2014-02-06";"2014-04-03";"5T234 (06/02/2014 - 03/04/2014)";"32";"33";"REGULAR";"f";"2015-03-18 22:32:19.79";"f";"";"24";"CONSOLIDADA";"";"Presencial";
"1226124";"01";"15548";"";"";"53870";"STRICTO SENSU";"";"Setor 2, bloco I, sala 14";"2014";"1";"2014-02-06";"2014-04-03";"5T234 (06/02/2014 - 03/04/2014)";"32";"33";"REGULAR";"f";"2015-03-18 22:32:19.79";"f";"";"24";"CONSOLIDADA";"";"Presencial";
"1226144";"08A";"5752289";"";"";"48580";"GRADUAÇÃO";"Campus Central";"Auditório F";"2014";"1";"2014-03-03";"2014-04-06";"23456T12 (03/03/2014 - 06/04/2014)";"7";"128";"REGULAR";"f";"2014-05-29 16:56:21.65";"f";"1226143";"44";"CONSOLIDADA";"";"Presencial";
"1226145";"03";"22921";"";"";"24772";"GRADUAÇÃO";"Campus Central";"2NI2 - 4A7 / 4N12 - 4B2";"2014";"1";"2014-01-27";"2014-06-14";"24N12";"14";"40";"REGULAR";"f";"2014-06-16 19:27:28.786";"f";"";"72";"CONSOLIDADA";"";"Presencial";
"1226146";"01";"5751853";"";"";"49094";"STRICTO SENSU";"";"Glicomol Lab.";"2014";"1";"2014-02-10";"2014-06-14";"5T34 (10/02/2014 - 14/06/2014)";"2";"3";"REGULAR";"f";"2015-07-16 17:26:21.16";"f";"";"32";"CONSOLIDADA";"";"Presencial";
"1226147";"04";"18536";"";"";"41307";"STRICTO SENSU";"";"Sala do Prof. Marcus Melo";"2014";"1";"2014-01-27";"2014-05-30";"246T12";"1";"1";"REGULAR";"f";"2014-07-07 11:14:28.778";"f";"";"100";"CONSOLIDADA";"";"Presencial";
"1226148";"08";"26044";"";"";"2052204";"STRICTO SENSU";"";"Sala do Professor";"2014";"1";"2014-01-27";"2014-06-13";"24T56";"2";"3";"REGULAR";"f";"2014-06-16 16:37:02.75";"f";"";"74";"CONSOLIDADA";"";"Presencial";
"1226149";"04";"20904";"";"";"37113";"STRICTO SENSU";"";"A definir";"2014";"1";"2014-01-20";"2014-07-31";"3T56";"1";"1";"REGULAR";"f";"2015-01-25 19:29:50.858";"f";"";"52";"CONSOLIDADA";"";"Presencial";
"1226150";"19";"5755911";"";"";"46256";"GRADUAÇÃO";"Campus Central";"3G4";"2014";"1";"2014-01-27";"2014-06-14";"35N34";"28";"39";"REGULAR";"f";"2014-06-20 16:50:09.219";"f";"";"70";"CONSOLIDADA";"";"Presencial";
"1226150";"19";"5755897";"";"";"46256";"GRADUAÇÃO";"Campus Central";"3G4";"2014";"1";"2014-01-27";"2014-06-14";"35N34";"28";"39";"REGULAR";"f";"2014-06-20 16:50:09.219";"f";"";"70";"CONSOLIDADA";"";"Presencial";
"1226151";"01";"";"994607";"";"37140";"STRICTO SENSU";"";"SALA DE AULA DO PREDIO DO LARHISA";"2014";"1";"2014-02-03";"2014-08-03";"3M456";"20";"20";"REGULAR";"f";"2014-07-11 17:28:48.694";"f";"";"51";"CONSOLIDADA";"";"Presencial";
"1226151";"01";"17864";"";"";"37140";"STRICTO SENSU";"";"SALA DE AULA DO PREDIO DO LARHISA";"2014";"1";"2014-02-03";"2014-08-03";"3M456";"20";"20";"REGULAR";"f";"2014-07-11 17:28:48.694";"f";"";"51";"CONSOLIDADA";"";"Presencial";
"1226152";"01";"5753343";"";"";"54324";"STRICTO SENSU";"";"SALA DE AULA DO PREDIO DO LARHISA";"2014";"1";"2014-02-03";"2014-08-03";"4M123";"9";"20";"REGULAR";"f";"2014-06-12 15:16:48.933";"f";"";"48";"CONSOLIDADA";"";"Presencial";
"1226153";"01";"5752012";"";"";"53548";"LATO SENSU";"";"Setor V UFRN";"2014";"1";"2014-01-24";"2014-02-08";"7M2345  7T3456  6N12345 (24/01/2014 - 08/02/2014)";"";"40";"REGULAR";"f";"2014-12-12 13:45:37.408";"f";"";"0";"CONSOLIDADA";"";"Presencial";
"1226154";"01";"24033";"";"";"37129";"STRICTO SENSU";"";"SALA DE AULA DO PREDIO DO LARHISA";"2014";"1";"2014-02-03";"2014-08-03";"4M456";"9";"20";"REGULAR";"f";"2014-06-11 22:27:12.695";"f";"";"51";"CONSOLIDADA";"";"Presencial";
"1226155";"01";"";"2181638";"";"37170";"STRICTO SENSU";"";"SALA DE AULA DO PREDIO DO LARHISA";"2014";"1";"2014-02-03";"2014-08-03";"4T234";"7";"20";"REGULAR";"f";"2014-07-10 20:37:15.808";"f";"";"60";"CONSOLIDADA";"";"Presencial";
"1226156";"01";"5753107";"";"";"37168";"STRICTO SENSU";"";"SALA DE AULA DO PREDIO DO LARHISA";"2014";"1";"2014-02-03";"2014-08-03";"5M123";"17";"20";"REGULAR";"f";"2014-07-10 11:24:33.113";"f";"";"51";"CONSOLIDADA";"";"Presencial";
"1226157";"01";"24889";"";"";"37125";"STRICTO SENSU";"";"SALA DE AULA DO PREDIO DO LARHISA";"2014";"1";"2014-02-03";"2014-08-03";"5M456";"13";"20";"REGULAR";"f";"2014-06-25 15:20:39.388";"f";"";"48";"CONSOLIDADA";"";"Presencial";
"1226158";"01";"19085";"";"";"37138";"STRICTO SENSU";"";"SALA DE AULA DO PREDIO DO LARHISA";"2014";"1";"2014-02-03";"2014-08-03";"5T234";"20";"20";"REGULAR";"f";"2014-07-12 11:32:40.917";"f";"";"45";"CONSOLIDADA";"";"Presencial";
"1226159";"09";"5753711";"";"";"2052204";"STRICTO SENSU";"";"Sala do Professor";"2014";"1";"2014-01-27";"2014-06-13";"2T1234";"4";"4";"REGULAR";"f";"2014-06-17 13:23:14.061";"f";"";"64";"CONSOLIDADA";"";"Presencial";
"1226160";"02";"21727";"";"";"38184";"STRICTO SENSU";"";"PPGG";"2014";"1";"2014-03-10";"2014-07-31";"6M2345";"1";"1";"REGULAR";"f";"2014-08-09 18:40:22.822";"f";"";"72";"CONSOLIDADA";"";"Presencial";
"1226161";"03";"26059";"";"";"38184";"STRICTO SENSU";"";"PPGG";"2014";"1";"2014-03-10";"2014-07-31";"6M2345";"3";"2";"REGULAR";"f";"2014-07-09 08:42:55.259";"f";"";"56";"CONSOLIDADA";"";"Presencial";
"1226162";"04";"22735";"";"";"38184";"STRICTO SENSU";"";"PPGG";"2014";"1";"2014-03-10";"2014-07-31";"6M2345";"2";"2";"REGULAR";"f";"2014-08-19 16:14:09.476";"f";"";"72";"CONSOLIDADA";"";"Presencial";
"1226163";"05";"20787";"";"";"38184";"STRICTO SENSU";"";"DGef";"2014";"1";"2014-03-10";"2014-07-31";"6M2345";"2";"2";"REGULAR";"f";"2014-08-06 11:07:58.195";"f";"";"72";"CONSOLIDADA";"";"Presencial";
"1226164";"03";"5753711";"";"";"2052205";"STRICTO SENSU";"";"Sala do Professor";"2014";"1";"2014-01-27";"2014-06-13";"4T1234";"3";"3";"REGULAR";"f";"2014-06-17 13:27:16.958";"f";"";"68";"CONSOLIDADA";"";"Presencial";
"1226165";"06";"23844";"";"";"38184";"STRICTO SENSU";"";"LGGP";"2014";"1";"2014-03-10";"2014-07-31";"6M2345";"1";"1";"REGULAR";"f";"2014-08-14 17:04:27.655";"f";"";"56";"CONSOLIDADA";"";"Presencial";
"1226166";"07";"17599";"";"";"38184";"STRICTO SENSU";"";"LGGP";"2014";"1";"2014-03-10";"2014-07-31";"6M2345";"2";"2";"REGULAR";"f";"2014-09-17 21:15:45.844";"f";"";"64";"CONSOLIDADA";"";"Presencial";
"1226167";"05";"20904";"";"";"41286";"STRICTO SENSU";"";"Sala Prof. Carlson";"2014";"1";"2014-01-27";"2014-05-30";"3M5";"1";"1";"REGULAR";"f";"2014-10-16 11:35:05.248";"f";"";"17";"CONSOLIDADA";"";"Presencial";
"1226168";"05";"20904";"";"";"41307";"STRICTO SENSU";"";"Sala Prof. Carlson";"2014";"1";"2014-01-27";"2014-05-30";"246N12";"1";"1";"REGULAR";"f";"2017-06-11 22:37:53.341";"f";"";"100";"CONSOLIDADA";"";"Presencial";
"1226169";"06";"24802";"";"";"41286";"STRICTO SENSU";"";"Sala Prof. Everaldo";"2014";"1";"2014-01-27";"2014-05-30";"2M2";"1";"1";"REGULAR";"f";"2014-06-15 14:03:19.965";"f";"";"16";"CONSOLIDADA";"";"Presencial";
"1226170";"07";"24047";"";"";"41286";"STRICTO SENSU";"";"Sala Profa. Roberta Targino";"2014";"1";"2014-01-27";"2014-05-30";"2T1";"1";"1";"REGULAR";"f";"2014-06-02 13:47:54.513";"f";"";"16";"CONSOLIDADA";"";"Presencial";
"1226171";"02";"24414";"";"";"41284";"STRICTO SENSU";"";"Sala Prof. Eduardo Lins";"2014";"1";"2014-01-27";"2014-05-30";"2T1";"1";"1";"REGULAR";"f";"2014-07-22 11:11:35.835";"f";"";"16";"CONSOLIDADA";"";"Presencial";
"1226172";"01B";"25444";"";"";"46683";"GRADUAÇÃO";"Campus Central";"DCA-01";"2014";"1";"2014-01-27";"2014-06-14";"24M34 6M12";"8";"16";"REGULAR";"f";"2014-06-10 11:19:12.456";"f";"1224012";"98";"CONSOLIDADA";"";"Presencial";
"1226173";"03";"24414";"";"";"41284";"STRICTO SENSU";"";"Sala Prof. Eduardo Lins";"2014";"1";"2014-01-27";"2014-05-30";"4T1";"1";"1";"REGULAR";"f";"2014-07-22 11:14:51.07";"f";"";"17";"CONSOLIDADA";"";"Presencial";
"1226175";"02A";"25444";"";"";"46683";"GRADUAÇÃO";"Campus Central";"DCA-SALA 1";"2014";"1";"2014-01-27";"2014-06-14";"24M34 6M56";"5";"17";"REGULAR";"f";"2014-06-10 11:14:21.772";"f";"1226174";"100";"CONSOLIDADA";"";"Presencial";
"1226176";"01";"23835";"";"";"51224";"STRICTO SENSU";"";"DEART";"2014";"1";"2014-02-07";"2014-04-18";"6N12 (07/02/2014 - 18/04/2014)";"2";"3";"REGULAR";"f";"2014-04-14 08:35:45.19";"f";"";"20";"CONSOLIDADA";"";"Presencial";
"1226177";"02";"5753663";"";"";"51224";"STRICTO SENSU";"";"DEART";"2014";"1";"2014-02-07";"2014-04-18";"6N12 (07/02/2014 - 18/04/2014)";"2";"3";"REGULAR";"f";"2014-06-13 20:38:15.681";"f";"";"12";"CONSOLIDADA";"";"Presencial";
"1226178";"03";"5752219";"";"";"51224";"STRICTO SENSU";"";"DEART";"2014";"1";"2014-02-07";"2014-04-18";"6N12 (07/02/2014 - 18/04/2014)";"2";"3";"REGULAR";"f";"2014-09-01 11:41:48.056";"f";"";"20";"CONSOLIDADA";"";"Presencial";
"1226179";"04";"5753109";"";"";"51224";"STRICTO SENSU";"";"DEART";"2014";"1";"2014-02-07";"2014-04-18";"6N12 (07/02/2014 - 18/04/2014)";"2";"3";"REGULAR";"f";"2016-03-21 09:30:40.823";"f";"";"20";"CONSOLIDADA";"";"Presencial";
"1226180";"05";"5752549";"";"";"51224";"STRICTO SENSU";"";"DEART";"2014";"1";"2014-02-07";"2014-04-18";"6N12 (07/02/2014 - 18/04/2014)";"1";"3";"REGULAR";"f";"2014-06-14 21:10:27.552";"f";"";"20";"CONSOLIDADA";"";"Presencial";
"1226181";"06";"5752388";"";"";"51224";"STRICTO SENSU";"";"DEART";"2014";"1";"2014-02-07";"2014-04-18";"6N12 (07/02/2014 - 18/04/2014)";"1";"3";"REGULAR";"f";"2014-06-20 20:45:31.6";"f";"";"20";"CONSOLIDADA";"";"Presencial";
"1226182";"01";"2305973";"";"";"53735";"STRICTO SENSU";"";"Sala de reunião do DMOR";"2014";"1";"2014-03-06";"2014-05-13";"35T23 (06/03/2014 - 13/05/2014)";"16";"15";"REGULAR";"f";"2014-05-28 11:08:16.355";"f";"";"32";"CONSOLIDADA";"";"Presencial";
"1226182";"01";"5752290";"";"";"53735";"STRICTO SENSU";"";"Sala de reunião do DMOR";"2014";"1";"2014-03-06";"2014-05-13";"35T23 (06/03/2014 - 13/05/2014)";"16";"15";"REGULAR";"f";"2014-05-28 11:08:16.355";"f";"";"32";"CONSOLIDADA";"";"Presencial";
"1226183";"01";"24706";"";"";"53736";"STRICTO SENSU";"";"Sala de reunião do DMOR";"2014";"1";"2014-02-11";"2014-05-27";"3N123";"13";"20";"REGULAR";"f";"2014-06-09 15:26:51.648";"f";"";"45";"CONSOLIDADA";"";"Presencial";
"1226183";"01";"26065";"";"";"53736";"STRICTO SENSU";"";"Sala de reunião do DMOR";"2014";"1";"2014-02-11";"2014-05-27";"3N123";"13";"20";"REGULAR";"f";"2014-06-09 15:26:51.648";"f";"";"45";"CONSOLIDADA";"";"Presencial";
"1226183";"01";"2305973";"";"";"53736";"STRICTO SENSU";"";"Sala de reunião do DMOR";"2014";"1";"2014-02-11";"2014-05-27";"3N123";"13";"20";"REGULAR";"f";"2014-06-09 15:26:51.648";"f";"";"45";"CONSOLIDADA";"";"Presencial";
"1226196";"01";"5753579";"";"";"50407";"LATO SENSU";"";"D4 - Setor V";"2014";"1";"2014-01-24";"2014-02-08";"7M2345  6T23456 7T1  6N1 (24/01/2014 - 08/02/2014)";"";"36";"REGULAR";"f";"2014-03-05 22:02:41.358";"f";"";"";"CONSOLIDADA";"";"Presencial";
"1226197";"02";"5752964";"";"";"42330";"STRICTO SENSU";"";"D1A";"2014";"1";"2014-02-10";"2014-07-08";"3M3456";"6";"10";"REGULAR";"f";"2014-06-21 17:41:37.692";"f";"";"72";"CONSOLIDADA";"";"Presencial";
"1226197";"02";"5752965";"";"";"42330";"STRICTO SENSU";"";"D1A";"2014";"1";"2014-02-10";"2014-07-08";"3M3456";"6";"10";"REGULAR";"f";"2014-06-21 17:41:37.692";"f";"";"72";"CONSOLIDADA";"";"Presencial";
"1226198";"03C";"5756024";"";"";"45766";"GRADUAÇÃO";"";"NOVA CRUZ/RN";"2014";"1";"2014-01-27";"2014-06-14";"";"";"";"REGULAR";"t";"";"f";"";"";"EXCLUÍDA";"";"A Distância";
"1226199";"01";"5752965";"";"Otimização Discreta";"37810";"STRICTO SENSU";"";"A definir";"2014";"1";"2014-01-27";"2014-06-13";"4M2345";"2";"20";"REGULAR";"f";"2014-06-21 17:47:57.372";"f";"";"72";"CONSOLIDADA";"";"Presencial";
"1226200";"16";"5753660";"";"";"45864";"GRADUAÇÃO";"";"MARCELINO VIEIRA/RN";"2014";"1";"2014-01-27";"2014-06-14";"";"1";"";"REGULAR";"t";"2014-06-19 15:24:25.745";"f";"";"0";"CONSOLIDADA";"";"A Distância";
"1226201";"01";"22741";"";"";"40297";"STRICTO SENSU";"";"SETOR V - SALA D3";"2014";"1";"2014-02-03";"2014-06-13";"2T34";"2";"3";"REGULAR";"f";"2014-07-29 22:19:38.094";"f";"";"34";"CONSOLIDADA";"";"Presencial";
"1226202";"01";"5754604";"";"";"40618";"STRICTO SENSU";"";"Departamento de enfermagem";"2014";"1";"2014-01-27";"2014-06-14";"2N123 (27/01/2014 - 14/06/2014)";"4";"5";"REGULAR";"f";"2014-06-09 07:50:04.764";"f";"";"51";"CONSOLIDADA";"";"Presencial";
"1226202";"01";"5753624";"";"";"40618";"STRICTO SENSU";"";"Departamento de enfermagem";"2014";"1";"2014-01-27";"2014-06-14";"2N123 (27/01/2014 - 14/06/2014)";"4";"5";"REGULAR";"f";"2014-06-09 07:50:04.764";"f";"";"51";"CONSOLIDADA";"";"Presencial";
"1226202";"01";"5752167";"";"";"40618";"STRICTO SENSU";"";"Departamento de enfermagem";"2014";"1";"2014-01-27";"2014-06-14";"2N123 (27/01/2014 - 14/06/2014)";"4";"5";"REGULAR";"f";"2014-06-09 07:50:04.764";"f";"";"51";"CONSOLIDADA";"";"Presencial";
"1226203";"02";"21986";"";"";"40618";"STRICTO SENSU";"";"Departamento de enfermagem";"2014";"1";"2014-01-27";"2014-06-14";"2N123 (27/01/2014 - 14/06/2014)";"2";"5";"REGULAR";"f";"2014-06-05 18:16:21.083";"f";"";"0";"CONSOLIDADA";"";"Presencial";
"1226203";"02";"19082";"";"";"40618";"STRICTO SENSU";"";"Departamento de enfermagem";"2014";"1";"2014-01-27";"2014-06-14";"2N123 (27/01/2014 - 14/06/2014)";"2";"5";"REGULAR";"f";"2014-06-05 18:16:21.083";"f";"";"0";"CONSOLIDADA";"";"Presencial";
"1226203";"02";"15567";"";"";"40618";"STRICTO SENSU";"";"Departamento de enfermagem";"2014";"1";"2014-01-27";"2014-06-14";"2N123 (27/01/2014 - 14/06/2014)";"2";"5";"REGULAR";"f";"2014-06-05 18:16:21.083";"f";"";"0";"CONSOLIDADA";"";"Presencial";
"1226204";"03";"74509";"";"";"40618";"STRICTO SENSU";"";"Departamento de enfermagem";"2014";"1";"2014-01-27";"2014-06-14";"2N123 (27/01/2014 - 14/06/2014)";"4";"5";"REGULAR";"f";"2014-08-07 09:37:18.202";"f";"";"0";"CONSOLIDADA";"";"Presencial";
"1226204";"03";"5755511";"";"";"40618";"STRICTO SENSU";"";"Departamento de enfermagem";"2014";"1";"2014-01-27";"2014-06-14";"2N123 (27/01/2014 - 14/06/2014)";"4";"5";"REGULAR";"f";"2014-08-07 09:37:18.202";"f";"";"0";"CONSOLIDADA";"";"Presencial";
"1226204";"03";"5752703";"";"";"40618";"STRICTO SENSU";"";"Departamento de enfermagem";"2014";"1";"2014-01-27";"2014-06-14";"2N123 (27/01/2014 - 14/06/2014)";"4";"5";"REGULAR";"f";"2014-08-07 09:37:18.202";"f";"";"0";"CONSOLIDADA";"";"Presencial";
"1226205";"04";"";"98755847";"";"40618";"STRICTO SENSU";"";"Departamento de enfermagem";"2014";"1";"2014-01-27";"2014-06-14";"2N123 (27/01/2014 - 14/06/2014)";"3";"5";"REGULAR";"f";"2014-06-14 18:40:37.356";"f";"";"54";"CONSOLIDADA";"";"Presencial";
"1226205";"04";"5755378";"";"";"40618";"STRICTO SENSU";"";"Departamento de enfermagem";"2014";"1";"2014-01-27";"2014-06-14";"2N123 (27/01/2014 - 14/06/2014)";"3";"5";"REGULAR";"f";"2014-06-14 18:40:37.356";"f";"";"54";"CONSOLIDADA";"";"Presencial";
"1226205";"04";"3029409";"";"";"40618";"STRICTO SENSU";"";"Departamento de enfermagem";"2014";"1";"2014-01-27";"2014-06-14";"2N123 (27/01/2014 - 14/06/2014)";"3";"5";"REGULAR";"f";"2014-06-14 18:40:37.356";"f";"";"54";"CONSOLIDADA";"";"Presencial";
"1226206";"05";"5752214";"";"";"40618";"STRICTO SENSU";"";"Departamento de enfermagem";"2014";"1";"2014-01-27";"2014-06-14";"2N123 (27/01/2014 - 14/06/2014)";"4";"5";"REGULAR";"f";"2014-07-24 16:42:53.272";"f";"";"0";"CONSOLIDADA";"";"Presencial";
"1226206";"05";"18748";"";"";"40618";"STRICTO SENSU";"";"Departamento de enfermagem";"2014";"1";"2014-01-27";"2014-06-14";"2N123 (27/01/2014 - 14/06/2014)";"4";"5";"REGULAR";"f";"2014-07-24 16:42:53.272";"f";"";"0";"CONSOLIDADA";"";"Presencial";
"1226206";"05";"26332";"";"";"40618";"STRICTO SENSU";"";"Departamento de enfermagem";"2014";"1";"2014-01-27";"2014-06-14";"2N123 (27/01/2014 - 14/06/2014)";"4";"5";"REGULAR";"f";"2014-07-24 16:42:53.272";"f";"";"0";"CONSOLIDADA";"";"Presencial";
"1226207";"06";"23112";"";"";"40618";"STRICTO SENSU";"";"Departamento de enfermagem";"2014";"1";"2014-01-27";"2014-06-14";"2N123 (27/01/2014 - 14/06/2014)";"2";"5";"REGULAR";"f";"2014-06-09 19:09:51.374";"f";"";"0";"CONSOLIDADA";"";"Presencial";
"1226207";"06";"23814";"";"";"40618";"STRICTO SENSU";"";"Departamento de enfermagem";"2014";"1";"2014-01-27";"2014-06-14";"2N123 (27/01/2014 - 14/06/2014)";"2";"5";"REGULAR";"f";"2014-06-09 19:09:51.374";"f";"";"0";"CONSOLIDADA";"";"Presencial";
"1226208";"01";"5753624";"";"";"40639";"STRICTO SENSU";"";"Departamento de enfermagem";"2014";"1";"2014-01-27";"2014-06-14";"6N123 (27/01/2014 - 14/06/2014)";"4";"5";"REGULAR";"f";"2014-06-13 12:27:22.163";"f";"";"54";"CONSOLIDADA";"";"Presencial";
"1226208";"01";"5754604";"";"";"40639";"STRICTO SENSU";"";"Departamento de enfermagem";"2014";"1";"2014-01-27";"2014-06-14";"6N123 (27/01/2014 - 14/06/2014)";"4";"5";"REGULAR";"f";"2014-06-13 12:27:22.163";"f";"";"54";"CONSOLIDADA";"";"Presencial";
"1226208";"01";"18062";"";"";"40639";"STRICTO SENSU";"";"Departamento de enfermagem";"2014";"1";"2014-01-27";"2014-06-14";"6N123 (27/01/2014 - 14/06/2014)";"4";"5";"REGULAR";"f";"2014-06-13 12:27:22.163";"f";"";"54";"CONSOLIDADA";"";"Presencial";
"1226209";"02";"5752167";"";"";"40639";"STRICTO SENSU";"";"Departamento de enfermagem";"2014";"1";"2014-01-27";"2014-06-14";"6N123 (27/01/2014 - 14/06/2014)";"6";"5";"REGULAR";"f";"2014-06-09 07:49:03.253";"f";"";"42";"CONSOLIDADA";"";"Presencial";
"1226209";"02";"19082";"";"";"40639";"STRICTO SENSU";"";"Departamento de enfermagem";"2014";"1";"2014-01-27";"2014-06-14";"6N123 (27/01/2014 - 14/06/2014)";"6";"5";"REGULAR";"f";"2014-06-09 07:49:03.253";"f";"";"42";"CONSOLIDADA";"";"Presencial";
"1226209";"02";"15567";"";"";"40639";"STRICTO SENSU";"";"Departamento de enfermagem";"2014";"1";"2014-01-27";"2014-06-14";"6N123 (27/01/2014 - 14/06/2014)";"6";"5";"REGULAR";"f";"2014-06-09 07:49:03.253";"f";"";"42";"CONSOLIDADA";"";"Presencial";
"1226210";"03";"5752716";"";"";"40639";"STRICTO SENSU";"";"Departamento de enfermagem";"2014";"1";"2014-01-27";"2014-06-14";"6N123 (27/01/2014 - 14/06/2014)";"5";"5";"REGULAR";"f";"2014-06-10 10:31:45.38";"f";"";"0";"CONSOLIDADA";"";"Presencial";
"1226210";"03";"21986";"";"";"40639";"STRICTO SENSU";"";"Departamento de enfermagem";"2014";"1";"2014-01-27";"2014-06-14";"6N123 (27/01/2014 - 14/06/2014)";"5";"5";"REGULAR";"f";"2014-06-10 10:31:45.38";"f";"";"0";"CONSOLIDADA";"";"Presencial";
"1226210";"03";"23112";"";"";"40639";"STRICTO SENSU";"";"Departamento de enfermagem";"2014";"1";"2014-01-27";"2014-06-14";"6N123 (27/01/2014 - 14/06/2014)";"5";"5";"REGULAR";"f";"2014-06-10 10:31:45.38";"f";"";"0";"CONSOLIDADA";"";"Presencial";
"1226211";"01";"";"97143249";"";"51223";"STRICTO SENSU";"";"DEART - Sala 14";"2014";"1";"2014-05-02";"2014-05-31";"7M3  67T2  6N1";"10";"12";"REGULAR";"f";"2014-06-20 10:38:44.589";"f";"";"4";"CONSOLIDADA";"";"Presencial";
"1226212";"04";"3029409";"";"";"40639";"STRICTO SENSU";"";"Departamento de enfermagem";"2014";"1";"2014-01-27";"2014-06-14";"6N123 (27/01/2014 - 14/06/2014)";"2";"5";"REGULAR";"f";"2014-06-08 23:07:15.137";"f";"";"0";"CONSOLIDADA";"";"Presencial";
"1226212";"04";"5755511";"";"";"40639";"STRICTO SENSU";"";"Departamento de enfermagem";"2014";"1";"2014-01-27";"2014-06-14";"6N123 (27/01/2014 - 14/06/2014)";"2";"5";"REGULAR";"f";"2014-06-08 23:07:15.137";"f";"";"0";"CONSOLIDADA";"";"Presencial";
"1226212";"04";"74509";"";"";"40639";"STRICTO SENSU";"";"Departamento de enfermagem";"2014";"1";"2014-01-27";"2014-06-14";"6N123 (27/01/2014 - 14/06/2014)";"2";"5";"REGULAR";"f";"2014-06-08 23:07:15.137";"f";"";"0";"CONSOLIDADA";"";"Presencial";
"1226213";"05";"26332";"";"";"40639";"STRICTO SENSU";"";"Departamento de enfermagem";"2014";"1";"2014-01-27";"2014-06-14";"6N123 (27/01/2014 - 14/06/2014)";"2";"5";"REGULAR";"f";"2014-06-14 18:06:59.496";"f";"";"57";"CONSOLIDADA";"";"Presencial";
"1226213";"05";"5755378";"";"";"40639";"STRICTO SENSU";"";"Departamento de enfermagem";"2014";"1";"2014-01-27";"2014-06-14";"6N123 (27/01/2014 - 14/06/2014)";"2";"5";"REGULAR";"f";"2014-06-14 18:06:59.496";"f";"";"57";"CONSOLIDADA";"";"Presencial";
"1226213";"05";"18748";"";"";"40639";"STRICTO SENSU";"";"Departamento de enfermagem";"2014";"1";"2014-01-27";"2014-06-14";"6N123 (27/01/2014 - 14/06/2014)";"2";"5";"REGULAR";"f";"2014-06-14 18:06:59.496";"f";"";"57";"CONSOLIDADA";"";"Presencial";
"1226214";"06";"5752214";"";"";"40639";"STRICTO SENSU";"";"Departamento de enfermagem";"2014";"1";"2014-01-27";"2014-06-14";"6N123 (27/01/2014 - 14/06/2014)";"";"5";"REGULAR";"f";"";"f";"";"";"EXCLUÍDA";"";"Presencial";
"1226214";"06";"17923";"";"";"40639";"STRICTO SENSU";"";"Departamento de enfermagem";"2014";"1";"2014-01-27";"2014-06-14";"6N123 (27/01/2014 - 14/06/2014)";"";"5";"REGULAR";"f";"";"f";"";"";"EXCLUÍDA";"";"Presencial";
"1226215";"06";"5752214";"";"";"40639";"STRICTO SENSU";"";"Departamento de enfermagem";"2014";"1";"2014-01-27";"2014-06-14";"6N123 (27/01/2014 - 14/06/2014)";"4";"5";"REGULAR";"f";"2014-06-09 19:19:35.073";"f";"";"0";"CONSOLIDADA";"";"Presencial";
"1226215";"06";"23814";"";"";"40639";"STRICTO SENSU";"";"Departamento de enfermagem";"2014";"1";"2014-01-27";"2014-06-14";"6N123 (27/01/2014 - 14/06/2014)";"4";"5";"REGULAR";"f";"2014-06-09 19:19:35.073";"f";"";"0";"CONSOLIDADA";"";"Presencial";
"1226215";"06";"5754547";"";"";"40639";"STRICTO SENSU";"";"Departamento de enfermagem";"2014";"1";"2014-01-27";"2014-06-14";"6N123 (27/01/2014 - 14/06/2014)";"4";"5";"REGULAR";"f";"2014-06-09 19:19:35.073";"f";"";"0";"CONSOLIDADA";"";"Presencial";
"1226216";"01";"5753109";"";"";"51225";"STRICTO SENSU";"";"DEART - Sala 14";"2014";"1";"2014-04-29";"2014-06-12";"35N123 (29/04/2014 - 12/06/2014)";"10";"12";"REGULAR";"f";"2016-03-02 11:52:12.103";"f";"";"39";"CONSOLIDADA";"";"Presencial";
"1226217";"01";"5753663";"";"";"51226";"STRICTO SENSU";"";"DEART - Sala 14";"2014";"1";"2014-04-28";"2014-06-11";"24N123 (28/04/2014 - 11/06/2014)";"10";"12";"REGULAR";"f";"2014-06-15 17:03:44.982";"f";"";"39";"CONSOLIDADA";"";"Presencial";
"1226218";"04";"22939";"";"";"2052205";"STRICTO SENSU";"";"Sala do Professor";"2014";"1";"2014-01-27";"2014-06-13";"4N1234";"2";"4";"REGULAR";"f";"2014-06-20 10:37:57.779";"f";"";"72";"CONSOLIDADA";"";"Presencial";
"1226219";"03";"5753853";"";"Sistemas Embarcados";"37749";"STRICTO SENSU";"";"A definir";"2014";"1";"2014-01-27";"2014-06-13";"35T34";"";"20";"REGULAR";"f";"";"f";"";"";"EXCLUÍDA";"";"Presencial";
"1226220";"01";"19009";"";"";"37004";"STRICTO SENSU";"";"Sala do PPGAU";"2014";"1";"2014-02-10";"2014-06-12";"2M345";"14";"20";"REGULAR";"f";"2014-07-21 09:46:18.761";"f";"";"58";"CONSOLIDADA";"";"Presencial";
"1226221";"01";"24346";"";"";"40153";"STRICTO SENSU";"";"Sala dos Grupos de Pesquisa";"2014";"1";"2014-02-10";"2014-06-12";"2T3";"4";"20";"REGULAR";"f";"";"f";"";"";"EXCLUÍDA";"";"Presencial";
"1226222";"01";"18767";"";"";"40154";"STRICTO SENSU";"";"Sala dos Grupos de Pesquisa";"2014";"1";"2014-02-10";"2014-06-12";"2T12";"0";"20";"REGULAR";"f";"";"f";"";"";"EXCLUÍDA";"";"Presencial";
"1226223";"01";"5754362";"";"";"55439";"STRICTO SENSU";"";"Sala do PPGAU";"2014";"1";"2014-02-10";"2014-06-12";"5M345";"4";"20";"REGULAR";"f";"2014-07-06 07:48:25.694";"f";"";"48";"CONSOLIDADA";"";"Presencial";
"1226223";"01";"5752243";"";"";"55439";"STRICTO SENSU";"";"Sala do PPGAU";"2014";"1";"2014-02-10";"2014-06-12";"5M345";"4";"20";"REGULAR";"f";"2014-07-06 07:48:25.694";"f";"";"48";"CONSOLIDADA";"";"Presencial";
"1226225";"01";"";"102410268";"Será ministrada em módulo concentrado de 10/02 a 21/02 e é recomendada para quem já tem resultados.";"37169";"STRICTO SENSU";"";"SALA DE AULA DO PREDIO DO LARHISA";"2014";"1";"2014-02-03";"2014-08-03";"7M234";"5";"20";"REGULAR";"f";"2014-05-04 18:57:17.771";"f";"";"42";"CONSOLIDADA";"";"Presencial";
"1226225";"01";"5753343";"";"Será ministrada em módulo concentrado de 10/02 a 21/02 e é recomendada para quem já tem resultados.";"37169";"STRICTO SENSU";"";"SALA DE AULA DO PREDIO DO LARHISA";"2014";"1";"2014-02-03";"2014-08-03";"7M234";"5";"20";"REGULAR";"f";"2014-05-04 18:57:17.771";"f";"";"42";"CONSOLIDADA";"";"Presencial";
"1226226";"07";"20905";"";"";"41307";"STRICTO SENSU";"";"Sala Profa. Fátima";"2014";"1";"2014-01-27";"2014-05-30";"246T12";"1";"1";"REGULAR";"f";"2014-12-09 09:46:22.427";"f";"";"96";"CONSOLIDADA";"";"Presencial";
"1226241";"01";"21355";"";"As aulas terão periodicidade quinzenal, iniciando na terça dia 11/02.";"47296";"STRICTO SENSU";"";"Sala do PPGAU";"2014";"1";"2014-02-10";"2014-06-12";"3M3456 (10/02/2014 - 12/06/2014)";"7";"20";"REGULAR";"f";"2014-07-17 18:29:57.023";"f";"";"66";"CONSOLIDADA";"";"Presencial";
"1226242";"01";"21597";"";"";"55440";"STRICTO SENSU";"";"Sala do PPGAU";"2014";"1";"2014-02-10";"2014-06-12";"5T234";"17";"20";"REGULAR";"f";"2014-07-18 17:06:18.377";"f";"";"48";"CONSOLIDADA";"";"Presencial";
"1226243";"06";"20904";"";"";"41317";"STRICTO SENSU";"";"Sala Prof. Carlson";"2014";"1";"2014-01-27";"2014-05-30";"2T12";"1";"1";"REGULAR";"f";"2014-08-05 17:14:54.05";"f";"";"32";"CONSOLIDADA";"";"Presencial";
"1226244";"01";"5753343";"";"";"37115";"STRICTO SENSU";"";"SALA DE AULA DO PREDIO DO LARHISA";"2014";"1";"2014-02-03";"2014-08-03";"2M456";"20";"20";"REGULAR";"f";"2014-06-06 17:09:48.653";"f";"";"45";"CONSOLIDADA";"";"Presencial";
"1226245";"04";"21347";"";"";"41316";"STRICTO SENSU";"";"Sala do Prof. João Fernandes";"2014";"1";"2014-01-27";"2014-05-30";"6T12";"1";"1";"REGULAR";"f";"2014-06-08 07:49:58.509";"f";"";"34";"CONSOLIDADA";"";"Presencial";
"1226246";"16";"5752181";"";"";"42977";"GRADUAÇÃO";"";"MARCELINO VIEIRA/RN";"2014";"1";"2014-01-27";"2014-06-14";"";"";"";"REGULAR";"t";"";"f";"";"";"EXCLUÍDA";"";"A Distância";
"1226247";"18";"5752181";"";"";"42977";"GRADUAÇÃO";"";"NATAL/RN";"2014";"1";"2014-01-27";"2014-06-14";"";"";"";"REGULAR";"t";"";"f";"";"";"EXCLUÍDA";"";"A Distância";
"1226248";"03";"5752181";"";"";"42977";"GRADUAÇÃO";"";"NOVA CRUZ/RN";"2014";"1";"2014-01-27";"2014-06-14";"";"";"";"REGULAR";"t";"";"f";"";"";"EXCLUÍDA";"";"A Distância";
"1226249";"01";"26629";"";"";"53737";"STRICTO SENSU";"";"Sala de reunião do DMOR";"2014";"1";"2014-03-10";"2014-06-09";"2T56 (10/03/2014 - 09/06/2014)";"9";"10";"REGULAR";"f";"2014-06-10 07:14:53.768";"f";"";"26";"CONSOLIDADA";"";"Presencial";
"1226250";"16";"5752824";"";"";"42978";"GRADUAÇÃO";"";"MARCELINO VIEIRA/RN";"2014";"1";"2014-01-27";"2014-06-14";"";"2";"";"REGULAR";"t";"2014-06-20 15:59:58.847";"f";"";"0";"CONSOLIDADA";"";"A Distância";
"1226251";"18";"5752824";"";"";"42978";"GRADUAÇÃO";"";"NATAL/RN";"2014";"1";"2014-01-27";"2014-06-14";"";"3";"";"REGULAR";"t";"2014-06-20 16:16:40.567";"f";"";"0";"CONSOLIDADA";"";"A Distância";
"1226252";"03";"5752824";"";"";"42978";"GRADUAÇÃO";"";"NOVA CRUZ/RN";"2014";"1";"2014-01-27";"2014-06-14";"";"";"";"REGULAR";"t";"";"f";"";"";"EXCLUÍDA";"";"A Distância";
"1226253";"01";"5754362";"";"";"37022";"STRICTO SENSU";"";"Sala do PPGAU";"2014";"1";"2014-02-10";"2014-06-12";"6T345 (10/02/2014 - 12/06/2014)";"18";"20";"REGULAR";"f";"2014-07-05 05:25:05.129";"f";"";"48";"CONSOLIDADA";"";"Presencial";
"1226254";"01";"25520";"";"";"37023";"STRICTO SENSU";"";"Sala do LabCon";"2014";"1";"2014-02-10";"2014-06-12";"5M3456";"9";"20";"REGULAR";"f";"2014-06-20 17:49:33.833";"f";"";"56";"CONSOLIDADA";"";"Presencial";
"1226255";"01";"23015";"";"";"37027";"STRICTO SENSU";"";"Sala do PPGAU";"2014";"1";"2014-02-10";"2014-06-12";"3T345";"9";"20";"REGULAR";"f";"2014-07-04 16:50:13.007";"f";"";"54";"CONSOLIDADA";"";"Presencial";
"1226256";"01";"24346";"";"";"37028";"STRICTO SENSU";"";"Sala do PPGAU";"2014";"1";"2014-02-10";"2014-06-12";"4T234";"10";"20";"REGULAR";"f";"2014-07-18 20:38:28.844";"f";"";"48";"CONSOLIDADA";"";"Presencial";
"1226257";"01";"21794";"";"";"38208";"STRICTO SENSU";"";"PPGG";"2014";"1";"2014-03-10";"2014-07-31";"6M123456";"1";"1";"REGULAR";"f";"2014-08-12 22:20:40.399";"f";"";"108";"CONSOLIDADA";"";"Presencial";
"1226258";"08";"19211";"";"";"41307";"STRICTO SENSU";"";"Sala da Profa. Elisa";"2014";"1";"2014-01-27";"2014-05-30";"246T12";"1";"1";"REGULAR";"f";"2014-08-02 10:06:34.706";"f";"";"100";"CONSOLIDADA";"";"Presencial";
"1226259";"01";"22822";"";"";"37036";"STRICTO SENSU";"";"Sala do PPGAU";"2014";"1";"2014-02-10";"2014-06-12";"6M2345";"12";"20";"REGULAR";"f";"2014-07-18 22:09:16.023";"f";"";"60";"CONSOLIDADA";"";"Presencial";
"1226260";"09";"19211";"";"";"41307";"STRICTO SENSU";"";"Sala Profa. Elisa";"2014";"1";"2014-01-27";"2014-05-30";"246T34";"1";"1";"REGULAR";"f";"2014-08-21 11:59:10.571";"f";"";"98";"CONSOLIDADA";"";"Presencial";
"1226261";"10";"19211";"";"";"41307";"STRICTO SENSU";"";"Sala Profa. Elisa";"2014";"1";"2014-01-27";"2014-05-30";"246T56";"1";"1";"REGULAR";"f";"2014-08-21 12:15:22.661";"f";"";"100";"CONSOLIDADA";"";"Presencial";
"1226262";"01";"3030265";"";"Período: 08/04/2014 a 09/05/2014.";"50339";"STRICTO SENSU";"";"Sala SS1 - DBG";"2014";"1";"2014-02-10";"2014-06-14";"6T2345";"2";"10";"REGULAR";"f";"";"f";"";"";"EXCLUÍDA";"";"Presencial";
"1226262";"01";"25470";"";"Período: 08/04/2014 a 09/05/2014.";"50339";"STRICTO SENSU";"";"Sala SS1 - DBG";"2014";"1";"2014-02-10";"2014-06-14";"6T2345";"2";"10";"REGULAR";"f";"";"f";"";"";"EXCLUÍDA";"";"Presencial";
"1226263";"01";"5755734";"";"";"51297";"LATO SENSU";"";"";"2014";"1";"2014-02-03";"2014-03-02";"";"";"";"REGULAR";"t";"2015-01-26 19:24:18.643";"f";"";"0";"CONSOLIDADA";"";"A Distância";
"1226264";"02";"5755734";"";"";"51297";"LATO SENSU";"";"";"2014";"1";"2014-02-03";"2014-03-02";"";"";"";"REGULAR";"t";"2015-01-26 19:50:00.963";"f";"";"0";"CONSOLIDADA";"";"A Distância";
"1226265";"03";"5755734";"";"";"51297";"LATO SENSU";"";"";"2014";"1";"2014-02-03";"2014-03-02";"";"";"";"REGULAR";"t";"2015-01-26 20:33:36.777";"f";"";"0";"CONSOLIDADA";"";"A Distância";
"1226266";"04";"5755734";"";"";"51297";"LATO SENSU";"";"";"2014";"1";"2014-02-03";"2014-03-02";"";"";"";"REGULAR";"t";"2015-01-26 21:07:42.208";"f";"";"0";"CONSOLIDADA";"";"A Distância";
"1226267";"05";"5752648";"";"";"51297";"LATO SENSU";"";"";"2014";"1";"2014-02-03";"2014-03-02";"";"";"";"REGULAR";"t";"2015-01-26 21:35:23.268";"f";"";"0";"CONSOLIDADA";"";"A Distância";
"1226268";"06";"5752648";"";"";"51297";"LATO SENSU";"";"";"2014";"1";"2014-02-03";"2014-03-02";"";"";"";"REGULAR";"t";"2015-01-26 22:13:41.924";"f";"";"0";"CONSOLIDADA";"";"A Distância";
"1226269";"07";"5752648";"";"";"51297";"LATO SENSU";"";"";"2014";"1";"2014-02-03";"2014-03-02";"";"";"";"REGULAR";"t";"2015-01-26 22:42:18.629";"f";"";"0";"CONSOLIDADA";"";"A Distância";
"1226270";"08";"5752648";"";"";"51297";"LATO SENSU";"";"";"2014";"1";"2014-02-03";"2014-03-02";"";"";"";"REGULAR";"t";"2015-01-26 23:02:36.563";"f";"";"0";"CONSOLIDADA";"";"A Distância";
"1226271";"01";"24386";"";"";"53447";"LATO SENSU";"";"sala 7B5";"2014";"1";"2014-01-25";"2014-01-26";"17M12345  17T23456 (25/01/2014 - 26/01/2014)";"";"45";"REGULAR";"f";"2015-03-13 16:11:22.172";"f";"";"20";"CONSOLIDADA";"";"Presencial";
"1226272";"01";"5753616";"";"";"54465";"STRICTO SENSU";"";"A definir";"2014";"1";"2014-01-27";"2014-06-14";"6N12";"16";"20";"REGULAR";"f";"2014-06-04 14:44:00.18";"f";"";"32";"CONSOLIDADA";"";"Presencial";
"1226273";"01";"24949";"";"";"54694";"STRICTO SENSU";"";"A definir";"2014";"1";"2014-01-27";"2014-06-14";"6N34";"16";"20";"REGULAR";"f";"2014-12-13 09:02:37.982";"f";"";"36";"CONSOLIDADA";"";"Presencial";
"1226273";"01";"62353";"";"";"54694";"STRICTO SENSU";"";"A definir";"2014";"1";"2014-01-27";"2014-06-14";"6N34";"16";"20";"REGULAR";"f";"2014-12-13 09:02:37.982";"f";"";"36";"CONSOLIDADA";"";"Presencial";
"1226274";"01";"5753317";"";"";"54695";"STRICTO SENSU";"";"A definir";"2014";"1";"2014-01-27";"2014-06-14";"7M12";"16";"20";"REGULAR";"f";"2014-06-18 07:00:26.963";"f";"";"40";"CONSOLIDADA";"";"Presencial";
"1226275";"01";"5755046";"";"";"54470";"STRICTO SENSU";"";"A definir";"2014";"1";"2014-01-27";"2014-06-14";"7M34";"16";"20";"REGULAR";"f";"2014-12-11 09:52:47.376";"f";"";"40";"CONSOLIDADA";"";"Presencial";
"1226275";"01";"5752241";"";"";"54470";"STRICTO SENSU";"";"A definir";"2014";"1";"2014-01-27";"2014-06-14";"7M34";"16";"20";"REGULAR";"f";"2014-12-11 09:52:47.376";"f";"";"40";"CONSOLIDADA";"";"Presencial";
"1226276";"01";"5755108";"";"";"54696";"STRICTO SENSU";"";"A definir";"2014";"1";"2014-01-27";"2014-06-14";"7M56";"16";"20";"REGULAR";"f";"2014-07-05 10:20:36.067";"f";"";"40";"CONSOLIDADA";"";"Presencial";
"1226277";"01";"5755402";"";"";"54472";"STRICTO SENSU";"";"A definir";"2014";"1";"2014-01-27";"2014-06-14";"7T34";"18";"20";"REGULAR";"f";"2014-07-08 12:11:33.098";"f";"";"36";"CONSOLIDADA";"";"Presencial";
"1226278";"09";"5752855";"";"";"18832";"TÉCNICO";"";"Sala 20";"2014";"1";"2014-01-27";"2014-06-14";"4T123";"";"8";"REGULAR";"f";"";"f";"";"";"EXCLUÍDA";"";"Presencial";
"1226279";"05";"18536";"";"";"37113";"STRICTO SENSU";"";"A definir";"2014";"1";"2014-01-20";"2014-07-31";"7N12";"1";"1";"REGULAR";"f";"2014-07-15 10:51:18.448";"f";"";"50";"CONSOLIDADA";"";"Presencial";
"1226324";"07";"26132";"";"";"27163";"GRADUAÇÃO";"";"TABIRA/PE";"2014";"1";"2014-01-27";"2014-06-14";"";"";"";"REGULAR";"t";"2014-06-19 10:13:02.541";"f";"";"0";"CONSOLIDADA";"";"A Distância";
"1226325";"01";"5753098";"";"";"39629";"STRICTO SENSU";"";"Sala da Base";"2014";"1";"2014-02-13";"2014-06-13";"5T23";"12";"12";"REGULAR";"f";"2014-06-27 10:45:02.1";"f";"";"32";"CONSOLIDADA";"";"Presencial";
"1226326";"15B";"21789";"";"";"27148";"GRADUAÇÃO";"";"LAJES/RN";"2014";"1";"2014-01-27";"2014-06-14";"";"1";"";"REGULAR";"t";"";"f";"";"";"EXCLUÍDA";"";"A Distância";
"1226326";"15B";"20811";"";"";"27148";"GRADUAÇÃO";"";"LAJES/RN";"2014";"1";"2014-01-27";"2014-06-14";"";"1";"";"REGULAR";"t";"";"f";"";"";"EXCLUÍDA";"";"A Distância";
"1226327";"01";"5753683";"";"";"39647";"STRICTO SENSU";"";"Sala da Base";"2014";"1";"2014-02-13";"2014-04-10";"5T45";"15";"17";"REGULAR";"f";"2014-06-18 14:43:59.473";"f";"";"18";"CONSOLIDADA";"";"Presencial";
"1226328";"01";"22150";"";"";"44532";"STRICTO SENSU";"";"DEF - SALA 07";"2014";"1";"2014-01-27";"2014-07-31";"6M12";"2";"2";"REGULAR";"f";"2014-06-05 09:16:07.459";"f";"";"34";"CONSOLIDADA";"";"Presencial";
"1226329";"02";"5752383";"";"";"39109";"STRICTO SENSU";"";"1D5";"2014";"1";"2014-01-27";"2014-06-14";"7T1";"2";"2";"REGULAR";"f";"";"f";"";"";"ABERTA";"";"Presencial";
"1226330";"02";"5752155";"";"";"44532";"STRICTO SENSU";"";"DEF - SALA 07";"2014";"1";"2014-01-27";"2014-07-31";"6M12";"2";"1";"REGULAR";"f";"2014-08-01 17:06:37.857";"f";"";"48";"CONSOLIDADA";"";"Presencial";
"1226331";"01";"22188";"";"Período: 12/05/2014 a 30/05/2014.";"50334";"STRICTO SENSU";"";"Sala das Algas";"2014";"1";"2014-02-10";"2014-06-14";"2T2345";"12";"15";"REGULAR";"f";"2014-06-09 19:05:56.323";"f";"";"64";"CONSOLIDADA";"";"Presencial";
"1226331";"01";"5752267";"";"Período: 12/05/2014 a 30/05/2014.";"50334";"STRICTO SENSU";"";"Sala das Algas";"2014";"1";"2014-02-10";"2014-06-14";"2T2345";"12";"15";"REGULAR";"f";"2014-06-09 19:05:56.323";"f";"";"64";"CONSOLIDADA";"";"Presencial";
"1226332";"07";"23039";"";"";"27158";"GRADUAÇÃO";"";"TABIRA/PE";"2014";"1";"2014-01-27";"2014-06-14";"";"1";"";"REGULAR";"t";"2014-06-18 22:10:13.013";"f";"";"0";"CONSOLIDADA";"";"A Distância";
"1226333";"11";"26597";"";"";"45841";"GRADUAÇÃO";"";"EXTREMOZ/RN";"2014";"1";"2014-01-27";"2014-06-14";"";"1";"";"REGULAR";"t";"2014-06-15 08:51:36.303";"f";"";"0";"CONSOLIDADA";"";"A Distância";
"1226334";"14";"5751595";"";"";"45865";"GRADUAÇÃO";"";"CAICÓ/RN";"2014";"1";"2014-01-27";"2014-06-14";"";"";"";"REGULAR";"t";"2014-06-07 09:23:00.29";"f";"";"0";"CONSOLIDADA";"";"A Distância";
"1226335";"14A";"5751595";"";"";"45856";"GRADUAÇÃO";"";"CAICÓ/RN";"2014";"1";"2014-01-27";"2014-06-14";"";"";"";"REGULAR";"t";"2014-06-07 09:53:03.687";"f";"";"0";"CONSOLIDADA";"";"A Distância";
"1226336";"01";"";"103703472";"";"43995";"STRICTO SENSU";"";"Departamento de enfermagem";"2014";"1";"2014-01-27";"2014-06-14";"4N123";"20";"30";"REGULAR";"f";"2014-06-14 14:58:18.691";"f";"";"51";"CONSOLIDADA";"";"Presencial";
"1226336";"01";"5755511";"";"";"43995";"STRICTO SENSU";"";"Departamento de enfermagem";"2014";"1";"2014-01-27";"2014-06-14";"4N123";"20";"30";"REGULAR";"f";"2014-06-14 14:58:18.691";"f";"";"51";"CONSOLIDADA";"";"Presencial";
"1226336";"01";"23112";"";"";"43995";"STRICTO SENSU";"";"Departamento de enfermagem";"2014";"1";"2014-01-27";"2014-06-14";"4N123";"20";"30";"REGULAR";"f";"2014-06-14 14:58:18.691";"f";"";"51";"CONSOLIDADA";"";"Presencial";
"1226336";"01";"";"98418561";"";"43995";"STRICTO SENSU";"";"Departamento de enfermagem";"2014";"1";"2014-01-27";"2014-06-14";"4N123";"20";"30";"REGULAR";"f";"2014-06-14 14:58:18.691";"f";"";"51";"CONSOLIDADA";"";"Presencial";
"1226337";"01";"23112";"";"";"44002";"STRICTO SENSU";"";"Departamento de enfermagem";"2014";"1";"2014-01-27";"2014-06-14";"6M123";"6";"6";"REGULAR";"f";"2014-06-10 10:45:44.993";"f";"";"36";"CONSOLIDADA";"";"Presencial";
"1226337";"01";"18748";"";"";"44002";"STRICTO SENSU";"";"Departamento de enfermagem";"2014";"1";"2014-01-27";"2014-06-14";"6M123";"6";"6";"REGULAR";"f";"2014-06-10 10:45:44.993";"f";"";"36";"CONSOLIDADA";"";"Presencial";
"1226337";"01";"5752167";"";"";"44002";"STRICTO SENSU";"";"Departamento de enfermagem";"2014";"1";"2014-01-27";"2014-06-14";"6M123";"6";"6";"REGULAR";"f";"2014-06-10 10:45:44.993";"f";"";"36";"CONSOLIDADA";"";"Presencial";
"1226338";"02";"21986";"";"";"44002";"STRICTO SENSU";"";"Departamento de enfermagem";"2014";"1";"2014-01-27";"2014-06-14";"6M123 (27/01/2014 - 14/06/2014)";"4";"5";"REGULAR";"f";"2014-06-14 19:06:10.268";"f";"";"0";"CONSOLIDADA";"";"Presencial";
"1226338";"02";"15567";"";"";"44002";"STRICTO SENSU";"";"Departamento de enfermagem";"2014";"1";"2014-01-27";"2014-06-14";"6M123 (27/01/2014 - 14/06/2014)";"4";"5";"REGULAR";"f";"2014-06-14 19:06:10.268";"f";"";"0";"CONSOLIDADA";"";"Presencial";
"1226338";"02";"5754547";"";"";"44002";"STRICTO SENSU";"";"Departamento de enfermagem";"2014";"1";"2014-01-27";"2014-06-14";"6M123 (27/01/2014 - 14/06/2014)";"4";"5";"REGULAR";"f";"2014-06-14 19:06:10.268";"f";"";"0";"CONSOLIDADA";"";"Presencial";
"1226339";"03";"5752214";"";"";"44002";"STRICTO SENSU";"";"Departamento de enfermagem";"2014";"1";"2014-01-27";"2014-06-14";"6M123 (27/01/2014 - 14/06/2014)";"4";"5";"REGULAR";"f";"2014-07-24 16:07:31.384";"f";"";"48";"CONSOLIDADA";"";"Presencial";
"1226339";"03";"";"98755847";"";"44002";"STRICTO SENSU";"";"Departamento de enfermagem";"2014";"1";"2014-01-27";"2014-06-14";"6M123 (27/01/2014 - 14/06/2014)";"4";"5";"REGULAR";"f";"2014-07-24 16:07:31.384";"f";"";"48";"CONSOLIDADA";"";"Presencial";
"1226339";"03";"19082";"";"";"44002";"STRICTO SENSU";"";"Departamento de enfermagem";"2014";"1";"2014-01-27";"2014-06-14";"6M123 (27/01/2014 - 14/06/2014)";"4";"5";"REGULAR";"f";"2014-07-24 16:07:31.384";"f";"";"48";"CONSOLIDADA";"";"Presencial";
"1226340";"04";"5752703";"";"";"44002";"STRICTO SENSU";"";"Departamento de enfermagem";"2014";"1";"2014-01-27";"2014-06-14";"6M123 (27/01/2014 - 14/06/2014)";"5";"5";"REGULAR";"f";"2014-06-09 19:08:54.654";"f";"";"54";"CONSOLIDADA";"";"Presencial";
"1226340";"04";"23814";"";"";"44002";"STRICTO SENSU";"";"Departamento de enfermagem";"2014";"1";"2014-01-27";"2014-06-14";"6M123 (27/01/2014 - 14/06/2014)";"5";"5";"REGULAR";"f";"2014-06-09 19:08:54.654";"f";"";"54";"CONSOLIDADA";"";"Presencial";
"1226340";"04";"5753624";"";"";"44002";"STRICTO SENSU";"";"Departamento de enfermagem";"2014";"1";"2014-01-27";"2014-06-14";"6M123 (27/01/2014 - 14/06/2014)";"5";"5";"REGULAR";"f";"2014-06-09 19:08:54.654";"f";"";"54";"CONSOLIDADA";"";"Presencial";
"1226341";"01";"5753638";"";"";"49315";"GRADUAÇÃO";"Campus Central";"2-i-9";"2014";"1";"2014-01-27";"2014-06-14";"6T2345";"";"42";"REGULAR";"f";"2014-06-19 21:28:41.296";"f";"";"72";"CONSOLIDADA";"";"Presencial";
"1226342";"01";"5754547";"";"";"44716";"STRICTO SENSU";"";"Departamento de enfermagem";"2014";"1";"2014-01-27";"2014-06-14";"7M123";"5";"5";"REGULAR";"f";"2014-06-06 11:37:22.934";"f";"";"54";"CONSOLIDADA";"";"Presencial";
"1226342";"01";"5752716";"";"";"44716";"STRICTO SENSU";"";"Departamento de enfermagem";"2014";"1";"2014-01-27";"2014-06-14";"7M123";"5";"5";"REGULAR";"f";"2014-06-06 11:37:22.934";"f";"";"54";"CONSOLIDADA";"";"Presencial";
"1226342";"01";"21986";"";"";"44716";"STRICTO SENSU";"";"Departamento de enfermagem";"2014";"1";"2014-01-27";"2014-06-14";"7M123";"5";"5";"REGULAR";"f";"2014-06-06 11:37:22.934";"f";"";"54";"CONSOLIDADA";"";"Presencial";
"1226343";"25";"";"5674951";"";"39177";"STRICTO SENSU";"";"Centro de Educação";"2014";"1";"2014-02-10";"2014-06-11";"4T6";"1";"1";"REGULAR";"f";"2015-03-11 13:01:47.221";"f";"";"17";"CONSOLIDADA";"";"Presencial";
"1226344";"01";"22718";"";"";"39188";"STRICTO SENSU";"";"SETOR I";"2014";"1";"2014-02-10";"2014-06-11";"3N23";"2";"2";"REGULAR";"f";"2014-05-30 15:09:08.648";"f";"";"30";"CONSOLIDADA";"";"Presencial";
"1226345";"01";"5755031";"";"";"38340";"STRICTO SENSU";"";"setor 3, sala H3";"2014";"1";"2014-02-10";"2014-06-13";"24T56";"1";"20";"REGULAR";"f";"";"f";"";"";"EXCLUÍDA";"";"Presencial";
"1226346";"01";"5753989";"";"";"42267";"STRICTO SENSU";"";"Sala de Seminários de Estatística";"2014";"1";"2014-02-10";"2014-06-13";"35M56";"6";"20";"REGULAR";"f";"2014-06-09 08:30:12.117";"f";"";"62";"CONSOLIDADA";"";"Presencial";
"1226347";"02";"18748";"";"";"44716";"STRICTO SENSU";"";"Departamento de enfermagem";"2014";"1";"2014-01-27";"2014-06-14";"7M123";"2";"5";"REGULAR";"f";"2015-01-05 11:00:54.171";"f";"";"54";"CONSOLIDADA";"";"Presencial";
"1226347";"02";"15567";"";"";"44716";"STRICTO SENSU";"";"Departamento de enfermagem";"2014";"1";"2014-01-27";"2014-06-14";"7M123";"2";"5";"REGULAR";"f";"2015-01-05 11:00:54.171";"f";"";"54";"CONSOLIDADA";"";"Presencial";
"1226348";"01";"23849";"";"Colaboração em Estatística";"41130";"STRICTO SENSU";"";"Sala de Seminários de Estatística";"2014";"1";"2014-02-10";"2014-06-13";"4M3456";"3";"20";"REGULAR";"f";"2014-08-10 06:26:15.068";"f";"";"56";"CONSOLIDADA";"";"Presencial";
"1226349";"03";"23814";"";"";"44716";"STRICTO SENSU";"";"Departamento de enfermagem";"2014";"1";"2014-01-27";"2014-06-14";"7M123";"1";"5";"REGULAR";"f";"2014-06-09 19:37:51.091";"f";"";"57";"CONSOLIDADA";"";"Presencial";
"1226349";"03";"19082";"";"";"44716";"STRICTO SENSU";"";"Departamento de enfermagem";"2014";"1";"2014-01-27";"2014-06-14";"7M123";"1";"5";"REGULAR";"f";"2014-06-09 19:37:51.091";"f";"";"57";"CONSOLIDADA";"";"Presencial";
"1226350";"03";"24348";"";"";"39109";"STRICTO SENSU";"";"a combinar com o professor";"2014";"1";"2014-01-27";"2014-06-14";"7T1";"1";"1";"REGULAR";"f";"2015-01-05 03:23:41.911";"f";"";"20";"CONSOLIDADA";"";"Presencial";
"1226351";"01";"21975";"";"";"37696";"STRICTO SENSU";"";"Setor V - Sala B7";"2014";"1";"2014-02-04";"2014-06-13";"4T123";"5";"20";"REGULAR";"f";"2015-05-05 14:22:27.735";"f";"";"54";"CONSOLIDADA";"";"Presencial";
"1226352";"04";"23664";"";"";"39109";"STRICTO SENSU";"";"a combinar com  o professor";"2014";"1";"2014-01-27";"2014-06-14";"7M2";"2";"2";"REGULAR";"f";"2015-09-10 18:45:26.968";"f";"";"0";"CONSOLIDADA";"";"Presencial";
"1226353";"05";"5752383";"";"";"39109";"STRICTO SENSU";"";"A critério do Professor";"2014";"1";"2014-01-27";"2014-06-14";"7M1";"";"2";"REGULAR";"f";"";"f";"";"";"EXCLUÍDA";"";"Presencial";
"1226354";"01";"23039";"";"";"38358";"STRICTO SENSU";"";"À CRITÉRIO DO PROFESSOR";"2014";"1";"2014-02-10";"2014-06-13";"7M12";"0";"1";"REGULAR";"f";"";"f";"";"";"EXCLUÍDA";"";"Presencial";
"1226355";"01";"5752716";"";"";"44718";"STRICTO SENSU";"";"Departamento de enfermagem";"2014";"1";"2014-01-27";"2014-06-14";"7M456 (27/01/2014 - 14/06/2014)";"5";"5";"REGULAR";"f";"2014-06-14 19:10:21.719";"f";"";"36";"CONSOLIDADA";"";"Presencial";
"1226355";"01";"5754547";"";"";"44718";"STRICTO SENSU";"";"Departamento de enfermagem";"2014";"1";"2014-01-27";"2014-06-14";"7M456 (27/01/2014 - 14/06/2014)";"5";"5";"REGULAR";"f";"2014-06-14 19:10:21.719";"f";"";"36";"CONSOLIDADA";"";"Presencial";
"1226355";"01";"21986";"";"";"44718";"STRICTO SENSU";"";"Departamento de enfermagem";"2014";"1";"2014-01-27";"2014-06-14";"7M456 (27/01/2014 - 14/06/2014)";"5";"5";"REGULAR";"f";"2014-06-14 19:10:21.719";"f";"";"36";"CONSOLIDADA";"";"Presencial";
"1226356";"01";"5752556";"";"";"38337";"STRICTO SENSU";"";"Sala de Seminários de Estatística";"2014";"1";"2014-02-10";"2014-06-13";"3M123 5M23";"10";"20";"REGULAR";"f";"2014-06-18 12:34:14.473";"f";"";"83";"CONSOLIDADA";"";"Presencial";
"1226357";"01D";"5756073";"";"";"2051712";"GRADUAÇÃO";"Campus Central";"Auditório E";"2014";"1";"2014-01-27";"2014-06-14";"24T34 3T12 (27/01/2014 - 14/06/2014)";"31";"30";"REGULAR";"f";"2014-05-28 17:50:42.067";"f";"1220705";"94";"CONSOLIDADA";"";"Presencial";
"1226357";"01D";"5753080";"";"";"2051712";"GRADUAÇÃO";"Campus Central";"Auditório E";"2014";"1";"2014-01-27";"2014-06-14";"24T34 3T12 (27/01/2014 - 14/06/2014)";"31";"30";"REGULAR";"f";"2014-05-28 17:50:42.067";"f";"1220705";"94";"CONSOLIDADA";"";"Presencial";
"1226358";"02";"18748";"";"";"44718";"STRICTO SENSU";"";"Departamento de enfermagem";"2014";"1";"2014-01-27";"2014-06-14";"7M456 (27/01/2014 - 14/06/2014)";"2";"5";"REGULAR";"f";"2014-06-14 08:28:36.163";"f";"";"0";"CONSOLIDADA";"";"Presencial";
"1226358";"02";"15567";"";"";"44718";"STRICTO SENSU";"";"Departamento de enfermagem";"2014";"1";"2014-01-27";"2014-06-14";"7M456 (27/01/2014 - 14/06/2014)";"2";"5";"REGULAR";"f";"2014-06-14 08:28:36.163";"f";"";"0";"CONSOLIDADA";"";"Presencial";
"1226359";"21";"5755046";"";"";"37503";"STRICTO SENSU";"";"a definir";"2014";"1";"2014-02-03";"2014-06-14";"5N1234";"1";"5";"REGULAR";"f";"2014-07-01 11:39:14.165";"f";"";"68";"CONSOLIDADA";"";"Presencial";
"1226360";"02D";"5753041";"";"";"2051712";"GRADUAÇÃO";"Campus Central";"Auditório F";"2014";"1";"2014-01-27";"2014-06-14";"24T34 5T12 (27/01/2014 - 14/06/2014)";"8";"30";"REGULAR";"f";"2014-06-15 09:49:43.838";"f";"1220711";"106";"CONSOLIDADA";"";"Presencial";
"1226360";"02D";"5756073";"";"";"2051712";"GRADUAÇÃO";"Campus Central";"Auditório F";"2014";"1";"2014-01-27";"2014-06-14";"24T34 5T12 (27/01/2014 - 14/06/2014)";"8";"30";"REGULAR";"f";"2014-06-15 09:49:43.838";"f";"1220711";"106";"CONSOLIDADA";"";"Presencial";
"1226361";"03";"23814";"";"";"44718";"STRICTO SENSU";"";"Departamento de enfermagem";"2014";"1";"2014-01-27";"2014-06-14";"7M456 (27/01/2014 - 14/06/2014)";"2";"5";"REGULAR";"f";"2014-06-09 19:10:37.534";"f";"";"0";"CONSOLIDADA";"";"Presencial";
"1226361";"03";"19082";"";"";"44718";"STRICTO SENSU";"";"Departamento de enfermagem";"2014";"1";"2014-01-27";"2014-06-14";"7M456 (27/01/2014 - 14/06/2014)";"2";"5";"REGULAR";"f";"2014-06-09 19:10:37.534";"f";"";"0";"CONSOLIDADA";"";"Presencial";
"1226363";"01";"5752167";"";"";"44720";"STRICTO SENSU";"";"Departamento de enfermagem";"2014";"1";"2014-01-27";"2014-06-14";"7T123";"4";"5";"REGULAR";"f";"2014-06-06 08:26:15.882";"f";"";"48";"CONSOLIDADA";"";"Presencial";
"1226363";"01";"21986";"";"";"44720";"STRICTO SENSU";"";"Departamento de enfermagem";"2014";"1";"2014-01-27";"2014-06-14";"7T123";"4";"5";"REGULAR";"f";"2014-06-06 08:26:15.882";"f";"";"48";"CONSOLIDADA";"";"Presencial";
"1226363";"01";"23112";"";"";"44720";"STRICTO SENSU";"";"Departamento de enfermagem";"2014";"1";"2014-01-27";"2014-06-14";"7T123";"4";"5";"REGULAR";"f";"2014-06-06 08:26:15.882";"f";"";"48";"CONSOLIDADA";"";"Presencial";
"1226364";"02";"5752299";"";"";"38358";"STRICTO SENSU";"";"À CRITÉRIO DO PROFESSOR";"2014";"1";"2014-02-10";"2014-06-13";"7M12";"";"1";"REGULAR";"f";"";"f";"";"";"EXCLUÍDA";"";"Presencial";
"1226365";"02";"";"102549084";"";"44720";"STRICTO SENSU";"";"Departamento de enfermagem";"2014";"1";"2014-01-27";"2014-06-14";"7T123";"2";"5";"REGULAR";"f";"2014-07-01 21:31:13.542";"f";"";"48";"CONSOLIDADA";"";"Presencial";
"1226365";"02";"17923";"";"";"44720";"STRICTO SENSU";"";"Departamento de enfermagem";"2014";"1";"2014-01-27";"2014-06-14";"7T123";"2";"5";"REGULAR";"f";"2014-07-01 21:31:13.542";"f";"";"48";"CONSOLIDADA";"";"Presencial";
"1226365";"02";"19082";"";"";"44720";"STRICTO SENSU";"";"Departamento de enfermagem";"2014";"1";"2014-01-27";"2014-06-14";"7T123";"2";"5";"REGULAR";"f";"2014-07-01 21:31:13.542";"f";"";"48";"CONSOLIDADA";"";"Presencial";
"1226366";"01";"";"90276062";"";"51061";"LATO SENSU";"";"ID2";"2014";"1";"2014-01-28";"2014-02-13";"345N1234 (28/01/2014 - 13/02/2014)";"";"30";"REGULAR";"f";"2014-02-24 17:14:49.662";"f";"";"";"CONSOLIDADA";"";"Presencial";
"1226367";"02";"5752164";"";"";"2042276";"GRADUAÇÃO";"";"CURRAIS NOVOS/RN";"2014";"1";"2014-01-27";"2014-06-14";"";"1";"";"REGULAR";"t";"2014-06-06 09:35:45.811";"f";"";"0";"CONSOLIDADA";"";"A Distância";
"1226368";"01";"5756095";"";"";"51899";"LATO SENSU";"";"CERES-DCSH-Campus de Currais Novos";"2014";"1";"2014-02-01";"2014-02-22";"7M12345  7T23456 (01/02/2014 - 22/02/2014)";"";"40";"REGULAR";"f";"2014-05-05 09:05:32.41";"f";"";"40";"CONSOLIDADA";"";"Presencial";
"1226369";"01";"5752248";"";"";"53398";"LATO SENSU";"";"2h7";"2014";"1";"2014-02-01";"2014-03-01";"7M2345  7T2345 (01/02/2014 - 01/03/2014)";"";"80";"REGULAR";"f";"2014-06-26 14:55:55.896";"f";"";"40";"CONSOLIDADA";"";"Presencial";
"1226371";"02A";"5753710";"";"";"46636";"GRADUAÇÃO";"Campus Central";"3T12-4A9/5T12-4E3/5T34-4E5";"2014";"1";"2014-01-27";"2014-06-14";"3T12 5T1234";"4";"30";"REGULAR";"f";"2014-06-14 09:47:16.974";"f";"1226370";"102";"CONSOLIDADA";"";"Presencial";
"1226371";"02A";"5756058";"";"";"46636";"GRADUAÇÃO";"Campus Central";"3T12-4A9/5T12-4E3/5T34-4E5";"2014";"1";"2014-01-27";"2014-06-14";"3T12 5T1234";"4";"30";"REGULAR";"f";"2014-06-14 09:47:16.974";"f";"1226370";"102";"CONSOLIDADA";"";"Presencial";
"1226372";"02";"5756296";"";"";"40106";"GRADUAÇÃO";"Campus Central";"lab de Graduação/DCA";"2014";"1";"2014-01-27";"2014-06-14";"35T56";"7";"40";"REGULAR";"f";"2014-06-19 09:58:01.14";"f";"";"74";"CONSOLIDADA";"";"Presencial";
"1226374";"01";"5752663";"";"";"2047850";"STRICTO SENSU";"";"Sala C-5, Setor II";"2014";"1";"2014-02-10";"2014-05-23";"3T1234";"27";"35";"REGULAR";"f";"2015-02-02 12:08:59.656";"f";"";"64";"CONSOLIDADA";"";"Presencial";
"1226375";"03";"20855";"";"Turma destinada aos alunos do Convênio IFPB.
Módulos - dias e horários a confirmar.";"39191";"STRICTO SENSU";"";"Centro de Educação";"2014";"1";"2014-02-10";"2014-06-11";"6N123";"13";"12";"REGULAR";"f";"2014-12-11 15:43:47.568";"f";"";"48";"CONSOLIDADA";"";"Presencial";
"1226375";"03";"26475";"";"Turma destinada aos alunos do Convênio IFPB.
Módulos - dias e horários a confirmar.";"39191";"STRICTO SENSU";"";"Centro de Educação";"2014";"1";"2014-02-10";"2014-06-11";"6N123";"13";"12";"REGULAR";"f";"2014-12-11 15:43:47.568";"f";"";"48";"CONSOLIDADA";"";"Presencial";
"1226376";"01";"21928";"";"Turma destinada aos alunos do Conv. IFPB. Módulos: dias e horários a definir.";"39423";"STRICTO SENSU";"";"Centro de Educação";"2014";"1";"2014-02-10";"2014-06-11";"5N123";"10";"10";"REGULAR";"f";"2014-12-04 11:54:33.125";"f";"";"45";"CONSOLIDADA";"";"Presencial";
"1226380";"14";"5751841";"";"";"2042266";"GRADUAÇÃO";"";"CAICÓ/RN";"2014";"1";"2014-01-27";"2014-06-14";"";"";"";"REGULAR";"t";"2014-06-17 08:56:56.867";"f";"";"0";"CONSOLIDADA";"";"A Distância";
"1226381";"11";"5751841";"";"";"2042266";"GRADUAÇÃO";"";"EXTREMOZ/RN";"2014";"1";"2014-01-27";"2014-06-14";"";"";"";"REGULAR";"t";"2014-06-17 09:00:33.039";"f";"";"0";"CONSOLIDADA";"";"A Distância";
"1226382";"15";"5751841";"";"";"2042266";"GRADUAÇÃO";"";"LAJES/RN";"2014";"1";"2014-01-27";"2014-06-14";"";"";"";"REGULAR";"t";"";"f";"";"";"EXCLUÍDA";"";"A Distância";
"1226383";"12";"5751841";"";"";"2042266";"GRADUAÇÃO";"";"LUÍS GOMES/RN";"2014";"1";"2014-01-27";"2014-06-14";"";"";"";"REGULAR";"t";"2014-06-17 08:59:31.066";"f";"";"0";"CONSOLIDADA";"";"A Distância";
"1226384";"13";"5751841";"";"";"2042266";"GRADUAÇÃO";"";"MARTINS/RN";"2014";"1";"2014-01-27";"2014-06-14";"";"";"";"REGULAR";"t";"2014-06-17 08:57:56.085";"f";"";"0";"CONSOLIDADA";"";"A Distância";
"1226385";"03";"5751841";"";"";"2042266";"GRADUAÇÃO";"";"NOVA CRUZ/RN";"2014";"1";"2014-01-27";"2014-06-14";"";"";"";"REGULAR";"t";"2014-06-17 09:01:15.178";"f";"";"0";"CONSOLIDADA";"";"A Distância";
"1226386";"13";"5752263";"";"";"2042269";"GRADUAÇÃO";"";"MARTINS/RN";"2014";"1";"2014-01-27";"2014-06-14";"";"";"";"REGULAR";"t";"2014-06-20 12:00:18.536";"f";"";"0";"CONSOLIDADA";"";"A Distância";
"1226387";"13";"5752263";"";"";"2042274";"GRADUAÇÃO";"";"MARTINS/RN";"2014";"1";"2014-01-27";"2014-06-14";"";"";"";"REGULAR";"t";"";"f";"";"";"EXCLUÍDA";"";"A Distância";
"1226388";"01";"5751838";"";"";"21070";"GRADUAÇÃO";"Campus Central";"A definir";"2014";"1";"2014-01-27";"2014-06-14";"35M34";"15";"40";"REGULAR";"f";"2014-06-26 11:16:30.998";"f";"";"68";"CONSOLIDADA";"";"Presencial";
"1226389";"10";"21790";"";"";"2052204";"STRICTO SENSU";"";"Sala do Professor";"2014";"1";"2014-01-27";"2014-06-13";"6M3456";"1";"2";"REGULAR";"f";"2014-07-04 10:44:32.356";"f";"";"72";"CONSOLIDADA";"";"Presencial";
"1226390";"01";"";"102504112";"";"2047851";"STRICTO SENSU";"";"Sala H-4, Setor II";"2014";"1";"2014-02-10";"2014-05-23";"6T2345";"36";"35";"REGULAR";"f";"2015-01-30 15:19:55.306";"f";"";"56";"CONSOLIDADA";"";"Presencial";
"1226391";"01";"5751870";"";"Aspectos da Comunicação contra-hegemônica";"47192";"STRICTO SENSU";"";"Salas F-4 (Seg/Qua/Sex) e G-3 (Ter/Qui) Setor II";"2014";"1";"2014-04-07";"2014-04-11";"23456M3456";"19";"35";"REGULAR";"f";"2014-06-13 12:09:25.394";"f";"";"20";"CONSOLIDADA";"";"Presencial";
"1226391";"01";"5751833";"";"Aspectos da Comunicação contra-hegemônica";"47192";"STRICTO SENSU";"";"Salas F-4 (Seg/Qua/Sex) e G-3 (Ter/Qui) Setor II";"2014";"1";"2014-04-07";"2014-04-11";"23456M3456";"19";"35";"REGULAR";"f";"2014-06-13 12:09:25.394";"f";"";"20";"CONSOLIDADA";"";"Presencial";
"1226392";"01";"5752987";"";"";"55103";"GRADUAÇÃO";"Campus Central";"Setor IV";"2014";"1";"2014-01-27";"2014-06-14";"23T34";"0";"15";"REGULAR";"f";"2014-06-05 15:01:47.242";"f";"";"66";"CONSOLIDADA";"";"Presencial";
"1226396";"44";"5752855";"";"";"18715";"TÉCNICO";"";"Sala L";"2014";"1";"2014-01-27";"2014-06-14";"3M34";"";"2";"REGULAR";"f";"2014-06-10 14:39:03.821";"f";"";"38";"CONSOLIDADA";"";"Presencial";
"1226397";"01";"25991";"";"";"2054350";"STRICTO SENSU";"";"A Definir";"2014";"1";"2014-02-10";"2014-05-23";"2N34";"6";"25";"REGULAR";"f";"2015-01-05 10:43:11.299";"f";"";"26";"CONSOLIDADA";"";"Presencial";
"1226398";"01";"25991";"";"";"41179";"STRICTO SENSU";"";"A Definir";"2014";"1";"2014-02-10";"2014-05-23";"3N34";"3";"15";"REGULAR";"f";"2014-07-28 17:21:15.306";"f";"";"28";"CONSOLIDADA";"";"Presencial";
"1226399";"02";"5751934";"";"";"39187";"STRICTO SENSU";"";"SETOR III";"2014";"1";"2014-02-10";"2014-06-11";"4N23";"1";"1";"REGULAR";"f";"2014-06-14 15:48:34.506";"f";"";"30";"CONSOLIDADA";"";"Presencial";
"1226400";"03";"5752679";"";"";"51023";"STRICTO SENSU";"";"A definir";"2014";"1";"2014-01-20";"2014-07-31";"3T56";"1";"1";"REGULAR";"f";"2014-09-04 13:57:48.86";"f";"";"50";"CONSOLIDADA";"";"Presencial";
"1226401";"01";"22824";"";"2ª feira, das 16h às 19h.";"40308";"STRICTO SENSU";"";"SETOR II - Sala B2";"2014";"1";"2014-02-03";"2014-06-14";"2T456";"6";"30";"REGULAR";"f";"2014-09-01 08:49:14.454";"f";"";"42";"CONSOLIDADA";"";"Presencial";
"1226402";"01";"22824";"";"Datas e horários a definir";"40323";"STRICTO SENSU";"";"SETOR II";"2014";"1";"2014-02-03";"2014-06-14";"2T1";"";"30";"REGULAR";"f";"";"f";"";"";"EXCLUÍDA";"";"Presencial";
"1226403";"02";"18190";"";"";"27157";"GRADUAÇÃO";"";"CURRAIS NOVOS/RN";"2014";"1";"2014-01-27";"2014-06-14";"";"";"";"REGULAR";"t";"2014-06-11 12:30:04.609";"f";"";"0";"CONSOLIDADA";"";"A Distância";
"1226404";"01";"18190";"";"";"27157";"GRADUAÇÃO";"";"MACAU/RN";"2014";"1";"2014-01-27";"2014-06-14";"";"";"";"REGULAR";"t";"2014-06-11 12:26:54.941";"f";"";"0";"CONSOLIDADA";"";"A Distância";
"1226405";"03";"18190";"";"";"27157";"GRADUAÇÃO";"";"NOVA CRUZ/RN";"2014";"1";"2014-01-27";"2014-06-14";"";"";"";"REGULAR";"t";"2014-06-11 12:31:42.035";"f";"";"0";"CONSOLIDADA";"";"A Distância";
"1226406";"04";"5752936";"";"";"24704";"GRADUAÇÃO";"Campus Central";"Sala 19";"2014";"1";"2014-01-27";"2014-06-14";"6N34";"3";"7";"REGULAR";"f";"2014-06-24 13:18:37.102";"f";"";"34";"CONSOLIDADA";"";"Presencial";
"1226407";"16";"18190";"";"";"27157";"GRADUAÇÃO";"";"MARCELINO VIEIRA/RN";"2014";"1";"2014-01-27";"2014-06-14";"";"";"";"REGULAR";"t";"2014-06-11 12:35:49.016";"f";"";"0";"CONSOLIDADA";"";"A Distância";
"1226408";"04";"5755828";"";"";"23973";"GRADUAÇÃO";"";"Sala 19";"2014";"1";"2014-01-27";"2014-06-14";"6N12";"";"7";"REGULAR";"f";"";"f";"";"";"EXCLUÍDA";"";"Presencial";
"1226409";"01";"5753771";"";"";"44403";"STRICTO SENSU";"";"Sala 94 do CT";"2014";"1";"2014-02-03";"2014-06-14";"6T2345";"16";"20";"REGULAR";"f";"2014-07-26 12:20:34.329";"f";"";"70";"CONSOLIDADA";"";"Presencial";
"1226409";"01";"5753761";"";"";"44403";"STRICTO SENSU";"";"Sala 94 do CT";"2014";"1";"2014-02-03";"2014-06-14";"6T2345";"16";"20";"REGULAR";"f";"2014-07-26 12:20:34.329";"f";"";"70";"CONSOLIDADA";"";"Presencial";
"1226410";"22";"5751841";"";"";"2042266";"GRADUAÇÃO";"";"GUAMARÉ/RN";"2014";"1";"2014-01-27";"2014-06-14";"";"";"";"REGULAR";"t";"2014-06-17 08:55:13.959";"f";"";"0";"CONSOLIDADA";"";"A Distância";
"1226411";"01";"5752629";"";"";"38338";"STRICTO SENSU";"";"Sala de Seminários de Estatística";"2014";"1";"2014-02-10";"2014-06-13";"26M56";"9";"20";"REGULAR";"f";"2014-07-10 18:58:29.155";"f";"";"67";"CONSOLIDADA";"";"Presencial";
"1226412";"22";"5752263";"";"";"2042274";"GRADUAÇÃO";"";"GUAMARÉ/RN";"2014";"1";"2014-01-27";"2014-06-14";"";"";"";"REGULAR";"t";"2014-06-05 19:07:26.392";"f";"";"0";"CONSOLIDADA";"";"A Distância";
"1226413";"03";"5755053";"";"";"23581";"GRADUAÇÃO";"Campus Central";"3C2";"2014";"1";"2014-01-27";"2014-06-14";"246N34";"";"60";"REGULAR";"f";"";"f";"";"";"EXCLUÍDA";"";"Presencial";
"1226414";"01";"22188";"";"";"38375";"STRICTO SENSU";"";"Sala das Algas, Centro de Biociências, UFRN";"2014";"1";"2014-02-10";"2014-06-11";"6M2345";"13";"14";"REGULAR";"f";"2014-08-01 21:03:06.723";"f";"";"64";"CONSOLIDADA";"";"Presencial";
"1226414";"01";"5752187";"";"";"38375";"STRICTO SENSU";"";"Sala das Algas, Centro de Biociências, UFRN";"2014";"1";"2014-02-10";"2014-06-11";"6M2345";"13";"14";"REGULAR";"f";"2014-08-01 21:03:06.723";"f";"";"64";"CONSOLIDADA";"";"Presencial";
"1226414";"01";"5753009";"";"";"38375";"STRICTO SENSU";"";"Sala das Algas, Centro de Biociências, UFRN";"2014";"1";"2014-02-10";"2014-06-11";"6M2345";"13";"14";"REGULAR";"f";"2014-08-01 21:03:06.723";"f";"";"64";"CONSOLIDADA";"";"Presencial";
"1226415";"01";"5752762";"";"";"38363";"STRICTO SENSU";"";"Sala das Algas, Centro de Biociências, UFRN";"2014";"1";"2014-02-10";"2014-06-11";"4T234";"13";"14";"REGULAR";"f";"2014-06-21 08:10:30.546";"f";"";"48";"CONSOLIDADA";"";"Presencial";
"1226416";"01";"21922";"";"Turma destinada a aluna Joseane Dunga da Costa.";"37173";"STRICTO SENSU";"";"SALA DE AULA DO PREDIO DO LARHISA";"2014";"1";"2014-02-03";"2014-08-03";"3M123";"1";"1";"REGULAR";"f";"2014-06-16 21:25:12.891";"f";"";"54";"CONSOLIDADA";"";"Presencial";
"1226417";"11";"18190";"";"";"27157";"GRADUAÇÃO";"";"EXTREMOZ/RN";"2014";"1";"2014-01-27";"2014-06-14";"";"";"";"REGULAR";"t";"2014-06-11 12:34:13.265";"f";"";"0";"CONSOLIDADA";"";"A Distância";
"1226418";"01";"5752164";"";"";"38378";"STRICTO SENSU";"";"A definir";"2014";"1";"2014-05-26";"2014-05-30";"7M1";"13";"13";"REGULAR";"f";"2014-05-29 11:25:51.215";"f";"";"0";"CONSOLIDADA";"";"Presencial";
"1226419";"01";"5752187";"";"";"2055905";"STRICTO SENSU";"";"Sala das Algas, Centro de Biociências, UFRN";"2014";"1";"2014-02-10";"2014-06-11";"7M123";"1";"2";"REGULAR";"f";"2014-08-01 20:56:31.879";"f";"";"27";"CONSOLIDADA";"";"Presencial";
"1226419";"01";"5753009";"";"";"2055905";"STRICTO SENSU";"";"Sala das Algas, Centro de Biociências, UFRN";"2014";"1";"2014-02-10";"2014-06-11";"7M123";"1";"2";"REGULAR";"f";"2014-08-01 20:56:31.879";"f";"";"27";"CONSOLIDADA";"";"Presencial";
"1226419";"01";"22188";"";"";"2055905";"STRICTO SENSU";"";"Sala das Algas, Centro de Biociências, UFRN";"2014";"1";"2014-02-10";"2014-06-11";"7M123";"1";"2";"REGULAR";"f";"2014-08-01 20:56:31.879";"f";"";"27";"CONSOLIDADA";"";"Presencial";
"1226420";"11A";"";"99086131";"";"42476";"GRADUAÇÃO";"";"EXTREMOZ/RN";"2014";"1";"2014-01-27";"2014-06-14";"";"";"";"REGULAR";"t";"2014-06-07 15:03:46.412";"f";"";"0";"CONSOLIDADA";"";"A Distância";
"1226421";"02";"17864";"";"Turma destinada ao aluno Marcos André Capituliano de Barros Filho.";"37173";"STRICTO SENSU";"";"SALA DE AULA DO PREDIO DO LARHISA";"2014";"1";"2014-02-03";"2014-08-03";"3M123";"1";"1";"REGULAR";"f";"2014-06-20 14:51:01.747";"f";"";"48";"CONSOLIDADA";"";"Presencial";
"1226423";"01";"21928";"";"";"2046642";"STRICTO SENSU";"";"SALA F1/SETOR V";"2014";"1";"2014-02-10";"2014-06-11";"3M456";"10";"20";"REGULAR";"f";"2014-07-15 15:32:04.827";"f";"";"51";"CONSOLIDADA";"";"Presencial";
"1226424";"03";"17864";"";"Turma destinada a aluna Raissa Câmara Martins da Costa.  ";"37173";"STRICTO SENSU";"";"SALA DE AULA DO PREDIO DO LARHISA";"2014";"1";"2014-02-03";"2014-08-03";"2M123";"1";"1";"REGULAR";"f";"";"f";"";"";"EXCLUÍDA";"";"Presencial";
"1226425";"04";"5753103";"";"Turma destinada a aluna Larynne Dantas de Senna.";"37173";"STRICTO SENSU";"";"SALA DE AULA DO PREDIO DO LARHISA";"2014";"1";"2014-02-03";"2014-08-03";"3M123";"1";"1";"REGULAR";"f";"2014-06-12 08:08:17.37";"f";"";"54";"CONSOLIDADA";"";"Presencial";
"1226426";"01";"5751841";"";"";"53730";"STRICTO SENSU";"";"Sala de reunião do DMOR";"2014";"1";"2014-02-28";"2014-05-02";"6T12345 (28/02/2014 - 25/04/2014)";"15";"20";"REGULAR";"f";"2014-05-28 15:17:26.8";"f";"";"40";"CONSOLIDADA";"";"Presencial";
"1226426";"01";"24706";"";"";"53730";"STRICTO SENSU";"";"Sala de reunião do DMOR";"2014";"1";"2014-02-28";"2014-05-02";"6T12345 (28/02/2014 - 25/04/2014)";"15";"20";"REGULAR";"f";"2014-05-28 15:17:26.8";"f";"";"40";"CONSOLIDADA";"";"Presencial";
"1226427";"05";"23906";"";"Turma destinada ao aluno David Jefferson Cardoso Araújo.";"37173";"STRICTO SENSU";"";"SALA DE AULA DO PREDIO DO LARHISA";"2014";"1";"2014-02-03";"2014-08-03";"2M123";"1";"1";"REGULAR";"f";"";"f";"";"";"INTERROMPIDA";"";"Presencial";
"1226428";"08";"5754954";"";"";"23766";"GRADUAÇÃO";"Campus Central";"A definir";"2014";"1";"2014-01-27";"2014-06-14";"2M123456";"1";"2";"REGULAR";"f";"2014-06-16 14:07:26.161";"f";"";"102";"CONSOLIDADA";"";"Presencial";
"1226429";"26";"";"99086131";"";"50671";"GRADUAÇÃO";"";"CURRAIS NOVOS/RN";"2014";"1";"2014-01-27";"2014-06-14";"";"";"";"REGULAR";"t";"";"f";"";"";"EXCLUÍDA";"";"A Distância";
"1226430";"15A";"";"99086131";"";"50671";"GRADUAÇÃO";"";"LAJES/RN";"2014";"1";"2014-01-27";"2014-06-14";"";"";"";"REGULAR";"t";"";"f";"";"";"EXCLUÍDA";"";"A Distância";
"1226431";"16";"";"99086131";"";"50671";"GRADUAÇÃO";"";"MARCELINO VIEIRA/RN";"2014";"1";"2014-01-27";"2014-06-14";"";"";"";"REGULAR";"t";"";"f";"";"";"EXCLUÍDA";"";"A Distância";
"1226432";"09";"18422";"";"";"23766";"GRADUAÇÃO";"Campus Central";"A definir";"2014";"1";"2014-01-27";"2014-06-14";"35M234";"1";"2";"REGULAR";"f";"2014-06-15 15:03:17.448";"f";"";"111";"CONSOLIDADA";"";"Presencial";
"1226433";"06";"5753343";"";"Turma destinada a aluna Aline do Vale Figueiredo.";"37173";"STRICTO SENSU";"";"SALA DE AULA DO PREDIO DO LARHISA";"2014";"1";"2014-02-03";"2014-08-03";"2M123";"1";"1";"REGULAR";"f";"2014-06-04 18:00:15.153";"f";"";"54";"CONSOLIDADA";"";"Presencial";
"1226434";"01";"19233";"";"";"44412";"STRICTO SENSU";"";"Sala 94 do CT";"2014";"1";"2014-02-03";"2014-06-14";"2T1234";"20";"11";"REGULAR";"f";"2014-06-13 01:23:19.207";"f";"";"68";"CONSOLIDADA";"";"Presencial";
"1226434";"01";"20680";"";"";"44412";"STRICTO SENSU";"";"Sala 94 do CT";"2014";"1";"2014-02-03";"2014-06-14";"2T1234";"20";"11";"REGULAR";"f";"2014-06-13 01:23:19.207";"f";"";"68";"CONSOLIDADA";"";"Presencial";
"1226435";"07";"5755584";"";"Turma destinada a aluna Fernanda Cunha Maia. ";"37173";"STRICTO SENSU";"";"SALA DE AULA DO PREDIO DO LARHISA";"2014";"1";"2014-02-03";"2014-08-03";"2M123";"1";"1";"REGULAR";"f";"2014-06-14 01:27:36.233";"f";"";"51";"CONSOLIDADA";"";"Presencial";
"1226436";"15B";"";"99086131";"";"50671";"GRADUAÇÃO";"";"LAJES/RN";"2014";"1";"2014-01-27";"2014-06-14";"";"";"";"REGULAR";"t";"";"f";"";"";"EXCLUÍDA";"";"A Distância";
"1226437";"08";"17864";"";"Turma destinada ao aluno Alfredo Costa Neto. ";"37173";"STRICTO SENSU";"";"SALA DE AULA DO PREDIO DO LARHISA";"2014";"1";"2014-02-03";"2014-08-03";"2M123";"1";"1";"REGULAR";"f";"2014-06-20 15:00:59.445";"f";"";"45";"CONSOLIDADA";"";"Presencial";
"1226438";"03";"20212";"";"";"38433";"STRICTO SENSU";"";"A Definir";"2014";"1";"2014-02-03";"2014-06-14";"7M3";"12";"15";"REGULAR";"f";"2014-06-26 19:06:47.739";"f";"";"15";"CONSOLIDADA";"";"Presencial";
"1226439";"01";"64472";"";"3ª e 5ª, das 14h às 18h.";"37546";"STRICTO SENSU";"";"Lab. LoLITA - DIMAP";"2014";"1";"2014-02-03";"2014-06-14";"35T4";"2";"30";"REGULAR";"f";"2014-06-06 16:08:46.916";"f";"";"33";"CONSOLIDADA";"";"Presencial";
"1226440";"15";"";"99086131";"";"42476";"GRADUAÇÃO";"";"LAJES/RN";"2014";"1";"2014-01-27";"2014-06-14";"";"";"";"REGULAR";"t";"2014-06-07 15:12:38.661";"f";"";"0";"CONSOLIDADA";"";"A Distância";
"1226441";"09";"5753107";"";"Turma destinada a aluna Isabelly Bezerra Braga Gomes.";"37173";"STRICTO SENSU";"";"SALA DE AULA DO PREDIO DO LARHISA";"2014";"1";"2014-02-03";"2014-08-03";"3M123";"1";"1";"REGULAR";"f";"2014-06-21 11:23:08.257";"f";"";"57";"CONSOLIDADA";"";"Presencial";
"1226442";"01";"";"98921581";"";"2055904";"STRICTO SENSU";"";"Anfiteatro das Aves, Centro de Biociências, UFRN";"2014";"1";"2014-03-10";"2014-03-17";"23456M2345  23456T2345 (10/03/2014 - 17/03/2014)";"1";"7";"REGULAR";"f";"";"f";"";"";"EXCLUÍDA";"";"Presencial";
"1226442";"01";"";"2120584";"";"2055904";"STRICTO SENSU";"";"Anfiteatro das Aves, Centro de Biociências, UFRN";"2014";"1";"2014-03-10";"2014-03-17";"23456M2345  23456T2345 (10/03/2014 - 17/03/2014)";"1";"7";"REGULAR";"f";"";"f";"";"";"EXCLUÍDA";"";"Presencial";
"1226444";"01";"22188";"";"";"2055909";"STRICTO SENSU";"";"Turma exclusiva para Leonardo Pivotto";"2014";"1";"2014-02-10";"2014-02-14";"7N4 (10/02/2014 - 14/02/2014)";"3";"1";"REGULAR";"f";"2014-06-06 18:38:12.975";"f";"";"0";"CONSOLIDADA";"";"Presencial";
"1226445";"02";"";"99086131";"";"42476";"GRADUAÇÃO";"";"CURRAIS NOVOS/RN";"2014";"1";"2014-01-27";"2014-06-14";"";"";"";"REGULAR";"t";"2014-06-07 15:19:24.488";"f";"";"0";"CONSOLIDADA";"";"A Distância";
"1226446";"11B";"";"99086131";"";"42476";"GRADUAÇÃO";"";"EXTREMOZ/RN";"2014";"1";"2014-01-27";"2014-06-14";"";"";"";"REGULAR";"t";"";"f";"";"";"EXCLUÍDA";"";"A Distância";
"1226447";"16";"";"99086131";"";"42476";"GRADUAÇÃO";"";"MARCELINO VIEIRA/RN";"2014";"1";"2014-01-27";"2014-06-14";"";"";"";"REGULAR";"t";"2014-06-20 19:07:13.01";"f";"";"0";"CONSOLIDADA";"";"A Distância";
"1226448";"01";"5752798";"";"";"38700";"STRICTO SENSU";"";"Centro de Biociências";"2014";"1";"2014-02-10";"2014-06-14";"6T456";"2";"1";"REGULAR";"f";"2014-06-20 13:24:06.944";"f";"";"48";"CONSOLIDADA";"";"Presencial";
"1226449";"02";"5752697";"";"";"38700";"STRICTO SENSU";"";"Centro de Biociências";"2014";"1";"2014-02-10";"2014-06-14";"6N123";"2";"2";"REGULAR";"f";"2014-06-13 12:16:49.832";"f";"";"51";"CONSOLIDADA";"";"Presencial";
"1226450";"04";"5752275";"";"";"2036863";"STRICTO SENSU";"";"SETOR I";"2014";"1";"2014-02-10";"2014-06-11";"4N23";"2";"2";"REGULAR";"f";"2014-06-20 22:22:58.472";"f";"";"32";"CONSOLIDADA";"";"Presencial";
"1226451";"03";"5756209";"";"";"43328";"GRADUAÇÃO";"Campus Currais Novos";"A definir";"2014";"1";"2014-01-27";"2014-06-14";"2N1234";"20";"40";"REGULAR";"f";"2014-06-20 18:23:57.235";"f";"";"68";"CONSOLIDADA";"";"Presencial";
"1226452";"01";"25431";"";"3ª feira, das 09h às 12h, a partir de 04/02.";"37560";"STRICTO SENSU";"";"SETOR II - SALA F2";"2014";"1";"2014-02-03";"2014-06-14";"3M12";"1";"30";"REGULAR";"f";"2014-12-08 21:00:46.16";"f";"";"36";"CONSOLIDADA";"";"Presencial";
"1226454";"01";"25431";"";"3ª feira, das 9h às 12h, a partir de 15/04.";"37561";"STRICTO SENSU";"";"SETOR II - SALA F2";"2014";"1";"2014-02-03";"2014-06-14";"3N12";"1";"30";"REGULAR";"f";"2014-12-08 21:03:32.662";"f";"";"36";"CONSOLIDADA";"";"Presencial";
"1226455";"22";"5752736";"";"";"51465";"GRADUAÇÃO";"";"GUAMARÉ/RN";"2014";"1";"2014-01-27";"2014-06-14";"";"";"";"REGULAR";"t";"2014-06-21 16:45:02.374";"f";"";"0";"CONSOLIDADA";"";"A Distância";
"1226456";"01";"21391";"";"";"27161";"GRADUAÇÃO";"";"MACAU/RN";"2014";"1";"2014-01-27";"2014-06-14";"";"";"";"REGULAR";"t";"2014-06-10 16:23:36.475";"f";"";"0";"CONSOLIDADA";"";"A Distância";
"1226457";"03";"5755393";"";"";"44532";"STRICTO SENSU";"";"DEF - SALA 07";"2014";"1";"2014-01-27";"2014-07-15";"6M12";"2";"2";"REGULAR";"f";"2014-08-01 16:47:09.27";"f";"";"42";"CONSOLIDADA";"";"Presencial";
"1226458";"04";"5755393";"";"";"44532";"STRICTO SENSU";"";"DEF - SALA 07";"2014";"1";"2014-01-27";"2014-07-31";"6M12";"";"1";"REGULAR";"f";"";"f";"";"";"EXCLUÍDA";"";"Presencial";
"1226459";"01";"";"99505773";"3ª e 5ª, das 09:55h às 12h.";"37562";"STRICTO SENSU";"";"SETOR II - SALA H3";"2014";"1";"2014-02-03";"2014-06-14";"5M6";"";"30";"REGULAR";"f";"";"f";"";"";"EXCLUÍDA";"";"Presencial";
"1226460";"03";"";"8576960";"";"27170";"GRADUAÇÃO";"";"NOVA CRUZ/RN";"2014";"1";"2014-01-27";"2014-06-14";"";"";"";"REGULAR";"t";"2014-06-05 22:08:39.174";"f";"";"0";"CONSOLIDADA";"";"A Distância";
"1226461";"01";"22824";"";"";"37544";"STRICTO SENSU";"";"SETOR II - SALA B2";"2014";"1";"2014-02-03";"2014-06-14";"2T23";"3";"30";"REGULAR";"f";"2014-09-01 08:34:40.22";"f";"";"28";"CONSOLIDADA";"";"Presencial";
"1226462";"01";"26543";"";"A direção do tratamento na psicanálise com crianças. ";"39631";"STRICTO SENSU";"";"Setor II - sala F4";"2014";"1";"2014-02-13";"2014-05-22";"5N12 (13/02/2014 - 22/05/2014)";"5";"5";"REGULAR";"f";"2014-06-19 18:51:59.982";"f";"";"37";"CONSOLIDADA";"";"Presencial";
"1226463";"01";"22824";"";"2ª feira, 15:30h às 18:30h, a partir de 26/05";"37558";"STRICTO SENSU";"";"SETOR II - SALA B2";"2014";"1";"2014-02-03";"2014-06-14";"2N1";"1";"30";"REGULAR";"f";"";"f";"";"";"INTERROMPIDA";"";"Presencial";
"1226464";"01";"22824";"";"Maio (Datas e horários a definir)";"37559";"STRICTO SENSU";"";"SETOR II";"2014";"1";"2014-02-03";"2014-06-14";"2N2";"1";"30";"REGULAR";"f";"";"f";"";"";"INTERROMPIDA";"";"Presencial";
"1226465";"01";"22006";"";"";"39640";"STRICTO SENSU";"";"a ser definido";"2014";"1";"2014-02-17";"2014-05-05";"2T56 (17/02/2014 - 05/05/2014)";"";"10";"REGULAR";"f";"";"f";"";"";"EXCLUÍDA";"";"Presencial";
"1226466";"01";"5752753";"";"4ª feira, 09h às 10:30h.";"37556";"STRICTO SENSU";"";"SETOR II - SALA G3";"2014";"1";"2014-02-03";"2014-06-14";"4M56";"1";"30";"REGULAR";"f";"2014-06-16 06:46:51.035";"f";"";"34";"CONSOLIDADA";"";"Presencial";
"1226467";"01";"22937";"";"";"37583";"STRICTO SENSU";"";"SETOR II - SALA G1";"2014";"1";"2014-02-03";"2014-06-14";"2T1";"6";"30";"REGULAR";"f";"2014-06-09 19:36:59.381";"f";"";"17";"CONSOLIDADA";"";"Presencial";
"1226468";"01";"";"100355045";"17, 18, 19, 20 e 21 de março, 09h às 12h
";"37584";"STRICTO SENSU";"";"SETOR II - SALA G1";"2014";"1";"2014-02-03";"2014-06-14";"2M3";"1";"30";"REGULAR";"f";"2014-07-13 10:45:48.707";"f";"";"17";"CONSOLIDADA";"";"Presencial";
"1226469";"01";"";"100355045";"12, 13, 14, 15 e 16 de maio, 09h às 12h
";"37585";"STRICTO SENSU";"";"SETOR II - SALA G1";"2014";"1";"2014-02-03";"2014-06-14";"2M4";"4";"30";"REGULAR";"f";"2014-07-13 11:08:02.935";"f";"";"17";"CONSOLIDADA";"";"Presencial";
"1226470";"01";"3527585";"";"";"50335";"STRICTO SENSU";"";"Sala das Algas";"2014";"1";"2014-02-10";"2014-06-14";"4T1234";"20";"20";"REGULAR";"f";"2014-06-10 08:53:42.835";"f";"";"64";"CONSOLIDADA";"";"Presencial";
"1226470";"01";"25126";"";"";"50335";"STRICTO SENSU";"";"Sala das Algas";"2014";"1";"2014-02-10";"2014-06-14";"4T1234";"20";"20";"REGULAR";"f";"2014-06-10 08:53:42.835";"f";"";"64";"CONSOLIDADA";"";"Presencial";
"1226471";"01";"5752798";"";"Início: 18/02/14.";"50351";"STRICTO SENSU";"";"Sala das Algas";"2014";"1";"2014-02-10";"2014-06-14";"3M2345";"13";"15";"REGULAR";"f";"2014-06-26 00:01:18.89";"f";"";"68";"CONSOLIDADA";"";"Presencial";
"1226471";"01";"26013";"";"Início: 18/02/14.";"50351";"STRICTO SENSU";"";"Sala das Algas";"2014";"1";"2014-02-10";"2014-06-14";"3M2345";"13";"15";"REGULAR";"f";"2014-06-26 00:01:18.89";"f";"";"68";"CONSOLIDADA";"";"Presencial";
"1226472";"02";"25470";"";"";"50339";"STRICTO SENSU";"";"Sala das Algas";"2014";"1";"2014-02-10";"2014-06-14";"6T2345";"8";"10";"REGULAR";"f";"2014-06-12 14:28:29.469";"f";"";"64";"CONSOLIDADA";"";"Presencial";
"1226472";"02";"3030265";"";"";"50339";"STRICTO SENSU";"";"Sala das Algas";"2014";"1";"2014-02-10";"2014-06-14";"6T2345";"8";"10";"REGULAR";"f";"2014-06-12 14:28:29.469";"f";"";"64";"CONSOLIDADA";"";"Presencial";
"1226473";"02";"22876";"";"";"25756";"GRADUAÇÃO";"Campus Central";"Sala M";"2014";"1";"2014-01-27";"2014-06-14";"6N34";"";"5";"REGULAR";"f";"2014-06-06 19:01:52.964";"f";"";"36";"CONSOLIDADA";"";"Presencial";
"1226474";"03";"5751559";"";"";"23978";"GRADUAÇÃO";"";"Sala 15";"2014";"1";"2014-01-27";"2014-06-14";"4N12";"";"3";"REGULAR";"f";"";"f";"";"";"EXCLUÍDA";"";"Presencial";
"1226475";"01";"5755322";"";"Métodos Matemáticos das Ciências Naturais";"50357";"STRICTO SENSU";"";"DBF";"2014";"1";"2014-02-10";"2014-06-14";"4M456";"";"2";"REGULAR";"f";"";"f";"";"";"EXCLUÍDA";"";"Presencial";
"1226476";"06";"23014";"";"";"2021153";"GRADUAÇÃO";"";"Sala 04";"2014";"1";"2014-01-27";"2014-06-14";"5M56";"";"1";"REGULAR";"f";"";"f";"";"";"EXCLUÍDA";"";"Presencial";
"1226477";"10";"5753340";"";"Turma destinada a aluna Alana Rayza Vidal Jerônimo do Nascimento.";"37173";"STRICTO SENSU";"";"SALA DE AULA DO PREDIO DO LARHISA";"2014";"1";"2014-02-03";"2014-08-03";"3M123";"1";"1";"REGULAR";"f";"2014-06-12 08:41:34.826";"f";"";"54";"CONSOLIDADA";"";"Presencial";
"1226478";"11";"5753107";"";"Turma destinada a aluna Xaila Sant'anna Amaral.";"37173";"STRICTO SENSU";"";"SALA DE AULA DO PREDIO DO LARHISA";"2014";"1";"2014-02-03";"2014-08-03";"2T234";"1";"1";"REGULAR";"f";"2014-06-21 11:26:00.602";"f";"";"51";"CONSOLIDADA";"";"Presencial";
"1226479";"12";"19085";"";"Turam destinada ao aluno Bruno Freitas Cardoso.";"37173";"STRICTO SENSU";"";"SALA DE AULA DO PREDIO DO LARHISA";"2014";"1";"2014-02-03";"2014-08-03";"3M123";"1";"1";"REGULAR";"f";"2015-01-05 05:08:44.381";"f";"";"66";"CONSOLIDADA";"";"Presencial";
"1226480";"07";"18190";"";"";"27157";"GRADUAÇÃO";"";"TABIRA/PE";"2014";"1";"2014-01-27";"2014-06-14";"";"";"";"REGULAR";"t";"2014-06-11 12:32:53.507";"f";"";"0";"CONSOLIDADA";"";"A Distância";
"1226481";"04";"17918";"";"";"2044050";"GRADUAÇÃO";"";"CAMPINA GRANDE/PB";"2014";"1";"2014-01-27";"2014-06-14";"";"";"";"REGULAR";"t";"2014-06-03 13:10:03.856";"f";"";"0";"CONSOLIDADA";"";"A Distância";
"1226482";"13";"17918";"";"";"2044050";"GRADUAÇÃO";"";"MARTINS/RN";"2014";"1";"2014-01-27";"2014-06-14";"";"";"";"REGULAR";"t";"2014-06-03 13:20:47.824";"f";"";"0";"CONSOLIDADA";"";"A Distância";
"1226483";"01C";"18190";"";"";"27154";"GRADUAÇÃO";"";"MACAU/RN";"2014";"1";"2014-01-27";"2014-06-14";"";"";"";"REGULAR";"t";"2014-06-11 12:46:06.355";"f";"";"0";"CONSOLIDADA";"";"A Distância";
"1226484";"12";"21949";"";"";"39176";"STRICTO SENSU";"";"Centro de Educação";"2014";"1";"2014-02-10";"2014-06-11";"3T6";"1";"1";"REGULAR";"f";"";"f";"";"";"ABERTA";"";"Presencial";
"1226485";"01C";"18190";"";"";"27152";"GRADUAÇÃO";"";"MACAU/RN";"2014";"1";"2014-01-27";"2014-06-14";"";"";"";"REGULAR";"t";"2014-06-11 12:55:51.979";"f";"";"0";"CONSOLIDADA";"";"A Distância";
"1226486";"01";"18190";"";"";"27150";"GRADUAÇÃO";"";"MACAU/RN";"2014";"1";"2014-01-27";"2014-06-14";"";"";"";"REGULAR";"t";"2014-06-11 13:07:21.294";"f";"";"0";"CONSOLIDADA";"";"A Distância";
"1226487";"02";"5752289";"";"";"27134";"GRADUAÇÃO";"";"CURRAIS NOVOS/RN";"2014";"1";"2014-01-27";"2014-06-14";"";"";"";"REGULAR";"t";"2014-06-05 23:19:31.604";"f";"";"0";"CONSOLIDADA";"";"A Distância";
"1226488";"03";"5752289";"";"";"27134";"GRADUAÇÃO";"";"NOVA CRUZ/RN";"2014";"1";"2014-01-27";"2014-06-14";"";"";"";"REGULAR";"t";"2014-06-05 23:21:39.625";"f";"";"0";"CONSOLIDADA";"";"A Distância";
"1226489";"06";"5752289";"";"";"27134";"GRADUAÇÃO";"";"PETROLINA/PE";"2014";"1";"2014-01-27";"2014-06-14";"";"";"";"REGULAR";"t";"2014-06-05 23:23:20.79";"f";"";"0";"CONSOLIDADA";"";"A Distância";
"1226490";"11";"5752286";"";"";"2052204";"STRICTO SENSU";"";"Sala do Professor";"2014";"1";"2014-01-27";"2014-06-13";"6M1234";"";"1";"REGULAR";"f";"";"f";"";"";"EXCLUÍDA";"";"Presencial";
"1226491";"01B";"5753597";"";"";"42412";"GRADUAÇÃO";"";"MACAU/RN";"2014";"1";"2014-01-27";"2014-06-14";"";"";"";"REGULAR";"t";"2014-06-21 11:40:28.865";"f";"";"0";"CONSOLIDADA";"";"A Distância";
"1226492";"12";"5753853";"";"";"2052204";"STRICTO SENSU";"";"Sala do Professor";"2014";"1";"2014-01-27";"2014-06-13";"24M12";"1";"2";"REGULAR";"f";"2014-06-18 15:18:59.99";"f";"";"74";"CONSOLIDADA";"";"Presencial";
"1226493";"19";"25991";"";"";"39180";"STRICTO SENSU";"";"Centro de Educação";"2014";"1";"2014-02-10";"2014-06-11";"5T1";"1";"1";"REGULAR";"f";"2014-07-21 18:06:05.579";"f";"";"15";"CONSOLIDADA";"";"Presencial";
"1226494";"08";"5755753";"";"Turma clonada a partir da turma 2014.1 - PAT0023 T02";"2049854";"GRADUAÇÃO";"Campus Central";"Departamento de Patologia";"2014";"1";"2014-01-27";"2014-06-14";"2N1 6N34";"13";"23";"REGULAR";"f";"";"f";"";"";"EXCLUÍDA";"";"Presencial";
"1226495";"02";"18485";"";"";"27151";"GRADUAÇÃO";"";"CURRAIS NOVOS/RN";"2014";"1";"2014-01-27";"2014-06-14";"";"";"";"REGULAR";"t";"2014-06-16 17:02:20.719";"f";"";"0";"CONSOLIDADA";"";"A Distância";
"1226496";"02";"2264213";"";"";"53332";"STRICTO SENSU";"";"SETOR V - SALA D3";"2014";"1";"2014-02-03";"2014-06-13";"5T34";"2";"40";"REGULAR";"f";"2014-07-29 08:53:08.942";"f";"";"34";"CONSOLIDADA";"";"Presencial";
"1226497";"02";"2264213";"";"";"55266";"STRICTO SENSU";"";"SETOR V - SALA D3";"2014";"1";"2014-02-03";"2014-06-13";"5T56";"2";"40";"REGULAR";"f";"2014-07-29 08:49:38.133";"f";"";"34";"CONSOLIDADA";"";"Presencial";
"1226498";"01";"5753872";"";"";"2053804";"STRICTO SENSU";"";"A Definir";"2014";"1";"2014-02-03";"2014-06-14";"7M4";"1";"1";"REGULAR";"f";"2014-06-12 21:29:03.407";"f";"";"18";"CONSOLIDADA";"";"Presencial";
"1226499";"13";"5753343";"";"Turma destinada ao aluno Rudah Marques Maniçoba.";"37173";"STRICTO SENSU";"";"SALA DE AULA DO PREDIO DO LARHISA";"2014";"1";"2014-02-03";"2014-08-03";"3M123";"0";"1";"REGULAR";"f";"";"f";"";"";"EXCLUÍDA";"";"Presencial";
"1226500";"01";"22944";"";"";"42156";"STRICTO SENSU";"";"A definir";"2014";"1";"2014-02-10";"2014-06-14";"6N1234";"1";"5";"REGULAR";"f";"2015-09-10 18:37:15.466";"f";"";"0";"CONSOLIDADA";"";"Presencial";
"1226501";"02";"23859";"";"";"42156";"STRICTO SENSU";"";"A definir";"2014";"1";"2014-02-10";"2014-06-14";"6N1234";"1";"5";"REGULAR";"f";"2015-01-05 03:31:16.648";"f";"";"0";"CONSOLIDADA";"";"Presencial";
"1226502";"03";"5753584";"";"";"42156";"STRICTO SENSU";"";"A definir";"2014";"1";"2014-02-10";"2014-06-14";"6N1234";"1";"5";"REGULAR";"f";"2016-02-05 09:14:19.102";"f";"";"68";"CONSOLIDADA";"";"Presencial";
"1226503";"02";"5753597";"";"";"42412";"GRADUAÇÃO";"";"CURRAIS NOVOS/RN";"2014";"1";"2014-01-27";"2014-06-14";"";"";"";"REGULAR";"t";"2014-06-20 19:10:33.801";"f";"";"0";"CONSOLIDADA";"";"A Distância";
"1226504";"16B";"5755929";"";"";"46534";"GRADUAÇÃO";"";"MARCELINO VIEIRA/RN";"2014";"1";"2014-01-27";"2014-06-14";"";"";"";"REGULAR";"t";"2014-06-06 12:08:08.552";"f";"";"0";"CONSOLIDADA";"";"A Distância";
"1226504";"16B";"";"102136299";"";"46534";"GRADUAÇÃO";"";"MARCELINO VIEIRA/RN";"2014";"1";"2014-01-27";"2014-06-14";"";"";"";"REGULAR";"t";"2014-06-06 12:08:08.552";"f";"";"0";"CONSOLIDADA";"";"A Distância";
"1226505";"03E";"";"102136299";"";"46534";"GRADUAÇÃO";"";"NOVA CRUZ/RN";"2014";"1";"2014-01-27";"2014-06-14";"";"";"";"REGULAR";"t";"2014-06-06 12:00:56.359";"f";"";"0";"CONSOLIDADA";"";"A Distância";
"1226505";"03E";"5755929";"";"";"46534";"GRADUAÇÃO";"";"NOVA CRUZ/RN";"2014";"1";"2014-01-27";"2014-06-14";"";"";"";"REGULAR";"t";"2014-06-06 12:00:56.359";"f";"";"0";"CONSOLIDADA";"";"A Distância";
"1226506";"04";"18727";"";"";"27178";"GRADUAÇÃO";"";"CAMPINA GRANDE/PB";"2014";"1";"2014-01-27";"2014-06-14";"";"";"";"REGULAR";"t";"2014-06-20 00:29:12.444";"f";"";"0";"CONSOLIDADA";"";"A Distância";
"1226507";"01";"21604";"";"";"37032";"STRICTO SENSU";"";"Sala do PPGAU";"2014";"1";"2014-02-10";"2014-06-12";"4M345";"18";"20";"REGULAR";"f";"2014-07-21 21:29:25.486";"f";"";"45";"CONSOLIDADA";"";"Presencial";
"1226507";"01";"21589";"";"";"37032";"STRICTO SENSU";"";"Sala do PPGAU";"2014";"1";"2014-02-10";"2014-06-12";"4M345";"18";"20";"REGULAR";"f";"2014-07-21 21:29:25.486";"f";"";"45";"CONSOLIDADA";"";"Presencial";
"1226508";"14";"3031765";"";"";"46911";"GRADUAÇÃO";"";"CAICÓ/RN";"2014";"1";"2014-01-27";"2014-06-14";"";"";"";"REGULAR";"t";"2014-06-07 19:53:55.445";"f";"";"0";"CONSOLIDADA";"";"A Distância";
"1226509";"01";"15556";"";"";"39485";"STRICTO SENSU";"";"Sala G2 setor II";"2014";"1";"2014-02-10";"2014-06-20";"4T2345";"31";"40";"REGULAR";"f";"2014-11-13 00:53:47.597";"f";"";"64";"CONSOLIDADA";"";"Presencial";
"1226510";"01";"130657";"";"";"41629";"STRICTO SENSU";"";"Sala C4 setor II";"2014";"1";"2014-02-10";"2014-06-20";"3T2345";"25";"40";"REGULAR";"f";"2014-08-15 15:49:00.976";"f";"";"80";"CONSOLIDADA";"";"Presencial";
"1226511";"01";"5752300";"";"";"39487";"STRICTO SENSU";"";"Sala G2 setor II";"2014";"1";"2014-02-10";"2014-06-20";"3T2345";"5";"40";"REGULAR";"f";"2015-01-05 10:25:20.861";"f";"";"60";"CONSOLIDADA";"";"Presencial";
"1226512";"01";"5752748";"";"";"39493";"STRICTO SENSU";"";"Sala G2 setor II";"2014";"1";"2014-02-10";"2014-06-20";"2T2345";"24";"40";"REGULAR";"f";"2015-07-28 16:11:36.517";"f";"";"60";"CONSOLIDADA";"";"Presencial";
"1226513";"14";"5753340";"";"Turma destinada a aluna Alana Rayza.";"37173";"STRICTO SENSU";"";"SALA DE AULA DO PREDIO DO LARHISA";"2014";"1";"2014-02-03";"2014-08-03";"2N123";"";"1";"REGULAR";"f";"";"f";"";"";"EXCLUÍDA";"";"Presencial";
"1226514";"08";"24414";"";"";"41286";"STRICTO SENSU";"";"Sala Prof. Eduardo Lins";"2014";"1";"2014-01-27";"2014-05-30";"6M1";"1";"1";"REGULAR";"f";"2014-07-22 11:18:27.344";"f";"";"17";"CONSOLIDADA";"";"Presencial";
"1226515";"09";"24414";"";"";"41286";"STRICTO SENSU";"";"Sala Prof. Eduardo Lins";"2014";"1";"2014-01-27";"2014-05-30";"6M2";"1";"1";"REGULAR";"f";"2014-07-22 09:15:39.787";"f";"";"17";"CONSOLIDADA";"";"Presencial";
"1226516";"10";"21705";"";"";"18832";"TÉCNICO";"";"Sala 25";"2014";"1";"2014-01-27";"2014-06-14";"4T456";"";"10";"REGULAR";"f";"2014-06-20 13:54:42.838";"f";"";"45";"CONSOLIDADA";"";"Presencial";
"1226517";"10";"18409";"";"";"41286";"STRICTO SENSU";"";"Sala Prof. Afonso";"2014";"1";"2014-01-27";"2014-05-30";"2M2";"1";"1";"REGULAR";"f";"2014-06-18 14:43:38.286";"f";"";"16";"CONSOLIDADA";"";"Presencial";
"1226518";"04";"5752017";"";"AULAS MINISTRADA NO HUOL";"47325";"FORMAÇÃO COMPLEMENTAR";"";"HUOL";"2014";"1";"2014-02-10";"2014-06-14";"35T56";"";"20";"REGULAR";"f";"2014-06-17 15:18:15.739";"f";"";"64";"CONSOLIDADA";"";"Presencial";
"1226519";"01";"5753605";"";"Linguagens midiáticas e processos de produção de sentido em mídias e redes digitais";"2051917";"STRICTO SENSU";"";"Sala B-3, Setor II";"2014";"1";"2014-02-10";"2014-05-23";"4T345";"13";"35";"REGULAR";"f";"2014-06-14 21:09:26.662";"f";"";"42";"CONSOLIDADA";"";"Presencial";
"1226519";"01";"5752549";"";"Linguagens midiáticas e processos de produção de sentido em mídias e redes digitais";"2051917";"STRICTO SENSU";"";"Sala B-3, Setor II";"2014";"1";"2014-02-10";"2014-05-23";"4T345";"13";"35";"REGULAR";"f";"2014-06-14 21:09:26.662";"f";"";"42";"CONSOLIDADA";"";"Presencial";
"1226520";"01";"25437";"";"";"44415";"STRICTO SENSU";"";"A Definir";"2014";"1";"2014-02-03";"2014-06-14";"35T56";"1";"1";"REGULAR";"f";"2014-06-21 17:48:38.372";"f";"";"70";"CONSOLIDADA";"";"Presencial";
"1226521";"22";"5752497";"";"";"2021150";"GRADUAÇÃO";"";"Sala 04";"2014";"1";"2014-01-27";"2014-06-14";"3M34";"";"1";"REGULAR";"f";"";"f";"";"";"EXCLUÍDA";"";"Presencial";
"1226522";"15";"5752878";"";"Turma clonada a partir da turma 2014.1 - MUS0054 T12";"2021202";"GRADUAÇÃO";"Campus Central";"Sala 07";"2014";"1";"2014-01-27";"2014-06-14";"2M12";"2";"2";"REGULAR";"f";"";"f";"";"";"EXCLUÍDA";"";"Presencial";
"1226523";"06";"20909";"";"";"2021406";"GRADUAÇÃO";"";"Sala 20";"2014";"1";"2014-01-27";"2014-06-14";"2N23";"";"2";"REGULAR";"f";"2014-06-17 09:17:06.018";"f";"";"36";"CONSOLIDADA";"";"Presencial";
"1226524";"23";"20909";"";"";"2021150";"GRADUAÇÃO";"";"Sala 20";"2014";"1";"2014-01-27";"2014-06-14";"5M34";"";"1";"REGULAR";"f";"2014-06-17 09:26:21.014";"f";"";"36";"CONSOLIDADA";"";"Presencial";
"1226525";"24";"35466";"";"";"2021150";"GRADUAÇÃO";"";"Sala 21";"2014";"1";"2014-01-27";"2014-06-14";"3T56";"";"1";"REGULAR";"f";"";"f";"";"";"EXCLUÍDA";"";"Presencial";
"1226526";"25";"23014";"";"";"2021150";"GRADUAÇÃO";"";"Sala 04";"2014";"1";"2014-01-27";"2014-06-14";"5T34";"1";"2";"REGULAR";"f";"2014-06-11 20:45:24.197";"f";"";"34";"CONSOLIDADA";"";"Presencial";
"1226527";"05";"26062";"";"";"2021350";"GRADUAÇÃO";"Campus Central";"Sala 04";"2014";"1";"2014-01-27";"2014-06-14";"5T12";"2";"8";"REGULAR";"f";"2014-06-11 21:06:01.963";"f";"";"34";"CONSOLIDADA";"";"Presencial";
"1226527";"05";"23477";"";"";"2021350";"GRADUAÇÃO";"Campus Central";"Sala 04";"2014";"1";"2014-01-27";"2014-06-14";"5T12";"2";"8";"REGULAR";"f";"2014-06-11 21:06:01.963";"f";"";"34";"CONSOLIDADA";"";"Presencial";
"1226528";"16";"5753753";"";"Turma clonada a partir da turma 2014.1 - MUS0047 T07";"2021152";"GRADUAÇÃO";"Campus Central";"Sala 04";"2014";"1";"2014-01-27";"2014-06-14";"3M12";"1";"2";"REGULAR";"f";"";"f";"";"";"EXCLUÍDA";"";"Presencial";
"1226529";"07";"26062";"";"";"2021405";"GRADUAÇÃO";"";"Sala 03";"2014";"1";"2014-01-27";"2014-06-14";"2M56";"";"8";"REGULAR";"f";"2014-06-11 20:41:37.289";"f";"";"34";"CONSOLIDADA";"";"Presencial";
"1226530";"13";"5752965";"";"";"2052204";"STRICTO SENSU";"";"Sala do Professor";"2014";"1";"2014-01-27";"2014-06-13";"2N1234";"2";"2";"REGULAR";"f";"2014-06-20 16:01:28.099";"f";"";"72";"CONSOLIDADA";"";"Presencial";
"1226531";"05";"5752965";"";"";"2052205";"STRICTO SENSU";"";"Sala do Professor";"2014";"1";"2014-01-27";"2014-06-13";"3N1234";"1";"2";"REGULAR";"f";"";"f";"";"";"EXCLUÍDA";"";"Presencial";
"1226532";"01";"";"102549084";"";"43993";"STRICTO SENSU";"";"Departamento de enfermagem";"2014";"1";"2014-01-27";"2014-06-14";"2T234 (27/01/2014 - 14/06/2014)";"8";"20";"REGULAR";"f";"2014-06-09 19:05:50.216";"f";"";"54";"CONSOLIDADA";"";"Presencial";
"1226532";"01";"23814";"";"";"43993";"STRICTO SENSU";"";"Departamento de enfermagem";"2014";"1";"2014-01-27";"2014-06-14";"2T234 (27/01/2014 - 14/06/2014)";"8";"20";"REGULAR";"f";"2014-06-09 19:05:50.216";"f";"";"54";"CONSOLIDADA";"";"Presencial";
"1226532";"01";"26332";"";"";"43993";"STRICTO SENSU";"";"Departamento de enfermagem";"2014";"1";"2014-01-27";"2014-06-14";"2T234 (27/01/2014 - 14/06/2014)";"8";"20";"REGULAR";"f";"2014-06-09 19:05:50.216";"f";"";"54";"CONSOLIDADA";"";"Presencial";
"1226533";"10";"5754320";"";"";"37467";"STRICTO SENSU";"";"a definir";"2014";"1";"2014-02-03";"2014-06-14";"6T1234";"";"5";"REGULAR";"f";"";"f";"";"";"EXCLUÍDA";"";"Presencial";
"1226534";"01";"5751935";"";"";"53821";"LATO SENSU";"";"NUCLEO DE PÓS-GRADUAÇÃO EM DIREITO - SL 01";"2014";"1";"2014-02-03";"2014-02-07";"23456N1234 (03/02/2014 - 07/02/2014)";"";"55";"REGULAR";"f";"2015-02-11 11:35:51.561";"f";"";"20";"CONSOLIDADA";"";"Presencial";
"1226535";"01";"21734";"";"";"38034";"STRICTO SENSU";"";"AUDITÓRIO DO DEPARTAMENTO DE FISIOTERAPIA";"2014";"1";"2014-02-03";"2014-06-20";"6M2345";"21";"23";"REGULAR";"f";"2014-05-23 15:46:17.905";"f";"";"60";"CONSOLIDADA";"";"Presencial";
"1226536";"01";"22982";"";"";"41184";"STRICTO SENSU";"";"AUDITÓRIO DO DEPARTAMENTO DE FISIOTERAPIA";"2014";"1";"2014-02-03";"2014-06-20";"5T234";"21";"23";"REGULAR";"f";"2014-06-09 14:13:45.637";"f";"";"42";"CONSOLIDADA";"";"Presencial";
"1226537";"06";"5751872";"";"";"39109";"STRICTO SENSU";"";"a combinar com o professor";"2014";"1";"2014-01-27";"2014-06-14";"7M2";"2";"2";"REGULAR";"f";"2014-06-09 10:21:07.611";"f";"";"18";"CONSOLIDADA";"";"Presencial";
"1226538";"01";"24264";"";"";"39633";"STRICTO SENSU";"";"Sala da Base";"2014";"1";"2014-02-13";"2014-05-28";"4T56  4N12 (13/02/2014 - 28/05/2014)";"7";"10";"REGULAR";"f";"2014-05-28 07:04:54.918";"f";"";"56";"CONSOLIDADA";"";"Presencial";
"1226539";"01";"25980";"";"";"39614";"STRICTO SENSU";"";"AUDITORIO LAB PSICOLOGIA";"2014";"1";"2014-02-13";"2014-06-13";"3M2345 (13/02/2014 - 13/06/2014)";"30";"35";"REGULAR";"f";"2014-07-23 12:36:03.15";"f";"";"0";"CONSOLIDADA";"";"Presencial";
"1226540";"01";"21734";"";"";"52362";"STRICTO SENSU";"";"AUDITÓRIO DO DEPARTAMENTO DE FISIOTERAPIA";"2014";"1";"2014-01-27";"2014-06-14";"4M56";"19";"20";"REGULAR";"f";"2014-05-23 16:17:42.33";"f";"";"30";"CONSOLIDADA";"";"Presencial";
"1226541";"01";"21732";"";"";"52367";"STRICTO SENSU";"";"AUDITÓRIO DO DEPARTAMENTO DE FISIOTERAPIA";"2014";"1";"2014-01-27";"2014-06-14";"4M23";"17";"20";"REGULAR";"f";"2014-06-14 21:03:32.258";"f";"";"38";"CONSOLIDADA";"";"Presencial";
"1226542";"01";"25991";"";"Práticas Sociais";"2047852";"STRICTO SENSU";"";"A Definir";"2014";"1";"2014-02-10";"2014-06-06";"4N234";"13";"12";"REGULAR";"f";"2014-11-11 15:02:19.818";"f";"";"48";"CONSOLIDADA";"";"Presencial";
"1226543";"01";"25607";"";"Produção de Sentido";"2047854";"STRICTO SENSU";"";"A Definir";"2014";"1";"2014-02-10";"2014-06-06";"6N123";"5";"5";"REGULAR";"f";"2015-01-30 17:43:17.95";"f";"";"48";"CONSOLIDADA";"";"Presencial";
"1226544";"02";"25991";"";"Práticas Sociais";"2047854";"STRICTO SENSU";"";"A Definir";"2014";"1";"2014-02-10";"2014-06-06";"5N123";"6";"6";"REGULAR";"f";"2014-11-11 15:07:42.393";"f";"";"45";"CONSOLIDADA";"";"Presencial";
"1226545";"01";"2261772";"";"";"41195";"STRICTO SENSU";"";"AUDITÓRIO DO DEPARTAMENTO DE FISIOTERAPIA";"2014";"1";"2014-01-27";"2014-06-14";"5M23";"9";"23";"REGULAR";"f";"2014-07-19 11:20:40.195";"f";"";"32";"CONSOLIDADA";"";"Presencial";
"1226545";"01";"22991";"";"";"41195";"STRICTO SENSU";"";"AUDITÓRIO DO DEPARTAMENTO DE FISIOTERAPIA";"2014";"1";"2014-01-27";"2014-06-14";"5M23";"9";"23";"REGULAR";"f";"2014-07-19 11:20:40.195";"f";"";"32";"CONSOLIDADA";"";"Presencial";
"1226546";"01";"5753557";"";"";"38372";"STRICTO SENSU";"";"Turma destinada a aluna Priscila Campos";"2014";"1";"2014-02-10";"2014-06-11";"7N234";"1";"1";"REGULAR";"f";"2014-06-10 08:49:18.769";"f";"";"51";"CONSOLIDADA";"";"Presencial";
"1226547";"02";"5755584";"";"";"38372";"STRICTO SENSU";"";"Turma destinada a aluna Luênia Tavares";"2014";"1";"2014-02-10";"2014-06-11";"7N234";"1";"1";"REGULAR";"f";"2014-06-11 21:38:39.169";"f";"";"51";"CONSOLIDADA";"";"Presencial";
"1226548";"02";"25607";"";"Produção de Sentido";"2047852";"STRICTO SENSU";"";"A Definir";"2014";"1";"2014-02-10";"2014-06-06";"5N234";"11";"11";"REGULAR";"f";"2014-11-20 10:28:02.617";"f";"";"45";"CONSOLIDADA";"";"Presencial";
"1226549";"04";"2261705";"";"";"38433";"STRICTO SENSU";"";"A Definir";"2014";"1";"2014-02-03";"2014-06-14";"6T1";"2";"2";"REGULAR";"f";"2014-06-13 20:50:21.087";"f";"";"18";"CONSOLIDADA";"";"Presencial";
"1226550";"01";"5753853";"";"SISTEMAS EMBARCADOS";"37750";"STRICTO SENSU";"";"A definir";"2014";"1";"2014-01-27";"2014-06-13";"35T34";"1";"20";"REGULAR";"f";"2014-06-18 15:16:37.519";"f";"";"74";"CONSOLIDADA";"";"Presencial";
"1226551";"01";"22702";"";"";"37700";"STRICTO SENSU";"";"a definir";"2014";"1";"2014-02-04";"2014-06-13";"5N12";"1";"1";"REGULAR";"f";"2015-12-16 09:29:49.998";"f";"";"34";"CONSOLIDADA";"";"Presencial";
"1226552";"01";"24851";"";"";"38276";"STRICTO SENSU";"";"sala do orientador";"2014";"1";"2014-02-17";"2014-06-13";"2T2";"1";"1";"REGULAR";"f";"2014-07-21 17:59:09.388";"f";"";"15";"CONSOLIDADA";"";"Presencial";
"1226553";"01";"3031948";"";"o dia/hora da disciplina o professor definirá com cada orientando.";"38247";"STRICTO SENSU";"";"sala do orientador";"2014";"1";"2014-02-17";"2014-06-13";"2T2";"3";"3";"REGULAR";"f";"2015-06-09 13:10:25.085";"f";"";"15";"CONSOLIDADA";"";"Presencial";
"1226554";"01";"3031948";"";"o dia/hora da disciplina o professor definirá com cada orientando.";"38250";"STRICTO SENSU";"";"sala do orientador";"2014";"1";"2014-02-17";"2014-06-13";"2T3";"";"3";"REGULAR";"f";"";"f";"";"";"EXCLUÍDA";"";"Presencial";
"1226555";"02";"24352";"";"";"38247";"STRICTO SENSU";"";"Sala do orientador";"2014";"1";"2014-02-17";"2014-06-13";"2T2";"4";"5";"REGULAR";"f";"2014-07-20 21:02:10.732";"f";"";"15";"CONSOLIDADA";"";"Presencial";
"1226556";"01";"";"97312779";"";"53417";"LATO SENSU";"";"AUDITÓRIO DO DEPARTAMENTO DE FISIOTERAPIA";"2014";"1";"2014-01-31";"2014-02-01";"7M12345  7T23456  6N2345 (31/01/2014 - 01/02/2014)";"";"44";"REGULAR";"f";"2014-08-18 16:42:43.16";"f";"";"0";"CONSOLIDADA";"";"Presencial";
"1226557";"01";"24352";"";"";"38249";"STRICTO SENSU";"";"sala do orientador";"2014";"1";"2014-02-17";"2014-06-13";"2T3";"2";"2";"REGULAR";"f";"2014-07-20 21:16:26.07";"f";"";"14";"CONSOLIDADA";"";"Presencial";
"1226558";"01";"24352";"";"";"38251";"STRICTO SENSU";"";"Sala do orientador";"2014";"1";"2014-02-17";"2014-06-13";"2T4";"2";"3";"REGULAR";"f";"2014-07-20 21:30:36.484";"f";"";"14";"CONSOLIDADA";"";"Presencial";
"1226559";"02";"3031948";"";"";"38249";"STRICTO SENSU";"";"sala do orientador";"2014";"1";"2014-02-17";"2014-06-13";"2T3";"3";"3";"REGULAR";"f";"2015-06-09 14:49:45.462";"f";"";"15";"CONSOLIDADA";"";"Presencial";
"1226560";"01";"24352";"";"";"38253";"STRICTO SENSU";"";"Sala do orientador";"2014";"1";"2014-02-17";"2014-06-13";"2T5";"2";"4";"REGULAR";"f";"2015-01-27 21:53:51.446";"f";"";"15";"CONSOLIDADA";"";"Presencial";
"1226561";"02";"3031948";"";"";"38251";"STRICTO SENSU";"";"sala do orientador";"2014";"1";"2014-02-17";"2014-06-13";"2T1";"2";"2";"REGULAR";"f";"2015-06-09 15:50:05.923";"f";"";"15";"CONSOLIDADA";"";"Presencial";
"1226562";"02";"26007";"";"";"38276";"STRICTO SENSU";"";"sala do orientador";"2014";"1";"2014-02-17";"2014-06-13";"2T2";"3";"3";"REGULAR";"f";"2014-06-10 19:59:09.761";"f";"";"15";"CONSOLIDADA";"";"Presencial";
"1226563";"01";"26007";"";"";"38278";"STRICTO SENSU";"";"sala do orientador";"2014";"1";"2014-02-17";"2014-06-13";"2T3";"2";"2";"REGULAR";"f";"2014-06-10 20:03:07.308";"f";"";"15";"CONSOLIDADA";"";"Presencial";
"1226564";"01";"";"107396318";"";"38738";"STRICTO SENSU";"";"Sala G4 do Setor II";"2014";"1";"2014-02-17";"2014-06-13";"3M3456";"41";"40";"REGULAR";"f";"2014-11-24 19:50:48.87";"f";"";"56";"CONSOLIDADA";"";"Presencial";
"1226565";"03";"5752217";"";"";"38276";"STRICTO SENSU";"";"sala do orientador";"2014";"1";"2014-02-17";"2014-06-13";"2T2";"3";"4";"REGULAR";"f";"2016-02-02 00:43:11.944";"f";"";"15";"CONSOLIDADA";"";"Presencial";
"1226566";"03";"5752962";"";"";"38247";"STRICTO SENSU";"";"Sala do orientador";"2014";"1";"2014-02-17";"2014-06-13";"2T2";"3";"3";"REGULAR";"f";"2014-07-05 10:06:06.332";"f";"";"15";"CONSOLIDADA";"";"Presencial";
"1226567";"02";"5752217";"";"";"38278";"STRICTO SENSU";"";"sala do orientador";"2014";"1";"2014-02-17";"2014-06-13";"2T3";"3";"3";"REGULAR";"f";"2015-04-07 19:04:07.967";"f";"";"15";"CONSOLIDADA";"";"Presencial";
"1226568";"03";"5752962";"";"";"38249";"STRICTO SENSU";"";"Sala do orientador";"2014";"1";"2014-02-17";"2014-06-13";"2T3";"2";"2";"REGULAR";"f";"2014-07-05 10:30:05.17";"f";"";"15";"CONSOLIDADA";"";"Presencial";
"1226569";"01";"19191";"";"ESCOAMENTO FLUIDOS EM AERO-GERADOR, TUBULAÇÕES INDUSTRIAIS E DISPOSITIVOS SOLARES";"44414";"STRICTO SENSU";"";"Lab. Mec. Fluidos - NTI";"2014";"1";"2014-02-03";"2014-06-14";"6T3456";"11";"9";"REGULAR";"f";"2014-06-13 20:09:43.673";"f";"";"64";"CONSOLIDADA";"";"Presencial";
"1226570";"04";"5752181";"";"";"38247";"STRICTO SENSU";"";"sala do orientador";"2014";"1";"2014-02-17";"2014-06-13";"2T1";"3";"3";"REGULAR";"f";"2014-09-22 16:10:44.181";"f";"";"15";"CONSOLIDADA";"";"Presencial";
"1226571";"04";"5752181";"";"";"38249";"STRICTO SENSU";"";"sala do orientador";"2014";"1";"2014-02-17";"2014-06-13";"2T2";"4";"4";"REGULAR";"f";"2014-09-22 16:32:43.844";"f";"";"15";"CONSOLIDADA";"";"Presencial";
"1226572";"04";"5753666";"";"";"38276";"STRICTO SENSU";"";"sala do orientador";"2014";"1";"2014-02-17";"2014-06-13";"2T1";"4";"4";"REGULAR";"f";"2015-07-01 11:10:06.449";"f";"";"15";"CONSOLIDADA";"";"Presencial";
"1226573";"03";"5752962";"";"";"38251";"STRICTO SENSU";"";"Sala do orientador";"2014";"1";"2014-02-17";"2014-06-13";"2T4";"2";"2";"REGULAR";"f";"2014-07-05 10:46:46.465";"f";"";"15";"CONSOLIDADA";"";"Presencial";
"1226574";"01";"5753666";"";"";"38280";"STRICTO SENSU";"";"sala do orientador";"2014";"1";"2014-02-17";"2014-06-13";"2T2";"1";"1";"REGULAR";"f";"2015-07-01 11:06:44.797";"f";"";"14";"CONSOLIDADA";"";"Presencial";
"1226575";"02";"5753583";"";"";"38280";"STRICTO SENSU";"";"sala do orientador";"2014";"1";"2014-02-17";"2014-06-13";"2T3";"";"2";"REGULAR";"f";"";"f";"";"";"EXCLUÍDA";"";"Presencial";
"1226576";"05";"5752753";"";"";"38249";"STRICTO SENSU";"";"Sala do orientador";"2014";"1";"2014-02-17";"2014-06-13";"2T2";"";"1";"REGULAR";"f";"";"f";"";"";"EXCLUÍDA";"";"Presencial";
"1226577";"04";"5752181";"";"";"38251";"STRICTO SENSU";"";"sala do orientador";"2014";"1";"2014-02-17";"2014-06-13";"2T3";"0";"1";"REGULAR";"f";"";"f";"";"";"EXCLUÍDA";"";"Presencial";
"1226578";"02";"18683";"";"";"38253";"STRICTO SENSU";"";"sala do orientador";"2014";"1";"2014-02-17";"2014-06-13";"2T2";"";"1";"REGULAR";"f";"";"f";"";"";"EXCLUÍDA";"";"Presencial";
"1226579";"01";"25606";"";"";"41194";"STRICTO SENSU";"";"AUDITÓRIO DO DEPARTAMENTO DE FISIOTERAPIA";"2014";"1";"2014-01-27";"2014-06-14";"5M45  4T1";"23";"25";"REGULAR";"f";"2014-09-24 14:45:36.677";"f";"";"55";"CONSOLIDADA";"";"Presencial";
"1226580";"03";"5752569";"";"";"38278";"STRICTO SENSU";"";"sala do orientador";"2014";"1";"2014-02-17";"2014-06-13";"2T2";"3";"3";"REGULAR";"f";"2014-07-13 18:55:30.621";"f";"";"15";"CONSOLIDADA";"";"Presencial";
"1226581";"03";"5752569";"";"";"38280";"STRICTO SENSU";"";"sala do orientador";"2014";"1";"2014-02-17";"2014-06-13";"2T3";"4";"4";"REGULAR";"f";"2014-07-13 19:06:45.253";"f";"";"15";"CONSOLIDADA";"";"Presencial";
"1226582";"06";"5752286";"";"";"2052205";"STRICTO SENSU";"";"Sala do Professor";"2014";"1";"2014-01-27";"2014-06-13";"6N1234";"1";"1";"REGULAR";"f";"2014-06-27 11:03:25.871";"f";"";"76";"CONSOLIDADA";"";"Presencial";
"1226583";"05";"5753057";"";"";"38433";"STRICTO SENSU";"";"A Definir";"2014";"1";"2014-02-03";"2014-06-14";"7M3";"1";"1";"REGULAR";"f";"2014-09-05 14:46:10.875";"f";"";"19";"CONSOLIDADA";"";"Presencial";
"1226584";"02";"5753057";"";"";"2053804";"STRICTO SENSU";"";"A Definir";"2014";"1";"2014-02-03";"2014-06-14";"7M4";"1";"1";"REGULAR";"f";"2014-09-05 14:43:01.61";"f";"";"19";"CONSOLIDADA";"";"Presencial";
"1226585";"05";"5752017";"";"";"38276";"STRICTO SENSU";"";"sala do orientador";"2014";"1";"2014-02-17";"2014-06-13";"2T2";"2";"3";"REGULAR";"f";"2014-06-17 15:35:44.622";"f";"";"15";"CONSOLIDADA";"";"Presencial";
"1226586";"04";"5752017";"";"";"38278";"STRICTO SENSU";"";"sala do orientador";"2014";"1";"2014-02-17";"2014-06-13";"2T3";"4";"4";"REGULAR";"f";"2014-06-17 15:37:35.881";"f";"";"15";"CONSOLIDADA";"";"Presencial";
"1226587";"04";"5752017";"";"";"38280";"STRICTO SENSU";"";"sala do orientador";"2014";"1";"2014-02-17";"2014-06-13";"2T4";"";"2";"REGULAR";"f";"";"f";"";"";"EXCLUÍDA";"";"Presencial";
"1226588";"01";"";"97284005";"";"2055903";"STRICTO SENSU";"";"Sala das Algas, Centro de Biociências, UFRN";"2014";"1";"2014-02-10";"2014-06-11";"7M456";"2";"3";"REGULAR";"f";"2014-07-29 16:53:27.845";"f";"";"48";"CONSOLIDADA";"";"Presencial";
"1226588";"01";"25431";"";"";"2055903";"STRICTO SENSU";"";"Sala das Algas, Centro de Biociências, UFRN";"2014";"1";"2014-02-10";"2014-06-11";"7M456";"2";"3";"REGULAR";"f";"2014-07-29 16:53:27.845";"f";"";"48";"CONSOLIDADA";"";"Presencial";
"1226588";"01";"5755382";"";"";"2055903";"STRICTO SENSU";"";"Sala das Algas, Centro de Biociências, UFRN";"2014";"1";"2014-02-10";"2014-06-11";"7M456";"2";"3";"REGULAR";"f";"2014-07-29 16:53:27.845";"f";"";"48";"CONSOLIDADA";"";"Presencial";
"1226589";"06";"5752297";"";"";"38249";"STRICTO SENSU";"";"Sala do orientador";"2014";"1";"2014-02-17";"2014-06-13";"2T2";"2";"2";"REGULAR";"f";"2015-06-05 17:37:56.43";"f";"";"15";"CONSOLIDADA";"";"Presencial";
"1226590";"05";"5752297";"";"";"38251";"STRICTO SENSU";"";"Sala do orientador";"2014";"1";"2014-02-17";"2014-06-13";"2T3";"2";"2";"REGULAR";"f";"2014-06-21 22:04:10.381";"f";"";"14";"CONSOLIDADA";"";"Presencial";
"1226591";"05";"5752796";"";"";"38247";"STRICTO SENSU";"";"sala do orientador";"2014";"1";"2014-02-17";"2014-06-13";"2T2";"1";"1";"REGULAR";"f";"2014-06-24 23:39:51.716";"f";"";"15";"CONSOLIDADA";"";"Presencial";
"1226592";"05";"5752796";"";"";"38278";"STRICTO SENSU";"";"sala do orientador";"2014";"1";"2014-02-17";"2014-06-13";"2T3";"1";"2";"REGULAR";"f";"";"f";"";"";"EXCLUÍDA";"";"Presencial";
"1226593";"06";"5752232";"";"";"38276";"STRICTO SENSU";"";"Sala do orientador";"2014";"1";"2014-02-17";"2014-06-13";"2T2";"1";"1";"REGULAR";"f";"2014-12-10 12:10:47.399";"f";"";"15";"CONSOLIDADA";"";"Presencial";
"1226594";"24";"5754320";"";"";"37467";"STRICTO SENSU";"";"a definir";"2014";"1";"2014-02-03";"2014-06-14";"6T1234";"1";"5";"REGULAR";"f";"2014-07-13 13:56:46.517";"f";"";"68";"CONSOLIDADA";"";"Presencial";
"1226595";"06";"5752232";"";"";"38278";"STRICTO SENSU";"";"Sala do orientador";"2014";"1";"2014-02-17";"2014-06-13";"2T3";"3";"3";"REGULAR";"f";"2014-12-10 12:16:55.02";"f";"";"15";"CONSOLIDADA";"";"Presencial";
"1226596";"01";"5755382";"";"";"38374";"STRICTO SENSU";"";"Sala das Algas, Centro de Biociências, UFRN";"2014";"1";"2014-02-10";"2014-06-11";"4M345";"13";"13";"REGULAR";"f";"2014-07-29 16:33:27.692";"f";"";"51";"CONSOLIDADA";"";"Presencial";
"1226596";"01";"";"97284005";"";"38374";"STRICTO SENSU";"";"Sala das Algas, Centro de Biociências, UFRN";"2014";"1";"2014-02-10";"2014-06-11";"4M345";"13";"13";"REGULAR";"f";"2014-07-29 16:33:27.692";"f";"";"51";"CONSOLIDADA";"";"Presencial";
"1226596";"01";"25431";"";"";"38374";"STRICTO SENSU";"";"Sala das Algas, Centro de Biociências, UFRN";"2014";"1";"2014-02-10";"2014-06-11";"4M345";"13";"13";"REGULAR";"f";"2014-07-29 16:33:27.692";"f";"";"51";"CONSOLIDADA";"";"Presencial";
"1226597";"06";"20842";"";"";"38247";"STRICTO SENSU";"";"Sala do orientador";"2014";"1";"2014-02-17";"2014-06-13";"2T2";"1";"1";"REGULAR";"f";"2014-10-15 10:03:11.548";"f";"";"15";"CONSOLIDADA";"";"Presencial";
"1226598";"07";"20842";"";"";"38249";"STRICTO SENSU";"";"Sala do orientador";"2014";"1";"2014-02-17";"2014-06-13";"2T3";"2";"2";"REGULAR";"f";"2014-10-15 09:59:36.833";"f";"";"15";"CONSOLIDADA";"";"Presencial";
"1226599";"03";"5755382";"";"";"38372";"STRICTO SENSU";"";"Turma destinada a aluna Wanda Barreto";"2014";"1";"2014-02-10";"2014-06-11";"7N234";"1";"1";"REGULAR";"f";"2014-06-09 10:50:44.795";"f";"";"51";"CONSOLIDADA";"";"Presencial";
"1226600";"07";"";"2161138";"";"38276";"STRICTO SENSU";"";"sala do orientador";"2014";"1";"2014-02-17";"2014-06-13";"2T2";"";"2";"REGULAR";"f";"";"f";"";"";"EXCLUÍDA";"";"Presencial";
"1226601";"01";"22005";"";"";"38757";"STRICTO SENSU";"";"Sala G4 do Setor II";"2014";"1";"2014-02-17";"2014-06-13";"5M2345";"21";"40";"REGULAR";"f";"2014-10-12 09:20:30.395";"f";"";"56";"CONSOLIDADA";"";"Presencial";
"1226602";"07";"62667";"";"";"38247";"STRICTO SENSU";"";"sala do orientador";"2014";"1";"2014-02-17";"2014-06-13";"2T3";"2";"2";"REGULAR";"f";"2014-06-27 11:31:53.363";"f";"";"18";"CONSOLIDADA";"";"Presencial";
"1226603";"15";"19085";"";"Turma destinada a aluna Georgia.";"37173";"STRICTO SENSU";"";"SALA DE AULA DO PREDIO DO LARHISA";"2014";"1";"2014-02-03";"2014-08-03";"2M123";"1";"1";"REGULAR";"f";"2015-01-05 05:08:03.393";"f";"";"66";"CONSOLIDADA";"";"Presencial";
"1226604";"01";"25708";"";"";"38759";"STRICTO SENSU";"";"Sala G4 do Setor II";"2014";"1";"2014-02-17";"2014-06-13";"2M3456";"11";"25";"REGULAR";"f";"2015-02-23 12:31:40.804";"f";"";"60";"CONSOLIDADA";"";"Presencial";
"1226605";"08";"22829";"";"";"38247";"STRICTO SENSU";"";"Sala do orientador";"2014";"1";"2014-02-17";"2014-06-13";"2T2";"4";"4";"REGULAR";"f";"2014-07-23 20:45:21.747";"f";"";"15";"CONSOLIDADA";"";"Presencial";
"1226606";"06";"22829";"";"";"38251";"STRICTO SENSU";"";"Sala do orientador";"2014";"1";"2014-02-17";"2014-06-13";"2T3";"2";"4";"REGULAR";"f";"2014-08-06 20:17:32.344";"f";"";"15";"CONSOLIDADA";"";"Presencial";
"1226607";"01";"5755227";"";"";"2046950";"STRICTO SENSU";"";"Sala G4 do Setor II";"2014";"1";"2014-02-17";"2014-06-13";"3T2345";"14";"40";"REGULAR";"f";"2015-02-03 21:40:22.048";"f";"";"56";"CONSOLIDADA";"";"Presencial";
"1226607";"01";"23080";"";"";"2046950";"STRICTO SENSU";"";"Sala G4 do Setor II";"2014";"1";"2014-02-17";"2014-06-13";"3T2345";"14";"40";"REGULAR";"f";"2015-02-03 21:40:22.048";"f";"";"56";"CONSOLIDADA";"";"Presencial";
"1226608";"03";"22829";"";"";"38253";"STRICTO SENSU";"";"Sala do orientador";"2014";"1";"2014-02-17";"2014-06-13";"2T4";"2";"3";"REGULAR";"f";"2014-07-23 21:21:31.988";"f";"";"15";"CONSOLIDADA";"";"Presencial";
"1226609";"25";"21708";"";"";"18716";"TÉCNICO";"";"Sala R";"2014";"1";"2014-01-27";"2014-06-14";"4T123";"";"1";"REGULAR";"f";"2014-06-18 06:47:30.457";"f";"";"57";"CONSOLIDADA";"";"Presencial";
"1226610";"01";"25907";"";"";"38773";"STRICTO SENSU";"";"Sala G4 do Setor II";"2014";"1";"2014-02-17";"2014-06-13";"2T3456";"3";"20";"REGULAR";"f";"2015-09-10 18:41:46.45";"f";"";"60";"CONSOLIDADA";"";"Presencial";
"1226610";"01";"24350";"";"";"38773";"STRICTO SENSU";"";"Sala G4 do Setor II";"2014";"1";"2014-02-17";"2014-06-13";"2T3456";"3";"20";"REGULAR";"f";"2015-09-10 18:41:46.45";"f";"";"60";"CONSOLIDADA";"";"Presencial";
"1226611";"08";"62667";"";"";"38249";"STRICTO SENSU";"";"sala do orientador";"2014";"1";"2014-02-17";"2014-06-13";"2T4";"1";"1";"REGULAR";"f";"2014-06-27 11:39:21.343";"f";"";"18";"CONSOLIDADA";"";"Presencial";
"1226612";"04";"62667";"";"";"38253";"STRICTO SENSU";"";"sala do orientador";"2014";"1";"2014-02-17";"2014-06-13";"2T5";"2";"3";"REGULAR";"f";"2014-06-27 11:49:19.217";"f";"";"18";"CONSOLIDADA";"";"Presencial";
"1226613";"09";"";"99421085";"Prof. Marcos Falleiros";"38249";"STRICTO SENSU";"";"Sala do orientador";"2014";"1";"2014-02-17";"2014-06-13";"2T2";"4";"4";"REGULAR";"f";"2014-07-14 00:13:55.702";"f";"";"15";"CONSOLIDADA";"";"Presencial";
"1226614";"07";"";"99421085";"Prof. Marcos Falleiros";"38251";"STRICTO SENSU";"";"Sala do orientador";"2014";"1";"2014-02-17";"2014-06-13";"2T3";"5";"5";"REGULAR";"f";"2014-07-14 00:08:26.508";"f";"";"15";"CONSOLIDADA";"";"Presencial";
"1226615";"08";"15548";"";"";"38276";"STRICTO SENSU";"";"sala do orientador";"2014";"1";"2014-02-17";"2014-06-13";"2T2";"3";"4";"REGULAR";"f";"2014-12-08 11:01:00.935";"f";"";"15";"CONSOLIDADA";"";"Presencial";
"1226616";"01";"26546";"";"";"54420";"LATO SENSU";"";"São Paulo do Potengi";"2014";"1";"2014-02-01";"2014-03-08";"7M2345  7T23456";"";"46";"REGULAR";"f";"2014-06-17 13:02:51.525";"f";"";"54";"CONSOLIDADA";"";"Presencial";
"1226617";"07";"15548";"";"";"38278";"STRICTO SENSU";"";"sala do orientador";"2014";"1";"2014-02-17";"2014-06-13";"2T3";"2";"2";"REGULAR";"f";"2014-12-08 11:22:18.557";"f";"";"15";"CONSOLIDADA";"";"Presencial";
"1226618";"09";"37484";"";"";"38276";"STRICTO SENSU";"";"sala do orientador";"2014";"1";"2014-02-17";"2014-06-13";"2T2";"3";"3";"REGULAR";"f";"2014-07-25 16:29:03.195";"f";"";"15";"CONSOLIDADA";"";"Presencial";
"1226619";"08";"37484";"";"";"38278";"STRICTO SENSU";"";"sala do orientador";"2014";"1";"2014-02-17";"2014-06-13";"2T3";"4";"4";"REGULAR";"f";"2014-07-25 16:37:26.913";"f";"";"15";"CONSOLIDADA";"";"Presencial";
"1226620";"02";"21058";"";"";"54420";"LATO SENSU";"";"Santa Cruz";"2014";"1";"2014-02-01";"2014-03-08";"7M2345  7T23456";"";"40";"REGULAR";"f";"2014-07-18 14:52:13.807";"f";"";"54";"CONSOLIDADA";"";"Presencial";
"1226621";"10";"22792";"";"";"38276";"STRICTO SENSU";"";"Sala do orientador";"2014";"1";"2014-02-17";"2014-06-13";"2T2";"6";"6";"REGULAR";"f";"2014-07-15 00:38:15.021";"f";"";"15";"CONSOLIDADA";"";"Presencial";
"1226622";"09";"22792";"";"";"38278";"STRICTO SENSU";"";"Sala do orientador";"2014";"1";"2014-02-17";"2014-06-13";"2T3";"3";"3";"REGULAR";"f";"2014-07-15 00:51:21.156";"f";"";"15";"CONSOLIDADA";"";"Presencial";
"1226623";"08";"22792";"";"";"38251";"STRICTO SENSU";"";"Sala do orientador";"2014";"1";"2014-02-17";"2014-06-13";"2T4";"";"4";"REGULAR";"f";"";"f";"";"";"EXCLUÍDA";"";"Presencial";
"1226624";"11";"23164";"";"";"38276";"STRICTO SENSU";"";"sala do orientador";"2014";"1";"2014-02-17";"2014-06-13";"2T2";"2";"2";"REGULAR";"f";"2014-07-23 10:15:13.31";"f";"";"15";"CONSOLIDADA";"";"Presencial";
"1226625";"01";"22792";"";"";"38282";"STRICTO SENSU";"";"Sala do orientador";"2014";"1";"2014-02-17";"2014-06-13";"2T5";"1";"1";"REGULAR";"f";"2014-07-15 01:09:45.335";"f";"";"15";"CONSOLIDADA";"";"Presencial";
"1226626";"10";"23164";"";"";"38278";"STRICTO SENSU";"";"sala do orientador";"2014";"1";"2014-02-17";"2014-06-13";"2T3";"2";"2";"REGULAR";"f";"2014-07-23 10:23:15.493";"f";"";"15";"CONSOLIDADA";"";"Presencial";
"1226627";"03";"5753761";"";"";"2053804";"STRICTO SENSU";"";"A Definir";"2014";"1";"2014-02-03";"2014-06-14";"7M4";"1";"1";"REGULAR";"f";"2014-06-19 22:55:18.693";"f";"";"19";"CONSOLIDADA";"";"Presencial";
"1226628";"05";"23164";"";"";"38280";"STRICTO SENSU";"";"sala do orientador";"2014";"1";"2014-02-17";"2014-06-13";"2T4";"1";"1";"REGULAR";"f";"2014-07-23 10:27:58.463";"f";"";"15";"CONSOLIDADA";"";"Presencial";
"1226629";"01";"22186";"";"";"39899";"STRICTO SENSU";"";"Sala G5 do Setor II";"2014";"1";"2014-02-17";"2014-06-13";"5M3456";"20";"25";"REGULAR";"f";"2014-08-26 20:52:34.812";"f";"";"60";"CONSOLIDADA";"";"Presencial";
"1226630";"11";"5751765";"";"";"38278";"STRICTO SENSU";"";"sala do orientador";"2014";"1";"2014-02-17";"2014-06-13";"2T2";"3";"3";"REGULAR";"f";"2014-06-25 23:35:56.607";"f";"";"15";"CONSOLIDADA";"";"Presencial";
"1226631";"12";"19125";"";"";"38278";"STRICTO SENSU";"";"sala do orientador";"2014";"1";"2014-02-17";"2014-06-13";"2T2";"2";"2";"REGULAR";"f";"2014-07-21 18:47:37.038";"f";"";"15";"CONSOLIDADA";"";"Presencial";
"1226632";"01";"5751762";"";"";"39110";"STRICTO SENSU";"";"A definir";"2014";"1";"2014-02-24";"2014-06-12";"5N1234";"6";"30";"REGULAR";"f";"2015-04-30 11:45:54.902";"f";"";"56";"CONSOLIDADA";"";"Presencial";
"1226632";"01";"5752498";"";"";"39110";"STRICTO SENSU";"";"A definir";"2014";"1";"2014-02-24";"2014-06-12";"5N1234";"6";"30";"REGULAR";"f";"2015-04-30 11:45:54.902";"f";"";"56";"CONSOLIDADA";"";"Presencial";
"1226633";"01";"26043";"";"";"52375";"STRICTO SENSU";"";"AUDITÓRIO DO DEPARTAMENTO DE FISIOTERAPIA";"2014";"1";"2014-01-27";"2014-06-14";"5T56";"8";"14";"REGULAR";"f";"2014-06-09 17:19:54.068";"f";"";"30";"CONSOLIDADA";"";"Presencial";
"1226634";"01";"20873";"";"";"37102";"STRICTO SENSU";"";"NUPPRAR";"2014";"1";"2014-01-20";"2014-07-31";"6T2345";"3";"5";"REGULAR";"f";"";"f";"";"";"EXCLUÍDA";"";"Presencial";
"1226635";"09";"5753070";"";"";"38247";"STRICTO SENSU";"";"sala do orientador";"2014";"1";"2014-02-17";"2014-06-13";"2T2";"2";"3";"REGULAR";"f";"2014-06-16 15:58:53.41";"f";"";"15";"CONSOLIDADA";"";"Presencial";
"1226636";"02";"35188";"";"";"37518";"STRICTO SENSU";"";"a definir";"2014";"1";"2014-02-03";"2014-06-14";"6M1234";"1";"2";"REGULAR";"f";"2014-08-06 12:22:39.426";"f";"";"68";"CONSOLIDADA";"";"Presencial";
"1226637";"01";"2261772";"";"";"52347";"STRICTO SENSU";"";"AUDITÓRIO DO DEPARTAMENTO DE FISIOTERAPIA";"2014";"1";"2014-01-27";"2014-06-14";"6T23";"15";"20";"REGULAR";"f";"2014-07-21 14:01:47.943";"f";"";"28";"CONSOLIDADA";"";"Presencial";
"1226637";"01";"22982";"";"";"52347";"STRICTO SENSU";"";"AUDITÓRIO DO DEPARTAMENTO DE FISIOTERAPIA";"2014";"1";"2014-01-27";"2014-06-14";"6T23";"15";"20";"REGULAR";"f";"2014-07-21 14:01:47.943";"f";"";"28";"CONSOLIDADA";"";"Presencial";
"1226637";"01";"21732";"";"";"52347";"STRICTO SENSU";"";"AUDITÓRIO DO DEPARTAMENTO DE FISIOTERAPIA";"2014";"1";"2014-01-27";"2014-06-14";"6T23";"15";"20";"REGULAR";"f";"2014-07-21 14:01:47.943";"f";"";"28";"CONSOLIDADA";"";"Presencial";
"1226637";"01";"26147";"";"";"52347";"STRICTO SENSU";"";"AUDITÓRIO DO DEPARTAMENTO DE FISIOTERAPIA";"2014";"1";"2014-01-27";"2014-06-14";"6T23";"15";"20";"REGULAR";"f";"2014-07-21 14:01:47.943";"f";"";"28";"CONSOLIDADA";"";"Presencial";
"1226637";"01";"21734";"";"";"52347";"STRICTO SENSU";"";"AUDITÓRIO DO DEPARTAMENTO DE FISIOTERAPIA";"2014";"1";"2014-01-27";"2014-06-14";"6T23";"15";"20";"REGULAR";"f";"2014-07-21 14:01:47.943";"f";"";"28";"CONSOLIDADA";"";"Presencial";
"1226637";"01";"26043";"";"";"52347";"STRICTO SENSU";"";"AUDITÓRIO DO DEPARTAMENTO DE FISIOTERAPIA";"2014";"1";"2014-01-27";"2014-06-14";"6T23";"15";"20";"REGULAR";"f";"2014-07-21 14:01:47.943";"f";"";"28";"CONSOLIDADA";"";"Presencial";
"1226637";"01";"21733";"";"";"52347";"STRICTO SENSU";"";"AUDITÓRIO DO DEPARTAMENTO DE FISIOTERAPIA";"2014";"1";"2014-01-27";"2014-06-14";"6T23";"15";"20";"REGULAR";"f";"2014-07-21 14:01:47.943";"f";"";"28";"CONSOLIDADA";"";"Presencial";
"1226637";"01";"22991";"";"";"52347";"STRICTO SENSU";"";"AUDITÓRIO DO DEPARTAMENTO DE FISIOTERAPIA";"2014";"1";"2014-01-27";"2014-06-14";"6T23";"15";"20";"REGULAR";"f";"2014-07-21 14:01:47.943";"f";"";"28";"CONSOLIDADA";"";"Presencial";
"1226638";"02";"5753070";"";"";"38250";"STRICTO SENSU";"";"sala do orientador";"2014";"1";"2014-02-17";"2014-06-13";"2T3";"";"4";"REGULAR";"f";"";"f";"";"";"EXCLUÍDA";"";"Presencial";
"1226639";"09";"5753070";"";"";"38251";"STRICTO SENSU";"";"sala do orientador";"2014";"1";"2014-02-17";"2014-06-13";"2T4";"2";"3";"REGULAR";"f";"2014-06-16 16:31:13.519";"f";"";"14";"CONSOLIDADA";"";"Presencial";
"1226640";"01";"15548";"";"";"55476";"STRICTO SENSU";"";"Setor II Bloco B sala 4";"2014";"1";"2014-02-17";"2014-06-13";"3T12345";"23";"40";"REGULAR";"f";"2014-12-01 10:07:42.457";"f";"";"80";"CONSOLIDADA";"";"Presencial";
"1226641";"12";"22990";"";"";"38276";"STRICTO SENSU";"";"sala do orientador";"2014";"1";"2014-02-17";"2014-06-13";"2T2";"2";"2";"REGULAR";"f";"2014-06-15 13:57:20.329";"f";"";"15";"CONSOLIDADA";"";"Presencial";
"1226642";"13";"22990";"";"";"38278";"STRICTO SENSU";"";"sala do orientador";"2014";"1";"2014-02-17";"2014-06-13";"2T3";"2";"2";"REGULAR";"f";"2014-06-15 14:11:40.939";"f";"";"15";"CONSOLIDADA";"";"Presencial";
"1226643";"03";"24853";"";"";"40500";"STRICTO SENSU";"";"a definir";"2014";"1";"2014-02-03";"2014-06-14";"6N1234";"1";"2";"REGULAR";"f";"2014-08-22 16:13:12.462";"f";"";"68";"CONSOLIDADA";"";"Presencial";
"1226644";"01";"26043";"";"";"41643";"STRICTO SENSU";"";"AUDITÓRIO DO DEPARTAMENTO DE FISIOTERAPIA";"2014";"1";"2014-01-27";"2014-06-14";"6T56";"22";"23";"REGULAR";"f";"2014-07-31 14:54:41.82";"f";"";"30";"CONSOLIDADA";"";"Presencial";
"1226644";"01";"22991";"";"";"41643";"STRICTO SENSU";"";"AUDITÓRIO DO DEPARTAMENTO DE FISIOTERAPIA";"2014";"1";"2014-01-27";"2014-06-14";"6T56";"22";"23";"REGULAR";"f";"2014-07-31 14:54:41.82";"f";"";"30";"CONSOLIDADA";"";"Presencial";
"1226644";"01";"21732";"";"";"41643";"STRICTO SENSU";"";"AUDITÓRIO DO DEPARTAMENTO DE FISIOTERAPIA";"2014";"1";"2014-01-27";"2014-06-14";"6T56";"22";"23";"REGULAR";"f";"2014-07-31 14:54:41.82";"f";"";"30";"CONSOLIDADA";"";"Presencial";
"1226644";"01";"2261772";"";"";"41643";"STRICTO SENSU";"";"AUDITÓRIO DO DEPARTAMENTO DE FISIOTERAPIA";"2014";"1";"2014-01-27";"2014-06-14";"6T56";"22";"23";"REGULAR";"f";"2014-07-31 14:54:41.82";"f";"";"30";"CONSOLIDADA";"";"Presencial";
"1226644";"01";"26147";"";"";"41643";"STRICTO SENSU";"";"AUDITÓRIO DO DEPARTAMENTO DE FISIOTERAPIA";"2014";"1";"2014-01-27";"2014-06-14";"6T56";"22";"23";"REGULAR";"f";"2014-07-31 14:54:41.82";"f";"";"30";"CONSOLIDADA";"";"Presencial";
"1226644";"01";"21733";"";"";"41643";"STRICTO SENSU";"";"AUDITÓRIO DO DEPARTAMENTO DE FISIOTERAPIA";"2014";"1";"2014-01-27";"2014-06-14";"6T56";"22";"23";"REGULAR";"f";"2014-07-31 14:54:41.82";"f";"";"30";"CONSOLIDADA";"";"Presencial";
"1226644";"01";"3020005";"";"";"41643";"STRICTO SENSU";"";"AUDITÓRIO DO DEPARTAMENTO DE FISIOTERAPIA";"2014";"1";"2014-01-27";"2014-06-14";"6T56";"22";"23";"REGULAR";"f";"2014-07-31 14:54:41.82";"f";"";"30";"CONSOLIDADA";"";"Presencial";
"1226644";"01";"22982";"";"";"41643";"STRICTO SENSU";"";"AUDITÓRIO DO DEPARTAMENTO DE FISIOTERAPIA";"2014";"1";"2014-01-27";"2014-06-14";"6T56";"22";"23";"REGULAR";"f";"2014-07-31 14:54:41.82";"f";"";"30";"CONSOLIDADA";"";"Presencial";
"1226644";"01";"21734";"";"";"41643";"STRICTO SENSU";"";"AUDITÓRIO DO DEPARTAMENTO DE FISIOTERAPIA";"2014";"1";"2014-01-27";"2014-06-14";"6T56";"22";"23";"REGULAR";"f";"2014-07-31 14:54:41.82";"f";"";"30";"CONSOLIDADA";"";"Presencial";
"1226644";"01";"25606";"";"";"41643";"STRICTO SENSU";"";"AUDITÓRIO DO DEPARTAMENTO DE FISIOTERAPIA";"2014";"1";"2014-01-27";"2014-06-14";"6T56";"22";"23";"REGULAR";"f";"2014-07-31 14:54:41.82";"f";"";"30";"CONSOLIDADA";"";"Presencial";
"1226645";"10";"5752224";"";"";"38247";"STRICTO SENSU";"";"sala do orientador";"2014";"1";"2014-02-17";"2014-06-13";"2T1";"4";"5";"REGULAR";"f";"2014-08-25 15:13:04.794";"f";"";"15";"CONSOLIDADA";"";"Presencial";
"1226646";"10";"5752224";"";"";"38249";"STRICTO SENSU";"";"sala do orientador";"2014";"1";"2014-02-17";"2014-06-13";"2T2";"4";"4";"REGULAR";"f";"2014-08-25 12:25:08.891";"f";"";"14";"CONSOLIDADA";"";"Presencial";
"1226647";"10";"5752224";"";"";"38251";"STRICTO SENSU";"";"sala do orientador";"2014";"1";"2014-02-17";"2014-06-13";"2T3";"4";"4";"REGULAR";"f";"2014-08-25 11:35:34.133";"f";"";"15";"CONSOLIDADA";"";"Presencial";
"1226648";"01";"5752017";"";"";"55467";"STRICTO SENSU";"";"Setor II Bloco H sala 8";"2014";"1";"2014-02-17";"2014-06-13";"3T12345";"12";"30";"REGULAR";"f";"2014-07-31 16:29:42.286";"f";"";"70";"CONSOLIDADA";"";"Presencial";
"1226648";"01";"26007";"";"";"55467";"STRICTO SENSU";"";"Setor II Bloco H sala 8";"2014";"1";"2014-02-17";"2014-06-13";"3T12345";"12";"30";"REGULAR";"f";"2014-07-31 16:29:42.286";"f";"";"70";"CONSOLIDADA";"";"Presencial";
"1226648";"01";"22990";"";"";"55467";"STRICTO SENSU";"";"Setor II Bloco H sala 8";"2014";"1";"2014-02-17";"2014-06-13";"3T12345";"12";"30";"REGULAR";"f";"2014-07-31 16:29:42.286";"f";"";"70";"CONSOLIDADA";"";"Presencial";
"1226649";"01";"22792";"";"";"54795";"STRICTO SENSU";"";"Setor II Bloco i sala 15";"2014";"1";"2014-02-17";"2014-06-13";"4T123456";"25";"40";"REGULAR";"f";"2015-01-05 09:49:17.236";"f";"";"30";"CONSOLIDADA";"";"Presencial";
"1226649";"01";"5753666";"";"";"54795";"STRICTO SENSU";"";"Setor II Bloco i sala 15";"2014";"1";"2014-02-17";"2014-06-13";"4T123456";"25";"40";"REGULAR";"f";"2015-01-05 09:49:17.236";"f";"";"30";"CONSOLIDADA";"";"Presencial";
"1226649";"01";"5752569";"";"";"54795";"STRICTO SENSU";"";"Setor II Bloco i sala 15";"2014";"1";"2014-02-17";"2014-06-13";"4T123456";"25";"40";"REGULAR";"f";"2015-01-05 09:49:17.236";"f";"";"30";"CONSOLIDADA";"";"Presencial";
"1226650";"01";"5752824";"";"";"55470";"STRICTO SENSU";"";"Setor II Bloco B sala 5";"2014";"1";"2014-02-17";"2014-06-13";"3T12345";"";"30";"REGULAR";"f";"";"f";"";"";"EXCLUÍDA";"";"Presencial";
"1226650";"01";"5752292";"";"";"55470";"STRICTO SENSU";"";"Setor II Bloco B sala 5";"2014";"1";"2014-02-17";"2014-06-13";"3T12345";"";"30";"REGULAR";"f";"";"f";"";"";"EXCLUÍDA";"";"Presencial";
"1226651";"01";"127199";"";"";"55473";"STRICTO SENSU";"";"Setor II Bloco I sala 5";"2014";"1";"2014-02-17";"2014-06-13";"3T12345";"3";"30";"REGULAR";"f";"2015-04-01 00:13:01.95";"f";"";"80";"CONSOLIDADA";"";"Presencial";
"1226651";"01";"19125";"";"";"55473";"STRICTO SENSU";"";"Setor II Bloco I sala 5";"2014";"1";"2014-02-17";"2014-06-13";"3T12345";"3";"30";"REGULAR";"f";"2015-04-01 00:13:01.95";"f";"";"80";"CONSOLIDADA";"";"Presencial";
"1226651";"01";"5756264";"";"";"55473";"STRICTO SENSU";"";"Setor II Bloco I sala 5";"2014";"1";"2014-02-17";"2014-06-13";"3T12345";"3";"30";"REGULAR";"f";"2015-04-01 00:13:01.95";"f";"";"80";"CONSOLIDADA";"";"Presencial";
"1226651";"01";"20788";"";"";"55473";"STRICTO SENSU";"";"Setor II Bloco I sala 5";"2014";"1";"2014-02-17";"2014-06-13";"3T12345";"3";"30";"REGULAR";"f";"2015-04-01 00:13:01.95";"f";"";"80";"CONSOLIDADA";"";"Presencial";
"1226652";"01";"5756264";"";"Estudos Linguísticos do texto";"38272";"STRICTO SENSU";"";"Setor II Bloco H sala 8";"2014";"1";"2014-02-17";"2014-06-13";"5T1234";"18";"30";"REGULAR";"f";"2014-12-03 17:36:17.518";"f";"";"56";"CONSOLIDADA";"";"Presencial";
"1226652";"01";"15562";"";"Estudos Linguísticos do texto";"38272";"STRICTO SENSU";"";"Setor II Bloco H sala 8";"2014";"1";"2014-02-17";"2014-06-13";"5T1234";"18";"30";"REGULAR";"f";"2014-12-03 17:36:17.518";"f";"";"56";"CONSOLIDADA";"";"Presencial";
"1226652";"01";"20788";"";"Estudos Linguísticos do texto";"38272";"STRICTO SENSU";"";"Setor II Bloco H sala 8";"2014";"1";"2014-02-17";"2014-06-13";"5T1234";"18";"30";"REGULAR";"f";"2014-12-03 17:36:17.518";"f";"";"56";"CONSOLIDADA";"";"Presencial";
"1226653";"01";"5752722";"";"";"55474";"STRICTO SENSU";"";"Setor II Bloco I sala 22";"2014";"1";"2014-02-17";"2014-06-13";"3T12345";"8";"30";"REGULAR";"f";"2014-11-21 17:56:59.975";"f";"";"79";"CONSOLIDADA";"";"Presencial";
"1226653";"01";"25438";"";"";"55474";"STRICTO SENSU";"";"Setor II Bloco I sala 22";"2014";"1";"2014-02-17";"2014-06-13";"3T12345";"8";"30";"REGULAR";"f";"2014-11-21 17:56:59.975";"f";"";"79";"CONSOLIDADA";"";"Presencial";
"1226654";"01";"";"99421124";"";"54796";"STRICTO SENSU";"";"Setor II Bloco i sala 11";"2014";"1";"2014-02-17";"2014-06-13";"4T123456";"16";"40";"REGULAR";"f";"2014-12-25 07:45:46.181";"f";"";"95";"CONSOLIDADA";"";"Presencial";
"1226654";"01";"5752722";"";"";"54796";"STRICTO SENSU";"";"Setor II Bloco i sala 11";"2014";"1";"2014-02-17";"2014-06-13";"4T123456";"16";"40";"REGULAR";"f";"2014-12-25 07:45:46.181";"f";"";"95";"CONSOLIDADA";"";"Presencial";
"1226654";"01";"5753583";"";"";"54796";"STRICTO SENSU";"";"Setor II Bloco i sala 11";"2014";"1";"2014-02-17";"2014-06-13";"4T123456";"16";"40";"REGULAR";"f";"2014-12-25 07:45:46.181";"f";"";"95";"CONSOLIDADA";"";"Presencial";
"1226655";"01";"2273348";"";"";"55459";"STRICTO SENSU";"";"Setor II Bloco H sala 9";"2014";"1";"2014-02-17";"2014-06-13";"3T12345";"14";"30";"REGULAR";"f";"2014-06-02 08:10:25.83";"f";"";"70";"CONSOLIDADA";"";"Presencial";
"1226656";"02";"20873";"";"";"37102";"STRICTO SENSU";"";"NUPRAR";"2014";"1";"2014-01-20";"2014-07-31";"6M1234";"11";"15";"REGULAR";"f";"2014-06-27 19:18:08.393";"f";"";"88";"CONSOLIDADA";"";"Presencial";
"1226657";"06";"5752035";"";"";"38433";"STRICTO SENSU";"";"A Definir";"2014";"1";"2014-02-03";"2014-06-14";"7M3";"1";"1";"REGULAR";"f";"2014-06-17 23:02:49.758";"f";"";"19";"CONSOLIDADA";"";"Presencial";
"1226658";"01";"5753864";"";"";"2043550";"STRICTO SENSU";"";"A definir.";"2014";"1";"2014-02-17";"2014-02-28";"7M123 (17/02/2014 - 28/02/2014)";"16";"20";"REGULAR";"f";"2014-06-06 16:52:12.856";"f";"";"3";"CONSOLIDADA";"";"Presencial";
"1226658";"01";"25442";"";"";"2043550";"STRICTO SENSU";"";"A definir.";"2014";"1";"2014-02-17";"2014-02-28";"7M123 (17/02/2014 - 28/02/2014)";"16";"20";"REGULAR";"f";"2014-06-06 16:52:12.856";"f";"";"3";"CONSOLIDADA";"";"Presencial";
"1226659";"01";"5752693";"";"";"2043551";"STRICTO SENSU";"";"A definir.";"2014";"1";"2014-03-06";"2014-03-14";"7M123 (06/03/2014 - 14/03/2014)";"17";"20";"REGULAR";"f";"2014-06-19 08:39:03.651";"f";"";"3";"CONSOLIDADA";"";"Presencial";
"1226660";"01";"5753347";"";"";"2043552";"STRICTO SENSU";"";"A definir.";"2014";"1";"2014-03-18";"2014-03-27";"7M123 (18/03/2014 - 27/03/2014)";"19";"20";"REGULAR";"f";"2014-06-20 21:53:33.127";"f";"";"3";"CONSOLIDADA";"";"Presencial";
"1226660";"01";"5753054";"";"";"2043552";"STRICTO SENSU";"";"A definir.";"2014";"1";"2014-03-18";"2014-03-27";"7M123 (18/03/2014 - 27/03/2014)";"19";"20";"REGULAR";"f";"2014-06-20 21:53:33.127";"f";"";"3";"CONSOLIDADA";"";"Presencial";
"1226660";"01";"";"103120419";"";"2043552";"STRICTO SENSU";"";"A definir.";"2014";"1";"2014-03-18";"2014-03-27";"7M123 (18/03/2014 - 27/03/2014)";"19";"20";"REGULAR";"f";"2014-06-20 21:53:33.127";"f";"";"3";"CONSOLIDADA";"";"Presencial";
"1226661";"01";"5752249";"";"";"2043554";"STRICTO SENSU";"";"Laboratório Novo Informática";"2014";"1";"2014-03-31";"2014-04-11";"7M123";"18";"20";"REGULAR";"f";"2014-06-09 00:04:24.737";"f";"";"3";"CONSOLIDADA";"";"Presencial";
"1226661";"01";"5752265";"";"";"2043554";"STRICTO SENSU";"";"Laboratório Novo Informática";"2014";"1";"2014-03-31";"2014-04-11";"7M123";"18";"20";"REGULAR";"f";"2014-06-09 00:04:24.737";"f";"";"3";"CONSOLIDADA";"";"Presencial";
"1226662";"01";"25442";"";"Ecologia de Campo Terrestre";"2043555";"STRICTO SENSU";"";"REBIO GUARIBAS, Paraiba";"2014";"1";"2014-04-22";"2014-05-02";"7M12345";"15";"20";"REGULAR";"f";"2014-06-04 12:06:07.102";"f";"";"5";"CONSOLIDADA";"";"Presencial";
"1226662";"01";"5754633";"";"Ecologia de Campo Terrestre";"2043555";"STRICTO SENSU";"";"REBIO GUARIBAS, Paraiba";"2014";"1";"2014-04-22";"2014-05-02";"7M12345";"15";"20";"REGULAR";"f";"2014-06-04 12:06:07.102";"f";"";"5";"CONSOLIDADA";"";"Presencial";
"1226662";"01";"5752249";"";"Ecologia de Campo Terrestre";"2043555";"STRICTO SENSU";"";"REBIO GUARIBAS, Paraiba";"2014";"1";"2014-04-22";"2014-05-02";"7M12345";"15";"20";"REGULAR";"f";"2014-06-04 12:06:07.102";"f";"";"5";"CONSOLIDADA";"";"Presencial";
"1226662";"01";"5752265";"";"Ecologia de Campo Terrestre";"2043555";"STRICTO SENSU";"";"REBIO GUARIBAS, Paraiba";"2014";"1";"2014-04-22";"2014-05-02";"7M12345";"15";"20";"REGULAR";"f";"2014-06-04 12:06:07.102";"f";"";"5";"CONSOLIDADA";"";"Presencial";
"1226663";"01";"24923";"";"";"2043559";"STRICTO SENSU";"";"A definir.";"2014";"1";"2014-05-02";"2014-05-09";"7M123";"2";"20";"REGULAR";"f";"2014-06-20 12:02:38.565";"f";"";"0";"CONSOLIDADA";"";"Presencial";
"1226663";"01";"25126";"";"";"2043559";"STRICTO SENSU";"";"A definir.";"2014";"1";"2014-05-02";"2014-05-09";"7M123";"2";"20";"REGULAR";"f";"2014-06-20 12:02:38.565";"f";"";"0";"CONSOLIDADA";"";"Presencial";
"1226664";"01";"24923";"";"";"2043558";"STRICTO SENSU";"";"A definir.";"2014";"1";"2014-02-10";"2014-06-13";"6M456 (10/02/2014 - 13/06/2014)";"2";"20";"REGULAR";"f";"2014-06-20 12:01:47.594";"f";"";"0";"CONSOLIDADA";"";"Presencial";
"1226665";"02";"5753068";"";"Ecologia de Campo Marinha";"2043555";"STRICTO SENSU";"";"A definir.";"2014";"1";"2014-05-05";"2014-05-16";"7M123456  7T1";"3";"20";"REGULAR";"f";"2014-06-04 12:44:04.402";"f";"";"7";"CONSOLIDADA";"";"Presencial";
"1226665";"02";"5753571";"";"Ecologia de Campo Marinha";"2043555";"STRICTO SENSU";"";"A definir.";"2014";"1";"2014-05-05";"2014-05-16";"7M123456  7T1";"3";"20";"REGULAR";"f";"2014-06-04 12:44:04.402";"f";"";"7";"CONSOLIDADA";"";"Presencial";
"1226665";"02";"25120";"";"Ecologia de Campo Marinha";"2043555";"STRICTO SENSU";"";"A definir.";"2014";"1";"2014-05-05";"2014-05-16";"7M123456  7T1";"3";"20";"REGULAR";"f";"2014-06-04 12:44:04.402";"f";"";"7";"CONSOLIDADA";"";"Presencial";
"1226665";"02";"24166";"";"Ecologia de Campo Marinha";"2043555";"STRICTO SENSU";"";"A definir.";"2014";"1";"2014-05-05";"2014-05-16";"7M123456  7T1";"3";"20";"REGULAR";"f";"2014-06-04 12:44:04.402";"f";"";"7";"CONSOLIDADA";"";"Presencial";
"1226666";"01";"22819";"";"";"55483";"STRICTO SENSU";"";"Sala G4 do Setor II";"2014";"1";"2014-02-17";"2014-06-13";"5T2345";"24";"25";"REGULAR";"f";"2014-10-18 16:47:49.138";"f";"";"56";"CONSOLIDADA";"";"Presencial";
"1226667";"01";"5755227";"";"";"55485";"STRICTO SENSU";"";"Sala G4 do Setor II";"2014";"1";"2014-02-17";"2014-06-13";"4T2345";"19";"40";"REGULAR";"f";"2016-06-02 17:09:44.144";"f";"";"4";"CONSOLIDADA";"";"Presencial";
"1226667";"01";"24350";"";"";"55485";"STRICTO SENSU";"";"Sala G4 do Setor II";"2014";"1";"2014-02-17";"2014-06-13";"4T2345";"19";"40";"REGULAR";"f";"2016-06-02 17:09:44.144";"f";"";"4";"CONSOLIDADA";"";"Presencial";
"1226668";"01";"22940";"";"Poética das imagens (visuais e verbais) ";"55487";"STRICTO SENSU";"";"Sala G5 do Setor II";"2014";"1";"2014-02-17";"2014-06-13";"5T2345";"8";"25";"REGULAR";"f";"2016-03-11 15:51:42.725";"f";"";"0";"CONSOLIDADA";"";"Presencial";
"1226669";"01";"25907";"";"Visibilidade e Internet na Sociedade Atual";"55486";"STRICTO SENSU";"";"Sala G4 do Setor II";"2014";"1";"2014-02-17";"2014-06-13";"6T34";"23";"25";"REGULAR";"f";"2015-07-22 11:15:58.127";"f";"";"30";"CONSOLIDADA";"";"Presencial";
"1226670";"02";"23730";"";"";"37700";"STRICTO SENSU";"";"a definir";"2014";"1";"2014-02-04";"2014-06-13";"5N12";"";"1";"REGULAR";"f";"";"f";"";"";"EXCLUÍDA";"";"Presencial";
"1226671";"01";"22829";"";"";"55461";"STRICTO SENSU";"";"Setor II Bloco B sala 3";"2014";"1";"2014-02-17";"2014-06-13";"3T12345";"22";"30";"REGULAR";"f";"2014-07-24 20:30:41.368";"f";"";"80";"CONSOLIDADA";"";"Presencial";
"1226672";"02";"";"2120584";"";"2055904";"STRICTO SENSU";"";"Anfiteatro das Aves, Centro de Biociências, UFRN";"2014";"1";"2014-03-10";"2014-03-17";"6N4 (10/03/2014 - 17/03/2014)";"8";"7";"REGULAR";"f";"2015-01-05 05:01:19.54";"f";"";"0";"CONSOLIDADA";"";"Presencial";
"1226672";"02";"";"98921581";"";"2055904";"STRICTO SENSU";"";"Anfiteatro das Aves, Centro de Biociências, UFRN";"2014";"1";"2014-03-10";"2014-03-17";"6N4 (10/03/2014 - 17/03/2014)";"8";"7";"REGULAR";"f";"2015-01-05 05:01:19.54";"f";"";"0";"CONSOLIDADA";"";"Presencial";
"1226673";"01";"24352";"";"";"55463";"STRICTO SENSU";"";"Setor II Bloco D sala 1";"2014";"1";"2014-02-17";"2014-06-13";"3T12345";"17";"30";"REGULAR";"f";"2014-12-23 09:14:02.056";"f";"";"75";"CONSOLIDADA";"";"Presencial";
"1226673";"01";"20842";"";"";"55463";"STRICTO SENSU";"";"Setor II Bloco D sala 1";"2014";"1";"2014-02-17";"2014-06-13";"3T12345";"17";"30";"REGULAR";"f";"2014-12-23 09:14:02.056";"f";"";"75";"CONSOLIDADA";"";"Presencial";
"1226674";"01";"18677";"";"";"44383";"STRICTO SENSU";"";"Sala 95 do CT";"2014";"1";"2014-02-03";"2014-06-14";"6T1234";"2";"2";"REGULAR";"f";"2014-06-09 08:06:41.475";"f";"";"72";"CONSOLIDADA";"";"Presencial";
"1226675";"01";"5753070";"";"";"54794";"STRICTO SENSU";"";"Setor II Bloco I sala 22";"2014";"1";"2014-02-17";"2014-06-13";"4T123456";"33";"45";"REGULAR";"f";"2015-02-24 11:40:25.016";"f";"";"90";"CONSOLIDADA";"";"Presencial";
"1226675";"01";"5752962";"";"";"54794";"STRICTO SENSU";"";"Setor II Bloco I sala 22";"2014";"1";"2014-02-17";"2014-06-13";"4T123456";"33";"45";"REGULAR";"f";"2015-02-24 11:40:25.016";"f";"";"90";"CONSOLIDADA";"";"Presencial";
"1226676";"01";"24166";"";"";"2043578";"STRICTO SENSU";"";"DOL";"2014";"1";"2014-04-04";"2014-04-25";"3T12 (04/04/2014 - 25/04/2014)";"3";"5";"REGULAR";"f";"2014-06-04 12:47:34.942";"f";"";"6";"CONSOLIDADA";"";"Presencial";
"1226677";"02";"5753030";"";"SIMULAÇÃO NUMÉRICA EM PROBLEMAS DE FENÔMENOS DE TRANSPORTE";"44414";"STRICTO SENSU";"";"A Definir";"2014";"1";"2014-02-03";"2014-06-14";"24N12";"2";"3";"REGULAR";"f";"";"f";"";"";"EXCLUÍDA";"";"Presencial";
"1226678";"01";"22934";"";"";"55491";"STRICTO SENSU";"";"Sala G4 do Setor II";"2014";"1";"2014-02-17";"2014-06-13";"4M2345";"18";"25";"REGULAR";"f";"2014-06-26 10:30:18.934";"f";"";"64";"CONSOLIDADA";"";"Presencial";
"1226679";"01";"23814";"";"";"43986";"STRICTO SENSU";"";"Departamento de enfermagem";"2014";"1";"2014-01-27";"2014-06-14";"5M1234";"32";"40";"REGULAR";"f";"2015-02-19 21:55:13.153";"f";"";"56";"CONSOLIDADA";"";"Presencial";
"1226679";"01";"18748";"";"";"43986";"STRICTO SENSU";"";"Departamento de enfermagem";"2014";"1";"2014-01-27";"2014-06-14";"5M1234";"32";"40";"REGULAR";"f";"2015-02-19 21:55:13.153";"f";"";"56";"CONSOLIDADA";"";"Presencial";
"1226679";"01";"5755378";"";"";"43986";"STRICTO SENSU";"";"Departamento de enfermagem";"2014";"1";"2014-01-27";"2014-06-14";"5M1234";"32";"40";"REGULAR";"f";"2015-02-19 21:55:13.153";"f";"";"56";"CONSOLIDADA";"";"Presencial";
"1226679";"01";"5752716";"";"";"43986";"STRICTO SENSU";"";"Departamento de enfermagem";"2014";"1";"2014-01-27";"2014-06-14";"5M1234";"32";"40";"REGULAR";"f";"2015-02-19 21:55:13.153";"f";"";"56";"CONSOLIDADA";"";"Presencial";
"1226679";"01";"19082";"";"";"43986";"STRICTO SENSU";"";"Departamento de enfermagem";"2014";"1";"2014-01-27";"2014-06-14";"5M1234";"32";"40";"REGULAR";"f";"2015-02-19 21:55:13.153";"f";"";"56";"CONSOLIDADA";"";"Presencial";
"1226680";"07";"17923";"";"";"40639";"STRICTO SENSU";"";"Departamento de enfermagem";"2014";"1";"2014-01-27";"2014-06-14";"6N123 (27/01/2014 - 14/06/2014)";"2";"3";"REGULAR";"f";"2014-06-08 22:47:55.948";"f";"";"0";"CONSOLIDADA";"";"Presencial";
"1226681";"02";"5755227";"";"";"55485";"STRICTO SENSU";"";"Sala 2G4";"2014";"1";"2014-02-17";"2014-06-13";"4T3456";"";"25";"REGULAR";"f";"";"f";"";"";"EXCLUÍDA";"";"Presencial";
"1226681";"02";"24350";"";"";"55485";"STRICTO SENSU";"";"Sala 2G4";"2014";"1";"2014-02-17";"2014-06-13";"4T3456";"";"25";"REGULAR";"f";"";"f";"";"";"EXCLUÍDA";"";"Presencial";
"1226682";"12C";"22736";"";"";"45854";"GRADUAÇÃO";"";"LUÍS GOMES/RN";"2014";"1";"2014-01-27";"2014-06-14";"";"";"";"REGULAR";"t";"";"f";"";"";"EXCLUÍDA";"";"A Distância";
"1226683";"01";"5753006";"";"";"52050";"LATO SENSU";"";"Sala da FIERN";"2014";"1";"2014-02-10";"2014-02-12";"234N1234 (10/02/2014 - 12/02/2014)";"";"39";"REGULAR";"f";"2014-11-12 17:02:28.2";"f";"";"12";"CONSOLIDADA";"";"Presencial";
"1226684";"01";"5753652";"";"";"50355";"STRICTO SENSU";"";"DBF";"2014";"1";"2014-02-10";"2014-06-14";"4M123";"1";"5";"REGULAR";"f";"2014-06-10 09:47:44.172";"f";"";"48";"CONSOLIDADA";"";"Presencial";
"1226685";"02";"5755322";"";"";"50357";"STRICTO SENSU";"";"DBF";"2014";"1";"2014-02-10";"2014-06-14";"4M456";"2";"5";"REGULAR";"f";"2014-06-10 09:29:26.058";"f";"";"48";"CONSOLIDADA";"";"Presencial";
"1226686";"01";"5753407";"";"";"2037858";"GRADUAÇÃO";"Campus Central";"4A2";"2014";"1";"2014-01-27";"2014-06-14";"35T34";"";"50";"REGULAR";"f";"2014-06-25 10:42:25.377";"f";"";"72";"CONSOLIDADA";"";"Presencial";
"1226686";"01";"24702";"";"";"2037858";"GRADUAÇÃO";"Campus Central";"4A2";"2014";"1";"2014-01-27";"2014-06-14";"35T34";"";"50";"REGULAR";"f";"2014-06-25 10:42:25.377";"f";"";"72";"CONSOLIDADA";"";"Presencial";
"1226687";"01";"5755378";"";"";"43989";"STRICTO SENSU";"";"Departamento de enfermagem";"2014";"1";"2014-01-27";"2014-06-14";"4T234 (27/01/2014 - 14/06/2014)";"32";"40";"REGULAR";"f";"2014-09-03 17:20:24.07";"f";"";"45";"CONSOLIDADA";"";"Presencial";
"1226687";"01";"5753624";"";"";"43989";"STRICTO SENSU";"";"Departamento de enfermagem";"2014";"1";"2014-01-27";"2014-06-14";"4T234 (27/01/2014 - 14/06/2014)";"32";"40";"REGULAR";"f";"2014-09-03 17:20:24.07";"f";"";"45";"CONSOLIDADA";"";"Presencial";
"1226687";"01";"5754604";"";"";"43989";"STRICTO SENSU";"";"Departamento de enfermagem";"2014";"1";"2014-01-27";"2014-06-14";"4T234 (27/01/2014 - 14/06/2014)";"32";"40";"REGULAR";"f";"2014-09-03 17:20:24.07";"f";"";"45";"CONSOLIDADA";"";"Presencial";
"1226687";"01";"5752167";"";"";"43989";"STRICTO SENSU";"";"Departamento de enfermagem";"2014";"1";"2014-01-27";"2014-06-14";"4T234 (27/01/2014 - 14/06/2014)";"32";"40";"REGULAR";"f";"2014-09-03 17:20:24.07";"f";"";"45";"CONSOLIDADA";"";"Presencial";
"1226688";"01";"5753583";"";"";"55497";"STRICTO SENSU";"";"sala do orientador";"2014";"1";"2014-02-17";"2014-06-13";"2T2";"2";"2";"REGULAR";"f";"2014-12-22 14:46:05.564";"f";"";"15";"CONSOLIDADA";"";"Presencial";
"1226689";"01";"5753583";"";"";"55493";"STRICTO SENSU";"";"sala do orientador";"2014";"1";"2014-02-17";"2014-06-13";"2T3";"";"1";"REGULAR";"f";"";"f";"";"";"EXCLUÍDA";"";"Presencial";
"1226690";"02";"5752773";"";"";"55493";"STRICTO SENSU";"";"sala do orientador";"2014";"1";"2014-02-17";"2014-06-13";"2T2";"";"5";"REGULAR";"f";"";"f";"";"";"EXCLUÍDA";"";"Presencial";
"1226691";"03";"15562";"";"";"55493";"STRICTO SENSU";"";"sala do orientador";"2014";"1";"2014-02-17";"2014-06-13";"2T2";"2";"2";"REGULAR";"f";"2014-06-13 16:25:00.188";"f";"";"15";"CONSOLIDADA";"";"Presencial";
"1226692";"01";"5752773";"";"";"55496";"STRICTO SENSU";"";"sala do orientador";"2014";"1";"2014-02-17";"2014-06-13";"2T3";"";"4";"REGULAR";"f";"";"f";"";"";"EXCLUÍDA";"";"Presencial";
"1226695";"01";"15562";"";"";"55495";"STRICTO SENSU";"";"sala do orientador";"2014";"1";"2014-02-17";"2014-06-13";"2T3";"2";"2";"REGULAR";"f";"2014-06-13 16:32:08.912";"f";"";"15";"CONSOLIDADA";"";"Presencial";
"1226696";"04";"5752824";"";"";"55493";"STRICTO SENSU";"";"sala do orientador";"2014";"1";"2014-02-17";"2014-06-13";"2T2";"2";"2";"REGULAR";"f";"2014-10-13 13:55:55.283";"f";"";"14";"CONSOLIDADA";"";"Presencial";
"1226697";"02";"5752824";"";"";"55495";"STRICTO SENSU";"";"sala do orientador";"2014";"1";"2014-02-17";"2014-06-13";"2T3";"2";"2";"REGULAR";"f";"2014-10-16 13:30:45.468";"f";"";"14";"CONSOLIDADA";"";"Presencial";
"1226698";"01";"5753704";"";"Os clíticos na história do português e do espanhol";"55500";"STRICTO SENSU";"";"Setor II Bloco I sala 10";"2014";"1";"2014-02-17";"2014-06-13";"5T234";"4";"20";"REGULAR";"f";"2014-10-15 15:56:20.153";"f";"";"42";"CONSOLIDADA";"";"Presencial";
"1226699";"02";"5752824";"";"";"55497";"STRICTO SENSU";"";"sala do orientador";"2014";"1";"2014-02-17";"2014-06-13";"2T4";"1";"2";"REGULAR";"f";"2014-10-16 13:48:08.22";"f";"";"14";"CONSOLIDADA";"";"Presencial";
"1226700";"01";"5753702";"";"";"51645";"LATO SENSU";"";"Cabo de Santo Agostinho";"2014";"1";"2014-02-13";"2014-02-22";"7M12345  56T6  56N1234 (13/02/2014 - 22/02/2014)";"";"22";"REGULAR";"f";"2014-07-04 10:01:31.841";"f";"";"30";"CONSOLIDADA";"";"Presencial";
"1226701";"11";"5753070";"";"";"38249";"STRICTO SENSU";"";"sala do orientador";"2014";"1";"2014-02-17";"2014-06-13";"2T1";"3";"4";"REGULAR";"f";"2014-06-16 17:02:46.715";"f";"";"14";"CONSOLIDADA";"";"Presencial";
"1226702";"03";"5752292";"";"";"55495";"STRICTO SENSU";"";"sala do orientador";"2014";"1";"2014-02-17";"2014-06-13";"2T2";"2";"2";"REGULAR";"f";"2014-09-26 21:56:14.613";"f";"";"14";"CONSOLIDADA";"";"Presencial";
"1226703";"03";"5752292";"";"";"55497";"STRICTO SENSU";"";"sala do orientador";"2014";"1";"2014-02-17";"2014-06-13";"2T3";"1";"2";"REGULAR";"f";"2014-09-26 22:08:49.168";"f";"";"14";"CONSOLIDADA";"";"Presencial";
"1226704";"01";"25438";"";"Introdução ao Sociofuncionalismo";"55501";"STRICTO SENSU";"";"Setor II Bloco i sala 5";"2014";"1";"2014-02-17";"2014-06-13";"5T234";"8";"30";"REGULAR";"f";"2015-01-16 09:23:53.923";"f";"";"54";"CONSOLIDADA";"";"Presencial";
"1226705";"05";"5753634";"";"";"55493";"STRICTO SENSU";"";"sala do orientador";"2014";"1";"2014-02-17";"2014-06-13";"2T2";"1";"1";"REGULAR";"f";"2014-06-13 14:32:42.237";"f";"";"15";"CONSOLIDADA";"";"Presencial";
"1226706";"04";"5753634";"";"";"55497";"STRICTO SENSU";"";"sala do orientador";"2014";"1";"2014-02-17";"2014-06-13";"2T3";"1";"1";"REGULAR";"f";"2014-06-13 14:33:40.836";"f";"";"15";"CONSOLIDADA";"";"Presencial";
"1226707";"01";"5752278";"";"";"55502";"STRICTO SENSU";"";"Setor II Bloco G sala 2";"2014";"1";"2014-02-17";"2014-06-13";"6T234";"8";"30";"REGULAR";"f";"2014-06-30 23:14:38.555";"f";"";"48";"CONSOLIDADA";"";"Presencial";
"1226708";"01";"5752248";"";"Bases Neurais da Linguagem e Pensamento";"55503";"STRICTO SENSU";"";"Setor II Bloco G sala 3";"2014";"1";"2014-02-17";"2014-06-13";"6T234";"7";"30";"REGULAR";"f";"2014-07-29 09:45:42.466";"f";"";"45";"CONSOLIDADA";"";"Presencial";
"1226709";"01";"20810";"";"";"55499";"STRICTO SENSU";"";"sala do orientador";"2014";"1";"2014-02-17";"2014-06-13";"2T3";"3";"3";"REGULAR";"f";"2014-07-24 11:32:14.793";"f";"";"15";"CONSOLIDADA";"";"Presencial";
"1226710";"01";"15562";"";"Linguística de Texto e Análise Textual dos Discursos -  Estudo de textos jurídicos.";"55504";"STRICTO SENSU";"";"Setor II Bloco G sala 5";"2014";"1";"2014-02-17";"2014-06-13";"6T234";"13";"30";"REGULAR";"f";"2015-02-04 11:15:31.403";"f";"";"45";"CONSOLIDADA";"";"Presencial";
"1226711";"04";"20810";"";"";"55495";"STRICTO SENSU";"";"sala do orientador";"2014";"1";"2014-02-17";"2014-06-13";"2T4";"3";"4";"REGULAR";"f";"2014-07-24 11:43:42.183";"f";"";"15";"CONSOLIDADA";"";"Presencial";
"1226712";"05";"5752722";"";"";"55495";"STRICTO SENSU";"";"sala do orientador";"2014";"1";"2014-02-17";"2014-06-13";"2T2";"3";"4";"REGULAR";"f";"2014-11-21 18:09:40.716";"f";"";"15";"CONSOLIDADA";"";"Presencial";
"1226713";"05";"5752722";"";"";"55497";"STRICTO SENSU";"";"sala do orientador";"2014";"1";"2014-02-17";"2014-06-13";"2T3";"0";"1";"REGULAR";"f";"";"f";"";"";"EXCLUÍDA";"";"Presencial";
"1226714";"08";"5752017";"";"";"47323";"FORMAÇÃO COMPLEMENTAR";"";"2-i-8";"2014";"1";"2014-02-10";"2014-06-14";"24M56";"";"20";"REGULAR";"f";"2014-06-17 14:47:26.236";"f";"";"60";"CONSOLIDADA";"";"Presencial";
"1226715";"11";"2273348";"";"";"38247";"STRICTO SENSU";"";"sala do orientador";"2014";"1";"2014-02-17";"2014-06-13";"2T2";"1";"1";"REGULAR";"f";"2014-06-02 08:20:50.087";"f";"";"14";"CONSOLIDADA";"";"Presencial";
"1226716";"01";"18150";"";"";"39632";"STRICTO SENSU";"";"Sala A";"2014";"1";"2014-03-11";"2014-06-13";"3T23 (11/03/2014 - 13/06/2014)";"6";"10";"REGULAR";"f";"2014-06-19 14:47:17.738";"f";"";"28";"CONSOLIDADA";"";"Presencial";
"1226717";"12";"";"2161138";"";"38247";"STRICTO SENSU";"";"sala do orientador";"2014";"1";"2014-02-17";"2014-06-13";"2T2";"2";"2";"REGULAR";"f";"2015-12-17 11:54:02.45";"f";"";"15";"CONSOLIDADA";"";"Presencial";
"1226718";"12";"";"2161138";"";"38249";"STRICTO SENSU";"";"sala do orientador";"2014";"1";"2014-02-17";"2014-06-13";"2T3";"1";"1";"REGULAR";"f";"2015-12-17 12:12:35.569";"f";"";"15";"CONSOLIDADA";"";"Presencial";
"1226721";"06";"26599";"";"";"55495";"STRICTO SENSU";"";"sala do orientador";"2014";"1";"2014-02-17";"2014-06-13";"2T2";"2";"2";"REGULAR";"f";"2014-07-16 18:10:35.489";"f";"";"15";"CONSOLIDADA";"";"Presencial";
"1226722";"06";"26599";"";"";"55497";"STRICTO SENSU";"";"sala do orientador";"2014";"1";"2014-02-17";"2014-06-13";"2T3";"1";"1";"REGULAR";"f";"2014-08-06 19:52:22.323";"f";"";"15";"CONSOLIDADA";"";"Presencial";
"1226723";"02";"26599";"";"";"55499";"STRICTO SENSU";"";"sala do orientador";"2014";"1";"2014-02-17";"2014-06-13";"2T4";"1";"1";"REGULAR";"f";"2014-08-06 20:26:50.301";"f";"";"15";"CONSOLIDADA";"";"Presencial";
"1226724";"06";"25438";"";"";"55493";"STRICTO SENSU";"";"sala do orientador";"2014";"1";"2014-02-17";"2014-06-13";"2T2";"3";"3";"REGULAR";"f";"2014-06-10 18:25:02.655";"f";"";"18";"CONSOLIDADA";"";"Presencial";
"1226725";"07";"25438";"";"";"55497";"STRICTO SENSU";"";"sala do orientador";"2014";"1";"2014-02-17";"2014-06-13";"2T3";"1";"2";"REGULAR";"f";"2014-06-10 18:26:45.616";"f";"";"18";"CONSOLIDADA";"";"Presencial";
"1226726";"03";"25438";"";"";"55499";"STRICTO SENSU";"";"sala do orientador";"2014";"1";"2014-02-17";"2014-06-13";"2T5";"1";"2";"REGULAR";"f";"2014-08-31 19:24:42.847";"f";"";"15";"CONSOLIDADA";"";"Presencial";
"1226727";"07";"";"99421124";"Profa. Maria Angélica";"55495";"STRICTO SENSU";"";"sala do orientador";"2014";"1";"2014-02-17";"2014-06-13";"2T2";"3";"3";"REGULAR";"f";"2014-07-22 12:14:06.136";"f";"";"15";"CONSOLIDADA";"";"Presencial";
"1226728";"08";"";"99421124";"Profa. Maria Angélica";"55497";"STRICTO SENSU";"";"sala do orientador";"2014";"1";"2014-02-17";"2014-06-13";"2T4";"1";"2";"REGULAR";"f";"2014-07-22 12:44:56.198";"f";"";"15";"CONSOLIDADA";"";"Presencial";
"1226729";"04";"";"99421124";"Profa. Maria Angélica";"55499";"STRICTO SENSU";"";"sala do orientador";"2014";"1";"2014-02-17";"2014-06-13";"2T5";"1";"1";"REGULAR";"f";"2014-07-22 12:54:56.811";"f";"";"15";"CONSOLIDADA";"";"Presencial";
"1226730";"09";"20788";"";"";"55497";"STRICTO SENSU";"";"sala do orientador";"2014";"1";"2014-02-17";"2014-06-13";"2T3";"3";"3";"REGULAR";"f";"2014-08-28 16:59:48.128";"f";"";"15";"CONSOLIDADA";"";"Presencial";
"1226731";"05";"20788";"";"";"55499";"STRICTO SENSU";"";"sala do orientador";"2014";"1";"2014-02-17";"2014-06-13";"2T4";"3";"3";"REGULAR";"f";"2015-03-31 23:21:44.685";"f";"";"15";"CONSOLIDADA";"";"Presencial";
"1226732";"13B";"5754972";"";"";"46631";"GRADUAÇÃO";"";"MARTINS/RN";"2014";"1";"2014-01-27";"2014-06-14";"";"";"";"REGULAR";"t";"2014-06-18 17:56:00.729";"f";"";"0";"CONSOLIDADA";"";"A Distância";
"1226733";"07";"5752248";"";"";"55493";"STRICTO SENSU";"";"sala do orientador";"2014";"1";"2014-02-17";"2014-06-13";"2T2";"1";"1";"REGULAR";"f";"2014-07-07 15:24:07.066";"f";"";"15";"CONSOLIDADA";"";"Presencial";
"1226734";"08";"5752248";"";"";"55495";"STRICTO SENSU";"";"sala do orientador";"2014";"1";"2014-02-17";"2014-06-13";"2T3";"2";"2";"REGULAR";"f";"2014-07-07 15:27:37.075";"f";"";"15";"CONSOLIDADA";"";"Presencial";
"1226735";"10";"5752248";"";"";"55497";"STRICTO SENSU";"";"sala do orientador";"2014";"1";"2014-02-17";"2014-06-13";"2T5";"1";"1";"REGULAR";"f";"2014-07-07 15:29:29.496";"f";"";"15";"CONSOLIDADA";"";"Presencial";
"1226736";"08";"5752278";"";"";"55493";"STRICTO SENSU";"";"sala do orientador";"2014";"1";"2014-02-17";"2014-06-13";"2T2";"3";"3";"REGULAR";"f";"2014-06-27 12:13:08.104";"f";"";"15";"CONSOLIDADA";"";"Presencial";
"1226737";"09";"5752278";"";"";"55495";"STRICTO SENSU";"";"sala do orientador";"2014";"1";"2014-02-17";"2014-06-13";"2T3";"1";"1";"REGULAR";"f";"2014-06-27 12:05:20.833";"f";"";"15";"CONSOLIDADA";"";"Presencial";
"1226738";"01";"21790";"";"";"38921";"STRICTO SENSU";"";"Auditório do LAUT";"2014";"1";"2014-02-24";"2014-06-12";"6T23456 (24/02/2014 - 12/06/2014)";"7";"10";"REGULAR";"f";"2014-06-26 22:52:33.734";"f";"";"70";"CONSOLIDADA";"";"Presencial";
"1226739";"01";"15526";"";"Petrografia e Petrologia de Rochas Carbonáticas";"38907";"STRICTO SENSU";"";"Laboratório da Geologia";"2014";"1";"2014-02-24";"2014-06-12";"6M23456 (24/02/2014 - 12/06/2014)";"5";"20";"REGULAR";"f";"2014-06-16 14:34:19.049";"f";"";"70";"CONSOLIDADA";"";"Presencial";
"1226740";"10";"5752773";"";"";"55495";"STRICTO SENSU";"";"sala do orientador";"2014";"1";"2014-02-17";"2014-06-13";"2T3";"2";"4";"REGULAR";"f";"2014-08-20 14:11:21.872";"f";"";"15";"CONSOLIDADA";"";"Presencial";
"1226741";"01";"22754";"";"";"47265";"STRICTO SENSU";"";"sala F4 - Setor V";"2014";"1";"2014-03-10";"2014-06-13";"5T2345";"18";"25";"REGULAR";"f";"2015-01-05 00:12:26.888";"f";"";"68";"CONSOLIDADA";"";"Presencial";
"1226742";"01";"25426";"";"";"47263";"STRICTO SENSU";"";"sala F4 - Setor V";"2014";"1";"2014-03-10";"2014-06-13";"3M2345";"11";"15";"REGULAR";"f";"2014-06-23 10:46:56.912";"f";"";"60";"CONSOLIDADA";"";"Presencial";
"1226743";"01";"5751873";"";"";"39751";"STRICTO SENSU";"";"3F3";"2014";"1";"2014-02-10";"2014-06-27";"2T12";"1";"1";"REGULAR";"f";"2014-06-25 19:26:04.072";"f";"";"30";"CONSOLIDADA";"";"Presencial";
"1226744";"01";"34475";"";"";"47264";"STRICTO SENSU";"";"sala F4 - Setor V";"2014";"1";"2014-03-10";"2014-06-13";"4M2345";"12";"17";"REGULAR";"f";"2015-01-05 10:09:29.966";"f";"";"60";"CONSOLIDADA";"";"Presencial";
"1226745";"01";"5753645";"";"";"39750";"STRICTO SENSU";"";"3C3";"2014";"1";"2014-02-10";"2014-06-27";"3M12";"1";"1";"REGULAR";"f";"2014-06-24 10:44:02.155";"f";"";"38";"CONSOLIDADA";"";"Presencial";
"1226746";"13";"";"99421085";"Prof. Marcos Falleiros";"38247";"STRICTO SENSU";"";"Sala do orientador";"2014";"1";"2014-02-17";"2014-06-13";"2T1";"2";"2";"REGULAR";"f";"2014-07-14 00:09:49.312";"f";"";"15";"CONSOLIDADA";"";"Presencial";
"1226747";"16";"5754694";"";"";"2046771";"GRADUAÇÃO";"";"MARCELINO VIEIRA/RN";"2014";"1";"2014-01-27";"2014-06-14";"";"";"";"REGULAR";"t";"2014-05-28 22:14:25.776";"f";"";"0";"CONSOLIDADA";"";"A Distância";
"1226748";"16";"5753587";"";"";"2046760";"GRADUAÇÃO";"";"MARCELINO VIEIRA/RN";"2014";"1";"2014-01-27";"2014-06-14";"";"";"";"REGULAR";"t";"2014-06-14 14:26:58.84";"f";"";"0";"CONSOLIDADA";"";"A Distância";
"1226749";"24";"5753587";"";"";"2046760";"GRADUAÇÃO";"";"NATAL/RN";"2014";"1";"2014-01-27";"2014-06-14";"";"";"";"REGULAR";"t";"2014-06-14 14:34:00.65";"f";"";"0";"CONSOLIDADA";"";"A Distância";
"1226750";"24";"22147";"";"";"39175";"STRICTO SENSU";"";"Centro de Educação";"2014";"1";"2014-02-10";"2014-06-11";"2T6";"1";"1";"REGULAR";"f";"2014-06-25 17:44:10.336";"f";"";"16";"CONSOLIDADA";"";"Presencial";
"1226751";"12";"5754694";"";"";"26051";"GRADUAÇÃO";"";"LUÍS GOMES/RN";"2014";"1";"2014-01-27";"2014-06-14";"";"";"";"REGULAR";"t";"";"f";"";"";"EXCLUÍDA";"";"A Distância";
"1226752";"16";"5754694";"";"";"26051";"GRADUAÇÃO";"";"MARCELINO VIEIRA/RN";"2014";"1";"2014-01-27";"2014-06-14";"";"";"";"REGULAR";"t";"2014-05-28 22:37:51.048";"f";"";"0";"CONSOLIDADA";"";"A Distância";
"1226753";"24";"5754694";"";"";"26051";"GRADUAÇÃO";"";"NATAL/RN";"2014";"1";"2014-01-27";"2014-06-14";"";"";"";"REGULAR";"t";"2014-05-28 22:49:08.167";"f";"";"0";"CONSOLIDADA";"";"A Distância";
"1226754";"21";"5754694";"";"";"26051";"GRADUAÇÃO";"";"PARNAMIRIM/RN";"2014";"1";"2014-01-27";"2014-06-14";"";"";"";"REGULAR";"t";"2014-05-28 22:44:38.329";"f";"";"0";"CONSOLIDADA";"";"A Distância";
"1226755";"11";"22741";"";"";"2046761";"GRADUAÇÃO";"";"EXTREMOZ/RN";"2014";"1";"2014-01-27";"2014-06-14";"";"";"";"REGULAR";"t";"2014-06-19 23:51:27.907";"f";"";"0";"CONSOLIDADA";"";"A Distância";
"1226756";"01";"22741";"";"";"2046761";"GRADUAÇÃO";"";"MACAU/RN";"2014";"1";"2014-01-27";"2014-06-14";"";"";"";"REGULAR";"t";"2014-06-19 23:50:44.341";"f";"";"0";"CONSOLIDADA";"";"A Distância";
"1226757";"24";"22741";"";"";"2046761";"GRADUAÇÃO";"";"NATAL/RN";"2014";"1";"2014-01-27";"2014-06-14";"";"";"";"REGULAR";"t";"2014-06-19 23:53:33.414";"f";"";"0";"CONSOLIDADA";"";"A Distância";
"1226758";"21";"22741";"";"";"2046761";"GRADUAÇÃO";"";"PARNAMIRIM/RN";"2014";"1";"2014-01-27";"2014-06-14";"";"";"";"REGULAR";"t";"";"f";"";"";"EXCLUÍDA";"";"A Distância";
"1226759";"01";"5754352";"";"";"40246";"GRADUAÇÃO";"";"MACAU/RN";"2014";"1";"2014-01-27";"2014-06-14";"";"";"";"REGULAR";"t";"2014-06-06 11:22:56.142";"f";"";"0";"CONSOLIDADA";"";"A Distância";
"1226760";"14";"5754352";"";"";"2046781";"GRADUAÇÃO";"";"CAICÓ/RN";"2014";"1";"2014-01-27";"2014-06-14";"";"";"";"REGULAR";"t";"2014-06-06 11:18:17.874";"f";"";"0";"CONSOLIDADA";"";"A Distância";
"1226761";"15";"5754352";"";"";"2046781";"GRADUAÇÃO";"";"LAJES/RN";"2014";"1";"2014-01-27";"2014-06-14";"";"";"";"REGULAR";"t";"2014-06-06 11:19:26.283";"f";"";"0";"CONSOLIDADA";"";"A Distância";
"1226762";"16";"5754352";"";"";"2046781";"GRADUAÇÃO";"";"MARCELINO VIEIRA/RN";"2014";"1";"2014-01-27";"2014-06-14";"";"";"";"REGULAR";"t";"2014-06-06 11:21:18.218";"f";"";"0";"CONSOLIDADA";"";"A Distância";
"1226763";"24";"5754352";"";"";"2046781";"GRADUAÇÃO";"";"NATAL/RN";"2014";"1";"2014-01-27";"2014-06-14";"";"";"";"REGULAR";"t";"2014-06-06 11:22:06.549";"f";"";"0";"CONSOLIDADA";"";"A Distância";
"1226764";"14";"5755521";"";"";"2046780";"GRADUAÇÃO";"";"CAICÓ/RN";"2014";"1";"2014-01-27";"2014-06-14";"";"";"";"REGULAR";"t";"2014-06-21 09:41:19.302";"f";"";"0";"CONSOLIDADA";"";"A Distância";
"1226764";"14";"5754622";"";"";"2046780";"GRADUAÇÃO";"";"CAICÓ/RN";"2014";"1";"2014-01-27";"2014-06-14";"";"";"";"REGULAR";"t";"2014-06-21 09:41:19.302";"f";"";"0";"CONSOLIDADA";"";"A Distância";
"1226765";"16";"5754622";"";"";"2046780";"GRADUAÇÃO";"";"MARCELINO VIEIRA/RN";"2014";"1";"2014-01-27";"2014-06-14";"";"";"";"REGULAR";"t";"2014-06-21 09:42:17.456";"f";"";"0";"CONSOLIDADA";"";"A Distância";
"1226765";"16";"5755521";"";"";"2046780";"GRADUAÇÃO";"";"MARCELINO VIEIRA/RN";"2014";"1";"2014-01-27";"2014-06-14";"";"";"";"REGULAR";"t";"2014-06-21 09:42:17.456";"f";"";"0";"CONSOLIDADA";"";"A Distância";
"1226766";"24";"5754622";"";"";"2046780";"GRADUAÇÃO";"";"NATAL/RN";"2014";"1";"2014-01-27";"2014-06-14";"";"";"";"REGULAR";"t";"2014-06-21 09:43:16.605";"f";"";"0";"CONSOLIDADA";"";"A Distância";
"1226766";"24";"5755521";"";"";"2046780";"GRADUAÇÃO";"";"NATAL/RN";"2014";"1";"2014-01-27";"2014-06-14";"";"";"";"REGULAR";"t";"2014-06-21 09:43:16.605";"f";"";"0";"CONSOLIDADA";"";"A Distância";
"1226767";"24";"5755132";"";"";"2021904";"GRADUAÇÃO";"";"NATAL/RN";"2014";"1";"2014-01-27";"2014-06-14";"";"";"";"REGULAR";"t";"2014-06-19 19:46:59.684";"f";"";"0";"CONSOLIDADA";"";"A Distância";
"1226768";"14";"23122";"";"";"2046773";"GRADUAÇÃO";"";"CAICÓ/RN";"2014";"1";"2014-01-27";"2014-06-14";"";"";"";"REGULAR";"t";"2014-06-08 10:00:39.242";"f";"";"0";"CONSOLIDADA";"";"A Distância";
"1226769";"20";"23122";"";"";"2046773";"GRADUAÇÃO";"";"GROSSOS/RN";"2014";"1";"2014-01-27";"2014-06-14";"";"";"";"REGULAR";"t";"2014-06-08 10:02:59.693";"f";"";"0";"CONSOLIDADA";"";"A Distância";
"1226770";"15";"23122";"";"";"2046773";"GRADUAÇÃO";"";"LAJES/RN";"2014";"1";"2014-01-27";"2014-06-14";"";"";"";"REGULAR";"t";"2014-06-08 10:03:38.607";"f";"";"0";"CONSOLIDADA";"";"A Distância";
"1226771";"12";"5754622";"";"";"2046773";"GRADUAÇÃO";"";"LUÍS GOMES/RN";"2014";"1";"2014-01-27";"2014-06-14";"";"";"";"REGULAR";"t";"";"f";"";"";"EXCLUÍDA";"";"A Distância";
"1226772";"16";"23122";"";"";"2046773";"GRADUAÇÃO";"";"MARCELINO VIEIRA/RN";"2014";"1";"2014-01-27";"2014-06-14";"";"";"";"REGULAR";"t";"2014-06-08 10:01:44.903";"f";"";"0";"CONSOLIDADA";"";"A Distância";
"1226773";"03E";"5753041";"";"";"2051712";"GRADUAÇÃO";"Campus Central";"Sala 03";"2014";"1";"2014-01-27";"2014-06-14";"7T12  24N12 (27/01/2014 - 14/06/2014)";"";"30";"REGULAR";"f";"2014-06-15 09:15:36.747";"f";"1220715";"108";"CONSOLIDADA";"";"Presencial";
"1226773";"03E";"5756073";"";"";"2051712";"GRADUAÇÃO";"Campus Central";"Sala 03";"2014";"1";"2014-01-27";"2014-06-14";"7T12  24N12 (27/01/2014 - 14/06/2014)";"";"30";"REGULAR";"f";"2014-06-15 09:15:36.747";"f";"1220715";"108";"CONSOLIDADA";"";"Presencial";
"1226774";"12";"5754622";"";"";"2046758";"GRADUAÇÃO";"";"LUÍS GOMES/RN";"2014";"1";"2014-01-27";"2014-06-14";"";"";"";"REGULAR";"t";"";"f";"";"";"EXCLUÍDA";"";"A Distância";
"1226775";"24";"5754622";"";"";"2046758";"GRADUAÇÃO";"";"NATAL/RN";"2014";"1";"2014-01-27";"2014-06-14";"";"";"";"REGULAR";"t";"2014-06-09 22:34:04.883";"f";"";"0";"CONSOLIDADA";"";"A Distância";
"1226776";"12";"5754352";"";"";"2046768";"GRADUAÇÃO";"";"LUÍS GOMES/RN";"2014";"1";"2014-01-27";"2014-06-14";"";"";"";"REGULAR";"t";"";"f";"";"";"EXCLUÍDA";"";"A Distância";
"1226777";"01";"22903";"";"";"45195";"STRICTO SENSU";"";"PPGSCol";"2014";"1";"2014-03-10";"2014-06-04";"24M23 (10/03/2014 - 04/06/2014)";"12";"12";"REGULAR";"f";"2014-06-04 21:34:48.095";"f";"";"2";"CONSOLIDADA";"";"Presencial";
"1226778";"16";"5754622";"";"";"26054";"GRADUAÇÃO";"";"MARCELINO VIEIRA/RN";"2014";"1";"2014-01-27";"2014-06-14";"";"";"";"REGULAR";"t";"2014-06-09 22:24:30.451";"f";"";"0";"CONSOLIDADA";"";"A Distância";
"1226779";"04";"35048";"";"";"42156";"STRICTO SENSU";"";"A definir";"2014";"1";"2014-02-10";"2014-06-14";"7N1234";"1";"5";"REGULAR";"f";"2014-08-13 16:22:11.215";"f";"";"60";"CONSOLIDADA";"";"Presencial";
"1226780";"02";"25917";"";"";"45195";"STRICTO SENSU";"";"PPGSCol";"2014";"1";"2014-03-10";"2014-06-04";"24M23 (10/03/2014 - 04/06/2014)";"5";"8";"REGULAR";"f";"2014-06-11 09:11:22.053";"f";"";"50";"CONSOLIDADA";"";"Presencial";
"1226781";"11";"5754622";"";"";"2046757";"GRADUAÇÃO";"";"EXTREMOZ/RN";"2014";"1";"2014-01-27";"2014-06-14";"";"";"";"REGULAR";"t";"2014-06-21 09:45:28.303";"f";"";"0";"CONSOLIDADA";"";"A Distância";
"1226781";"11";"5755521";"";"";"2046757";"GRADUAÇÃO";"";"EXTREMOZ/RN";"2014";"1";"2014-01-27";"2014-06-14";"";"";"";"REGULAR";"t";"2014-06-21 09:45:28.303";"f";"";"0";"CONSOLIDADA";"";"A Distância";
"1226782";"01";"5755521";"";"";"2046757";"GRADUAÇÃO";"";"MACAU/RN";"2014";"1";"2014-01-27";"2014-06-14";"";"";"";"REGULAR";"t";"2014-06-21 09:44:15.777";"f";"";"0";"CONSOLIDADA";"";"A Distância";
"1226782";"01";"5754622";"";"";"2046757";"GRADUAÇÃO";"";"MACAU/RN";"2014";"1";"2014-01-27";"2014-06-14";"";"";"";"REGULAR";"t";"2014-06-21 09:44:15.777";"f";"";"0";"CONSOLIDADA";"";"A Distância";
"1226783";"01";"22011";"";"";"45201";"STRICTO SENSU";"";"PPGSCol";"2014";"1";"2014-05-06";"2014-06-17";"3M2345";"29";"25";"REGULAR";"f";"2014-07-14 20:22:32.182";"f";"";"24";"CONSOLIDADA";"";"Presencial";
"1226784";"12";"5755045";"";"";"2054850";"GRADUAÇÃO";"";"LUÍS GOMES/RN";"2014";"1";"2014-01-27";"2014-06-14";"";"";"";"REGULAR";"t";"";"f";"";"";"EXCLUÍDA";"";"A Distância";
"1226785";"02";"5755403";"";"";"45201";"STRICTO SENSU";"";"PPGSCol";"2014";"1";"2014-05-06";"2014-06-17";"3M2345";"22";"20";"REGULAR";"f";"2014-07-16 19:10:40.156";"f";"";"28";"CONSOLIDADA";"";"Presencial";
"1226786";"01";"5753587";"";"";"2046767";"GRADUAÇÃO";"";"MACAU/RN";"2014";"1";"2014-01-27";"2014-06-14";"";"";"";"REGULAR";"t";"2014-06-14 14:46:07.662";"f";"";"0";"CONSOLIDADA";"";"A Distância";
"1226787";"16";"5753587";"";"";"2046767";"GRADUAÇÃO";"";"MARCELINO VIEIRA/RN";"2014";"1";"2014-01-27";"2014-06-14";"";"";"";"REGULAR";"t";"2014-06-14 14:40:18.928";"f";"";"0";"CONSOLIDADA";"";"A Distância";
"1226788";"03";"5752713";"";"";"45195";"STRICTO SENSU";"";"PPGSCol";"2014";"1";"2014-03-17";"2014-04-30";"245M23456 (17/03/2014 - 30/04/2014)";"10";"10";"REGULAR";"f";"2014-05-20 07:49:43.778";"f";"";"45";"CONSOLIDADA";"";"Presencial";
"1226789";"03";"26049";"";"";"38700";"STRICTO SENSU";"";"Centro de Biociências";"2014";"1";"2014-02-10";"2014-06-14";"5N123";"3";"2";"REGULAR";"f";"2014-06-19 10:43:36.661";"f";"";"48";"CONSOLIDADA";"";"Presencial";
"1226790";"04E";"5756073";"";"";"2051712";"GRADUAÇÃO";"Campus Central";"Sala 05";"2014";"1";"2014-01-27";"2014-06-14";"6T56  24N12 (27/01/2014 - 14/06/2014)";"";"13";"REGULAR";"f";"2014-06-11 17:09:22.822";"f";"1220720";"84";"CONSOLIDADA";"";"Presencial";
"1226791";"01";"24040";"";"";"45200";"STRICTO SENSU";"";"PPGSCol";"2014";"1";"2014-05-08";"2014-05-29";"56M2345";"23";"23";"REGULAR";"f";"2014-07-01 11:39:57.933";"f";"";"20";"CONSOLIDADA";"";"Presencial";
"1226792";"01";"22011";"";"";"45194";"STRICTO SENSU";"";"PPGSCol";"2014";"1";"2014-03-11";"2014-04-29";"3M2345";"18";"20";"REGULAR";"f";"2014-07-14 20:24:19.933";"f";"";"20";"CONSOLIDADA";"";"Presencial";
"1226793";"02";"22738";"";"";"45194";"STRICTO SENSU";"";"PPGSCol";"2014";"1";"2014-03-11";"2014-04-29";"3M2345";"16";"16";"REGULAR";"f";"2014-06-11 22:55:21.255";"f";"";"28";"CONSOLIDADA";"";"Presencial";
"1226794";"01";"18423";"";"MONITORAMENTO E ANÁLISE DE VIBRAÇÃO";"44393";"STRICTO SENSU";"";"A Definir";"2014";"1";"2014-02-03";"2014-06-14";"2T3456";"5";"5";"REGULAR";"f";"2015-02-10 06:41:11.825";"f";"";"68";"CONSOLIDADA";"";"Presencial";
"1226795";"01";"5752713";"";"";"45197";"STRICTO SENSU";"";"PPGSCol";"2014";"1";"2014-03-14";"2014-06-06";"6T23 (14/03/2014 - 06/06/2014)";"15";"30";"REGULAR";"f";"2014-07-17 18:54:05.401";"f";"";"24";"CONSOLIDADA";"";"Presencial";
"1226796";"01";"5752713";"";"";"45198";"STRICTO SENSU";"";"PPGSCol";"2014";"1";"2014-03-14";"2014-06-06";"6T45 (14/03/2014 - 06/06/2014)";"2";"10";"REGULAR";"f";"2014-07-13 09:38:52.804";"f";"";"24";"CONSOLIDADA";"";"Presencial";
"1226797";"01";"5753030";"";"SOLUÇÃO COMPUTACIONAL DE PROBLEMAS DE FENÔMENOS DE TRANSPORTE";"44413";"STRICTO SENSU";"";"A Definir";"2014";"1";"2014-02-03";"2014-06-14";"24N12";"3";"3";"REGULAR";"f";"2014-12-05 16:49:05.904";"f";"";"70";"CONSOLIDADA";"";"Presencial";
"1226798";"06";"15562";"";"";"38280";"STRICTO SENSU";"";"Sala do orientador";"2014";"1";"2014-02-17";"2014-06-13";"2T1";"0";"3";"REGULAR";"f";"";"f";"";"";"EXCLUÍDA";"";"Presencial";
"1226799";"02";"5752204";"";"";"54400";"STRICTO SENSU";"";"CCHLA";"2014";"1";"2014-02-17";"2014-06-11";"5N1";"15";"16";"REGULAR";"f";"2014-06-06 10:03:25.162";"f";"";"14";"CONSOLIDADA";"";"Presencial";
"1226800";"X";"5753615";"";"";"54380";"TÉCNICO";"";"SALA AGROPECUÁRIA 1";"2014";"1";"2014-01-27";"2014-06-14";"4M34";"";"45";"REGULAR";"f";"2014-06-16 12:01:21.418";"f";"";"8";"CONSOLIDADA";"";"Presencial";
"1226801";"01";"5752231";"";"";"53722";"LATO SENSU";"";"DOD";"2014";"1";"2014-01-07";"2014-10-28";"3N1234 (07/01/2014 - 28/10/2014)";"";"15";"REGULAR";"f";"2014-11-14 14:33:55.461";"f";"";"0";"CONSOLIDADA";"";"Presencial";
"1226801";"01";"25595";"";"";"53722";"LATO SENSU";"";"DOD";"2014";"1";"2014-01-07";"2014-10-28";"3N1234 (07/01/2014 - 28/10/2014)";"";"15";"REGULAR";"f";"2014-11-14 14:33:55.461";"f";"";"0";"CONSOLIDADA";"";"Presencial";
"1226801";"01";"2257775";"";"";"53722";"LATO SENSU";"";"DOD";"2014";"1";"2014-01-07";"2014-10-28";"3N1234 (07/01/2014 - 28/10/2014)";"";"15";"REGULAR";"f";"2014-11-14 14:33:55.461";"f";"";"0";"CONSOLIDADA";"";"Presencial";
"1226801";"01";"";"89529039";"";"53722";"LATO SENSU";"";"DOD";"2014";"1";"2014-01-07";"2014-10-28";"3N1234 (07/01/2014 - 28/10/2014)";"";"15";"REGULAR";"f";"2014-11-14 14:33:55.461";"f";"";"0";"CONSOLIDADA";"";"Presencial";
"1226802";"11";"20788";"";"";"55495";"STRICTO SENSU";"";"sala do orientador";"2014";"1";"2014-02-17";"2014-06-13";"2T1";"4";"4";"REGULAR";"f";"2015-03-31 22:26:05.341";"f";"";"15";"CONSOLIDADA";"";"Presencial";
"1226803";"09";"";"99421124";"Profa. Maria Angélica";"55493";"STRICTO SENSU";"";"sala do orientador";"2014";"1";"2014-02-17";"2014-06-13";"2T6";"1";"1";"REGULAR";"f";"2014-07-22 12:03:44.743";"f";"";"15";"CONSOLIDADA";"";"Presencial";
"1226804";"11";"15562";"";"";"55497";"STRICTO SENSU";"";"sala do orientador";"2014";"1";"2014-02-17";"2014-06-13";"2T5";"";"1";"REGULAR";"f";"";"f";"";"";"EXCLUÍDA";"";"Presencial";
"1226805";"12";"15562";"";"";"55497";"STRICTO SENSU";"";"sala do orientador";"2014";"1";"2014-02-17";"2014-06-13";"2T1";"3";"3";"REGULAR";"f";"2014-06-13 16:38:45.492";"f";"";"15";"CONSOLIDADA";"";"Presencial";
"1226806";"01";"26043";"";"";"52335";"STRICTO SENSU";"";"AUDITÓRIO DO DEPARTAMENTO DE FISIOTERAPIA";"2014";"1";"2014-01-27";"2014-06-14";"3N12";"1";"2";"REGULAR";"f";"2014-06-10 13:03:55.332";"f";"";"34";"CONSOLIDADA";"";"Presencial";
"1226807";"13";"17967";"";"";"38249";"STRICTO SENSU";"";"Sala do orientador";"2014";"1";"2014-02-17";"2014-06-13";"2T1";"2";"2";"REGULAR";"f";"2014-06-05 10:55:42.209";"f";"";"14";"CONSOLIDADA";"";"Presencial";
"1226808";"11";"17967";"";"";"38251";"STRICTO SENSU";"";"Sala do orientador";"2014";"1";"2014-02-17";"2014-06-13";"2T2";"4";"4";"REGULAR";"f";"2014-06-05 10:58:07.542";"f";"";"14";"CONSOLIDADA";"";"Presencial";
"1226809";"05";"17967";"";"";"38253";"STRICTO SENSU";"";"Sala do orientador";"2014";"1";"2014-02-17";"2014-06-13";"2T3";"1";"2";"REGULAR";"f";"2014-06-05 11:00:08.98";"f";"";"14";"CONSOLIDADA";"";"Presencial";
"1226810";"03";"5753407";"";"";"42316";"STRICTO SENSU";"";"D1A";"2014";"1";"2014-02-10";"2014-07-08";"35N34";"20";"20";"REGULAR";"f";"2015-05-26 21:14:14.97";"f";"";"76";"CONSOLIDADA";"";"Presencial";
"1226811";"14";"26041";"";"";"38278";"STRICTO SENSU";"";"Sala do orientador";"2014";"1";"2014-02-17";"2014-06-13";"2T2";"1";"1";"REGULAR";"f";"2014-08-08 06:07:02.885";"f";"";"15";"CONSOLIDADA";"";"Presencial";
"1226812";"02";"21732";"";"";"52335";"STRICTO SENSU";"";"AUDITÓRIO DO DEPARTAMENTO DE FISIOTERAPIA";"2014";"1";"2014-01-27";"2014-06-14";"2N12";"1";"3";"REGULAR";"f";"2014-06-29 23:02:30.147";"f";"";"36";"CONSOLIDADA";"";"Presencial";
"1226813";"01";"22006";"";"";"41160";"STRICTO SENSU";"";"a ser definido";"2014";"1";"2014-02-24";"2014-06-13";"2T56 (24/02/2014 - 13/06/2014)";"6";"5";"REGULAR";"f";"2014-06-07 08:16:31.673";"f";"";"26";"CONSOLIDADA";"";"Presencial";
"1226814";"01";"22991";"";"";"41599";"STRICTO SENSU";"";"AUDITÓRIO DO DEPARTAMENTO DE FISIOTERAPIA";"2014";"1";"2014-01-27";"2014-06-14";"2N12";"1";"1";"REGULAR";"f";"";"f";"";"";"EXCLUÍDA";"";"Presencial";
"1226815";"02";"22006";"";"";"39631";"STRICTO SENSU";"";"a ser definido";"2014";"1";"2014-02-20";"2014-05-08";"5T2345 (20/02/2014 - 08/05/2014)";"10";"10";"REGULAR";"f";"2014-06-09 10:57:45.444";"f";"";"40";"CONSOLIDADA";"";"Presencial";
"1226816";"02";"21732";"";"";"41599";"STRICTO SENSU";"";"AUDITÓRIO DO DEPARTAMENTO DE FISIOTERAPIA";"2014";"1";"2014-01-27";"2014-06-14";"2N34";"1";"1";"REGULAR";"f";"2014-06-10 15:17:19.915";"f";"";"36";"CONSOLIDADA";"";"Presencial";
"1226817";"02";"5753012";"";"";"39751";"STRICTO SENSU";"";"Laboratório de Química I";"2014";"1";"2014-02-10";"2014-06-27";"6M23";"1";"1";"REGULAR";"f";"2014-07-09 00:33:10.243";"f";"";"38";"CONSOLIDADA";"";"Presencial";
"1226818";"03";"26147";"";"";"41599";"STRICTO SENSU";"";"AUDITÓRIO DO DEPARTAMENTO DE FISIOTERAPIA";"2014";"1";"2014-01-27";"2014-06-14";"2N34";"2";"2";"REGULAR";"f";"2014-07-20 20:01:15.668";"f";"";"36";"CONSOLIDADA";"";"Presencial";
"1226819";"03";"21733";"";"";"52335";"STRICTO SENSU";"";"AUDITÓRIO DO DEPARTAMENTO DE FISIOTERAPIA";"2014";"1";"2014-01-27";"2014-06-14";"2N12";"3";"3";"REGULAR";"f";"2014-07-25 10:07:20.307";"f";"";"36";"CONSOLIDADA";"";"Presencial";
"1226821";"02";"20832";"";"";"55458";"GRADUAÇÃO";"Campus Central";"4B4";"2014";"1";"2014-01-27";"2014-06-14";"46M56";"";"20";"REGULAR";"f";"2014-06-16 21:42:16.02";"f";"";"66";"CONSOLIDADA";"";"Presencial";
"1226822";"04";"";"5404740";"";"41599";"STRICTO SENSU";"";"AUDITÓRIO DO DEPARTAMENTO DE FISIOTERAPIA";"2014";"1";"2014-01-27";"2014-06-14";"2N34";"1";"1";"REGULAR";"f";"";"f";"";"";"EXCLUÍDA";"";"Presencial";
"1226823";"05";"2261772";"";"";"41599";"STRICTO SENSU";"";"AUDITÓRIO DO DEPARTAMENTO DE FISIOTERAPIA";"2014";"1";"2014-01-27";"2014-06-14";"2N12";"2";"3";"REGULAR";"f";"2014-10-21 10:16:10.271";"f";"";"34";"CONSOLIDADA";"";"Presencial";
"1226824";"01";"23757";"";"";"41345";"STRICTO SENSU";"";"Sala de aula do PEC";"2014";"1";"2014-02-24";"2014-06-14";"4N123";"1";"1";"REGULAR";"f";"2014-06-20 14:28:28.778";"f";"";"45";"CONSOLIDADA";"";"Presencial";
"1226825";"02";"37244";"";"";"41345";"STRICTO SENSU";"";"Sala de aula do PEC";"2014";"1";"2014-02-24";"2014-06-14";"4N123";"1";"1";"REGULAR";"f";"2014-05-14 17:21:04.274";"f";"";"45";"CONSOLIDADA";"";"Presencial";
"1226826";"04";"60520";"";"";"38372";"STRICTO SENSU";"";"Turma destinada aos alunos Émile e Emanuel";"2014";"1";"2014-02-10";"2014-06-11";"7N234";"2";"2";"REGULAR";"f";"2014-06-10 15:22:59.046";"f";"";"48";"CONSOLIDADA";"";"Presencial";
"1226827";"03";"5752375";"";"";"41345";"STRICTO SENSU";"";"Sala de aula do PEC";"2014";"1";"2014-02-24";"2014-06-14";"4N123";"1";"1";"REGULAR";"f";"2014-07-23 08:33:20.602";"f";"";"45";"CONSOLIDADA";"";"Presencial";
"1226828";"14";"5751854";"";"";"27182";"GRADUAÇÃO";"";"CAICÓ/RN";"2014";"1";"2014-01-27";"2014-06-14";"";"";"";"REGULAR";"t";"2014-06-11 16:44:50.197";"f";"";"0";"CONSOLIDADA";"";"A Distância";
"1226829";"04";"22823";"";"";"41345";"STRICTO SENSU";"";"Sala de aula do PEC";"2014";"1";"2014-02-24";"2014-06-14";"4N123";"2";"1";"REGULAR";"f";"2014-06-13 23:41:48.482";"f";"";"42";"CONSOLIDADA";"";"Presencial";
"1226830";"20";"23010";"";"";"39180";"STRICTO SENSU";"";"Centro de Educação";"2014";"1";"2014-02-10";"2014-06-11";"3T6";"1";"1";"REGULAR";"f";"2014-06-03 19:06:51.889";"f";"";"16";"CONSOLIDADA";"";"Presencial";
"1226831";"05";"24225";"";"";"41345";"STRICTO SENSU";"";"Sala de aula do PEC";"2014";"1";"2014-02-24";"2014-06-14";"4N123";"1";"1";"REGULAR";"f";"2014-07-11 19:27:20.686";"f";"";"42";"CONSOLIDADA";"";"Presencial";
"1226832";"01";"64106";"";"";"53011";"STRICTO SENSU";"";"4º Subsolo do HUOL";"2014";"1";"2014-01-01";"2014-06-30";"57M12345  57T12345 (01/03/2014 - 01/04/2014)";"29";"30";"REGULAR";"f";"2014-11-15 07:49:09.966";"f";"";"50";"CONSOLIDADA";"";"Presencial";
"1226832";"01";"5753362";"";"";"53011";"STRICTO SENSU";"";"4º Subsolo do HUOL";"2014";"1";"2014-01-01";"2014-06-30";"57M12345  57T12345 (01/03/2014 - 01/04/2014)";"29";"30";"REGULAR";"f";"2014-11-15 07:49:09.966";"f";"";"50";"CONSOLIDADA";"";"Presencial";
"1226832";"01";"62382";"";"";"53011";"STRICTO SENSU";"";"4º Subsolo do HUOL";"2014";"1";"2014-01-01";"2014-06-30";"57M12345  57T12345 (01/03/2014 - 01/04/2014)";"29";"30";"REGULAR";"f";"2014-11-15 07:49:09.966";"f";"";"50";"CONSOLIDADA";"";"Presencial";
"1226833";"01";"26647";"";"";"39745";"STRICTO SENSU";"";"sala 3F1";"2014";"1";"2014-02-10";"2014-06-27";"6T3456";"24";"25";"REGULAR";"f";"2014-08-01 11:52:50.148";"f";"";"72";"CONSOLIDADA";"";"Presencial";
"1226834";"03";"23400";"";"";"18651";"TÉCNICO";"";"Sala 21";"2014";"1";"2014-01-27";"2014-06-14";"5T456";"";"1";"REGULAR";"f";"2014-07-03 12:34:11.37";"f";"";"30";"CONSOLIDADA";"";"Presencial";
"1226835";"01";"5752181";"";"";"55539";"STRICTO SENSU";"";"Setor II Bloco i sala 11";"2014";"1";"2014-02-17";"2014-06-13";"5T234";"14";"30";"REGULAR";"f";"2014-10-28 20:51:28.206";"f";"";"45";"CONSOLIDADA";"";"Presencial";
"1226836";"02";"5755478";"";"";"2043613";"STRICTO SENSU";"";"Sala de aula do PEC";"2014";"1";"2014-02-24";"2014-06-14";"6M5  3T23";"9";"15";"REGULAR";"f";"2014-06-30 14:16:36.148";"f";"";"51";"CONSOLIDADA";"";"Presencial";
"1226837";"10";"5753704";"";"";"55493";"STRICTO SENSU";"";"Sala do orientador";"2014";"1";"2014-02-17";"2014-06-13";"2T1";"1";"1";"REGULAR";"f";"2015-12-17 22:44:24.853";"f";"";"15";"CONSOLIDADA";"";"Presencial";
"1226838";"01";"5752962";"";"";"55540";"STRICTO SENSU";"";"Setor II Bloco i sala 22";"2014";"1";"2014-02-17";"2014-06-13";"5T234";"10";"30";"REGULAR";"f";"2014-07-05 11:49:08.203";"f";"";"45";"CONSOLIDADA";"";"Presencial";
"1226839";"01";"";"102770343";"";"55529";"STRICTO SENSU";"";"Setor II Bloco B sala 3";"2014";"1";"2014-02-17";"2014-06-13";"5T234";"28";"31";"REGULAR";"f";"2014-10-08 11:44:12.464";"f";"";"45";"CONSOLIDADA";"";"Presencial";
"1226839";"01";"22792";"";"";"55529";"STRICTO SENSU";"";"Setor II Bloco B sala 3";"2014";"1";"2014-02-17";"2014-06-13";"5T234";"28";"31";"REGULAR";"f";"2014-10-08 11:44:12.464";"f";"";"45";"CONSOLIDADA";"";"Presencial";
"1226840";"01";"26028";"";"";"2055907";"STRICTO SENSU";"";"Maria de Lima";"2014";"1";"2014-02-10";"2014-06-11";"7N4";"1";"1";"REGULAR";"f";"2014-06-13 10:38:25.796";"f";"";"17";"CONSOLIDADA";"";"Presencial";
"1226841";"01";"5752569";"";"Revisitar conceitos em análise crítica do discurso";"55530";"STRICTO SENSU";"";"Setor II Bloco B sala 4";"2014";"1";"2014-02-17";"2014-06-13";"5T234";"8";"30";"REGULAR";"f";"2014-07-24 07:17:46.205";"f";"";"45";"CONSOLIDADA";"";"Presencial";
"1226842";"01";"5753666";"";"Fundamentos da análise do discurso de linha francesa";"55531";"STRICTO SENSU";"";"Setor II Bloco F sala 4";"2014";"1";"2014-02-17";"2014-06-13";"5M123";"11";"30";"REGULAR";"f";"2015-03-31 09:49:27.984";"f";"";"45";"CONSOLIDADA";"";"Presencial";
"1226843";"01";"26007";"";"Ensino de português como língua estrangeira - Abordagem cultural e gramatical";"55532";"STRICTO SENSU";"";"Setor II Bloco i sala 5";"2014";"1";"2014-02-17";"2014-06-13";"6T234";"6";"30";"REGULAR";"f";"2014-09-26 10:17:59.445";"f";"";"45";"CONSOLIDADA";"";"Presencial";
"1226843";"01";"5752796";"";"Ensino de português como língua estrangeira - Abordagem cultural e gramatical";"55532";"STRICTO SENSU";"";"Setor II Bloco i sala 5";"2014";"1";"2014-02-17";"2014-06-13";"6T234";"6";"30";"REGULAR";"f";"2014-09-26 10:17:59.445";"f";"";"45";"CONSOLIDADA";"";"Presencial";
"1226844";"01";"37484";"";"Textos em francês ";"55533";"STRICTO SENSU";"";"Setor II Bloco i sala 10";"2014";"1";"2014-02-17";"2014-06-13";"6T234";"3";"30";"REGULAR";"f";"2014-07-25 17:23:17.691";"f";"";"45";"CONSOLIDADA";"";"Presencial";
"1226845";"01";"24367";"";"";"55548";"STRICTO SENSU";"";"Sala de Aula do PPGCEM";"2014";"1";"2014-01-20";"2014-07-31";"4N1234 5N34";"9";"10";"REGULAR";"f";"2014-06-25 09:53:09.487";"f";"";"64";"CONSOLIDADA";"";"Presencial";
"1226845";"01";"5753039";"";"";"55548";"STRICTO SENSU";"";"Sala de Aula do PPGCEM";"2014";"1";"2014-01-20";"2014-07-31";"4N1234 5N34";"9";"10";"REGULAR";"f";"2014-06-25 09:53:09.487";"f";"";"64";"CONSOLIDADA";"";"Presencial";
"1226845";"01";"18679";"";"";"55548";"STRICTO SENSU";"";"Sala de Aula do PPGCEM";"2014";"1";"2014-01-20";"2014-07-31";"4N1234 5N34";"9";"10";"REGULAR";"f";"2014-06-25 09:53:09.487";"f";"";"64";"CONSOLIDADA";"";"Presencial";
"1226845";"01";"23717";"";"";"55548";"STRICTO SENSU";"";"Sala de Aula do PPGCEM";"2014";"1";"2014-01-20";"2014-07-31";"4N1234 5N34";"9";"10";"REGULAR";"f";"2014-06-25 09:53:09.487";"f";"";"64";"CONSOLIDADA";"";"Presencial";
"1226846";"04";"23039";"";"";"27158";"GRADUAÇÃO";"";"CAMPINA GRANDE/PB";"2014";"1";"2014-01-27";"2014-06-14";"";"";"";"REGULAR";"t";"2014-06-18 22:16:31.789";"f";"";"0";"CONSOLIDADA";"";"A Distância";
"1226847";"01";"5753865";"";"";"45265";"STRICTO SENSU";"";"Setor 3";"2014";"1";"2014-03-10";"2014-06-28";"6T6  6N123 (10/03/2014 - 28/06/2014)";"10";"10";"REGULAR";"f";"2014-06-20 11:09:47.298";"f";"";"20";"CONSOLIDADA";"";"Presencial";
"1226848";"01";"23186";"";"";"45280";"STRICTO SENSU";"";"3H";"2014";"1";"2014-03-10";"2014-06-28";"7M3456 (10/03/2014 - 28/06/2014)";"10";"10";"REGULAR";"f";"2014-06-20 09:37:27.192";"f";"";"56";"CONSOLIDADA";"";"Presencial";
"1226849";"02";"26034";"";"";"39750";"STRICTO SENSU";"";"Laboratório de Química I";"2014";"1";"2014-02-10";"2014-06-27";"4M23";"1";"1";"REGULAR";"f";"2014-06-30 15:27:54.542";"f";"";"32";"CONSOLIDADA";"";"Presencial";
"1226850";"01";"3020005";"";"";"41185";"STRICTO SENSU";"";"AUDITÓRIO DO DEPARTAMENTO DE FISIOTERAPIA";"2014";"1";"2014-01-27";"2014-06-14";"4T45";"12";"23";"REGULAR";"f";"2014-05-26 11:31:05.168";"f";"";"32";"CONSOLIDADA";"";"Presencial";
"1226851";"04";"22982";"";"";"52335";"STRICTO SENSU";"";"AUDITÓRIO DO DEPARTAMENTO DE FISIOTERAPIA";"2014";"1";"2014-01-27";"2014-06-14";"2N12";"2";"2";"REGULAR";"f";"2014-06-04 14:29:34.041";"f";"";"32";"CONSOLIDADA";"";"Presencial";
"1226852";"06";"22982";"";"";"41599";"STRICTO SENSU";"";"AUDITÓRIO DO DEPARTAMENTO DE FISIOTERAPIA";"2014";"1";"2014-01-27";"2014-06-14";"2N34";"1";"1";"REGULAR";"f";"2014-06-04 14:36:07.014";"f";"";"32";"CONSOLIDADA";"";"Presencial";
"1226853";"07";"22792";"";"";"38280";"STRICTO SENSU";"";"Sala do orientador";"2014";"1";"2014-02-17";"2014-06-13";"2T1";"4";"4";"REGULAR";"f";"2014-07-15 00:59:51.401";"f";"";"15";"CONSOLIDADA";"";"Presencial";
"1226854";"01";"5753006";"";"";"42340";"STRICTO SENSU";"";"D1A";"2014";"1";"2014-02-10";"2014-07-08";"4M2345";"21";"20";"REGULAR";"f";"2014-07-09 09:18:25.917";"f";"";"80";"CONSOLIDADA";"";"Presencial";
"1226855";"06";"5753414";"";"";"37113";"STRICTO SENSU";"";"A definir";"2014";"1";"2014-01-20";"2014-07-31";"2N23";"2";"2";"REGULAR";"f";"2014-07-29 09:46:30.329";"f";"";"52";"CONSOLIDADA";"";"Presencial";
"1226856";"01";"";"18196730";"";"37382";"STRICTO SENSU";"";"Sala de Aula PSICOB";"2014";"1";"2014-01-16";"2014-06-14";"35N12";"24";"30";"REGULAR";"f";"2014-06-15 04:11:21.462";"f";"";"60";"CONSOLIDADA";"";"Presencial";
"1226857";"01";"";"85432564";"";"2056209";"STRICTO SENSU";"";"Laboratório de Evolução do Comportamento Humano";"2014";"1";"2014-01-16";"2014-06-14";"6T34";"5";"4";"REGULAR";"f";"2014-06-14 22:29:46.971";"f";"";"30";"CONSOLIDADA";"";"Presencial";
"1226857";"01";"";"18196730";"";"2056209";"STRICTO SENSU";"";"Laboratório de Evolução do Comportamento Humano";"2014";"1";"2014-01-16";"2014-06-14";"6T34";"5";"4";"REGULAR";"f";"2014-06-14 22:29:46.971";"f";"";"30";"CONSOLIDADA";"";"Presencial";
"1226858";"01";"5751841";"";"";"37358";"STRICTO SENSU";"";"Anfiteatro B - Anatomia";"2014";"1";"2014-01-16";"2014-06-14";"35T5";"3";"4";"REGULAR";"f";"2014-06-07 12:29:15.306";"f";"";"30";"CONSOLIDADA";"";"Presencial";
"1226859";"01";"5755817";"";"";"55448";"STRICTO SENSU";"";"Sala de Aula do PPGCEM";"2014";"1";"2014-02-10";"2014-07-31";"4M45 (10/02/2014 - 31/07/2014)";"1";"15";"REGULAR";"f";"2014-07-07 16:03:57.361";"f";"";"32";"CONSOLIDADA";"";"Presencial";
"1226860";"01";"5751875";"";"";"2056218";"STRICTO SENSU";"";"A definir";"2014";"1";"2014-01-16";"2014-06-14";"2M56";"2";"2";"REGULAR";"f";"2014-06-16 13:25:11.834";"f";"";"32";"CONSOLIDADA";"";"Presencial";
"1226861";"01";"5751875";"";"";"2056222";"STRICTO SENSU";"";"A definir";"2014";"1";"2014-01-16";"2014-06-14";"3M56";"1";"1";"REGULAR";"f";"2014-06-16 13:30:42.811";"f";"";"34";"CONSOLIDADA";"";"Presencial";
"1226862";"14";"5752796";"";"";"38249";"STRICTO SENSU";"";"Sala do orientador";"2014";"1";"2014-02-17";"2014-06-13";"2T1";"2";"2";"REGULAR";"f";"2014-06-24 23:50:10.904";"f";"";"15";"CONSOLIDADA";"";"Presencial";
"1226863";"01";"5751875";"";"";"53322";"STRICTO SENSU";"";"A definir";"2014";"1";"2014-01-16";"2014-06-14";"4M56";"1";"1";"REGULAR";"f";"2014-06-16 13:20:14.049";"f";"";"34";"CONSOLIDADA";"";"Presencial";
"1226864";"04";"20873";"";"";"51023";"STRICTO SENSU";"";"A definir";"2014";"1";"2014-01-20";"2014-07-31";"3T56";"2";"2";"REGULAR";"f";"2014-10-08 17:41:28.277";"f";"";"52";"CONSOLIDADA";"";"Presencial";
"1226865";"02";"";"1025412";"";"2056222";"STRICTO SENSU";"";"A definir";"2014";"1";"2014-01-16";"2014-06-14";"45T2";"";"1";"REGULAR";"f";"";"f";"";"";"EXCLUÍDA";"";"Presencial";
"1226866";"01";"3588261";"";"";"53489";"LATO SENSU";"";"SETOR V SALA A1";"2014";"1";"2014-02-06";"2014-02-22";"7M2345  56N1234 (06/02/2014 - 22/02/2014)";"";"56";"REGULAR";"f";"2014-12-13 21:19:31.759";"f";"";"24";"CONSOLIDADA";"";"Presencial";
"1226867";"01";"23679";"";"";"2056216";"STRICTO SENSU";"";"A definir";"2014";"1";"2014-01-16";"2014-06-14";"3M56";"2";"2";"REGULAR";"f";"2014-06-13 17:15:45.683";"f";"";"40";"CONSOLIDADA";"";"Presencial";
"1226868";"02";"5754261";"";"";"37358";"STRICTO SENSU";"";"LaB";"2014";"1";"2014-01-16";"2014-06-14";"3M34";"1";"2";"REGULAR";"f";"2014-07-15 15:03:50.227";"f";"";"40";"CONSOLIDADA";"";"Presencial";
"1226869";"02";"5754261";"";"";"2056216";"STRICTO SENSU";"";"LaB";"2014";"1";"2014-01-16";"2014-06-14";"2T56";"4";"4";"REGULAR";"f";"2014-07-15 15:09:10.518";"f";"";"38";"CONSOLIDADA";"";"Presencial";
"1226870";"02";"5754261";"";"";"53322";"STRICTO SENSU";"";"LaB";"2014";"1";"2014-01-16";"2014-06-14";"6T56";"1";"1";"REGULAR";"f";"2014-07-15 15:06:38.242";"f";"";"40";"CONSOLIDADA";"";"Presencial";
"1226871";"03";"23679";"";"";"37358";"STRICTO SENSU";"";"A definir";"2014";"1";"2014-01-16";"2014-06-14";"2M56";"2";"2";"REGULAR";"f";"2014-07-09 13:44:07.672";"f";"";"38";"CONSOLIDADA";"";"Presencial";
"1226872";"03";"23679";"";"";"2056222";"STRICTO SENSU";"";"A definir";"2014";"1";"2014-01-16";"2014-06-14";"5M56";"1";"1";"REGULAR";"f";"2014-06-13 17:26:16.263";"f";"";"40";"CONSOLIDADA";"";"Presencial";
"1226873";"03";"5752629";"";"";"38358";"STRICTO SENSU";"";"À CRITÉRIO DO PROFESSOR";"2014";"1";"2014-02-10";"2014-06-13";"7M12";"1";"1";"REGULAR";"f";"2014-07-10 19:17:00.25";"f";"";"34";"CONSOLIDADA";"";"Presencial";
"1226874";"02";"5754261";"";"";"2056218";"STRICTO SENSU";"";"LaB";"2014";"1";"2014-01-16";"2014-06-14";"6M34";"3";"3";"REGULAR";"f";"2014-07-15 15:11:03.451";"f";"";"40";"CONSOLIDADA";"";"Presencial";
"1226875";"01";"5752601";"";"";"53490";"LATO SENSU";"";"SETOR V SALA A1";"2014";"1";"2014-03-13";"2014-03-29";"7M2345  56N1234 (13/03/2014 - 29/03/2014)";"";"56";"REGULAR";"f";"2015-05-19 17:27:48.75";"f";"";"24";"CONSOLIDADA";"";"Presencial";
"1226876";"01";"23679";"";"";"37337";"STRICTO SENSU";"";"A definir";"2014";"1";"2014-01-16";"2014-06-14";"4M56";"24";"30";"REGULAR";"f";"2014-07-03 17:46:29.965";"f";"";"40";"CONSOLIDADA";"";"Presencial";
"1226876";"01";"";"102790957";"";"37337";"STRICTO SENSU";"";"A definir";"2014";"1";"2014-01-16";"2014-06-14";"4M56";"24";"30";"REGULAR";"f";"2014-07-03 17:46:29.965";"f";"";"40";"CONSOLIDADA";"";"Presencial";
"1226877";"01";"5751875";"";"";"37312";"STRICTO SENSU";"";"DBF";"2014";"1";"2014-01-16";"2014-06-14";"5T34";"1";"4";"REGULAR";"f";"2014-06-16 13:15:27.925";"f";"";"34";"CONSOLIDADA";"";"Presencial";
"1226878";"04";"5751875";"";"";"37358";"STRICTO SENSU";"";"DBF";"2014";"1";"2014-01-16";"2014-06-14";"2T12";"1";"1";"REGULAR";"f";"2014-06-16 09:56:43.867";"f";"";"32";"CONSOLIDADA";"";"Presencial";
"1226879";"01";"5751875";"";"";"37364";"STRICTO SENSU";"";"DBF";"2014";"1";"2014-01-16";"2014-06-14";"3T12";"1";"1";"REGULAR";"f";"2014-06-16 10:03:59.373";"f";"";"36";"CONSOLIDADA";"";"Presencial";
"1226880";"04";"22099";"";"";"38358";"STRICTO SENSU";"";"À CRITÉRIO DO PROFESSOR";"2014";"1";"2014-02-10";"2014-06-13";"7M12";"2";"1";"REGULAR";"f";"2014-06-16 10:31:28.791";"f";"";"34";"CONSOLIDADA";"";"Presencial";
"1226881";"02";"26247";"";"";"37364";"STRICTO SENSU";"";"FAVELEIRA";"2014";"1";"2014-01-16";"2014-06-14";"34N1";"2";"2";"REGULAR";"f";"2014-07-04 16:40:12.36";"f";"";"40";"CONSOLIDADA";"";"Presencial";
"1226882";"01";"26247";"";"";"2056217";"STRICTO SENSU";"";"LENq";"2014";"1";"2014-01-16";"2014-06-14";"6N12";"2";"5";"REGULAR";"f";"2014-07-05 15:04:43.95";"f";"";"42";"CONSOLIDADA";"";"Presencial";
"1226883";"01";"26247";"";"";"2056219";"STRICTO SENSU";"";"LENq";"2014";"1";"2014-01-16";"2014-06-14";"5N12";"1";"1";"REGULAR";"f";"2014-07-05 15:14:47.095";"f";"";"40";"CONSOLIDADA";"";"Presencial";
"1226884";"03";"26247";"";"";"53322";"STRICTO SENSU";"";"LENq";"2014";"1";"2014-01-16";"2014-06-14";"5N34";"1";"1";"REGULAR";"f";"2014-07-04 23:28:52.01";"f";"";"40";"CONSOLIDADA";"";"Presencial";
"1226885";"04";"26247";"";"";"2056222";"STRICTO SENSU";"";"LENq";"2014";"1";"2014-01-16";"2014-06-14";"2N34";"1";"1";"REGULAR";"f";"2014-07-05 15:17:49.027";"f";"";"38";"CONSOLIDADA";"";"Presencial";
"1226886";"01";"26247";"";"";"2056201";"STRICTO SENSU";"";"Sala de Aula PSICOB";"2014";"1";"2014-01-16";"2014-06-14";"2M34";"4";"6";"REGULAR";"f";"2014-07-05 15:22:03.968";"f";"";"38";"CONSOLIDADA";"";"Presencial";
"1226887";"03";"";"99513483";"";"2056216";"STRICTO SENSU";"";"LAEH";"2014";"1";"2014-01-16";"2014-06-14";"4T56";"";"1";"REGULAR";"f";"";"f";"";"";"EXCLUÍDA";"";"Presencial";
"1226888";"03";"";"99513483";"";"2056218";"STRICTO SENSU";"";"LAEH";"2014";"1";"2014-01-16";"2014-06-14";"4M23";"1";"2";"REGULAR";"f";"";"f";"";"";"EXCLUÍDA";"";"Presencial";
"1226889";"02";"";"99513483";"";"2056219";"STRICTO SENSU";"";"LAEH";"2014";"1";"2014-01-16";"2014-06-14";"4M45";"1";"1";"REGULAR";"f";"2015-02-23 13:13:49.962";"f";"";"0";"CONSOLIDADA";"";"Presencial";
"1226890";"04";"";"99513483";"";"53322";"STRICTO SENSU";"";"LAEH";"2014";"1";"2014-01-16";"2014-06-14";"5M23";"";"1";"REGULAR";"f";"";"f";"";"";"EXCLUÍDA";"";"Presencial";
"1226891";"02";"22188";"";"";"2056217";"STRICTO SENSU";"";"LabHerpeto";"2014";"1";"2014-01-16";"2014-06-14";"6N12";"1";"1";"REGULAR";"f";"2014-07-15 01:53:14.272";"f";"";"40";"CONSOLIDADA";"";"Presencial";
"1226892";"05";"22188";"";"";"53322";"STRICTO SENSU";"";"LabHerpeto";"2014";"1";"2014-01-16";"2014-06-14";"5N12";"2";"2";"REGULAR";"f";"2014-07-15 01:28:06.542";"f";"";"40";"CONSOLIDADA";"";"Presencial";
"1226893";"01";"";"100665845";"";"37316";"STRICTO SENSU";"";"Sala de Aula PSICOB";"2014";"1";"2014-01-16";"2014-06-14";"6T123";"9";"10";"REGULAR";"f";"2014-06-27 16:47:13.604";"f";"";"63";"CONSOLIDADA";"";"Presencial";
"1226893";"01";"59150";"";"";"37316";"STRICTO SENSU";"";"Sala de Aula PSICOB";"2014";"1";"2014-01-16";"2014-06-14";"6T123";"9";"10";"REGULAR";"f";"2014-06-27 16:47:13.604";"f";"";"63";"CONSOLIDADA";"";"Presencial";
"1226893";"01";"";"102565673";"";"37316";"STRICTO SENSU";"";"Sala de Aula PSICOB";"2014";"1";"2014-01-16";"2014-06-14";"6T123";"9";"10";"REGULAR";"f";"2014-06-27 16:47:13.604";"f";"";"63";"CONSOLIDADA";"";"Presencial";
"1226894";"04";"24855";"";"";"2056216";"STRICTO SENSU";"";"Lab Evol do Comp Humano";"2014";"1";"2014-01-16";"2014-06-14";"4T12";"1";"1";"REGULAR";"f";"2014-06-18 15:34:33.29";"f";"";"40";"CONSOLIDADA";"";"Presencial";
"1226895";"04";"24855";"";"";"2056218";"STRICTO SENSU";"";"Lab Evol do Comp Humano";"2014";"1";"2014-01-16";"2014-06-14";"4T34";"2";"2";"REGULAR";"f";"2014-06-18 15:37:00.266";"f";"";"40";"CONSOLIDADA";"";"Presencial";
"1226896";"03";"24855";"";"";"2056219";"STRICTO SENSU";"";"Lab Evol do Comp Humano";"2014";"1";"2014-01-16";"2014-06-14";"4T56";"2";"2";"REGULAR";"f";"2014-06-18 15:39:03.729";"f";"";"40";"CONSOLIDADA";"";"Presencial";
"1226897";"05";"24855";"";"";"37358";"STRICTO SENSU";"";"Sala Umbuzeiro";"2014";"1";"2014-01-16";"2014-06-14";"3M12";"1";"1";"REGULAR";"f";"2014-06-18 15:28:40.908";"f";"";"40";"CONSOLIDADA";"";"Presencial";
"1226898";"03";"24855";"";"";"37364";"STRICTO SENSU";"";"Sala Umbuzeiro";"2014";"1";"2014-01-16";"2014-06-14";"5M12";"1";"1";"REGULAR";"f";"2014-06-18 15:31:01.817";"f";"";"40";"CONSOLIDADA";"";"Presencial";
"1226899";"01";"24855";"";"";"37320";"STRICTO SENSU";"";"Sala Aroeira";"2014";"1";"2014-01-16";"2014-06-14";"6T123";"6";"16";"REGULAR";"f";"2014-06-18 15:41:25.706";"f";"";"63";"CONSOLIDADA";"";"Presencial";
"1226900";"03";"5751852";"";"";"2056217";"STRICTO SENSU";"";"A definir";"2014";"1";"2014-01-16";"2014-06-14";"6N12";"2";"2";"REGULAR";"f";"2015-01-05 09:55:46.656";"f";"";"0";"CONSOLIDADA";"";"Presencial";
"1226901";"02";"22924";"";"";"37320";"STRICTO SENSU";"";"Laboratório de Biologia Comportamental";"2014";"1";"2014-01-16";"2014-06-14";"2T234";"10";"10";"REGULAR";"f";"2014-06-11 20:08:26.969";"f";"";"57";"CONSOLIDADA";"";"Presencial";
"1226902";"06";"23831";"";"";"37358";"STRICTO SENSU";"";"LNRB";"2014";"1";"2014-01-16";"2014-06-14";"2T45";"3";"6";"REGULAR";"f";"2014-07-14 18:54:20.992";"f";"";"38";"CONSOLIDADA";"";"Presencial";
"1226903";"01";"5752249";"";"Turma aberta, exclusivamente, para a aluna CÍNTIA CARDOSO PINHEIRO.";"2043556";"STRICTO SENSU";"";"A definir.";"2014";"1";"2014-01-27";"2014-06-13";"2M12 (27/01/2014 - 13/06/2014)";"1";"1";"REGULAR";"f";"2014-06-08 23:49:58.56";"f";"";"0";"CONSOLIDADA";"";"Presencial";
"1226904";"02";"25120";"";"";"2043556";"STRICTO SENSU";"";"A definir.";"2014";"1";"2014-01-27";"2014-06-13";"3M12 (27/01/2014 - 13/06/2014)";"1";"1";"REGULAR";"f";"2014-06-09 15:26:39.232";"f";"";"36";"CONSOLIDADA";"";"Presencial";
"1226905";"01";"21732";"";"";"52377";"STRICTO SENSU";"";"AUDITÓRIO DO DEPARTAMENTO DE FISIOTERAPIA";"2014";"1";"2014-01-27";"2014-06-14";"5T45";"9";"14";"REGULAR";"f";"2014-06-14 20:42:09.749";"f";"";"36";"CONSOLIDADA";"";"Presencial";
"1226906";"07";"25990";"";"";"41599";"STRICTO SENSU";"";"AUDITÓRIO DO DEPARTAMENTO DE FISIOTERAPIA";"2014";"1";"2014-01-27";"2014-06-14";"2N12";"1";"1";"REGULAR";"f";"2014-06-30 09:13:35.418";"f";"";"32";"CONSOLIDADA";"";"Presencial";
"1226907";"01";"23831";"";"";"2038353";"STRICTO SENSU";"";"Sala Pau-Brasil";"2014";"1";"2014-01-16";"2014-06-14";"4T234";"8";"10";"REGULAR";"f";"2014-06-17 09:32:20.887";"f";"";"60";"CONSOLIDADA";"";"Presencial";
"1226908";"03";"21730";"";"";"39750";"STRICTO SENSU";"";"LAB III";"2014";"1";"2014-02-10";"2014-06-27";"2M12";"2";"1";"REGULAR";"f";"2014-07-21 09:39:58.039";"f";"";"32";"CONSOLIDADA";"";"Presencial";
"1226909";"04";"36449";"";"";"39750";"STRICTO SENSU";"";"3F5";"2014";"1";"2014-02-10";"2014-06-27";"5M12";"1";"1";"REGULAR";"f";"2014-06-26 09:46:22.152";"f";"";"36";"CONSOLIDADA";"";"Presencial";
"1226910";"05";"36449";"";"";"39750";"STRICTO SENSU";"";"3C1";"2014";"1";"2014-02-10";"2014-06-27";"2M12";"1";"1";"REGULAR";"f";"2014-06-26 09:51:12.871";"f";"";"36";"CONSOLIDADA";"";"Presencial";
"1226911";"05";"22991";"";"";"52335";"STRICTO SENSU";"";"AUDITÓRIO DO DEPARTAMENTO DE FISIOTERAPIA";"2014";"1";"2014-01-27";"2014-06-14";"3N34";"1";"1";"REGULAR";"f";"2014-08-12 10:59:38.542";"f";"";"36";"CONSOLIDADA";"";"Presencial";
"1226912";"08";"26043";"";"";"41599";"STRICTO SENSU";"";"AUDITÓRIO DO DEPARTAMENTO DE FISIOTERAPIA";"2014";"1";"2014-01-27";"2014-06-14";"4N34";"2";"2";"REGULAR";"f";"2014-06-10 00:40:24.48";"f";"";"36";"CONSOLIDADA";"";"Presencial";
"1226913";"01";"5752266";"";"";"43659";"STRICTO SENSU";"";"Labinfo II - CB";"2014";"1";"2014-03-31";"2014-05-30";"2M23456  5T23456";"15";"15";"REGULAR";"f";"2014-06-21 20:36:22.075";"f";"";"75";"CONSOLIDADA";"";"Presencial";
"1226913";"01";"";"99992201";"";"43659";"STRICTO SENSU";"";"Labinfo II - CB";"2014";"1";"2014-03-31";"2014-05-30";"2M23456  5T23456";"15";"15";"REGULAR";"f";"2014-06-21 20:36:22.075";"f";"";"75";"CONSOLIDADA";"";"Presencial";
"1226914";"01";"23015";"";"";"41157";"STRICTO SENSU";"";"Sala do Grupo de Pesquisa (GEPA)";"2014";"1";"2014-02-18";"2014-04-15";"3N123 (18/02/2014 - 15/04/2014)";"2";"2";"REGULAR";"f";"2014-05-21 09:19:38.877";"f";"";"24";"CONSOLIDADA";"";"Presencial";
"1226915";"03";"18229";"";"";"39631";"STRICTO SENSU";"";"Sala do Grupo de Pesquisa (GEPA)";"2014";"1";"2014-04-22";"2014-06-10";"3N1234 (22/04/2014 - 10/06/2014)";"2";"6";"REGULAR";"f";"2014-07-10 19:43:16.27";"f";"";"32";"CONSOLIDADA";"";"Presencial";
"1226915";"03";"23015";"";"";"39631";"STRICTO SENSU";"";"Sala do Grupo de Pesquisa (GEPA)";"2014";"1";"2014-04-22";"2014-06-10";"3N1234 (22/04/2014 - 10/06/2014)";"2";"6";"REGULAR";"f";"2014-07-10 19:43:16.27";"f";"";"32";"CONSOLIDADA";"";"Presencial";
"1226916";"05";"15370";"";"";"38372";"STRICTO SENSU";"";"Turma destinada ao aluno Nivaldo Patrício";"2014";"1";"2014-02-10";"2014-06-11";"7N234";"1";"1";"REGULAR";"f";"2014-06-18 23:13:34.793";"f";"";"48";"CONSOLIDADA";"";"Presencial";
"1226917";"06";"5752770";"";"";"39750";"STRICTO SENSU";"";"3E3";"2014";"1";"2014-02-10";"2014-06-27";"4M23";"1";"1";"REGULAR";"f";"2014-07-10 01:21:05.723";"f";"";"38";"CONSOLIDADA";"";"Presencial";
"1226918";"03";"5753041";"";"";"39751";"STRICTO SENSU";"";"Lab Informática";"2014";"1";"2014-02-10";"2014-06-27";"3M56";"1";"1";"REGULAR";"f";"2014-06-25 09:48:19.394";"f";"";"36";"CONSOLIDADA";"";"Presencial";
"1226919";"01";"5752802";"";"";"42249";"STRICTO SENSU";"";"Instituto do Cérebro";"2014";"1";"2014-02-10";"2014-05-26";"2T23 (10/02/2014 - 26/05/2014)";"2";"2";"REGULAR";"f";"2014-06-10 16:39:47.328";"f";"";"0";"CONSOLIDADA";"";"Presencial";
"1226920";"05";"2304092";"";"";"2056216";"STRICTO SENSU";"";"A definir";"2014";"1";"2014-01-16";"2014-06-14";"6M12";"2";"2";"REGULAR";"f";"2014-06-06 16:01:09.547";"f";"";"36";"CONSOLIDADA";"";"Presencial";
"1226921";"04";"2304092";"";"";"37364";"STRICTO SENSU";"";"A definir";"2014";"1";"2014-01-16";"2014-06-14";"2M12";"1";"1";"REGULAR";"f";"2014-06-03 18:25:39.989";"f";"";"36";"CONSOLIDADA";"";"Presencial";
"1226922";"01";"2304092";"";"";"2056203";"STRICTO SENSU";"";"A definir";"2014";"1";"2014-01-16";"2014-06-14";"4M3456";"9";"10";"REGULAR";"f";"2014-06-03 18:29:47.69";"f";"";"72";"CONSOLIDADA";"";"Presencial";
"1226923";"01";"";"102470661";"";"53832";"LATO SENSU";"";"Ministério da Previdência Social";"2014";"1";"2014-03-10";"2014-03-14";"23456M2345  23456T3456 (10/03/2014 - 14/03/2014)";"";"30";"REGULAR";"f";"2014-09-08 14:56:45.338";"f";"";"40";"CONSOLIDADA";"";"Presencial";
"1226924";"01";"5752182";"";"";"42250";"STRICTO SENSU";"";"Instituto do Cérebro";"2014";"1";"2014-03-22";"2014-05-24";"7M123 (22/03/2014 - 24/05/2014)";"2";"2";"REGULAR";"f";"2014-06-27 11:01:25.414";"f";"";"0";"CONSOLIDADA";"";"Presencial";
"1226925";"01";"5755542";"";"";"53833";"LATO SENSU";"";"Ministério da Previdência Social";"2014";"1";"2014-04-07";"2014-04-11";"23456M2345  23456T3456 (07/04/2014 - 11/04/2014)";"";"30";"REGULAR";"f";"2014-08-17 20:36:13.089";"f";"";"40";"CONSOLIDADA";"";"Presencial";
"1226926";"01";"5752650";"";"";"42251";"STRICTO SENSU";"";"Instituto do Cérebro";"2014";"1";"2014-03-22";"2014-05-24";"7M123 (22/03/2014 - 24/05/2014)";"1";"2";"REGULAR";"f";"2014-07-15 09:27:09.029";"f";"";"30";"CONSOLIDADA";"";"Presencial";
"1226927";"02";"5755271";"";"";"42251";"STRICTO SENSU";"";"Instituto do Cérebro";"2014";"1";"2014-03-22";"2014-05-24";"7M123 (22/03/2014 - 24/05/2014)";"1";"2";"REGULAR";"f";"2014-08-21 13:17:28.393";"f";"";"30";"CONSOLIDADA";"";"Presencial";
"1226928";"01";"5752810";"";"HORÁRIO DE AULA: SEG À SEX, 08H-12H E 14H-18H";"41598";"STRICTO SENSU";"";"SS1 DBG-CB";"2014";"1";"2014-06-02";"2014-06-06";"356M2345  23456T2345  24N1234 (02/06/2014 - 06/06/2014)";"";"10";"REGULAR";"f";"";"f";"";"";"EXCLUÍDA";"";"Presencial";
"1226929";"01";"5752840";"";"";"42252";"STRICTO SENSU";"";"Instituto do Cérebro";"2014";"1";"2014-03-22";"2014-05-24";"7M123 (22/03/2014 - 24/05/2014)";"2";"2";"REGULAR";"f";"2014-07-24 15:18:44.839";"f";"";"30";"CONSOLIDADA";"";"Presencial";
"1226930";"02";"5754299";"";"";"42252";"STRICTO SENSU";"";"Instituto do Cérebro";"2014";"1";"2014-03-22";"2014-05-24";"7M123 (22/03/2014 - 24/05/2014)";"1";"2";"REGULAR";"f";"2014-07-15 11:51:40.093";"f";"";"0";"CONSOLIDADA";"";"Presencial";
"1226931";"01";"23019";"";"";"38627";"STRICTO SENSU";"";"Sala SS1 DBG-CB";"2014";"1";"2014-04-01";"2014-05-31";"35M2345 (01/04/2014 - 31/05/2014)";"2";"20";"REGULAR";"f";"2014-06-10 09:09:42.197";"f";"";"0";"CONSOLIDADA";"";"Presencial";
"1226931";"01";"3030265";"";"";"38627";"STRICTO SENSU";"";"Sala SS1 DBG-CB";"2014";"1";"2014-04-01";"2014-05-31";"35M2345 (01/04/2014 - 31/05/2014)";"2";"20";"REGULAR";"f";"2014-06-10 09:09:42.197";"f";"";"0";"CONSOLIDADA";"";"Presencial";
"1226932";"01";"5755271";"";"";"42248";"STRICTO SENSU";"";"Instituto do Cérebro";"2014";"1";"2014-03-22";"2014-05-24";"7M456 (22/03/2014 - 24/05/2014)";"1";"2";"REGULAR";"f";"2014-08-21 13:15:27.903";"f";"";"30";"CONSOLIDADA";"";"Presencial";
"1226933";"06";"15568";"";"";"38372";"STRICTO SENSU";"";"Turma destinada ao aluno Luiz Cláudio";"2014";"1";"2014-02-10";"2014-06-11";"7N234";"1";"1";"REGULAR";"f";"2014-12-15 16:47:33.242";"f";"";"51";"CONSOLIDADA";"";"Presencial";
"1226934";"01";"5753818";"";"";"42247";"STRICTO SENSU";"";"Instituto do Cérebro";"2014";"1";"2014-03-22";"2014-05-24";"7M456 (22/03/2014 - 24/05/2014)";"2";"2";"REGULAR";"f";"2014-06-25 12:18:12.779";"f";"";"0";"CONSOLIDADA";"";"Presencial";
"1226935";"01";"5753576";"";"";"51940";"LATO SENSU";"";"Setor V";"2014";"1";"2014-02-07";"2014-02-22";"7M2345  7T12  6N1234 (07/02/2014 - 22/02/2014)";"";"50";"REGULAR";"f";"2016-04-06 21:19:20.812";"f";"";"0";"CONSOLIDADA";"";"Presencial";
"1226936";"12";"18536";"";"";"41307";"STRICTO SENSU";"";"Sala Prof. Marcus Melo";"2014";"1";"2014-01-27";"2014-05-30";"246M56";"1";"1";"REGULAR";"f";"2014-11-17 13:44:24.181";"f";"";"100";"CONSOLIDADA";"";"Presencial";
"1226937";"01";"5755413";"";"";"36999";"STRICTO SENSU";"";"Setor IV";"2014";"1";"2014-02-10";"2014-06-12";"7M123";"1";"5";"REGULAR";"f";"2014-08-20 11:32:30.764";"f";"";"51";"CONSOLIDADA";"";"Presencial";
"1226938";"01";"5752250";"";"";"52934";"LATO SENSU";"";"Auditório - LABPSI";"2014";"1";"2014-02-14";"2014-02-16";"16M2345 7M235  67T3456 (14/02/2014 - 16/02/2014)";"";"45";"REGULAR";"f";"2015-12-19 19:55:00.872";"f";"";"0";"CONSOLIDADA";"";"Presencial";
"1226939";"21";"5755424";"";"";"50585";"GRADUAÇÃO";"";"PARNAMIRIM/RN";"2014";"1";"2014-01-27";"2014-06-14";"";"";"";"REGULAR";"t";"2014-06-21 18:26:35.833";"f";"";"0";"CONSOLIDADA";"";"A Distância";
"1226940";"01";"5755418";"";"";"2036801";"STRICTO SENSU";"";"A DEFINIR";"2014";"1";"2014-06-05";"2014-06-11";"23456M2345  23456T2345 (05/06/2014 - 11/06/2014)";"9";"20";"REGULAR";"f";"2014-06-16 09:55:41.144";"f";"";"0";"CONSOLIDADA";"";"Presencial";
"1226940";"01";"5754955";"";"";"2036801";"STRICTO SENSU";"";"A DEFINIR";"2014";"1";"2014-06-05";"2014-06-11";"23456M2345  23456T2345 (05/06/2014 - 11/06/2014)";"9";"20";"REGULAR";"f";"2014-06-16 09:55:41.144";"f";"";"0";"CONSOLIDADA";"";"Presencial";
"1226941";"01";"";"4930768";"";"2038351";"STRICTO SENSU";"";"A DEFINIR - UFERSA";"2014";"1";"2014-01-01";"2014-06-30";"2T23";"3";"3";"REGULAR";"f";"2014-08-04 21:45:45.457";"f";"";"40";"CONSOLIDADA";"";"Presencial";
"1226942";"01";"23680";"";"PERÍODO DE AULAS: 14/04 A 30/04 DE 2014, DAS 08:30H ÀS 12:30H";"2040200";"STRICTO SENSU";"";"Laboratório de Aulas Práticas de Genética-CB/UFRN";"2014";"1";"2014-01-01";"2014-06-30";"24N34";"13";"12";"REGULAR";"f";"2014-04-25 10:34:50.427";"f";"";"56";"CONSOLIDADA";"";"Presencial";
"1226943";"01";"24855";"";"Alunos da área de Estudos do Comportamento.";"2056200";"STRICTO SENSU";"";"Sala de Aula PSICOB";"2014";"1";"2014-01-16";"2014-06-14";"35T234";"16";"20";"REGULAR";"f";"2014-07-03 09:56:25.846";"f";"";"120";"CONSOLIDADA";"";"Presencial";
"1226943";"01";"26247";"";"Alunos da área de Estudos do Comportamento.";"2056200";"STRICTO SENSU";"";"Sala de Aula PSICOB";"2014";"1";"2014-01-16";"2014-06-14";"35T234";"16";"20";"REGULAR";"f";"2014-07-03 09:56:25.846";"f";"";"120";"CONSOLIDADA";"";"Presencial";
"1226943";"01";"21735";"";"Alunos da área de Estudos do Comportamento.";"2056200";"STRICTO SENSU";"";"Sala de Aula PSICOB";"2014";"1";"2014-01-16";"2014-06-14";"35T234";"16";"20";"REGULAR";"f";"2014-07-03 09:56:25.846";"f";"";"120";"CONSOLIDADA";"";"Presencial";
"1226943";"01";"22924";"";"Alunos da área de Estudos do Comportamento.";"2056200";"STRICTO SENSU";"";"Sala de Aula PSICOB";"2014";"1";"2014-01-16";"2014-06-14";"35T234";"16";"20";"REGULAR";"f";"2014-07-03 09:56:25.846";"f";"";"120";"CONSOLIDADA";"";"Presencial";
"1226944";"02";"5755471";"";"Alunos da área de Psicologia Fisiológica.";"2056200";"STRICTO SENSU";"";"A definir";"2014";"1";"2014-01-16";"2014-06-14";"35T234";"11";"15";"REGULAR";"f";"2014-07-03 09:59:35.189";"f";"";"120";"CONSOLIDADA";"";"Presencial";
"1226944";"02";"22924";"";"Alunos da área de Psicologia Fisiológica.";"2056200";"STRICTO SENSU";"";"A definir";"2014";"1";"2014-01-16";"2014-06-14";"35T234";"11";"15";"REGULAR";"f";"2014-07-03 09:59:35.189";"f";"";"120";"CONSOLIDADA";"";"Presencial";
"1226944";"02";"5755549";"";"Alunos da área de Psicologia Fisiológica.";"2056200";"STRICTO SENSU";"";"A definir";"2014";"1";"2014-01-16";"2014-06-14";"35T234";"11";"15";"REGULAR";"f";"2014-07-03 09:59:35.189";"f";"";"120";"CONSOLIDADA";"";"Presencial";
"1226944";"02";"26247";"";"Alunos da área de Psicologia Fisiológica.";"2056200";"STRICTO SENSU";"";"A definir";"2014";"1";"2014-01-16";"2014-06-14";"35T234";"11";"15";"REGULAR";"f";"2014-07-03 09:59:35.189";"f";"";"120";"CONSOLIDADA";"";"Presencial";
"1226945";"04";"21391";"";"";"27161";"GRADUAÇÃO";"";"CAMPINA GRANDE/PB";"2014";"1";"2014-01-27";"2014-06-14";"";"";"";"REGULAR";"t";"";"f";"";"";"EXCLUÍDA";"";"A Distância";
"1226946";"01";"5756038";"";"";"48550";"LATO SENSU";"";"SETOR V SALA A1";"2014";"1";"2014-03-07";"2014-03-15";"7M12345  7T2345  6N1234 (07/03/2014 - 15/03/2014)";"";"50";"REGULAR";"f";"2015-03-20 10:09:39.929";"f";"";"26";"CONSOLIDADA";"";"Presencial";
"1226947";"02";"21391";"";"";"27161";"GRADUAÇÃO";"";"CURRAIS NOVOS/RN";"2014";"1";"2014-01-27";"2014-06-14";"";"";"";"REGULAR";"t";"2014-06-10 16:24:33.543";"f";"";"0";"CONSOLIDADA";"";"A Distância";
"1226948";"01";"";"90296206";"";"45963";"LATO SENSU";"";"SETOR V SALA A1";"2014";"1";"2014-02-07";"2014-02-22";"7M2345  7T2345  6N1234";"";"50";"REGULAR";"f";"";"f";"";"";"EXCLUÍDA";"";"Presencial";
"1226950";"09";"21734";"";"";"41599";"STRICTO SENSU";"";"AUDITÓRIO DO DEPARTAMENTO DE FISIOTERAPIA";"2014";"1";"2014-01-27";"2014-06-14";"3N12";"2";"1";"REGULAR";"f";"2014-05-23 16:06:55.25";"f";"";"32";"CONSOLIDADA";"";"Presencial";
"1226951";"01";"17897";"";"";"2056223";"STRICTO SENSU";"";"DOL";"2014";"1";"2014-01-16";"2014-06-14";"2M12";"1";"1";"REGULAR";"f";"2014-06-13 14:02:42.815";"f";"";"38";"CONSOLIDADA";"";"Presencial";
"1226952";"07";"5752299";"";"";"27159";"GRADUAÇÃO";"";"TABIRA/PE";"2014";"1";"2014-01-27";"2014-06-14";"";"";"";"REGULAR";"t";"2014-06-12 18:30:32.059";"f";"";"0";"CONSOLIDADA";"";"A Distância";
"1226953";"01";"5751872";"";"";"53432";"LATO SENSU";"";"setor V Sala A1";"2014";"1";"2014-02-17";"2014-03-14";"234N1234";"";"55";"REGULAR";"f";"2015-11-20 17:09:53.697";"f";"";"0";"CONSOLIDADA";"";"Presencial";
"1226954";"03";"21391";"";"";"27161";"GRADUAÇÃO";"";"NOVA CRUZ/RN";"2014";"1";"2014-01-27";"2014-06-14";"";"";"";"REGULAR";"t";"2014-06-10 16:25:15.603";"f";"";"0";"CONSOLIDADA";"";"A Distância";
"1226956";"07";"21735";"";"";"37358";"STRICTO SENSU";"";"A definir";"2014";"1";"2014-01-16";"2014-06-14";"2T34";"2";"3";"REGULAR";"f";"2014-07-09 15:44:44.078";"f";"";"38";"CONSOLIDADA";"";"Presencial";
"1226957";"01";"18517";"";"PERÍODO DE AULAS: 12/05 a 30/05 de 2014. 2ª e 6ª: 9h-12h e 15h-18h / 4ª: 9h-12h";"2047650";"STRICTO SENSU";"";"A DEFINIR";"2014";"1";"2014-01-01";"2014-06-30";"2M345";"5";"9";"REGULAR";"f";"2014-06-10 17:18:33.296";"f";"";"57";"CONSOLIDADA";"";"Presencial";
"1226958";"06";"21734";"";"";"52335";"STRICTO SENSU";"";"AUDITÓRIO DO DEPARTAMENTO DE FISIOTERAPIA";"2014";"1";"2014-01-27";"2014-06-14";"5N34";"";"1";"REGULAR";"f";"";"f";"";"";"EXCLUÍDA";"";"Presencial";
"1226959";"01";"64138";"";"";"39505";"STRICTO SENSU";"";"PROGRAMA DE PÓS-GRADUAÇÃO EM PATOLOGIA ORAL";"2014";"1";"2014-02-17";"2014-06-06";"2M12";"20";"20";"REGULAR";"f";"2014-06-09 15:06:53.509";"f";"";"30";"CONSOLIDADA";"";"Presencial";
"1226959";"01";"5752209";"";"";"39505";"STRICTO SENSU";"";"PROGRAMA DE PÓS-GRADUAÇÃO EM PATOLOGIA ORAL";"2014";"1";"2014-02-17";"2014-06-06";"2M12";"20";"20";"REGULAR";"f";"2014-06-09 15:06:53.509";"f";"";"30";"CONSOLIDADA";"";"Presencial";
"1226960";"04";"23679";"";"";"2056217";"STRICTO SENSU";"";"A definir";"2014";"1";"2014-01-16";"2014-06-14";"3M34";"1";"1";"REGULAR";"f";"2014-06-13 17:20:21.677";"f";"";"40";"CONSOLIDADA";"";"Presencial";
"1226961";"02";"22150";"";"";"39190";"STRICTO SENSU";"";"SALA B1/SETOR V";"2014";"1";"2014-02-10";"2014-06-11";"5T234";"38";"36";"REGULAR";"f";"2014-06-06 12:38:36.211";"f";"";"45";"CONSOLIDADA";"";"Presencial";
"1226962";"07";"5752245";"";"";"38372";"STRICTO SENSU";"";"Márcia Gabrielle";"2014";"1";"2014-02-10";"2014-06-11";"7N234";"1";"1";"REGULAR";"f";"2015-01-29 09:56:07.375";"f";"";"51";"CONSOLIDADA";"";"Presencial";
"1226963";"04";"21730";"";"";"39751";"STRICTO SENSU";"";"LAB III de Química";"2014";"1";"2014-02-10";"2014-06-27";"6M12";"1";"1";"REGULAR";"f";"2014-07-21 09:40:41.672";"f";"";"32";"CONSOLIDADA";"";"Presencial";
"1226964";"01";"21585";"";"";"49299";"STRICTO SENSU";"";"PROGRAMA DE PÓS-GRADUAÇÃO EM PATOLOGIA ORAL";"2014";"1";"2014-02-17";"2014-06-06";"4M56";"13";"12";"REGULAR";"f";"2014-12-02 11:29:30.284";"f";"";"28";"CONSOLIDADA";"";"Presencial";
"1226964";"01";"21584";"";"";"49299";"STRICTO SENSU";"";"PROGRAMA DE PÓS-GRADUAÇÃO EM PATOLOGIA ORAL";"2014";"1";"2014-02-17";"2014-06-06";"4M56";"13";"12";"REGULAR";"f";"2014-12-02 11:29:30.284";"f";"";"28";"CONSOLIDADA";"";"Presencial";
"1226964";"01";"26065";"";"";"49299";"STRICTO SENSU";"";"PROGRAMA DE PÓS-GRADUAÇÃO EM PATOLOGIA ORAL";"2014";"1";"2014-02-17";"2014-06-06";"4M56";"13";"12";"REGULAR";"f";"2014-12-02 11:29:30.284";"f";"";"28";"CONSOLIDADA";"";"Presencial";
"1226964";"01";"15842";"";"";"49299";"STRICTO SENSU";"";"PROGRAMA DE PÓS-GRADUAÇÃO EM PATOLOGIA ORAL";"2014";"1";"2014-02-17";"2014-06-06";"4M56";"13";"12";"REGULAR";"f";"2014-12-02 11:29:30.284";"f";"";"28";"CONSOLIDADA";"";"Presencial";
"1226965";"01";"5752718";"";"";"49195";"STRICTO SENSU";"";"PROGRAMA DE PÓS-GRADUAÇÃO EM PATOLOGIA ORAL";"2014";"1";"2014-02-17";"2014-06-06";"5M12";"13";"12";"REGULAR";"f";"2014-07-11 14:59:26.279";"f";"";"28";"CONSOLIDADA";"";"Presencial";
"1226965";"01";"21584";"";"";"49195";"STRICTO SENSU";"";"PROGRAMA DE PÓS-GRADUAÇÃO EM PATOLOGIA ORAL";"2014";"1";"2014-02-17";"2014-06-06";"5M12";"13";"12";"REGULAR";"f";"2014-07-11 14:59:26.279";"f";"";"28";"CONSOLIDADA";"";"Presencial";
"1226965";"01";"21585";"";"";"49195";"STRICTO SENSU";"";"PROGRAMA DE PÓS-GRADUAÇÃO EM PATOLOGIA ORAL";"2014";"1";"2014-02-17";"2014-06-06";"5M12";"13";"12";"REGULAR";"f";"2014-07-11 14:59:26.279";"f";"";"28";"CONSOLIDADA";"";"Presencial";
"1226966";"02";"5752292";"";"";"55470";"STRICTO SENSU";"";"Setor II Bloco G sala 5";"2014";"1";"2014-02-17";"2014-06-13";"3T12345";"7";"40";"REGULAR";"f";"2014-11-07 14:37:41.86";"f";"";"80";"CONSOLIDADA";"";"Presencial";
"1226966";"02";"5752824";"";"";"55470";"STRICTO SENSU";"";"Setor II Bloco G sala 5";"2014";"1";"2014-02-17";"2014-06-13";"3T12345";"7";"40";"REGULAR";"f";"2014-11-07 14:37:41.86";"f";"";"80";"CONSOLIDADA";"";"Presencial";
"1226967";"13";"";"102770343";"";"38276";"STRICTO SENSU";"";"Sala do orientador";"2014";"1";"2014-02-17";"2014-06-13";"2T1";"1";"2";"REGULAR";"f";"2014-07-03 16:19:22.903";"f";"";"15";"CONSOLIDADA";"";"Presencial";
"1226968";"15";"";"102770343";"";"38278";"STRICTO SENSU";"";"Sala do orientador";"2014";"1";"2014-02-17";"2014-06-13";"2T2";"2";"2";"REGULAR";"f";"2014-07-03 16:22:44.685";"f";"";"15";"CONSOLIDADA";"";"Presencial";
"1226969";"08";"";"102770343";"";"38280";"STRICTO SENSU";"";"Sala do orientador";"2014";"1";"2014-02-17";"2014-06-13";"2T3";"1";"1";"REGULAR";"f";"2014-07-03 16:25:29.003";"f";"";"15";"CONSOLIDADA";"";"Presencial";
"1226970";"02";"";"102770343";"";"38282";"STRICTO SENSU";"";"Sala do orientador";"2014";"1";"2014-02-17";"2014-06-13";"2T4";"2";"2";"REGULAR";"f";"2014-07-03 16:28:20.076";"f";"";"15";"CONSOLIDADA";"";"Presencial";
"1226971";"01";"34475";"";"Deve favorecer a prática de pesquisa e a relação entre Graduação e a PG. Matrícula:11 de março";"47260";"STRICTO SENSU";"";"sala F4 - Setor V";"2014";"1";"2014-03-10";"2014-06-13";"3T56";"1";"6";"REGULAR";"f";"2014-06-17 16:39:51.419";"f";"";"28";"CONSOLIDADA";"";"Presencial";
"1226972";"01";"21584";"";"";"49192";"STRICTO SENSU";"";"PROGRAMA DE PÓS-GRADUAÇÃO EM PATOLOGIA ORAL";"2014";"1";"2014-02-17";"2014-06-06";"3T12";"14";"12";"REGULAR";"f";"2014-07-31 15:23:22.647";"f";"";"30";"CONSOLIDADA";"";"Presencial";
"1226972";"01";"15842";"";"";"49192";"STRICTO SENSU";"";"PROGRAMA DE PÓS-GRADUAÇÃO EM PATOLOGIA ORAL";"2014";"1";"2014-02-17";"2014-06-06";"3T12";"14";"12";"REGULAR";"f";"2014-07-31 15:23:22.647";"f";"";"30";"CONSOLIDADA";"";"Presencial";
"1226972";"01";"5752209";"";"";"49192";"STRICTO SENSU";"";"PROGRAMA DE PÓS-GRADUAÇÃO EM PATOLOGIA ORAL";"2014";"1";"2014-02-17";"2014-06-06";"3T12";"14";"12";"REGULAR";"f";"2014-07-31 15:23:22.647";"f";"";"30";"CONSOLIDADA";"";"Presencial";
"1226972";"01";"18247";"";"";"49192";"STRICTO SENSU";"";"PROGRAMA DE PÓS-GRADUAÇÃO EM PATOLOGIA ORAL";"2014";"1";"2014-02-17";"2014-06-06";"3T12";"14";"12";"REGULAR";"f";"2014-07-31 15:23:22.647";"f";"";"30";"CONSOLIDADA";"";"Presencial";
"1226972";"01";"24073";"";"";"49192";"STRICTO SENSU";"";"PROGRAMA DE PÓS-GRADUAÇÃO EM PATOLOGIA ORAL";"2014";"1";"2014-02-17";"2014-06-06";"3T12";"14";"12";"REGULAR";"f";"2014-07-31 15:23:22.647";"f";"";"30";"CONSOLIDADA";"";"Presencial";
"1226972";"01";"24072";"";"";"49192";"STRICTO SENSU";"";"PROGRAMA DE PÓS-GRADUAÇÃO EM PATOLOGIA ORAL";"2014";"1";"2014-02-17";"2014-06-06";"3T12";"14";"12";"REGULAR";"f";"2014-07-31 15:23:22.647";"f";"";"30";"CONSOLIDADA";"";"Presencial";
"1226972";"01";"17214";"";"";"49192";"STRICTO SENSU";"";"PROGRAMA DE PÓS-GRADUAÇÃO EM PATOLOGIA ORAL";"2014";"1";"2014-02-17";"2014-06-06";"3T12";"14";"12";"REGULAR";"f";"2014-07-31 15:23:22.647";"f";"";"30";"CONSOLIDADA";"";"Presencial";
"1226972";"01";"64138";"";"";"49192";"STRICTO SENSU";"";"PROGRAMA DE PÓS-GRADUAÇÃO EM PATOLOGIA ORAL";"2014";"1";"2014-02-17";"2014-06-06";"3T12";"14";"12";"REGULAR";"f";"2014-07-31 15:23:22.647";"f";"";"30";"CONSOLIDADA";"";"Presencial";
"1226972";"01";"5754338";"";"";"49192";"STRICTO SENSU";"";"PROGRAMA DE PÓS-GRADUAÇÃO EM PATOLOGIA ORAL";"2014";"1";"2014-02-17";"2014-06-06";"3T12";"14";"12";"REGULAR";"f";"2014-07-31 15:23:22.647";"f";"";"30";"CONSOLIDADA";"";"Presencial";
"1226973";"01";"25470";"";"PERÍODO DE AULAS: 19/05 a 04/06 de 2014.  2ª, 4ª e 6ª, das 14h-18h.";"2045850";"STRICTO SENSU";"";"SS1 DBG-CB";"2014";"1";"2014-01-01";"2014-06-30";"7M3";"1";"12";"REGULAR";"f";"2014-06-09 19:33:01.587";"f";"";"23";"CONSOLIDADA";"";"Presencial";
"1226974";"01";"5753068";"";"";"2043573";"STRICTO SENSU";"";"A definir.";"2014";"1";"2014-01-27";"2014-06-13";"2N34 (27/01/2014 - 13/06/2014)";"";"20";"REGULAR";"f";"";"f";"";"";"EXCLUÍDA";"";"Presencial";
"1226975";"05";"5751827";"";"";"51023";"STRICTO SENSU";"";"A definir";"2014";"1";"2014-01-20";"2014-07-31";"7N12";"1";"1";"REGULAR";"f";"2014-06-30 17:54:35.835";"f";"";"40";"CONSOLIDADA";"";"Presencial";
"1226976";"01";"2297576";"";"Demografia e análise de populações de animais por meio de marcações. Programa "MARK".";"2043566";"STRICTO SENSU";"";"A definir.";"2014";"1";"2014-05-26";"2014-05-31";"2M12  2T12 (26/05/2014 - 31/05/2014)";"5";"20";"REGULAR";"f";"";"f";"";"";"INTERROMPIDA";"";"Presencial";
"1226977";"07";"26147";"";"";"52335";"STRICTO SENSU";"";"AUDITÓRIO DO DEPARTAMENTO DE FISIOTERAPIA";"2014";"1";"2014-01-27";"2014-06-14";"5N23";"1";"1";"REGULAR";"f";"2014-07-20 19:54:56.267";"f";"";"36";"CONSOLIDADA";"";"Presencial";
"1226978";"08";"26247";"";"";"37358";"STRICTO SENSU";"";"LEME";"2014";"1";"2014-01-16";"2014-06-14";"6N34";"3";"3";"REGULAR";"f";"2014-07-04 15:15:17.723";"f";"";"42";"CONSOLIDADA";"";"Presencial";
"1226978";"08";"5752387";"";"";"37358";"STRICTO SENSU";"";"LEME";"2014";"1";"2014-01-16";"2014-06-14";"6N34";"3";"3";"REGULAR";"f";"2014-07-04 15:15:17.723";"f";"";"42";"CONSOLIDADA";"";"Presencial";
"1226979";"01";"5751852";"";"";"2056220";"STRICTO SENSU";"";"A definir";"2014";"1";"2014-01-16";"2014-06-14";"6N34";"2";"2";"REGULAR";"f";"2015-01-05 09:57:51.521";"f";"";"0";"CONSOLIDADA";"";"Presencial";
"1226980";"01";"5752686";"";"Estágio realizado na disciplina de Ateliê VI do GPP";"42435";"STRICTO SENSU";"";"Setor II";"2014";"1";"2014-02-10";"2014-06-14";"5T6  5N34";"1";"1";"REGULAR";"f";"2014-07-24 15:02:11.038";"f";"";"45";"CONSOLIDADA";"";"Presencial";
"1226981";"05";"20873";"";"";"39751";"STRICTO SENSU";"";"sala 3F6";"2014";"1";"2014-02-10";"2014-06-27";"5M56";"";"1";"REGULAR";"f";"";"f";"";"";"EXCLUÍDA";"";"Presencial";
"1226982";"13";"5752263";"";"";"2042274";"GRADUAÇÃO";"";"MARTINS/RN";"2014";"1";"2014-01-27";"2014-06-14";"";"";"";"REGULAR";"t";"2014-06-09 11:21:07.601";"f";"";"0";"CONSOLIDADA";"";"A Distância";
"1226983";"02";"5752687";"";"A aluna realizará o estágio na disciplina Cultura Política 4N34  ";"42435";"STRICTO SENSU";"";"Setor II";"2014";"1";"2014-02-10";"2014-06-14";"2N1 4N12";"1";"1";"REGULAR";"f";"2014-08-29 11:56:42.403";"f";"";"50";"CONSOLIDADA";"";"Presencial";
"1226984";"01";"5755472";"";"";"2055459";"STRICTO SENSU";"";"ICe_Horário Real: 24M2345_19/03 a 09/06";"2014";"1";"2014-03-22";"2014-06-28";"7T123456 (22/03/2014 - 28/06/2014)";"18";"20";"REGULAR";"f";"2014-06-21 18:53:31.204";"f";"";"0";"CONSOLIDADA";"";"Presencial";
"1226984";"01";"5752840";"";"";"2055459";"STRICTO SENSU";"";"ICe_Horário Real: 24M2345_19/03 a 09/06";"2014";"1";"2014-03-22";"2014-06-28";"7T123456 (22/03/2014 - 28/06/2014)";"18";"20";"REGULAR";"f";"2014-06-21 18:53:31.204";"f";"";"0";"CONSOLIDADA";"";"Presencial";
"1226984";"01";"5755471";"";"";"2055459";"STRICTO SENSU";"";"ICe_Horário Real: 24M2345_19/03 a 09/06";"2014";"1";"2014-03-22";"2014-06-28";"7T123456 (22/03/2014 - 28/06/2014)";"18";"20";"REGULAR";"f";"2014-06-21 18:53:31.204";"f";"";"0";"CONSOLIDADA";"";"Presencial";
"1226984";"01";"5753818";"";"";"2055459";"STRICTO SENSU";"";"ICe_Horário Real: 24M2345_19/03 a 09/06";"2014";"1";"2014-03-22";"2014-06-28";"7T123456 (22/03/2014 - 28/06/2014)";"18";"20";"REGULAR";"f";"2014-06-21 18:53:31.204";"f";"";"0";"CONSOLIDADA";"";"Presencial";
"1226984";"01";"5754299";"";"";"2055459";"STRICTO SENSU";"";"ICe_Horário Real: 24M2345_19/03 a 09/06";"2014";"1";"2014-03-22";"2014-06-28";"7T123456 (22/03/2014 - 28/06/2014)";"18";"20";"REGULAR";"f";"2014-06-21 18:53:31.204";"f";"";"0";"CONSOLIDADA";"";"Presencial";
"1226984";"01";"5755271";"";"";"2055459";"STRICTO SENSU";"";"ICe_Horário Real: 24M2345_19/03 a 09/06";"2014";"1";"2014-03-22";"2014-06-28";"7T123456 (22/03/2014 - 28/06/2014)";"18";"20";"REGULAR";"f";"2014-06-21 18:53:31.204";"f";"";"0";"CONSOLIDADA";"";"Presencial";
"1226984";"01";"5752182";"";"";"2055459";"STRICTO SENSU";"";"ICe_Horário Real: 24M2345_19/03 a 09/06";"2014";"1";"2014-03-22";"2014-06-28";"7T123456 (22/03/2014 - 28/06/2014)";"18";"20";"REGULAR";"f";"2014-06-21 18:53:31.204";"f";"";"0";"CONSOLIDADA";"";"Presencial";
"1226984";"01";"5753879";"";"";"2055459";"STRICTO SENSU";"";"ICe_Horário Real: 24M2345_19/03 a 09/06";"2014";"1";"2014-03-22";"2014-06-28";"7T123456 (22/03/2014 - 28/06/2014)";"18";"20";"REGULAR";"f";"2014-06-21 18:53:31.204";"f";"";"0";"CONSOLIDADA";"";"Presencial";
"1226984";"01";"23831";"";"";"2055459";"STRICTO SENSU";"";"ICe_Horário Real: 24M2345_19/03 a 09/06";"2014";"1";"2014-03-22";"2014-06-28";"7T123456 (22/03/2014 - 28/06/2014)";"18";"20";"REGULAR";"f";"2014-06-21 18:53:31.204";"f";"";"0";"CONSOLIDADA";"";"Presencial";
"1226984";"01";"5753350";"";"";"2055459";"STRICTO SENSU";"";"ICe_Horário Real: 24M2345_19/03 a 09/06";"2014";"1";"2014-03-22";"2014-06-28";"7T123456 (22/03/2014 - 28/06/2014)";"18";"20";"REGULAR";"f";"2014-06-21 18:53:31.204";"f";"";"0";"CONSOLIDADA";"";"Presencial";
"1226984";"01";"5756254";"";"";"2055459";"STRICTO SENSU";"";"ICe_Horário Real: 24M2345_19/03 a 09/06";"2014";"1";"2014-03-22";"2014-06-28";"7T123456 (22/03/2014 - 28/06/2014)";"18";"20";"REGULAR";"f";"2014-06-21 18:53:31.204";"f";"";"0";"CONSOLIDADA";"";"Presencial";
"1226984";"01";"5752802";"";"";"2055459";"STRICTO SENSU";"";"ICe_Horário Real: 24M2345_19/03 a 09/06";"2014";"1";"2014-03-22";"2014-06-28";"7T123456 (22/03/2014 - 28/06/2014)";"18";"20";"REGULAR";"f";"2014-06-21 18:53:31.204";"f";"";"0";"CONSOLIDADA";"";"Presencial";
"1226984";"01";"5754955";"";"";"2055459";"STRICTO SENSU";"";"ICe_Horário Real: 24M2345_19/03 a 09/06";"2014";"1";"2014-03-22";"2014-06-28";"7T123456 (22/03/2014 - 28/06/2014)";"18";"20";"REGULAR";"f";"2014-06-21 18:53:31.204";"f";"";"0";"CONSOLIDADA";"";"Presencial";
"1226984";"01";"5756239";"";"";"2055459";"STRICTO SENSU";"";"ICe_Horário Real: 24M2345_19/03 a 09/06";"2014";"1";"2014-03-22";"2014-06-28";"7T123456 (22/03/2014 - 28/06/2014)";"18";"20";"REGULAR";"f";"2014-06-21 18:53:31.204";"f";"";"0";"CONSOLIDADA";"";"Presencial";
"1226984";"01";"5752650";"";"";"2055459";"STRICTO SENSU";"";"ICe_Horário Real: 24M2345_19/03 a 09/06";"2014";"1";"2014-03-22";"2014-06-28";"7T123456 (22/03/2014 - 28/06/2014)";"18";"20";"REGULAR";"f";"2014-06-21 18:53:31.204";"f";"";"0";"CONSOLIDADA";"";"Presencial";
"1226984";"01";"5751991";"";"";"2055459";"STRICTO SENSU";"";"ICe_Horário Real: 24M2345_19/03 a 09/06";"2014";"1";"2014-03-22";"2014-06-28";"7T123456 (22/03/2014 - 28/06/2014)";"18";"20";"REGULAR";"f";"2014-06-21 18:53:31.204";"f";"";"0";"CONSOLIDADA";"";"Presencial";
"1226984";"01";"5752590";"";"";"2055459";"STRICTO SENSU";"";"ICe_Horário Real: 24M2345_19/03 a 09/06";"2014";"1";"2014-03-22";"2014-06-28";"7T123456 (22/03/2014 - 28/06/2014)";"18";"20";"REGULAR";"f";"2014-06-21 18:53:31.204";"f";"";"0";"CONSOLIDADA";"";"Presencial";
"1226984";"01";"5753713";"";"";"2055459";"STRICTO SENSU";"";"ICe_Horário Real: 24M2345_19/03 a 09/06";"2014";"1";"2014-03-22";"2014-06-28";"7T123456 (22/03/2014 - 28/06/2014)";"18";"20";"REGULAR";"f";"2014-06-21 18:53:31.204";"f";"";"0";"CONSOLIDADA";"";"Presencial";
"1226984";"01";"5751852";"";"";"2055459";"STRICTO SENSU";"";"ICe_Horário Real: 24M2345_19/03 a 09/06";"2014";"1";"2014-03-22";"2014-06-28";"7T123456 (22/03/2014 - 28/06/2014)";"18";"20";"REGULAR";"f";"2014-06-21 18:53:31.204";"f";"";"0";"CONSOLIDADA";"";"Presencial";
"1226985";"01";"5753879";"";"";"41209";"STRICTO SENSU";"";"Instituto do Cérebro";"2014";"1";"2014-03-17";"2014-06-30";"3T34 (17/03/2014 - 30/06/2014)";"";"20";"REGULAR";"f";"";"f";"";"";"EXCLUÍDA";"";"Presencial";
"1226985";"01";"5754299";"";"";"41209";"STRICTO SENSU";"";"Instituto do Cérebro";"2014";"1";"2014-03-17";"2014-06-30";"3T34 (17/03/2014 - 30/06/2014)";"";"20";"REGULAR";"f";"";"f";"";"";"EXCLUÍDA";"";"Presencial";
"1226985";"01";"5752840";"";"";"41209";"STRICTO SENSU";"";"Instituto do Cérebro";"2014";"1";"2014-03-17";"2014-06-30";"3T34 (17/03/2014 - 30/06/2014)";"";"20";"REGULAR";"f";"";"f";"";"";"EXCLUÍDA";"";"Presencial";
"1226986";"01";"21585";"";"";"49188";"STRICTO SENSU";"";"PROGRAMA DE PÓS-GRADUAÇÃO EM PATOLOGIA ORAL";"2014";"1";"2014-02-17";"2014-06-06";"2T16  2N12";"13";"12";"REGULAR";"f";"2014-06-27 10:31:08.882";"f";"";"56";"CONSOLIDADA";"";"Presencial";
"1226986";"01";"17214";"";"";"49188";"STRICTO SENSU";"";"PROGRAMA DE PÓS-GRADUAÇÃO EM PATOLOGIA ORAL";"2014";"1";"2014-02-17";"2014-06-06";"2T16  2N12";"13";"12";"REGULAR";"f";"2014-06-27 10:31:08.882";"f";"";"56";"CONSOLIDADA";"";"Presencial";
"1226986";"01";"24072";"";"";"49188";"STRICTO SENSU";"";"PROGRAMA DE PÓS-GRADUAÇÃO EM PATOLOGIA ORAL";"2014";"1";"2014-02-17";"2014-06-06";"2T16  2N12";"13";"12";"REGULAR";"f";"2014-06-27 10:31:08.882";"f";"";"56";"CONSOLIDADA";"";"Presencial";
"1226986";"01";"24073";"";"";"49188";"STRICTO SENSU";"";"PROGRAMA DE PÓS-GRADUAÇÃO EM PATOLOGIA ORAL";"2014";"1";"2014-02-17";"2014-06-06";"2T16  2N12";"13";"12";"REGULAR";"f";"2014-06-27 10:31:08.882";"f";"";"56";"CONSOLIDADA";"";"Presencial";
"1226986";"01";"21584";"";"";"49188";"STRICTO SENSU";"";"PROGRAMA DE PÓS-GRADUAÇÃO EM PATOLOGIA ORAL";"2014";"1";"2014-02-17";"2014-06-06";"2T16  2N12";"13";"12";"REGULAR";"f";"2014-06-27 10:31:08.882";"f";"";"56";"CONSOLIDADA";"";"Presencial";
"1226986";"01";"64138";"";"";"49188";"STRICTO SENSU";"";"PROGRAMA DE PÓS-GRADUAÇÃO EM PATOLOGIA ORAL";"2014";"1";"2014-02-17";"2014-06-06";"2T16  2N12";"13";"12";"REGULAR";"f";"2014-06-27 10:31:08.882";"f";"";"56";"CONSOLIDADA";"";"Presencial";
"1226986";"01";"5752209";"";"";"49188";"STRICTO SENSU";"";"PROGRAMA DE PÓS-GRADUAÇÃO EM PATOLOGIA ORAL";"2014";"1";"2014-02-17";"2014-06-06";"2T16  2N12";"13";"12";"REGULAR";"f";"2014-06-27 10:31:08.882";"f";"";"56";"CONSOLIDADA";"";"Presencial";
"1226986";"01";"15842";"";"";"49188";"STRICTO SENSU";"";"PROGRAMA DE PÓS-GRADUAÇÃO EM PATOLOGIA ORAL";"2014";"1";"2014-02-17";"2014-06-06";"2T16  2N12";"13";"12";"REGULAR";"f";"2014-06-27 10:31:08.882";"f";"";"56";"CONSOLIDADA";"";"Presencial";
"1226987";"01";"5752678";"";"Disciplina em módulo";"38172";"STRICTO SENSU";"";"Departamento de Geofísica";"2014";"1";"2014-04-01";"2014-04-16";"24T34 (01/04/2014 - 16/04/2014)";"1";"3";"REGULAR";"f";"";"f";"";"";"EXCLUÍDA";"";"Presencial";
"1226988";"01";"5752506";"";"Efectos de la privacion del sueño y los ritmos circadianos sobre la atencion. ";"39634";"STRICTO SENSU";"";"Auditorio de Psicologia";"2014";"1";"2014-02-13";"2014-06-13";"6T12 (13/02/2014 - 13/06/2014)";"6";"15";"REGULAR";"f";"2014-06-18 10:29:52.952";"f";"";"16";"CONSOLIDADA";"";"Presencial";
"1226989";"04";"16943";"";"";"22991";"GRADUAÇÃO";"Campus Central";"3B1";"2014";"1";"2014-01-27";"2014-06-14";"35N34";"";"35";"REGULAR";"f";"2014-07-11 16:28:11.056";"f";"";"74";"CONSOLIDADA";"";"Presencial";
"1226990";"08";"25606";"";"";"52335";"STRICTO SENSU";"";"AUDITÓRIO DO DEPARTAMENTO DE FISIOTERAPIA";"2014";"1";"2014-01-27";"2014-06-14";"2N34";"1";"1";"REGULAR";"f";"2014-07-25 10:03:20.423";"f";"";"34";"CONSOLIDADA";"";"Presencial";
"1226991";"07";"22947";"";"";"39109";"STRICTO SENSU";"";"UFRN - A COMBINAR COM O PROFESOR";"2014";"1";"2014-01-27";"2014-06-14";"7M2";"1";"1";"REGULAR";"f";"2014-07-19 15:48:21.874";"f";"";"20";"CONSOLIDADA";"";"Presencial";
"1226992";"01";"";"96920593";"";"53283";"LATO SENSU";"";"DEF";"2014";"1";"2014-02-14";"2014-03-08";"7M12345  7T23456  6N12345 (14/02/2014 - 15/02/2014), 7M12345  7T23456  6N12345 (07/03/2014 - 08/03/2014)";"";"55";"REGULAR";"f";"2014-08-04 10:07:17.945";"f";"";"0";"CONSOLIDADA";"";"Presencial";
"1226993";"01";"3588433";"";"O aluno deve ter bom conhecimento em matemática e física.";"38910";"STRICTO SENSU";"";"3D6";"2014";"1";"2014-02-24";"2014-06-12";"4M34 5M345";"2";"5";"REGULAR";"f";"2014-06-21 10:23:38.341";"f";"";"0";"CONSOLIDADA";"";"Presencial";
"1226994";"01";"5752204";"";"";"54290";"LATO SENSU";"";"Auditório B CCHLA";"2014";"1";"2014-03-08";"2014-04-05";"7M2345  7T3456 (08/03/2014 - 05/04/2014)";"";"100";"REGULAR";"f";"2014-06-06 10:12:58.573";"f";"";"40";"CONSOLIDADA";"";"Presencial";
"1226995";"01";"21584";"";"";"37611";"STRICTO SENSU";"";"PROGRAMA DE PÓS-GRADUAÇÃO EM PATOLOGIA ORAL";"2014";"1";"2014-02-17";"2014-06-06";"5M2345";"15";"15";"REGULAR";"f";"2014-06-27 10:48:15.57";"f";"";"56";"CONSOLIDADA";"";"Presencial";
"1226995";"01";"15842";"";"";"37611";"STRICTO SENSU";"";"PROGRAMA DE PÓS-GRADUAÇÃO EM PATOLOGIA ORAL";"2014";"1";"2014-02-17";"2014-06-06";"5M2345";"15";"15";"REGULAR";"f";"2014-06-27 10:48:15.57";"f";"";"56";"CONSOLIDADA";"";"Presencial";
"1226995";"01";"17214";"";"";"37611";"STRICTO SENSU";"";"PROGRAMA DE PÓS-GRADUAÇÃO EM PATOLOGIA ORAL";"2014";"1";"2014-02-17";"2014-06-06";"5M2345";"15";"15";"REGULAR";"f";"2014-06-27 10:48:15.57";"f";"";"56";"CONSOLIDADA";"";"Presencial";
"1226995";"01";"24072";"";"";"37611";"STRICTO SENSU";"";"PROGRAMA DE PÓS-GRADUAÇÃO EM PATOLOGIA ORAL";"2014";"1";"2014-02-17";"2014-06-06";"5M2345";"15";"15";"REGULAR";"f";"2014-06-27 10:48:15.57";"f";"";"56";"CONSOLIDADA";"";"Presencial";
"1226996";"08";"5753018";"";"";"39109";"STRICTO SENSU";"";"UFRN - A COMBINAR COM O PROFESSOR";"2014";"1";"2014-01-27";"2014-06-14";"7M2";"1";"1";"REGULAR";"f";"2014-12-09 10:28:15.644";"f";"";"20";"CONSOLIDADA";"";"Presencial";
"1226997";"01";"26065";"";"";"39506";"STRICTO SENSU";"";"PROGRAMA DE PÓS-GRADUAÇÃO EM PATOLOGIA ORAL";"2014";"1";"2014-02-17";"2014-06-06";"6M12  6T45";"5";"5";"REGULAR";"f";"2014-07-31 11:44:08.1";"f";"";"60";"CONSOLIDADA";"";"Presencial";
"1226997";"01";"64138";"";"";"39506";"STRICTO SENSU";"";"PROGRAMA DE PÓS-GRADUAÇÃO EM PATOLOGIA ORAL";"2014";"1";"2014-02-17";"2014-06-06";"6M12  6T45";"5";"5";"REGULAR";"f";"2014-07-31 11:44:08.1";"f";"";"60";"CONSOLIDADA";"";"Presencial";
"1226997";"01";"24072";"";"";"39506";"STRICTO SENSU";"";"PROGRAMA DE PÓS-GRADUAÇÃO EM PATOLOGIA ORAL";"2014";"1";"2014-02-17";"2014-06-06";"6M12  6T45";"5";"5";"REGULAR";"f";"2014-07-31 11:44:08.1";"f";"";"60";"CONSOLIDADA";"";"Presencial";
"1226998";"02";"5753818";"";"";"42249";"STRICTO SENSU";"";"Instituto do Cérebro";"2014";"1";"2014-03-22";"2014-05-24";"7M123 (22/03/2014 - 24/05/2014)";"1";"2";"REGULAR";"f";"2014-06-25 12:18:57.321";"f";"";"0";"CONSOLIDADA";"";"Presencial";
"1226999";"01";"64138";"";"";"37596";"STRICTO SENSU";"";"PROGRAMA DE PÓS-GRADUAÇÃO EM PATOLOGIA ORAL";"2014";"1";"2014-02-17";"2014-06-06";"4M23 5M12";"6";"7";"REGULAR";"f";"2014-07-28 11:29:20.222";"f";"";"58";"CONSOLIDADA";"";"Presencial";
"1226999";"01";"26065";"";"";"37596";"STRICTO SENSU";"";"PROGRAMA DE PÓS-GRADUAÇÃO EM PATOLOGIA ORAL";"2014";"1";"2014-02-17";"2014-06-06";"4M23 5M12";"6";"7";"REGULAR";"f";"2014-07-28 11:29:20.222";"f";"";"58";"CONSOLIDADA";"";"Presencial";
"1226999";"01";"24072";"";"";"37596";"STRICTO SENSU";"";"PROGRAMA DE PÓS-GRADUAÇÃO EM PATOLOGIA ORAL";"2014";"1";"2014-02-17";"2014-06-06";"4M23 5M12";"6";"7";"REGULAR";"f";"2014-07-28 11:29:20.222";"f";"";"58";"CONSOLIDADA";"";"Presencial";
"1227000";"01";"64138";"";"";"39507";"STRICTO SENSU";"";"PROGRAMA DE PÓS-GRADUAÇÃO EM PATOLOGIA ORAL";"2014";"1";"2014-02-17";"2014-06-06";"3456M6";"1";"6";"REGULAR";"f";"";"f";"";"";"EXCLUÍDA";"";"Presencial";
"1227000";"01";"21585";"";"";"39507";"STRICTO SENSU";"";"PROGRAMA DE PÓS-GRADUAÇÃO EM PATOLOGIA ORAL";"2014";"1";"2014-02-17";"2014-06-06";"3456M6";"1";"6";"REGULAR";"f";"";"f";"";"";"EXCLUÍDA";"";"Presencial";
"1227000";"01";"17214";"";"";"39507";"STRICTO SENSU";"";"PROGRAMA DE PÓS-GRADUAÇÃO EM PATOLOGIA ORAL";"2014";"1";"2014-02-17";"2014-06-06";"3456M6";"1";"6";"REGULAR";"f";"";"f";"";"";"EXCLUÍDA";"";"Presencial";
"1227000";"01";"5752209";"";"";"39507";"STRICTO SENSU";"";"PROGRAMA DE PÓS-GRADUAÇÃO EM PATOLOGIA ORAL";"2014";"1";"2014-02-17";"2014-06-06";"3456M6";"1";"6";"REGULAR";"f";"";"f";"";"";"EXCLUÍDA";"";"Presencial";
"1227000";"01";"24073";"";"";"39507";"STRICTO SENSU";"";"PROGRAMA DE PÓS-GRADUAÇÃO EM PATOLOGIA ORAL";"2014";"1";"2014-02-17";"2014-06-06";"3456M6";"1";"6";"REGULAR";"f";"";"f";"";"";"EXCLUÍDA";"";"Presencial";
"1227000";"01";"21584";"";"";"39507";"STRICTO SENSU";"";"PROGRAMA DE PÓS-GRADUAÇÃO EM PATOLOGIA ORAL";"2014";"1";"2014-02-17";"2014-06-06";"3456M6";"1";"6";"REGULAR";"f";"";"f";"";"";"EXCLUÍDA";"";"Presencial";
"1227000";"01";"15842";"";"";"39507";"STRICTO SENSU";"";"PROGRAMA DE PÓS-GRADUAÇÃO EM PATOLOGIA ORAL";"2014";"1";"2014-02-17";"2014-06-06";"3456M6";"1";"6";"REGULAR";"f";"";"f";"";"";"EXCLUÍDA";"";"Presencial";
"1227000";"01";"24072";"";"";"39507";"STRICTO SENSU";"";"PROGRAMA DE PÓS-GRADUAÇÃO EM PATOLOGIA ORAL";"2014";"1";"2014-02-17";"2014-06-06";"3456M6";"1";"6";"REGULAR";"f";"";"f";"";"";"EXCLUÍDA";"";"Presencial";
"1227001";"01";"24073";"";"";"49185";"STRICTO SENSU";"";"PROGRAMA DE PÓS-GRADUAÇÃO EM PATOLOGIA ORAL";"2014";"1";"2014-02-17";"2014-06-06";"2345T6";"9";"10";"REGULAR";"f";"2014-06-27 10:16:05.17";"f";"";"55";"CONSOLIDADA";"";"Presencial";
"1227001";"01";"17214";"";"";"49185";"STRICTO SENSU";"";"PROGRAMA DE PÓS-GRADUAÇÃO EM PATOLOGIA ORAL";"2014";"1";"2014-02-17";"2014-06-06";"2345T6";"9";"10";"REGULAR";"f";"2014-06-27 10:16:05.17";"f";"";"55";"CONSOLIDADA";"";"Presencial";
"1227001";"01";"5752209";"";"";"49185";"STRICTO SENSU";"";"PROGRAMA DE PÓS-GRADUAÇÃO EM PATOLOGIA ORAL";"2014";"1";"2014-02-17";"2014-06-06";"2345T6";"9";"10";"REGULAR";"f";"2014-06-27 10:16:05.17";"f";"";"55";"CONSOLIDADA";"";"Presencial";
"1227001";"01";"21584";"";"";"49185";"STRICTO SENSU";"";"PROGRAMA DE PÓS-GRADUAÇÃO EM PATOLOGIA ORAL";"2014";"1";"2014-02-17";"2014-06-06";"2345T6";"9";"10";"REGULAR";"f";"2014-06-27 10:16:05.17";"f";"";"55";"CONSOLIDADA";"";"Presencial";
"1227001";"01";"64138";"";"";"49185";"STRICTO SENSU";"";"PROGRAMA DE PÓS-GRADUAÇÃO EM PATOLOGIA ORAL";"2014";"1";"2014-02-17";"2014-06-06";"2345T6";"9";"10";"REGULAR";"f";"2014-06-27 10:16:05.17";"f";"";"55";"CONSOLIDADA";"";"Presencial";
"1227001";"01";"21585";"";"";"49185";"STRICTO SENSU";"";"PROGRAMA DE PÓS-GRADUAÇÃO EM PATOLOGIA ORAL";"2014";"1";"2014-02-17";"2014-06-06";"2345T6";"9";"10";"REGULAR";"f";"2014-06-27 10:16:05.17";"f";"";"55";"CONSOLIDADA";"";"Presencial";
"1227001";"01";"15842";"";"";"49185";"STRICTO SENSU";"";"PROGRAMA DE PÓS-GRADUAÇÃO EM PATOLOGIA ORAL";"2014";"1";"2014-02-17";"2014-06-06";"2345T6";"9";"10";"REGULAR";"f";"2014-06-27 10:16:05.17";"f";"";"55";"CONSOLIDADA";"";"Presencial";
"1227001";"01";"24072";"";"";"49185";"STRICTO SENSU";"";"PROGRAMA DE PÓS-GRADUAÇÃO EM PATOLOGIA ORAL";"2014";"1";"2014-02-17";"2014-06-06";"2345T6";"9";"10";"REGULAR";"f";"2014-06-27 10:16:05.17";"f";"";"55";"CONSOLIDADA";"";"Presencial";
"1227002";"02";"5753879";"";"";"41209";"STRICTO SENSU";"";"ICe - Lab. do Profº Sérgio";"2014";"1";"2014-03-20";"2014-07-10";"5T123456 (20/03/2014 - 10/07/2014)";"3";"10";"REGULAR";"f";"2014-07-22 12:12:29.576";"f";"";"12";"CONSOLIDADA";"";"Presencial";
"1227002";"02";"5754299";"";"";"41209";"STRICTO SENSU";"";"ICe - Lab. do Profº Sérgio";"2014";"1";"2014-03-20";"2014-07-10";"5T123456 (20/03/2014 - 10/07/2014)";"3";"10";"REGULAR";"f";"2014-07-22 12:12:29.576";"f";"";"12";"CONSOLIDADA";"";"Presencial";
"1227002";"02";"5752840";"";"";"41209";"STRICTO SENSU";"";"ICe - Lab. do Profº Sérgio";"2014";"1";"2014-03-20";"2014-07-10";"5T123456 (20/03/2014 - 10/07/2014)";"3";"10";"REGULAR";"f";"2014-07-22 12:12:29.576";"f";"";"12";"CONSOLIDADA";"";"Presencial";
"1227003";"10";"";"102863367";"";"41599";"STRICTO SENSU";"";"AUDITÓRIO DO DEPARTAMENTO DE FISIOTERAPIA";"2014";"1";"2014-01-27";"2014-06-14";"2N12";"2";"2";"REGULAR";"f";"2014-07-09 13:33:25.611";"f";"";"36";"CONSOLIDADA";"";"Presencial";
"1227004";"06";"20873";"";"";"39751";"STRICTO SENSU";"";"3F6";"2014";"1";"2014-02-10";"2014-06-27";"3T12";"";"1";"REGULAR";"f";"";"f";"";"";"EXCLUÍDA";"";"Presencial";
"1227005";"02";"5755552";"";"";"18799";"TÉCNICO";"";"Sala 17";"2014";"1";"2014-01-27";"2014-06-14";"2T123";"";"1";"REGULAR";"f";"";"f";"";"";"EXCLUÍDA";"";"Presencial";
"1227006";"01";"5751852";"";"";"44447";"STRICTO SENSU";"";"Instituto do Cérebro";"2014";"1";"2014-06-02";"2014-06-13";"23456T456 (02/06/2014 - 13/06/2014)";"4";"10";"REGULAR";"f";"2015-03-06 16:04:19.086";"f";"";"0";"CONSOLIDADA";"";"Presencial";
"1227007";"05";"5752299";"";"";"27159";"GRADUAÇÃO";"";"GARANHUNS/PE";"2014";"1";"2014-01-27";"2014-06-14";"";"";"";"REGULAR";"t";"2014-06-12 18:29:14.147";"f";"";"0";"CONSOLIDADA";"";"A Distância";
"1227008";"01";"5752795";"";"";"41147";"STRICTO SENSU";"";"Sala da base";"2014";"1";"2014-02-13";"2014-06-13";"2M45";"3";"3";"REGULAR";"f";"2014-06-16 14:57:57.542";"f";"";"30";"CONSOLIDADA";"";"Presencial";
"1227009";"05B";"5752625";"";"";"27156";"GRADUAÇÃO";"";"GARANHUNS/PE";"2014";"1";"2014-01-27";"2014-06-14";"";"";"";"REGULAR";"t";"";"f";"";"";"EXCLUÍDA";"";"A Distância";
"1227010";"05";"";"99086131";"";"42476";"GRADUAÇÃO";"";"GARANHUNS/PE";"2014";"1";"2014-01-27";"2014-06-14";"";"";"";"REGULAR";"t";"2014-06-20 19:07:52.18";"f";"";"0";"CONSOLIDADA";"";"A Distância";
"1227011";"02";"18150";"";"";"41147";"STRICTO SENSU";"";"Sala da base";"2014";"1";"2014-02-13";"2014-06-13";"2M56";"1";"1";"REGULAR";"f";"2014-06-10 10:35:30.425";"f";"";"30";"CONSOLIDADA";"";"Presencial";
"1227012";"03";"18643";"";"";"41147";"STRICTO SENSU";"";"Sala da base";"2014";"1";"2014-02-13";"2014-06-13";"2M56";"2";"2";"REGULAR";"f";"2015-01-05 10:14:57.637";"f";"";"0";"CONSOLIDADA";"";"Presencial";
"1227013";"04";"26543";"";"";"41147";"STRICTO SENSU";"";"Sala da base";"2014";"1";"2014-02-13";"2014-06-13";"2M56";"2";"2";"REGULAR";"f";"2014-06-19 17:56:12.203";"f";"";"34";"CONSOLIDADA";"";"Presencial";
"1227014";"05";"22923";"";"";"41147";"STRICTO SENSU";"";"Sala da base";"2014";"1";"2014-02-13";"2014-06-13";"2M56";"3";"3";"REGULAR";"f";"2014-06-26 18:57:14.133";"f";"";"30";"CONSOLIDADA";"";"Presencial";
"1227015";"06";"5753098";"";"";"41147";"STRICTO SENSU";"";"Sala da base";"2014";"1";"2014-02-13";"2014-06-13";"2M56";"2";"2";"REGULAR";"f";"2014-06-12 13:11:03.207";"f";"";"30";"CONSOLIDADA";"";"Presencial";
"1227016";"07";"5751673";"";"";"41147";"STRICTO SENSU";"";"Sala da base";"2014";"1";"2014-02-13";"2014-06-13";"2M56";"2";"2";"REGULAR";"f";"2015-02-09 10:10:30.899";"f";"";"30";"CONSOLIDADA";"";"Presencial";
"1227017";"08";"5753683";"";"";"41147";"STRICTO SENSU";"";"Sala da base";"2014";"1";"2014-02-13";"2014-06-13";"2M56";"2";"2";"REGULAR";"f";"2014-06-19 19:47:15.213";"f";"";"30";"CONSOLIDADA";"";"Presencial";
"1227018";"09";"18229";"";"";"41147";"STRICTO SENSU";"";"Sala da base";"2014";"1";"2014-02-13";"2014-06-13";"2M56";"1";"1";"REGULAR";"f";"2014-07-10 20:06:40.176";"f";"";"30";"CONSOLIDADA";"";"Presencial";
"1227019";"10";"23015";"";"";"41147";"STRICTO SENSU";"";"Sala da base";"2014";"1";"2014-02-13";"2014-06-13";"2M56";"1";"1";"REGULAR";"f";"2014-06-09 15:59:38.811";"f";"";"30";"CONSOLIDADA";"";"Presencial";
"1227020";"01";"5755471";"";"";"54360";"STRICTO SENSU";"";"A definir";"2014";"1";"2014-05-12";"2014-05-30";"23456T3456 (12/05/2014 - 30/05/2014)";"8";"10";"REGULAR";"f";"2014-06-09 11:01:00.436";"f";"";"4";"CONSOLIDADA";"";"Presencial";
"1227020";"01";"5755472";"";"";"54360";"STRICTO SENSU";"";"A definir";"2014";"1";"2014-05-12";"2014-05-30";"23456T3456 (12/05/2014 - 30/05/2014)";"8";"10";"REGULAR";"f";"2014-06-09 11:01:00.436";"f";"";"4";"CONSOLIDADA";"";"Presencial";
"1227021";"11";"23731";"";"";"41147";"STRICTO SENSU";"";"Sala da base";"2014";"1";"2014-02-13";"2014-06-13";"2M56";"1";"1";"REGULAR";"f";"2014-06-26 20:59:34.346";"f";"";"28";"CONSOLIDADA";"";"Presencial";
"1227022";"12";"5753245";"";"";"41147";"STRICTO SENSU";"";"Sala da base";"2014";"1";"2014-02-13";"2014-06-13";"2M56";"2";"2";"REGULAR";"f";"2014-06-25 16:57:19.703";"f";"";"30";"CONSOLIDADA";"";"Presencial";
"1227023";"13";"24264";"";"";"41147";"STRICTO SENSU";"";"Sala da base";"2014";"1";"2014-02-13";"2014-06-13";"2M56";"1";"1";"REGULAR";"f";"2014-06-05 06:18:28.975";"f";"";"28";"CONSOLIDADA";"";"Presencial";
"1227024";"01";"5754955";"";"";"2055455";"STRICTO SENSU";"";"ICe - Lab. do Profº Sandro";"2014";"1";"2014-04-01";"2014-05-27";"3T12345 (01/04/2014 - 27/05/2014)";"7";"10";"REGULAR";"f";"2014-05-30 14:57:10.011";"f";"";"0";"CONSOLIDADA";"";"Presencial";
"1227025";"14";"";"99513492";"";"41147";"STRICTO SENSU";"";"Sala da base";"2014";"1";"2014-02-13";"2014-06-13";"2M56";"1";"1";"REGULAR";"f";"2014-07-21 14:33:24.883";"f";"";"30";"CONSOLIDADA";"";"Presencial";
"1227026";"15";"2301545";"";"";"41147";"STRICTO SENSU";"";"Sala da base";"2014";"1";"2014-02-13";"2014-06-13";"2M56";"3";"3";"REGULAR";"f";"2014-06-13 10:18:04.319";"f";"";"28";"CONSOLIDADA";"";"Presencial";
"1227027";"16";"5752506";"";"";"41147";"STRICTO SENSU";"";"Sala da base";"2014";"1";"2014-02-13";"2014-06-13";"2M56";"4";"4";"REGULAR";"f";"2014-06-18 10:50:16.711";"f";"";"30";"CONSOLIDADA";"";"Presencial";
"1227028";"17";"22006";"";"";"41147";"STRICTO SENSU";"";"Sala da base";"2014";"1";"2014-02-13";"2014-06-13";"2M56";"1";"1";"REGULAR";"f";"2014-06-07 08:28:30.796";"f";"";"28";"CONSOLIDADA";"";"Presencial";
"1227029";"18";"25980";"";"";"41147";"STRICTO SENSU";"";"Sala da base";"2014";"1";"2014-02-13";"2014-06-13";"2M56";"1";"1";"REGULAR";"f";"2015-02-24 17:12:14.544";"f";"";"30";"CONSOLIDADA";"";"Presencial";
"1227030";"07";"5755035";"";"";"39750";"STRICTO SENSU";"";"3f6";"2014";"1";"2014-02-10";"2014-06-27";"6M12";"1";"1";"REGULAR";"f";"2014-06-22 10:31:20.091";"f";"";"36";"CONSOLIDADA";"";"Presencial";
"1227031";"01";"5752182";"";"";"45097";"STRICTO SENSU";"";"Instituto do Cérebro";"2014";"1";"2014-03-17";"2014-06-30";"2M23 (17/03/2014 - 30/06/2014)";"";"1";"REGULAR";"f";"";"f";"";"";"EXCLUÍDA";"";"Presencial";
"1227032";"01";"5752840";"";"";"45098";"STRICTO SENSU";"";"ECT - Sala 09";"2014";"1";"2014-03-18";"2014-06-24";"3M34 (18/03/2014 - 24/06/2014)";"1";"1";"REGULAR";"f";"2014-07-24 14:33:37.196";"f";"";"28";"CONSOLIDADA";"";"Presencial";
"1227033";"02";"5754362";"";"";"36999";"STRICTO SENSU";"";"Setor IV";"2014";"1";"2014-02-10";"2014-06-12";"7M123";"1";"1";"REGULAR";"f";"2014-07-06 08:05:43.032";"f";"";"51";"CONSOLIDADA";"";"Presencial";
"1227034";"01";"5755544";"";"";"52959";"LATO SENSU";"";"Mini Auditorio Oriano de Almeida Escola de Musica";"2014";"1";"2014-02-10";"2014-02-15";"7M2345  23456N1234 (10/02/2014 - 15/02/2014)";"";"50";"REGULAR";"f";"2014-06-12 00:31:18.076";"f";"";"24";"CONSOLIDADA";"";"Presencial";
"1227035";"01";"";"89918945";"";"52966";"LATO SENSU";"";"Mini Auditorio Oriano de Almeida Escola de Musica";"2014";"1";"2014-03-10";"2014-03-15";"7M2345  23456N1234 (10/03/2014 - 15/03/2014)";"";"50";"REGULAR";"f";"2014-07-31 14:53:46.054";"f";"";"0";"CONSOLIDADA";"";"Presencial";
"1227036";"01";"";"89982915";"";"52967";"LATO SENSU";"";"Mini Auditorio Oriano de Almeida Escola de Musica";"2014";"1";"2014-04-07";"2014-04-12";"7M2345  23456N1234 (07/04/2014 - 12/04/2014)";"";"50";"REGULAR";"f";"2014-08-26 08:37:04.206";"f";"";"0";"CONSOLIDADA";"";"Presencial";
"1227037";"01";"5753751";"";"";"54409";"LATO SENSU";"";"Mini Auditorio Oriano de Almeida Escola de Musica";"2014";"1";"2014-05-05";"2014-05-10";"7M2345  23456N1234 (05/05/2014 - 10/05/2014)";"";"50";"REGULAR";"f";"2014-06-21 14:41:53.068";"f";"";"0";"CONSOLIDADA";"";"Presencial";
"1227038";"IND";"22932";"";"";"2055200";"GRADUAÇÃO";"Campus Central";"DNUT";"2014";"1";"2014-01-27";"2014-06-14";"";"";"2";"ENSINO INDIVIDUAL";"f";"2014-06-06 14:46:45.236";"f";"";"78";"CONSOLIDADA";"";"Presencial";
"1227039";"01";"5752198";"";"";"53826";"LATO SENSU";"";"UFRN-NUCLEO DE PÓS-GRADUAÇÃO EM DIREITO - SALA 01";"2014";"1";"2014-02-17";"2014-02-21";"23456N1234 (17/02/2014 - 21/02/2014)";"";"55";"REGULAR";"f";"2015-03-31 18:04:09.789";"f";"";"0";"CONSOLIDADA";"";"Presencial";
"1227040";"IND";"5755903";"";"";"2048096";"GRADUAÇÃO";"Campus Caicó";"Sala de video";"2014";"1";"2014-01-27";"2014-06-14";"";"";"1";"ENSINO INDIVIDUAL";"f";"2014-06-17 23:22:47.13";"f";"";"20";"CONSOLIDADA";"";"Presencial";
"1227041";"01";"64106";"";"";"55119";"STRICTO SENSU";"";"4º Subsolo do HUOL";"2014";"1";"2014-01-27";"2014-06-14";"27N1234 (11/02/2014 - 14/06/2014)";"30";"30";"REGULAR";"f";"2014-07-17 12:29:45.918";"f";"";"0";"CONSOLIDADA";"";"Presencial";
"1227041";"01";"24073";"";"";"55119";"STRICTO SENSU";"";"4º Subsolo do HUOL";"2014";"1";"2014-01-27";"2014-06-14";"27N1234 (11/02/2014 - 14/06/2014)";"30";"30";"REGULAR";"f";"2014-07-17 12:29:45.918";"f";"";"0";"CONSOLIDADA";"";"Presencial";
"1227041";"01";"17402";"";"";"55119";"STRICTO SENSU";"";"4º Subsolo do HUOL";"2014";"1";"2014-01-27";"2014-06-14";"27N1234 (11/02/2014 - 14/06/2014)";"30";"30";"REGULAR";"f";"2014-07-17 12:29:45.918";"f";"";"0";"CONSOLIDADA";"";"Presencial";
"1227041";"01";"5752471";"";"";"55119";"STRICTO SENSU";"";"4º Subsolo do HUOL";"2014";"1";"2014-01-27";"2014-06-14";"27N1234 (11/02/2014 - 14/06/2014)";"30";"30";"REGULAR";"f";"2014-07-17 12:29:45.918";"f";"";"0";"CONSOLIDADA";"";"Presencial";
"1227041";"01";"5752716";"";"";"55119";"STRICTO SENSU";"";"4º Subsolo do HUOL";"2014";"1";"2014-01-27";"2014-06-14";"27N1234 (11/02/2014 - 14/06/2014)";"30";"30";"REGULAR";"f";"2014-07-17 12:29:45.918";"f";"";"0";"CONSOLIDADA";"";"Presencial";
"1227041";"01";"23673";"";"";"55119";"STRICTO SENSU";"";"4º Subsolo do HUOL";"2014";"1";"2014-01-27";"2014-06-14";"27N1234 (11/02/2014 - 14/06/2014)";"30";"30";"REGULAR";"f";"2014-07-17 12:29:45.918";"f";"";"0";"CONSOLIDADA";"";"Presencial";
"1227041";"01";"24837";"";"";"55119";"STRICTO SENSU";"";"4º Subsolo do HUOL";"2014";"1";"2014-01-27";"2014-06-14";"27N1234 (11/02/2014 - 14/06/2014)";"30";"30";"REGULAR";"f";"2014-07-17 12:29:45.918";"f";"";"0";"CONSOLIDADA";"";"Presencial";
"1227041";"01";"5753362";"";"";"55119";"STRICTO SENSU";"";"4º Subsolo do HUOL";"2014";"1";"2014-01-27";"2014-06-14";"27N1234 (11/02/2014 - 14/06/2014)";"30";"30";"REGULAR";"f";"2014-07-17 12:29:45.918";"f";"";"0";"CONSOLIDADA";"";"Presencial";
"1227041";"01";"25946";"";"";"55119";"STRICTO SENSU";"";"4º Subsolo do HUOL";"2014";"1";"2014-01-27";"2014-06-14";"27N1234 (11/02/2014 - 14/06/2014)";"30";"30";"REGULAR";"f";"2014-07-17 12:29:45.918";"f";"";"0";"CONSOLIDADA";"";"Presencial";
"1227042";"IND";"25907";"";"";"21175";"GRADUAÇÃO";"Campus Central";"a definir";"2014";"1";"2014-01-27";"2014-06-14";"";"";"1";"ENSINO INDIVIDUAL";"f";"2014-06-13 18:47:27.938";"f";"";"0";"CONSOLIDADA";"";"Presencial";
"1227043";"01";"20538";"";"";"37234";"STRICTO SENSU";"";"PPGCSa";"2014";"1";"2014-01-27";"2014-06-06";"4T34";"1";"20";"REGULAR";"f";"";"f";"";"";"EXCLUÍDA";"";"Presencial";
"1227044";"40";"18150";"";"";"55255";"STRICTO SENSU";"";"DINTER/UERN";"2014";"1";"2014-01-27";"2014-06-06";"7M2";"15";"15";"REGULAR";"f";"2015-12-18 09:55:15.955";"f";"";"18";"CONSOLIDADA";"";"Presencial";
"1227045";"01";"5752224";"";"";"54036";"LATO SENSU";"";"Setor II Bloco F sala 2";"2014";"1";"2014-01-27";"2014-06-14";"7M2345  7T2345 (23/02/2014 - 22/03/2014)";"";"45";"REGULAR";"f";"2014-12-09 18:41:49.914";"f";"";"32";"CONSOLIDADA";"";"Presencial";
"1227047";"08A";"5755763";"";"";"21810";"GRADUAÇÃO";"Campus Central";"Faculdade de Farmácia (sala 7B5)";"2014";"1";"2014-01-27";"2014-06-14";"4M123456";"";"10";"REGULAR";"f";"2014-06-18 09:29:49.777";"f";"1227046";"114";"CONSOLIDADA";"";"Presencial";
"1227047";"08A";"23852";"";"";"21810";"GRADUAÇÃO";"Campus Central";"Faculdade de Farmácia (sala 7B5)";"2014";"1";"2014-01-27";"2014-06-14";"4M123456";"";"10";"REGULAR";"f";"2014-06-18 09:29:49.777";"f";"1227046";"114";"CONSOLIDADA";"";"Presencial";
"1227047";"08A";"25091";"";"";"21810";"GRADUAÇÃO";"Campus Central";"Faculdade de Farmácia (sala 7B5)";"2014";"1";"2014-01-27";"2014-06-14";"4M123456";"";"10";"REGULAR";"f";"2014-06-18 09:29:49.777";"f";"1227046";"114";"CONSOLIDADA";"";"Presencial";
"1227047";"08A";"18787";"";"";"21810";"GRADUAÇÃO";"Campus Central";"Faculdade de Farmácia (sala 7B5)";"2014";"1";"2014-01-27";"2014-06-14";"4M123456";"";"10";"REGULAR";"f";"2014-06-18 09:29:49.777";"f";"1227046";"114";"CONSOLIDADA";"";"Presencial";
"1227048";"08";"20873";"";"";"39750";"STRICTO SENSU";"";"3F6";"2014";"1";"2014-02-10";"2014-06-27";"3T12";"1";"1";"REGULAR";"f";"2014-10-08 16:45:49.103";"f";"";"38";"CONSOLIDADA";"";"Presencial";
"1227049";"04";"18387";"";"Turma para alunos especiais.";"39191";"STRICTO SENSU";"";"Multimeios III do NEPSA";"2014";"1";"2014-02-10";"2014-06-11";"6T6  6N12";"9";"15";"REGULAR";"f";"";"f";"";"";"EXCLUÍDA";"";"Presencial";
"1227050";"12";"24597";"";"";"41154";"STRICTO SENSU";"";"sala da";"2014";"1";"2014-02-13";"2014-06-13";"2N12";"3";"3";"REGULAR";"f";"2014-07-11 13:12:18.048";"f";"";"30";"CONSOLIDADA";"";"Presencial";
"1227051";"IND";"5752280";"";"";"23477";"GRADUAÇÃO";"Campus Central";"CCET SALA 50";"2014";"1";"2014-01-27";"2014-06-14";"";"";"4";"ENSINO INDIVIDUAL";"f";"2014-06-21 00:55:56.252";"f";"";"100";"CONSOLIDADA";"";"Presencial";
"1227052";"IND";"26411";"";"";"23479";"GRADUAÇÃO";"Campus Central";"CCET SALA 61";"2014";"1";"2014-01-27";"2014-06-14";"";"";"2";"ENSINO INDIVIDUAL";"f";"2014-06-12 08:46:32.994";"f";"";"0";"CONSOLIDADA";"";"Presencial";
"1227053";"01";"5755031";"";"";"38357";"STRICTO SENSU";"";"Sala de Seminários de Estatística";"2014";"1";"2014-02-10";"2014-06-13";"6M34";"9";"20";"REGULAR";"f";"2014-06-21 11:02:04.471";"f";"";"32";"CONSOLIDADA";"";"Presencial";
"1227054";"IND";"5751826";"";"";"23602";"GRADUAÇÃO";"Campus Central";"CCET SALA 05";"2014";"1";"2014-01-27";"2014-06-14";"";"";"2";"ENSINO INDIVIDUAL";"f";"2014-06-18 12:06:07.273";"f";"";"0";"CONSOLIDADA";"";"Presencial";
"1227055";"IND";"5755053";"";"";"23606";"GRADUAÇÃO";"Campus Central";"CCET SALA 64";"2014";"1";"2014-01-27";"2014-06-14";"";"";"3";"ENSINO INDIVIDUAL";"f";"2014-06-15 10:48:25.423";"f";"";"0";"CONSOLIDADA";"";"Presencial";
"1227056";"IND";"5752710";"";"";"2038775";"GRADUAÇÃO";"Campus Macaíba";"Setor de Graduação - EAJ";"2014";"1";"2014-01-27";"2014-06-14";"";"";"1";"ENSINO INDIVIDUAL";"f";"2014-06-04 13:02:56.204";"f";"";"0";"CONSOLIDADA";"";"Presencial";
"1227057";"01";"75860";"";"";"37975";"STRICTO SENSU";"";"Sala do PROIN";"2014";"1";"2014-03-06";"2014-06-14";"24M45";"32";"40";"REGULAR";"f";"2014-07-17 20:46:17.186";"f";"";"57";"CONSOLIDADA";"";"Presencial";
"1227058";"01";"5756403";"";"";"37976";"STRICTO SENSU";"";"Sala do PROIN";"2014";"1";"2014-03-06";"2014-06-14";"35M45";"34";"40";"REGULAR";"f";"2014-06-30 15:43:47.478";"f";"";"54";"CONSOLIDADA";"";"Presencial";
"1227059";"01";"5752891";"";"";"37988";"STRICTO SENSU";"";"Sala de Seminários I";"2014";"1";"2014-03-06";"2014-06-14";"24T23";"2";"2";"REGULAR";"f";"2014-06-22 02:39:47.421";"f";"";"54";"CONSOLIDADA";"";"Presencial";
"1227060";"02";"5753426";"";"";"37988";"STRICTO SENSU";"";"Sala de Seminários II";"2014";"1";"2014-03-06";"2014-06-14";"3T56 5T45";"";"10";"REGULAR";"f";"";"f";"";"";"EXCLUÍDA";"";"Presencial";
"1227061";"01";"5756223";"";"";"37996";"STRICTO SENSU";"";"Sala de Seminários I";"2014";"1";"2014-03-06";"2014-06-14";"6M2345";"18";"20";"REGULAR";"f";"2014-06-25 16:45:06.5";"f";"";"56";"CONSOLIDADA";"";"Presencial";
"1227062";"01";"5752272";"";"";"37986";"STRICTO SENSU";"";"Sala de Seminários I";"2014";"1";"2014-03-06";"2014-06-14";"35T45";"13";"20";"REGULAR";"f";"2014-06-18 17:14:10.777";"f";"";"54";"CONSOLIDADA";"";"Presencial";
"1227063";"01";"23404";"";"";"37989";"STRICTO SENSU";"";"Sala de Seminários II";"2014";"1";"2014-03-06";"2014-06-14";"24T45";"6";"10";"REGULAR";"f";"2014-07-11 15:55:54.079";"f";"";"54";"CONSOLIDADA";"";"Presencial";
"1227064";"01";"22006";"";"";"41150";"STRICTO SENSU";"";"sala da base";"2014";"1";"2014-02-13";"2014-06-13";"2N12";"2";"2";"REGULAR";"f";"2014-06-07 08:30:54.354";"f";"";"28";"CONSOLIDADA";"";"Presencial";
"1227065";"02";"5753098";"";"";"41150";"STRICTO SENSU";"";"sala da";"2014";"1";"2014-02-13";"2014-06-13";"2N12";"1";"1";"REGULAR";"f";"2014-06-12 15:57:23.146";"f";"";"30";"CONSOLIDADA";"";"Presencial";
"1227066";"03";"";"99513492";"";"41150";"STRICTO SENSU";"";"sala da base";"2014";"1";"2014-02-13";"2014-06-13";"2N12";"1";"1";"REGULAR";"f";"2014-07-21 14:41:41.368";"f";"";"28";"CONSOLIDADA";"";"Presencial";
"1227067";"04";"2301545";"";"";"41150";"STRICTO SENSU";"";"sala da base";"2014";"1";"2014-02-13";"2014-06-13";"2N12";"1";"1";"REGULAR";"f";"2014-06-27 08:53:15.491";"f";"";"30";"CONSOLIDADA";"";"Presencial";
"1227068";"01";"5753426";"";"";"38032";"STRICTO SENSU";"";"INSTITUTO INTERNACIONAL DE FÍSICA";"2014";"1";"2014-03-06";"2014-06-14";"5M3456";"7";"20";"REGULAR";"f";"2015-02-09 10:52:48.58";"f";"";"0";"CONSOLIDADA";"";"Presencial";
"1227069";"01";"17913";"";"";"38007";"STRICTO SENSU";"";"Sala de Seminários I";"2014";"1";"2014-03-06";"2014-06-14";"35T23";"6";"10";"REGULAR";"f";"2014-10-24 11:33:28.192";"f";"";"54";"CONSOLIDADA";"";"Presencial";
"1227070";"01";"5754619";"";"";"38011";"STRICTO SENSU";"";"Sala de Seminários I";"2014";"1";"2014-03-06";"2014-06-14";"24M23";"3";"10";"REGULAR";"f";"2014-06-25 15:45:55.384";"f";"";"54";"CONSOLIDADA";"";"Presencial";
"1227071";"IND";"5754539";"";"";"2055026";"GRADUAÇÃO";"Campus Central";"labtex";"2014";"1";"2014-01-27";"2014-06-14";"";"";"2";"ENSINO INDIVIDUAL";"f";"2014-06-20 13:54:38.728";"f";"";"72";"CONSOLIDADA";"";"Presencial";
"1227072";"IND";"2296724";"";"";"2054970";"GRADUAÇÃO";"Campus Central";"Labmalha";"2014";"1";"2014-01-27";"2014-06-14";"";"";"1";"ENSINO INDIVIDUAL";"f";"2014-06-14 17:44:40.116";"f";"";"29";"CONSOLIDADA";"";"Presencial";
"1227073";"IND";"26206";"";"";"43378";"GRADUAÇÃO";"Campus Central";"Labtex - Bloco 19";"2014";"1";"2014-01-27";"2014-06-14";"";"";"3";"ENSINO INDIVIDUAL";"f";"2014-06-18 08:30:58.708";"f";"";"106";"CONSOLIDADA";"";"Presencial";
"1227074";"IND";"63864";"";"";"2055019";"GRADUAÇÃO";"Campus Central";"Labtex - Bloco 18";"2014";"1";"2014-01-27";"2014-06-14";"";"";"2";"ENSINO INDIVIDUAL";"f";"2014-06-20 11:49:51.464";"f";"";"0";"CONSOLIDADA";"";"Presencial";
"1227075";"IND";"5754328";"";"";"2054975";"GRADUAÇÃO";"Campus Central";"Lab. de Criação";"2014";"1";"2014-01-27";"2014-06-14";"";"";"2";"ENSINO INDIVIDUAL";"f";"2014-06-17 23:27:15.669";"f";"";"76";"CONSOLIDADA";"";"Presencial";
"1227076";"IND";"21348";"";"";"2054976";"GRADUAÇÃO";"Campus Central";"Labvest - Bloco 18";"2014";"1";"2014-01-27";"2014-06-14";"";"";"1";"ENSINO INDIVIDUAL";"f";"2014-06-17 19:30:42.037";"f";"";"56";"CONSOLIDADA";"";"Presencial";
"1227077";"IND";"5754328";"";"";"2055005";"GRADUAÇÃO";"Campus Central";"Labcad";"2014";"1";"2014-01-27";"2014-06-14";"";"";"1";"ENSINO INDIVIDUAL";"f";"2014-06-17 23:22:53.821";"f";"";"76";"CONSOLIDADA";"";"Presencial";
"1227078";"IND";"5755565";"";"";"43374";"GRADUAÇÃO";"Campus Central";"LABTEX - Bloco 19";"2014";"1";"2014-01-27";"2014-06-14";"";"";"1";"ENSINO INDIVIDUAL";"f";"2014-06-20 03:59:12.884";"f";"";"80";"CONSOLIDADA";"";"Presencial";
"1227079";"IND";"5752764";"";"";"41329";"GRADUAÇÃO";"";"LAB II";"2014";"1";"2014-01-27";"2014-06-14";"";"";"3";"ENSINO INDIVIDUAL";"f";"2014-06-20 16:14:34.707";"f";"";"26";"CONSOLIDADA";"";"Presencial";
"1227080";"IND";"19097";"";"";"41330";"GRADUAÇÃO";"";"LABII";"2014";"1";"2014-01-27";"2014-06-14";"";"";"3";"ENSINO INDIVIDUAL";"f";"2014-06-09 11:47:36.956";"f";"";"9";"CONSOLIDADA";"";"Presencial";
"1227081";"IND";"19097";"";"";"41465";"GRADUAÇÃO";"";"LABII";"2014";"1";"2014-01-27";"2014-06-14";"";"";"1";"ENSINO INDIVIDUAL";"f";"2014-06-11 14:35:21.81";"f";"";"2";"CONSOLIDADA";"";"Presencial";
"1227082";"15";"22776";"";"";"38249";"STRICTO SENSU";"";"sala do orientador";"2014";"1";"2014-02-17";"2014-06-13";"2T1";"2";"2";"REGULAR";"f";"2016-02-02 11:26:38.193";"f";"";"15";"CONSOLIDADA";"";"Presencial";
"1227083";"IND";"5484636";"";"";"24360";"GRADUAÇÃO";"";"LAB II";"2014";"1";"2014-01-27";"2014-06-14";"";"";"3";"ENSINO INDIVIDUAL";"f";"2014-06-16 10:34:58.899";"f";"";"0";"CONSOLIDADA";"";"Presencial";
"1227084";"IND";"26647";"";"";"24330";"GRADUAÇÃO";"";"LABII";"2014";"1";"2014-01-27";"2014-06-14";"";"";"2";"ENSINO INDIVIDUAL";"f";"2014-06-20 20:51:35.144";"f";"";"123";"CONSOLIDADA";"";"Presencial";
"1227085";"IND";"5752689";"";"";"24339";"GRADUAÇÃO";"";"labii";"2014";"1";"2014-01-27";"2014-06-14";"";"";"1";"ENSINO INDIVIDUAL";"f";"2014-06-21 11:35:59.19";"f";"";"66";"CONSOLIDADA";"";"Presencial";
"1227086";"01";"24367";"";"CARACTERIZAÇÃO E PROCESSAMENTE DE MATERIAIS DESTINADOS A PRODUÇÃO DE MOLDES E PRODUTOS PARA FUNDIÇÃO";"44389";"STRICTO SENSU";"";"A Definir";"2014";"1";"2014-02-03";"2014-06-14";"6M3456";"1";"1";"REGULAR";"f";"2014-07-29 16:24:36.626";"f";"";"68";"CONSOLIDADA";"";"Presencial";
"1227087";"07";"20680";"";"";"38433";"STRICTO SENSU";"";"A Definir";"2014";"1";"2014-02-03";"2014-06-14";"7M3";"1";"1";"REGULAR";"f";"2014-06-19 13:26:45.921";"f";"";"19";"CONSOLIDADA";"";"Presencial";
"1227088";"IND";"5753762";"";"";"22961";"GRADUAÇÃO";"Campus Central";"PROIN";"2014";"1";"2014-01-27";"2014-06-14";"";"";"1";"ENSINO INDIVIDUAL";"f";"2014-06-11 17:47:19.895";"f";"";"120";"CONSOLIDADA";"";"Presencial";
"1227089";"SCRUZ";"18871";"";"";"42209";"LATO SENSU";"";"SANTA CRUZ";"2014";"1";"2014-02-15";"2014-03-15";"7M2345  7T2345";"";"30";"REGULAR";"f";"2014-12-01 15:38:41.153";"f";"";"32";"CONSOLIDADA";"";"Presencial";
"1227090";"01";"15524";"";"";"45196";"STRICTO SENSU";"";"Departamento de Odontologia";"2014";"1";"2014-03-11";"2014-05-13";"3T6  3N123";"28";"26";"REGULAR";"f";"2014-07-13 21:54:29.653";"f";"";"40";"CONSOLIDADA";"";"Presencial";
"1227091";"09";"4274563";"";"";"39109";"STRICTO SENSU";"";"A definir";"2014";"1";"2014-01-27";"2014-06-14";"7M1";"1";"1";"REGULAR";"f";"2015-04-01 08:42:13.008";"f";"";"18";"CONSOLIDADA";"";"Presencial";
"1227092";"08";"5754275";"";"";"38184";"STRICTO SENSU";"";"DGef";"2014";"1";"2014-03-10";"2014-07-31";"6M3456";"1";"1";"REGULAR";"f";"2014-07-28 09:29:08.677";"f";"";"72";"CONSOLIDADA";"";"Presencial";
"1227093";"01";"5752243";"";"";"36998";"STRICTO SENSU";"";"Setoer IV sala H1";"2014";"1";"2014-02-10";"2014-06-12";"2M56";"1";"1";"REGULAR";"f";"2014-07-21 22:59:15.071";"f";"";"30";"CONSOLIDADA";"";"Presencial";
"1227094";"IND";"15472";"";"";"2036851";"GRADUAÇÃO";"Campus Central";"A DEFINIR";"2014";"1";"2014-01-27";"2014-06-14";"";"";"1";"ENSINO INDIVIDUAL";"f";"2014-06-18 21:23:54.759";"f";"";"82";"CONSOLIDADA";"";"Presencial";
"1227095";"05";"18387";"";"";"39191";"STRICTO SENSU";"";"NEPSA";"2014";"1";"2014-02-10";"2014-06-11";"6T6  6N12";"";"15";"REGULAR";"f";"";"f";"";"";"EXCLUÍDA";"";"Presencial";
"1227096";"02";"25924";"";"";"45196";"STRICTO SENSU";"";"Departamento de Saúde Coletiva";"2014";"1";"2014-03-11";"2014-05-13";"3T6  3N12 (11/03/2014 - 13/05/2014)";"15";"15";"REGULAR";"f";"2014-07-11 00:48:31.732";"f";"";"30";"CONSOLIDADA";"";"Presencial";
"1227097";"IND";"102359";"";"";"2022152";"GRADUAÇÃO";"Campus Central";"A definir";"2014";"1";"2014-01-27";"2014-06-14";"";"";"1";"ENSINO INDIVIDUAL";"f";"2014-06-10 08:26:03.812";"f";"";"75";"CONSOLIDADA";"";"Presencial";
"1227098";"11";"25606";"";"";"41599";"STRICTO SENSU";"";"AUDITÓRIO DO DEPARTAMENTO DE FISIOTERAPIA";"2014";"1";"2014-01-27";"2014-06-14";"3N34";"2";"2";"REGULAR";"f";"2014-10-29 16:13:57.831";"f";"";"36";"CONSOLIDADA";"";"Presencial";
"1227099";"IND";"18670";"";"";"2022410";"GRADUAÇÃO";"Campus Central";"Sala 3 - DECIN/CCSA";"2014";"1";"2014-01-27";"2014-06-14";"";"";"1";"ENSINO INDIVIDUAL";"f";"2014-06-18 12:26:32.001";"f";"";"0";"CONSOLIDADA";"";"Presencial";
"1227100";"01";"";"97293469";"";"53453";"LATO SENSU";"";"AUDITÓRIO DO DEPARTAMENTO DE FISIOTERAPIA";"2014";"1";"2014-02-14";"2014-02-16";"17M2345  7T23456  6N2345 (14/02/2014 - 16/02/2014)";"";"43";"REGULAR";"f";"2014-08-18 17:03:39.463";"f";"";"0";"CONSOLIDADA";"";"Presencial";
"1227101";"IND";"5753545";"";"";"46649";"GRADUAÇÃO";"";"SETOR DE AULAS IV";"2014";"1";"2014-01-27";"2014-06-14";"";"";"2";"ENSINO INDIVIDUAL";"f";"2014-06-10 19:44:40.865";"f";"";"50";"CONSOLIDADA";"";"Presencial";
"1227102";"IND";"5752629";"";"";"23478";"GRADUAÇÃO";"Campus Central";"CCET SALA 55";"2014";"1";"2014-01-27";"2014-06-14";"";"";"1";"ENSINO INDIVIDUAL";"f";"2014-06-26 20:49:22.322";"f";"";"48";"CONSOLIDADA";"";"Presencial";
"1227103";"IND";"24350";"";"";"21174";"GRADUAÇÃO";"Campus Central";"a definir";"2014";"1";"2014-01-27";"2014-06-14";"";"";"4";"ENSINO INDIVIDUAL";"f";"2014-06-17 07:12:11.73";"f";"";"0";"CONSOLIDADA";"";"Presencial";
"1227104";"IND";"5752222";"";"";"2036252";"GRADUAÇÃO";"Campus Macaíba";"Setor de Graduação - EAJ";"2014";"1";"2014-01-27";"2014-06-14";"";"";"1";"ENSINO INDIVIDUAL";"f";"2014-06-18 08:31:09.208";"f";"";"0";"CONSOLIDADA";"";"Presencial";
"1227105";"01";"5752506";"";"";"41196";"STRICTO SENSU";"";"Sala Azul";"2014";"1";"2014-03-27";"2014-05-22";"5M2345 (27/03/2014 - 22/05/2014)";"4";"7";"REGULAR";"f";"2014-06-13 23:02:18.011";"f";"";"28";"CONSOLIDADA";"";"Presencial";
"1227106";"06";"19101";"";"";"2021350";"GRADUAÇÃO";"Campus Central";"Sala S";"2014";"1";"2014-01-27";"2014-06-14";"6M56";"2";"6";"REGULAR";"f";"2014-06-18 12:45:15.723";"f";"";"36";"CONSOLIDADA";"";"Presencial";
"1227125";"IND";"5755973";"";"";"43038";"GRADUAÇÃO";"Campus Caicó";"sala do professor";"2014";"1";"2014-01-27";"2014-06-14";"";"";"2";"ENSINO INDIVIDUAL";"f";"2014-06-12 23:45:38.121";"f";"";"12";"CONSOLIDADA";"";"Presencial";
"1227126";"IND";"5753244";"";"";"43044";"GRADUAÇÃO";"Campus Caicó";"sala do professor";"2014";"1";"2014-01-27";"2014-06-14";"";"";"1";"ENSINO INDIVIDUAL";"f";"2014-06-11 16:26:06.411";"f";"";"76";"CONSOLIDADA";"";"Presencial";
"1227127";"IND";"5756598";"";"";"43014";"GRADUAÇÃO";"Campus Caicó";"sala do professor";"2014";"1";"2014-01-27";"2014-06-14";"";"";"1";"ENSINO INDIVIDUAL";"f";"2014-06-08 13:15:01.399";"f";"";"26";"CONSOLIDADA";"";"Presencial";
"1227128";"IND";"5752555";"";"";"43077";"GRADUAÇÃO";"Campus Caicó";"Labordoc";"2014";"1";"2014-01-27";"2014-06-14";"";"";"1";"ENSINO INDIVIDUAL";"f";"2014-06-05 14:30:03.336";"f";"";"0";"CONSOLIDADA";"";"Presencial";
"1227129";"IND";"5752752";"";"";"26886";"GRADUAÇÃO";"Campus Caicó";"Gabinete do professor";"2014";"1";"2014-01-27";"2014-06-14";"";"";"1";"ENSINO INDIVIDUAL";"f";"2014-06-11 18:53:26.681";"f";"";"92";"CONSOLIDADA";"";"Presencial";
"1227130";"IND";"5756402";"";"";"43089";"GRADUAÇÃO";"Campus Caicó";"sala do professor";"2014";"1";"2014-01-27";"2014-06-14";"";"";"1";"ENSINO INDIVIDUAL";"f";"2014-06-18 14:05:47.411";"f";"";"0";"CONSOLIDADA";"";"Presencial";
"1227131";"IND";"5755973";"";"";"43096";"GRADUAÇÃO";"Campus Caicó";"sala do professor";"2014";"1";"2014-01-27";"2014-06-14";"";"";"1";"ENSINO INDIVIDUAL";"f";"";"f";"";"";"INTERROMPIDA";"";"Presencial";
"1227132";"IND";"5755580";"";"";"51772";"GRADUAÇÃO";"Campus Caicó";"sala do professor";"2014";"1";"2014-01-27";"2014-06-14";"";"";"1";"ENSINO INDIVIDUAL";"f";"";"f";"";"";"EXCLUÍDA";"";"Presencial";
"1227133";"08";"5752989";"";"";"38433";"STRICTO SENSU";"";"A Definir";"2014";"1";"2014-02-03";"2014-06-14";"7M3";"1";"1";"REGULAR";"f";"2014-06-09 20:21:36.937";"f";"";"16";"CONSOLIDADA";"";"Presencial";
"1227134";"09";"2289732";"";"AULAS MINISTRADAS NO CAMPI CAICÓ";"47323";"FORMAÇÃO COMPLEMENTAR";"";"CAICÓ";"2014";"1";"2014-02-10";"2014-06-14";"3M2345";"";"20";"REGULAR";"f";"2014-07-16 17:07:37.4";"f";"";"64";"CONSOLIDADA";"";"Presencial";
"1227135";"10";"2289732";"";"TURMA OFERECIDA NO CAMPI CURRAIS NOVOS";"47323";"FORMAÇÃO COMPLEMENTAR";"";"CURRAIS NOVOS";"2014";"1";"2014-02-10";"2014-06-14";"2T2345";"";"20";"REGULAR";"f";"2014-06-20 16:45:35.881";"f";"";"64";"CONSOLIDADA";"";"Presencial";
"1227136";"11";"2289732";"";"TURMA OFERECIDA NO CAMPI SANTA CRUZ";"47323";"FORMAÇÃO COMPLEMENTAR";"";"SANTA CRUZ";"2014";"1";"2014-02-10";"2014-06-14";"2N1234";"";"20";"REGULAR";"f";"2014-06-19 15:03:18.439";"f";"";"64";"CONSOLIDADA";"";"Presencial";
"1227137";"06";"2289732";"";"AULAS MINISTRADAS NO CAMPI CURRAIS NOVOS";"47324";"FORMAÇÃO COMPLEMENTAR";"";"CURRAIS NOVOS";"2014";"1";"2014-02-10";"2014-06-14";"3T2345";"";"20";"REGULAR";"f";"2014-06-21 14:17:28.811";"f";"";"68";"CONSOLIDADA";"";"Presencial";
"1227138";"07";"2289732";"";"AULAS MINISTRADAS NO CAMPI CURRAIS NOVOS";"47324";"FORMAÇÃO COMPLEMENTAR";"";"CURRAIS NOVOS";"2014";"1";"2014-02-10";"2014-06-14";"3M2345";"";"20";"REGULAR";"f";"2014-07-08 11:45:42.678";"f";"";"48";"CONSOLIDADA";"";"Presencial";
"1227139";"08";"2289732";"";"AULAS MINISTRADAS NO CAMPI SANTA CRUZ";"47324";"FORMAÇÃO COMPLEMENTAR";"";"SANTA CRUZ";"2014";"1";"2014-02-10";"2014-06-14";"4N1234";"";"20";"REGULAR";"f";"2014-06-19 15:14:42.25";"f";"";"68";"CONSOLIDADA";"";"Presencial";
"1227141";"IND";"5755477";"";"";"2040302";"GRADUAÇÃO";"Campus Central";"Sala da professora";"2014";"1";"2014-01-27";"2014-06-14";"";"";"2";"ENSINO INDIVIDUAL";"f";"2014-06-11 14:36:46.321";"f";"";"95";"CONSOLIDADA";"";"Presencial";
"1227141";"IND";"18681";"";"";"2040302";"GRADUAÇÃO";"Campus Central";"Sala da professora";"2014";"1";"2014-01-27";"2014-06-14";"";"";"2";"ENSINO INDIVIDUAL";"f";"2014-06-11 14:36:46.321";"f";"";"95";"CONSOLIDADA";"";"Presencial";
"1227142";"IND";"19045";"";"";"2040172";"GRADUAÇÃO";"";"Sala da professora";"2014";"1";"2014-01-27";"2014-06-14";"";"";"1";"ENSINO INDIVIDUAL";"f";"2014-06-19 18:36:08.135";"f";"";"0";"CONSOLIDADA";"";"Presencial";
"1227143";"05";"2289732";"";"AULAS MINISTRADAS NO CAMPI CURRAIS NOVOS";"47325";"FORMAÇÃO COMPLEMENTAR";"";"CURRAIS NOVOS";"2014";"1";"2014-02-10";"2014-06-14";"2M3456";"";"20";"REGULAR";"f";"2014-06-21 14:25:22.859";"f";"";"56";"CONSOLIDADA";"";"Presencial";
"1227144";"04";"2289732";"";"AULAS MINISTRADAS NO CAMPI CURRAIS NOVOS";"47326";"FORMAÇÃO COMPLEMENTAR";"";"CURRAIS NOVOS";"2014";"1";"2014-02-10";"2014-06-14";"4M3456";"";"20";"REGULAR";"f";"2014-06-19 14:30:48.465";"f";"";"64";"CONSOLIDADA";"";"Presencial";
"1227145";"02";"5752989";"";"TECNOLOGIA DE PLASMA";"44389";"STRICTO SENSU";"";"A Definir";"2014";"1";"2014-02-03";"2014-06-14";"35N34";"0";"1";"REGULAR";"f";"";"f";"";"";"EXCLUÍDA";"";"Presencial";
"1227154";"01";"2297576";"";"";"43660";"STRICTO SENSU";"";"A definir";"2014";"1";"2014-06-02";"2014-06-07";"234567T123456 (02/06/2014 - 07/06/2014)";"";"10";"REGULAR";"f";"";"f";"";"";"EXCLUÍDA";"";"Presencial";
"1227156";"01";"5753659";"";"";"2055058";"GRADUAÇÃO";"";"labii";"2014";"1";"2014-01-27";"2014-06-14";"3N12 (27/01/2014 - 14/06/2014)";"";"5";"REGULAR";"f";"2014-06-15 18:47:30.657";"f";"";"36";"CONSOLIDADA";"";"Presencial";
"1227157";"IND";"5752661";"";"";"22940";"GRADUAÇÃO";"";"labii";"2014";"1";"2014-01-27";"2014-06-14";"";"";"4";"ENSINO INDIVIDUAL";"f";"2014-06-18 22:10:46.463";"f";"";"0";"CONSOLIDADA";"";"Presencial";
"1227158";"01";"5752267";"";"";"43660";"STRICTO SENSU";"";"Auditório do Museu de Ciências Morfológicas - CB";"2014";"1";"2014-06-02";"2014-06-06";"23456T123456";"7";"7";"REGULAR";"f";"2014-10-07 15:35:50.299";"f";"";"30";"CONSOLIDADA";"";"Presencial";
"1227159";"02";"2297576";"";"";"43660";"STRICTO SENSU";"";"Auditório do Museu de Ciências Morfológicas - CB";"2014";"1";"2014-06-02";"2014-06-06";"23456T123456";"6";"6";"REGULAR";"f";"2014-11-04 16:55:57.745";"f";"";"0";"CONSOLIDADA";"";"Presencial";
"1227166";"IND";"5752570";"";"";"25661";"GRADUAÇÃO";"Campus Central";"Sala 306 - CCHLA";"2014";"1";"2014-01-27";"2014-06-14";"";"";"2";"ENSINO INDIVIDUAL";"f";"2014-06-20 10:46:31.652";"f";"";"81";"CONSOLIDADA";"";"Presencial";
"1227167";"IND";"5752570";"";"";"23227";"GRADUAÇÃO";"Campus Central";"Sala 306 - CCHLA";"2014";"1";"2014-01-27";"2014-06-14";"";"";"1";"ENSINO INDIVIDUAL";"f";"2014-06-20 21:59:38.275";"f";"";"106";"CONSOLIDADA";"";"Presencial";
"1227168";"IND";"18411";"";"";"25003";"GRADUAÇÃO";"Campus Central";"DEF";"2014";"1";"2014-01-27";"2014-06-14";"24N12";"";"3";"ENSINO INDIVIDUAL";"f";"2014-06-12 22:54:26.357";"f";"";"66";"CONSOLIDADA";"";"Presencial";
"1227168";"IND";"5756353";"";"";"25003";"GRADUAÇÃO";"Campus Central";"DEF";"2014";"1";"2014-01-27";"2014-06-14";"24N12";"";"3";"ENSINO INDIVIDUAL";"f";"2014-06-12 22:54:26.357";"f";"";"66";"CONSOLIDADA";"";"Presencial";
"1227169";"IND";"5751769";"";"";"2036859";"GRADUAÇÃO";"Campus Central";"A DEFINIR";"2014";"1";"2014-01-27";"2014-06-14";"";"";"1";"ENSINO INDIVIDUAL";"f";"2014-06-17 22:53:10.092";"f";"";"0";"CONSOLIDADA";"";"Presencial";
"1227171";"IND";"5756040";"";"";"51355";"GRADUAÇÃO";"Campus Caicó";"Gabinete dos Professores";"2014";"1";"2014-01-27";"2014-06-14";"";"";"1";"ENSINO INDIVIDUAL";"f";"2014-06-14 22:08:02.268";"f";"";"16";"CONSOLIDADA";"";"Presencial";
"1227172";"IND";"5752600";"";"";"2047928";"GRADUAÇÃO";"";"Gabinete dos Professores";"2014";"1";"2014-01-27";"2014-06-14";"";"";"1";"ENSINO INDIVIDUAL";"f";"2014-06-09 21:03:50.638";"f";"";"0";"CONSOLIDADA";"";"Presencial";
"1227173";"01";"5753098";"";"";"41163";"STRICTO SENSU";"";"sala de aula";"2014";"1";"2014-02-13";"2014-06-13";"6M12";"2";"2";"REGULAR";"f";"2014-06-12 13:11:47.797";"f";"";"0";"CONSOLIDADA";"";"Presencial";
"1227174";"IND";"5756432";"";"";"23605";"GRADUAÇÃO";"Campus Central";"SALA 66 PROF. ANA PAULA";"2014";"1";"2014-01-27";"2014-06-14";"";"";"1";"ENSINO INDIVIDUAL";"f";"2014-06-19 08:27:37.478";"f";"";"0";"CONSOLIDADA";"";"Presencial";
"1227175";"IND";"5756629";"";"";"48651";"GRADUAÇÃO";"";"Setor IV";"2014";"1";"2014-01-27";"2014-06-14";"";"";"2";"ENSINO INDIVIDUAL";"f";"2014-06-22 00:10:55.478";"f";"";"0";"CONSOLIDADA";"";"Presencial";
"1227176";"IND";"5753386";"";"";"48652";"GRADUAÇÃO";"";"Setor IV";"2014";"1";"2014-01-27";"2014-06-14";"";"";"1";"ENSINO INDIVIDUAL";"f";"2014-06-11 18:46:01.687";"f";"";"68";"CONSOLIDADA";"";"Presencial";
"1227177";"IND";"23749";"";"";"41696";"GRADUAÇÃO";"Campus Central";"Sala Coordenação";"2014";"1";"2014-01-27";"2014-06-14";"";"";"1";"ENSINO INDIVIDUAL";"f";"2014-06-12 21:05:12.332";"f";"";"62";"CONSOLIDADA";"";"Presencial";
"1227178";"IND";"23828";"";"";"43194";"GRADUAÇÃO";"Campus Central";"SALA 918 - PROFA. JULIE CAVIGNAC";"2014";"1";"2014-01-27";"2014-06-14";"";"";"3";"ENSINO INDIVIDUAL";"f";"2014-07-09 09:20:43.783";"f";"";"10";"CONSOLIDADA";"";"Presencial";
"1227179";"02";"5752182";"";"";"42248";"STRICTO SENSU";"";"Instituto do Cérebro";"2014";"1";"2014-03-22";"2014-05-24";"7M456 (22/03/2014 - 24/05/2014)";"2";"2";"REGULAR";"f";"2014-06-27 11:00:04.433";"f";"";"30";"CONSOLIDADA";"";"Presencial";
"1227180";"01";"21599";"";"";"50402";"LATO SENSU";"";"D4 - Setor V";"2014";"1";"2014-02-14";"2014-03-08";"7M2345  6T23456 7T1  6N1 (14/02/2014 - 08/03/2014)";"";"36";"REGULAR";"f";"2014-05-11 22:25:03.055";"f";"";"28";"CONSOLIDADA";"";"Presencial";
"1227181";"IND";"23110";"";"";"41695";"GRADUAÇÃO";"Campus Central";"DEPEC 03";"2014";"1";"2014-01-27";"2014-06-14";"";"";"1";"ENSINO INDIVIDUAL";"f";"2014-06-20 08:12:13.346";"f";"";"24";"CONSOLIDADA";"";"Presencial";
"1227183";"IND";"5756320";"";"";"43149";"GRADUAÇÃO";"Campus Caicó";"A definir";"2014";"1";"2014-01-27";"2014-06-14";"";"";"1";"ENSINO INDIVIDUAL";"f";"2014-06-05 09:19:05.286";"f";"";"42";"CONSOLIDADA";"";"Presencial";
"1227184";"IND";"3029983";"";"";"43151";"GRADUAÇÃO";"Campus Caicó";"LEG";"2014";"1";"2014-01-27";"2014-06-14";"";"";"1";"ENSINO INDIVIDUAL";"f";"2014-06-11 10:00:07.134";"f";"";"68";"CONSOLIDADA";"";"Presencial";
"1227185";"IND";"16940";"";"";"43157";"GRADUAÇÃO";"Campus Caicó";"A definir";"2014";"1";"2014-01-27";"2014-06-14";"";"";"3";"ENSINO INDIVIDUAL";"f";"2014-06-07 10:32:28.306";"f";"";"0";"CONSOLIDADA";"";"Presencial";
"1227185";"IND";"5756333";"";"";"43157";"GRADUAÇÃO";"Campus Caicó";"A definir";"2014";"1";"2014-01-27";"2014-06-14";"";"";"3";"ENSINO INDIVIDUAL";"f";"2014-06-07 10:32:28.306";"f";"";"0";"CONSOLIDADA";"";"Presencial";
"1227186";"IND";"5755600";"";"";"48191";"GRADUAÇÃO";"Campus Caicó";"A definir";"2014";"1";"2014-01-27";"2014-06-14";"";"";"1";"ENSINO INDIVIDUAL";"f";"2014-06-08 13:08:56.735";"f";"";"0";"CONSOLIDADA";"";"Presencial";
"1227187";"IND";"";"102370754";"";"2041800";"GRADUAÇÃO";"";"1° ANDAR CCHLA - SALA 908";"2014";"1";"2014-01-27";"2014-06-14";"";"";"1";"ENSINO INDIVIDUAL";"f";"2014-06-25 09:10:11.792";"f";"";"28";"CONSOLIDADA";"";"Presencial";
"1227188";"IND";"5752988";"";"";"46451";"GRADUAÇÃO";"Campus Central";"Setor IV";"2014";"1";"2014-01-27";"2014-06-14";"";"";"2";"ENSINO INDIVIDUAL";"f";"2014-06-11 09:44:23.067";"f";"";"0";"CONSOLIDADA";"";"Presencial";
"1227189";"09";"18202";"";"";"38433";"STRICTO SENSU";"";"A Definir";"2014";"1";"2014-02-03";"2014-06-14";"7M3";"2";"2";"REGULAR";"f";"2014-06-04 15:52:49.051";"f";"";"17";"CONSOLIDADA";"";"Presencial";
"1227190";"04";"18202";"";"";"2053804";"STRICTO SENSU";"";"A Definir";"2014";"1";"2014-02-03";"2014-06-14";"7M4";"";"2";"REGULAR";"f";"";"f";"";"";"EXCLUÍDA";"";"Presencial";
"1227191";"04";"5751841";"";"";"2056219";"STRICTO SENSU";"";"A definir";"2014";"1";"2014-01-16";"2014-06-14";"7M56";"";"1";"REGULAR";"f";"";"f";"";"";"EXCLUÍDA";"";"Presencial";
"1227192";"06";"5751841";"";"";"2056216";"STRICTO SENSU";"";"A definir";"2014";"1";"2014-01-16";"2014-06-14";"7M34";"3";"3";"REGULAR";"f";"2014-06-07 12:30:34.82";"f";"";"38";"CONSOLIDADA";"";"Presencial";
"1227193";"01";"";"85542968";"";"55568";"STRICTO SENSU";"";"NATAL - JOÃO PESSOA";"2014";"1";"2014-03-10";"2014-06-30";"4T234";"";"50";"REGULAR";"f";"";"f";"";"";"ABERTA";"";"Presencial";
"1227194";"IND";"5752382";"";"";"2037053";"GRADUAÇÃO";"Campus Caicó";"LABICAN";"2014";"1";"2014-01-27";"2014-06-14";"";"";"1";"ENSINO INDIVIDUAL";"f";"2014-06-20 15:38:50.766";"f";"";"0";"CONSOLIDADA";"";"Presencial";
"1227195";"17";"5753753";"";"";"2021152";"GRADUAÇÃO";"Campus Central";"Sala 04";"2014";"1";"2014-01-27";"2014-06-14";"2T12";"";"1";"REGULAR";"f";"2014-06-10 12:07:33.796";"f";"";"36";"CONSOLIDADA";"";"Presencial";
"1227196";"01";"";"99568280";"";"38936";"STRICTO SENSU";"";"Laboratório do Ciscpet";"2014";"1";"2014-02-24";"2014-06-12";"4M23456 (24/02/2014 - 12/06/2014)";"";"15";"REGULAR";"f";"";"f";"";"";"EXCLUÍDA";"";"Presencial";
"1227198";"01A";"5753682";"";"";"48282";"GRADUAÇÃO";"Campus Santa Cruz";"Santa Cruz";"2014";"1";"2014-01-27";"2014-06-14";"";"";"1";"ENSINO INDIVIDUAL";"f";"2014-06-09 15:45:11.555";"f";"1227197";"0";"CONSOLIDADA";"";"Presencial";
"1227198";"01A";"5755551";"";"";"48282";"GRADUAÇÃO";"Campus Santa Cruz";"Santa Cruz";"2014";"1";"2014-01-27";"2014-06-14";"";"";"1";"ENSINO INDIVIDUAL";"f";"2014-06-09 15:45:11.555";"f";"1227197";"0";"CONSOLIDADA";"";"Presencial";
"1227198";"01A";"5755589";"";"";"48282";"GRADUAÇÃO";"Campus Santa Cruz";"Santa Cruz";"2014";"1";"2014-01-27";"2014-06-14";"";"";"1";"ENSINO INDIVIDUAL";"f";"2014-06-09 15:45:11.555";"f";"1227197";"0";"CONSOLIDADA";"";"Presencial";
"1227198";"01A";"5756198";"";"";"48282";"GRADUAÇÃO";"Campus Santa Cruz";"Santa Cruz";"2014";"1";"2014-01-27";"2014-06-14";"";"";"1";"ENSINO INDIVIDUAL";"f";"2014-06-09 15:45:11.555";"f";"1227197";"0";"CONSOLIDADA";"";"Presencial";
"1227199";"IND";"5756384";"";"";"20904";"GRADUAÇÃO";"Campus Central";"SALA 906 - 1º ANDAR DO CCHLA";"2014";"1";"2014-01-27";"2014-06-14";"";"";"1";"ENSINO INDIVIDUAL";"f";"2014-06-11 01:56:09.19";"f";"";"63";"CONSOLIDADA";"";"Presencial";
"1227200";"IND";"24350";"";"";"21120";"GRADUAÇÃO";"Campus Central";"a definir";"2014";"1";"2014-01-27";"2014-06-14";"";"";"1";"ENSINO INDIVIDUAL";"f";"2014-06-17 07:13:11.956";"f";"";"0";"CONSOLIDADA";"";"Presencial";
"1227201";"IND";"5755903";"";"";"2048124";"GRADUAÇÃO";"Campus Caicó";"Sala de video";"2014";"1";"2014-01-27";"2014-06-14";"";"";"1";"ENSINO INDIVIDUAL";"f";"2014-06-17 23:43:07.089";"f";"";"26";"CONSOLIDADA";"";"Presencial";
"1227202";"IND";"20832";"";"";"22114";"GRADUAÇÃO";"Campus Central";"UFRN";"2014";"1";"2014-01-27";"2014-06-14";"";"";"1";"ENSINO INDIVIDUAL";"f";"2014-06-18 09:23:30.519";"f";"";"0";"CONSOLIDADA";"";"Presencial";
"1227204";"01A";"5755270";"";"";"48272";"GRADUAÇÃO";"Campus Santa Cruz";"FACISA";"2014";"1";"2014-01-27";"2014-06-14";"";"";"2";"ENSINO INDIVIDUAL";"f";"2014-06-16 14:53:18.763";"f";"1227203";"48";"CONSOLIDADA";"";"Presencial";
"1227205";"IND";"5756325";"";"";"23474";"GRADUAÇÃO";"Campus Central";"SALA 48 B PRÉDIO DO CCET";"2014";"1";"2014-01-27";"2014-06-14";"";"";"1";"ENSINO INDIVIDUAL";"f";"2014-05-28 07:13:50.947";"f";"";"112";"CONSOLIDADA";"";"Presencial";
"1227206";"IND";"5752980";"";"";"22443";"GRADUAÇÃO";"Campus Central";"a definir";"2014";"1";"2014-01-27";"2014-06-14";"";"";"1";"ENSINO INDIVIDUAL";"f";"2014-06-14 11:19:56.47";"f";"";"0";"CONSOLIDADA";"";"Presencial";
"1227207";"IND";"21874";"";"";"25458";"GRADUAÇÃO";"Campus Central";"a definir";"2014";"1";"2014-01-27";"2014-06-14";"";"";"1";"ENSINO INDIVIDUAL";"f";"2014-06-11 19:25:30.295";"f";"";"0";"CONSOLIDADA";"";"Presencial";
"1227208";"IND";"18112";"";"";"22453";"GRADUAÇÃO";"Campus Central";"a definir";"2014";"1";"2014-01-27";"2014-06-14";"";"";"1";"ENSINO INDIVIDUAL";"f";"2014-06-03 16:31:59.435";"f";"";"0";"CONSOLIDADA";"";"Presencial";
"1227209";"IND";"18544";"";"";"22477";"GRADUAÇÃO";"Campus Central";"a definir";"2014";"1";"2014-01-27";"2014-06-14";"";"";"1";"ENSINO INDIVIDUAL";"f";"2014-06-09 09:10:55.319";"f";"";"0";"CONSOLIDADA";"";"Presencial";
"1227210";"IND";"5753882";"";"";"22457";"GRADUAÇÃO";"Campus Central";"a definir";"2014";"1";"2014-01-27";"2014-06-14";"";"";"2";"ENSINO INDIVIDUAL";"f";"2014-06-18 16:31:16.37";"f";"";"0";"CONSOLIDADA";"";"Presencial";
"1227211";"IND";"21874";"";"";"25460";"GRADUAÇÃO";"Campus Central";"a definir";"2014";"1";"2014-01-27";"2014-06-14";"";"";"2";"ENSINO INDIVIDUAL";"f";"2014-06-16 11:44:42.719";"f";"";"0";"CONSOLIDADA";"";"Presencial";
"1227211";"IND";"22708";"";"";"25460";"GRADUAÇÃO";"Campus Central";"a definir";"2014";"1";"2014-01-27";"2014-06-14";"";"";"2";"ENSINO INDIVIDUAL";"f";"2014-06-16 11:44:42.719";"f";"";"0";"CONSOLIDADA";"";"Presencial";
"1227212";"IND";"18046";"";"";"22446";"GRADUAÇÃO";"Campus Central";"a definir";"2014";"1";"2014-01-27";"2014-06-14";"";"";"3";"ENSINO INDIVIDUAL";"f";"2014-06-21 17:33:09.711";"f";"";"73";"CONSOLIDADA";"";"Presencial";
"1227213";"IND";"5756384";"";"";"25631";"GRADUAÇÃO";"Campus Central";"1º ANDAR DO CCHLA - SALA 906";"2014";"1";"2014-01-27";"2014-06-14";"";"";"1";"ENSINO INDIVIDUAL";"f";"2014-06-09 19:00:40.331";"f";"";"70";"CONSOLIDADA";"";"Presencial";
"1227214";"IND";"22706";"";"";"25810";"GRADUAÇÃO";"Campus Central";"A DEFINIR";"2014";"1";"2014-01-27";"2014-06-14";"";"";"2";"ENSINO INDIVIDUAL";"f";"2014-06-09 14:42:03.19";"f";"";"80";"CONSOLIDADA";"";"Presencial";
"1227215";"IND";"26479";"";"";"26441";"GRADUAÇÃO";"Campus Currais Novos";"DCSH - Campus de Currais Novos";"2014";"1";"2014-01-27";"2014-06-14";"";"";"1";"ENSINO INDIVIDUAL";"f";"2014-06-12 22:11:46.377";"f";"";"72";"CONSOLIDADA";"";"Presencial";
"1227216";"IND";"5756331";"";"";"26444";"GRADUAÇÃO";"Campus Currais Novos";"DCSH - Campus de Currais Novos";"2014";"1";"2014-01-27";"2014-06-14";"";"";"1";"ENSINO INDIVIDUAL";"f";"2014-06-05 19:37:07.085";"f";"";"0";"CONSOLIDADA";"";"Presencial";
"1227217";"IND";"5753811";"";"";"26449";"GRADUAÇÃO";"Campus Currais Novos";"DCSH - Campus de Currais Novos";"2014";"1";"2014-01-27";"2014-06-14";"";"";"1";"ENSINO INDIVIDUAL";"f";"2014-06-13 13:38:13.995";"f";"";"70";"CONSOLIDADA";"";"Presencial";
"1227218";"IND";"26012";"";"";"21792";"GRADUAÇÃO";"Campus Central";"LCC";"2014";"1";"2014-01-27";"2014-06-14";"";"";"1";"ENSINO INDIVIDUAL";"f";"2014-06-21 23:13:01.695";"f";"";"0";"CONSOLIDADA";"";"Presencial";
"1227219";"IND";"5756440";"";"";"26453";"GRADUAÇÃO";"Campus Currais Novos";"DCSH - Campus de Currais Novos";"2014";"1";"2014-01-27";"2014-06-14";"";"";"1";"ENSINO INDIVIDUAL";"f";"2014-06-26 23:53:06.514";"f";"";"5";"CONSOLIDADA";"";"Presencial";
"1227220";"IND";"20792";"";"";"26452";"GRADUAÇÃO";"Campus Currais Novos";"DCSH - Campus de Currais Novos";"2014";"1";"2014-01-27";"2014-06-14";"";"";"3";"ENSINO INDIVIDUAL";"f";"2014-06-18 16:00:01.665";"f";"";"78";"CONSOLIDADA";"";"Presencial";
"1227220";"IND";"5756707";"";"";"26452";"GRADUAÇÃO";"Campus Currais Novos";"DCSH - Campus de Currais Novos";"2014";"1";"2014-01-27";"2014-06-14";"";"";"3";"ENSINO INDIVIDUAL";"f";"2014-06-18 16:00:01.665";"f";"";"78";"CONSOLIDADA";"";"Presencial";
"1227221";"IND";"5756440";"";"";"26454";"GRADUAÇÃO";"Campus Currais Novos";"DCSH - Campus de Currais Novos";"2014";"1";"2014-01-27";"2014-06-14";"";"";"2";"ENSINO INDIVIDUAL";"f";"2014-06-26 22:24:29.768";"f";"";"2";"CONSOLIDADA";"";"Presencial";
"1227222";"IND";"5755268";"";"";"26456";"GRADUAÇÃO";"Campus Currais Novos";"DCSH - Campus de Currais Novos";"2014";"1";"2014-01-27";"2014-06-14";"";"";"1";"ENSINO INDIVIDUAL";"f";"2014-06-09 21:19:16.97";"f";"";"6";"CONSOLIDADA";"";"Presencial";
"1227223";"IND";"5752040";"";"";"26457";"GRADUAÇÃO";"Campus Currais Novos";"DCSH - Campus de Currais Novos";"2014";"1";"2014-01-27";"2014-06-14";"";"";"1";"ENSINO INDIVIDUAL";"f";"2014-06-13 16:41:44.372";"f";"";"54";"CONSOLIDADA";"";"Presencial";
"1227224";"IND";"5752040";"";"";"26459";"GRADUAÇÃO";"Campus Currais Novos";"DCSH - Campus de Currais Novos";"2014";"1";"2014-01-27";"2014-06-14";"";"";"1";"ENSINO INDIVIDUAL";"f";"2014-06-13 16:36:43.513";"f";"";"52";"CONSOLIDADA";"";"Presencial";
"1227225";"IND";"5755268";"";"";"20824";"GRADUAÇÃO";"Campus Currais Novos";"DCSH - Campus de Currais Novos";"2014";"1";"2014-01-27";"2014-06-14";"";"";"1";"ENSINO INDIVIDUAL";"f";"2014-06-09 21:07:17.894";"f";"";"47";"CONSOLIDADA";"";"Presencial";
"1227226";"IND";"24415";"";"";"20692";"GRADUAÇÃO";"Campus Currais Novos";"DCSH - Campus de Currais Novos";"2014";"1";"2014-01-27";"2014-06-14";"";"";"1";"ENSINO INDIVIDUAL";"f";"2014-06-18 21:04:18.856";"f";"";"62";"CONSOLIDADA";"";"Presencial";
"1227227";"01";"";"97472038";"";"37983";"STRICTO SENSU";"";"Sala de Seminários II";"2014";"1";"2014-03-06";"2014-06-24";"35M23";"0";"20";"REGULAR";"f";"";"f";"";"";"EXCLUÍDA";"";"Presencial";
"1227228";"02";"24225";"";"";"49099";"STRICTO SENSU";"";"A definir";"2014";"1";"2014-02-24";"2014-06-14";"3T234";"1";"1";"REGULAR";"f";"2014-07-15 11:27:12.813";"f";"";"42";"CONSOLIDADA";"";"Presencial";
"1227229";"IND";"5751985";"";"";"21590";"GRADUAÇÃO";"Campus Central";"A DEFINIR";"2014";"1";"2014-01-27";"2014-06-14";"";"";"1";"ENSINO INDIVIDUAL";"f";"2014-06-13 16:51:02.297";"f";"";"56";"CONSOLIDADA";"";"Presencial";
"1227230";"IND";"3029296";"";"";"21554";"GRADUAÇÃO";"Campus Central";"A DEFINIR";"2014";"1";"2014-01-27";"2014-06-14";"";"";"1";"ENSINO INDIVIDUAL";"f";"2014-06-09 19:11:42.606";"f";"";"72";"CONSOLIDADA";"";"Presencial";
"1227231";"IND";"5752381";"";"";"20086";"GRADUAÇÃO";"Campus Currais Novos";"DCSH - Campus de Currais Novos";"2014";"1";"2014-01-27";"2014-06-14";"";"";"2";"ENSINO INDIVIDUAL";"f";"2014-06-02 18:08:03.468";"f";"";"0";"CONSOLIDADA";"";"Presencial";
"1227232";"IND";"5756380";"";"";"20766";"GRADUAÇÃO";"Campus Currais Novos";"DCSH - Campus de Currais Novos";"2014";"1";"2014-01-27";"2014-06-14";"";"";"1";"ENSINO INDIVIDUAL";"f";"2014-06-17 23:08:04.724";"f";"";"0";"CONSOLIDADA";"";"Presencial";
"1227233";"IND";"5756342";"";"";"20767";"GRADUAÇÃO";"Campus Currais Novos";"DCSH - Campus de Currais Novos";"2014";"1";"2014-01-27";"2014-06-14";"";"";"1";"ENSINO INDIVIDUAL";"f";"2014-06-15 11:35:09.921";"f";"";"0";"CONSOLIDADA";"";"Presencial";
"1227234";"IND";"5752389";"";"";"25325";"GRADUAÇÃO";"Campus Currais Novos";"DCSH - Campus de Currais Novos";"2014";"1";"2014-01-27";"2014-06-14";"";"";"1";"ENSINO INDIVIDUAL";"f";"2014-06-17 21:17:27.071";"f";"";"76";"CONSOLIDADA";"";"Presencial";
"1227235";"01";"23677";"";"";"49095";"STRICTO SENSU";"";"Sala SS1";"2014";"1";"2014-02-24";"2014-06-14";"5T23 (24/02/2014 - 14/06/2014)";"1";"1";"REGULAR";"f";"2014-06-25 22:58:03.547";"f";"";"0";"CONSOLIDADA";"";"Presencial";
"1227236";"IND";"5754352";"";"";"27440";"GRADUAÇÃO";"Campus Currais Novos";"DCSH - Campus de Currais Novos";"2014";"1";"2014-01-27";"2014-06-14";"";"";"1";"ENSINO INDIVIDUAL";"f";"2014-06-16 20:42:57.195";"f";"";"68";"CONSOLIDADA";"";"Presencial";
"1227237";"01";"23677";"";"";"2037650";"STRICTO SENSU";"";"Sala SS1 ou Sala Carl Peter von Dietrich";"2014";"1";"2014-04-09";"2014-05-23";"246M2345 (07/04/2014 - 09/05/2014)";"6";"15";"REGULAR";"f";"2014-08-14 10:29:35.555";"f";"";"52";"CONSOLIDADA";"";"Presencial";
"1227241";"10";"19191";"";"";"38433";"STRICTO SENSU";"";"A Definir";"2014";"1";"2014-02-03";"2014-06-14";"7M3";"2";"2";"REGULAR";"f";"2014-06-05 13:56:00.496";"f";"";"17";"CONSOLIDADA";"";"Presencial";
"1227242";"01";"23680";"";"";"43661";"STRICTO SENSU";"";"Auditório do Museu de Ciências Morfológicas - CB";"2014";"1";"2014-03-17";"2014-04-11";"2346T2345";"14";"14";"REGULAR";"f";"2014-07-29 18:15:30.958";"f";"";"16";"CONSOLIDADA";"";"Presencial";
"1227242";"01";"5751853";"";"";"43661";"STRICTO SENSU";"";"Auditório do Museu de Ciências Morfológicas - CB";"2014";"1";"2014-03-17";"2014-04-11";"2346T2345";"14";"14";"REGULAR";"f";"2014-07-29 18:15:30.958";"f";"";"16";"CONSOLIDADA";"";"Presencial";
"1227242";"01";"5755490";"";"";"43661";"STRICTO SENSU";"";"Auditório do Museu de Ciências Morfológicas - CB";"2014";"1";"2014-03-17";"2014-04-11";"2346T2345";"14";"14";"REGULAR";"f";"2014-07-29 18:15:30.958";"f";"";"16";"CONSOLIDADA";"";"Presencial";
"1227242";"01";"25442";"";"";"43661";"STRICTO SENSU";"";"Auditório do Museu de Ciências Morfológicas - CB";"2014";"1";"2014-03-17";"2014-04-11";"2346T2345";"14";"14";"REGULAR";"f";"2014-07-29 18:15:30.958";"f";"";"16";"CONSOLIDADA";"";"Presencial";
"1227243";"02";"23019";"";"";"49094";"STRICTO SENSU";"";"A definir";"2014";"1";"2014-02-24";"2014-06-14";"3T23 (24/02/2014 - 14/06/2014)";"2";"2";"REGULAR";"f";"2014-06-04 16:51:55.148";"f";"";"0";"CONSOLIDADA";"";"Presencial";
"1227244";"01";"23019";"";"";"49097";"STRICTO SENSU";"";"A definir";"2014";"1";"2014-02-24";"2014-06-14";"3T45 (24/02/2014 - 14/06/2014)";"5";"5";"REGULAR";"f";"2014-06-04 16:52:53.039";"f";"";"0";"CONSOLIDADA";"";"Presencial";
"1227245";"02";"5752164";"";"";"49093";"STRICTO SENSU";"";"A definir";"2014";"1";"2014-02-24";"2014-06-14";"3T23 (24/02/2014 - 14/06/2014)";"2";"3";"REGULAR";"f";"2014-06-04 10:22:59.506";"f";"";"28";"CONSOLIDADA";"";"Presencial";
"1227246";"01";"5753053";"";"";"43658";"STRICTO SENSU";"";"Auditório do Museu de Ciências Morfológicas - CB";"2014";"1";"2014-04-14";"2014-04-25";"3456M23456  2346T23456";"3";"3";"REGULAR";"f";"2014-05-06 14:21:10.292";"f";"";"60";"CONSOLIDADA";"";"Presencial";
"1227247";"02";"23677";"";"";"49095";"STRICTO SENSU";"";"A definir";"2014";"1";"2014-02-24";"2014-06-14";"2N12 (24/02/2014 - 14/06/2014)";"1";"1";"REGULAR";"f";"2014-06-25 22:58:54.19";"f";"";"0";"CONSOLIDADA";"";"Presencial";
"1227248";"02";"25449";"";"";"43658";"STRICTO SENSU";"";"Auditório do Museu de Ciências Morfológicas - CB";"2014";"1";"2014-04-14";"2014-04-25";"3456M23456  2346T23456";"3";"3";"REGULAR";"f";"2014-07-22 18:48:46.714";"f";"";"60";"CONSOLIDADA";"";"Presencial";
"1227249";"02";"22894";"";"";"37270";"STRICTO SENSU";"";"Sala Carl Peter von Dietrich";"2014";"1";"2014-03-24";"2014-06-09";"46M12 (24/03/2014 - 09/06/2014)";"1";"4";"REGULAR";"f";"2014-08-12 18:06:06.017";"f";"";"42";"CONSOLIDADA";"";"Presencial";
"1227250";"01";"22894";"";"";"37271";"STRICTO SENSU";"";"A definir";"2014";"1";"2014-03-25";"2014-05-29";"35M34 (25/03/2014 - 29/05/2014)";"2";"5";"REGULAR";"f";"2015-07-21 20:29:59.241";"f";"";"36";"CONSOLIDADA";"";"Presencial";
"1227251";"03";"5754273";"";"";"43658";"STRICTO SENSU";"";"Auditório do Museu de Ciências Morfológicas - CB";"2014";"1";"2014-04-14";"2014-04-25";"3456M23456  2346T23456";"3";"3";"REGULAR";"f";"2014-10-24 11:46:18.954";"f";"";"0";"CONSOLIDADA";"";"Presencial";
"1227252";"01";"5753053";"";"";"53522";"STRICTO SENSU";"";"Auditório do Museu de Ciências Morfológicas - CB";"2014";"1";"2014-05-05";"2014-05-16";"3456M2345  2346T2345 (05/05/2014 - 16/05/2014)";"2";"2";"REGULAR";"f";"2014-12-02 11:21:29.008";"f";"";"64";"CONSOLIDADA";"";"Presencial";
"1227253";"02";"25449";"";"";"53522";"STRICTO SENSU";"";"Auditório do Museu de Ciências Morfológicas - CB";"2014";"1";"2014-05-05";"2014-05-16";"3456M2345  2346T2345 (05/05/2014 - 16/05/2014)";"2";"2";"REGULAR";"f";"2014-06-16 11:44:18.94";"f";"";"64";"CONSOLIDADA";"";"Presencial";
"1227254";"03";"5754329";"";"";"53522";"STRICTO SENSU";"";"Auditório do Museu de Ciências Morfológicas - CB";"2014";"1";"2014-05-05";"2014-05-16";"3456M2345  2346T2345 (05/05/2014 - 16/05/2014)";"2";"2";"REGULAR";"f";"2014-06-21 11:34:16.698";"f";"";"0";"CONSOLIDADA";"";"Presencial";
"1227255";"03";"22894";"";"";"49093";"STRICTO SENSU";"";"A definir";"2014";"1";"2014-04-02";"2014-06-09";"6M34 (02/04/2014 - 09/06/2014)";"1";"3";"REGULAR";"f";"2014-08-12 22:38:54.294";"f";"";"18";"CONSOLIDADA";"";"Presencial";
"1227256";"01";"5753053";"";"";"43663";"STRICTO SENSU";"";"Auditório do Museu de Ciências Morfológicas - CB";"2014";"1";"2014-05-26";"2014-05-30";"3456M2345  2346T2345";"3";"3";"REGULAR";"f";"2014-10-27 11:29:20.129";"f";"";"32";"CONSOLIDADA";"";"Presencial";
"1227257";"07";"23014";"";"";"2021153";"GRADUAÇÃO";"Campus Central";"Sala 04";"2014";"1";"2014-01-27";"2014-06-14";"5T56";"";"1";"REGULAR";"f";"2014-06-11 20:47:21.534";"f";"";"34";"CONSOLIDADA";"";"Presencial";
"1227258";"01";"26013";"";"";"41265";"STRICTO SENSU";"";"Sala Carl Peter von Dietrich";"2014";"1";"2014-02-24";"2014-06-14";"3M1 (24/02/2014 - 14/06/2014)";"11";"10";"REGULAR";"f";"2014-08-08 19:14:41.754";"f";"";"15";"CONSOLIDADA";"";"Presencial";
"1227259";"03";"5752989";"";"TECNOLOGIA DE PLASMA";"44389";"STRICTO SENSU";"";"A Definir";"2014";"1";"2014-02-03";"2014-06-14";"26N12";"2";"1";"REGULAR";"f";"2014-06-09 21:04:25.969";"f";"";"64";"CONSOLIDADA";"";"Presencial";
"1227260";"01";"26013";"";"";"41267";"STRICTO SENSU";"";"Sala Carl Peter von Dietrich";"2014";"1";"2014-02-24";"2014-06-14";"5M1 (24/02/2014 - 14/06/2014)";"11";"15";"REGULAR";"f";"2014-06-11 10:05:14.973";"f";"";"10";"CONSOLIDADA";"";"Presencial";
"1227261";"03";"5753864";"";"Turma oferecida para o aluno Paulo Henrique Dantas Marinho.";"2043556";"STRICTO SENSU";"";"A definir.";"2014";"1";"2014-01-27";"2014-06-13";"6N34 (27/01/2014 - 13/06/2014)";"1";"1";"REGULAR";"f";"2014-06-06 21:58:46.436";"f";"";"36";"CONSOLIDADA";"";"Presencial";
"1227262";"02";"25449";"";"";"43663";"STRICTO SENSU";"";"Auditório do Museu de Ciências Morfológicas - CB";"2014";"1";"2014-05-26";"2014-05-30";"3456M2345  2346T2345";"3";"3";"REGULAR";"f";"2014-07-22 18:53:45.278";"f";"";"32";"CONSOLIDADA";"";"Presencial";
"1227263";"03";"5754329";"";"";"43663";"STRICTO SENSU";"";"Auditório do Museu de Ciências Morfológicas - CB";"2014";"1";"2014-05-26";"2014-05-30";"3456M2345  2346T2345";"3";"2";"REGULAR";"f";"2014-06-21 11:36:05.027";"f";"";"0";"CONSOLIDADA";"";"Presencial";
"1227264";"01";"22936";"";"Tape Casting";"55434";"STRICTO SENSU";"";"Laboratório Cerâmica";"2014";"1";"2014-02-14";"2014-02-28";"23M123 7M456  7T123  456N123 (14/02/2014 - 28/02/2014)";"";"10";"REGULAR";"f";"2014-04-30 07:54:56.944";"f";"";"45";"CONSOLIDADA";"";"Presencial";
"1227264";"01";"";"103091715";"Tape Casting";"55434";"STRICTO SENSU";"";"Laboratório Cerâmica";"2014";"1";"2014-02-14";"2014-02-28";"23M123 7M456  7T123  456N123 (14/02/2014 - 28/02/2014)";"";"10";"REGULAR";"f";"2014-04-30 07:54:56.944";"f";"";"45";"CONSOLIDADA";"";"Presencial";
"1227265";"IND";"64721";"";"";"2047950";"GRADUAÇÃO";"Campus Caicó";"Gabinete dos Professores";"2014";"1";"2014-01-27";"2014-06-14";"";"";"4";"ENSINO INDIVIDUAL";"f";"2014-06-16 09:01:32.359";"f";"";"0";"CONSOLIDADA";"";"Presencial";
"1227266";"IND";"64721";"";"";"51866";"GRADUAÇÃO";"Campus Caicó";"Gabinete dos Professores";"2014";"1";"2014-01-27";"2014-06-14";"";"";"1";"ENSINO INDIVIDUAL";"f";"2014-06-16 09:00:47.086";"f";"";"0";"CONSOLIDADA";"";"Presencial";
"1227267";"IND";"5753975";"";"";"51872";"GRADUAÇÃO";"Campus Caicó";"Gabinete dos Professores";"2014";"1";"2014-01-27";"2014-06-14";"";"";"1";"ENSINO INDIVIDUAL";"f";"2014-06-13 23:58:47.207";"f";"";"0";"CONSOLIDADA";"";"Presencial";
"1227268";"IND";"5753089";"";"";"2047910";"GRADUAÇÃO";"Campus Caicó";"Gabinete dos Professores";"2014";"1";"2014-01-27";"2014-06-14";"";"";"1";"ENSINO INDIVIDUAL";"f";"2014-06-14 15:23:48.003";"f";"";"66";"CONSOLIDADA";"";"Presencial";
"1227269";"IND";"25366";"";"";"2047911";"GRADUAÇÃO";"Campus Caicó";"Gabinete dos Professores";"2014";"1";"2014-01-27";"2014-06-14";"";"";"1";"ENSINO INDIVIDUAL";"f";"2014-06-11 06:49:04.7";"f";"";"0";"CONSOLIDADA";"";"Presencial";
"1227270";"IND";"5752615";"";"";"2047920";"GRADUAÇÃO";"Campus Caicó";"Gabinete dos Professores";"2014";"1";"2014-01-27";"2014-06-14";"";"";"2";"ENSINO INDIVIDUAL";"f";"2014-06-11 08:04:42.09";"f";"";"68";"CONSOLIDADA";"";"Presencial";
"1227271";"IND";"26208";"";"";"2047921";"GRADUAÇÃO";"Campus Caicó";"Gabinete dos Professores";"2014";"1";"2014-01-27";"2014-06-14";"";"";"1";"ENSINO INDIVIDUAL";"f";"2014-06-18 21:22:28.614";"f";"";"42";"CONSOLIDADA";"";"Presencial";
"1227272";"IND";"5756306";"";"";"2047925";"GRADUAÇÃO";"Campus Caicó";"Gabinete dos Professores";"2014";"1";"2014-01-27";"2014-06-14";"";"";"2";"ENSINO INDIVIDUAL";"f";"2014-06-13 09:56:07.324";"f";"";"75";"CONSOLIDADA";"";"Presencial";
"1227273";"IND";"5752600";"";"";"2047927";"GRADUAÇÃO";"Campus Caicó";"Gabinete dos Professores";"2014";"1";"2014-01-27";"2014-06-14";"";"";"3";"ENSINO INDIVIDUAL";"f";"2014-06-09 21:07:13.941";"f";"";"0";"CONSOLIDADA";"";"Presencial";
"1227274";"IND";"5752600";"";"";"2047929";"GRADUAÇÃO";"Campus Caicó";"Gabinete dos Professores";"2014";"1";"2014-01-27";"2014-06-14";"";"";"1";"ENSINO INDIVIDUAL";"f";"2014-06-09 21:06:18.496";"f";"";"0";"CONSOLIDADA";"";"Presencial";
"1227275";"IND";"5755774";"";"";"2047959";"GRADUAÇÃO";"Campus Caicó";"Gabinete dos Professores";"2014";"1";"2014-01-27";"2014-06-14";"";"";"1";"ENSINO INDIVIDUAL";"f";"2014-06-03 19:03:00.926";"f";"";"0";"CONSOLIDADA";"";"Presencial";
"1227276";"IND";"5756583";"";"";"2047918";"GRADUAÇÃO";"Campus Caicó";"Gabinete dos Professores";"2014";"1";"2014-01-27";"2014-06-14";"";"";"2";"ENSINO INDIVIDUAL";"f";"2014-06-21 19:27:51.618";"f";"";"0";"CONSOLIDADA";"";"Presencial";
"1227277";"IND";"5756583";"";"";"51855";"GRADUAÇÃO";"Campus Caicó";"Gabinete dos Professores";"2014";"1";"2014-01-27";"2014-06-14";"";"";"1";"ENSINO INDIVIDUAL";"f";"2014-06-15 15:32:09.098";"f";"";"0";"CONSOLIDADA";"";"Presencial";
"1227278";"03";"5754293";"";"";"45196";"STRICTO SENSU";"";"Departamento de Saúde Coletiva";"2014";"1";"2014-04-07";"2014-05-08";"25T2345";"18";"18";"REGULAR";"f";"2014-06-10 22:40:05.839";"f";"";"36";"CONSOLIDADA";"";"Presencial";
"1227279";"01";"";"1025412";"";"2056224";"STRICTO SENSU";"";"A definir";"2014";"1";"2014-01-16";"2014-06-14";"45T2";"1";"1";"REGULAR";"f";"2014-06-27 20:52:55.947";"f";"";"40";"CONSOLIDADA";"";"Presencial";
"1227280";"02";"22006";"";"";"41143";"STRICTO SENSU";"";"Auditório de Psicologia";"2014";"1";"2014-02-13";"2014-06-13";"4M23 (13/02/2014 - 13/06/2014)";"32";"35";"REGULAR";"f";"2014-09-22 15:52:13.751";"f";"";"8";"CONSOLIDADA";"";"Presencial";
"1227280";"02";"5751673";"";"";"41143";"STRICTO SENSU";"";"Auditório de Psicologia";"2014";"1";"2014-02-13";"2014-06-13";"4M23 (13/02/2014 - 13/06/2014)";"32";"35";"REGULAR";"f";"2014-09-22 15:52:13.751";"f";"";"8";"CONSOLIDADA";"";"Presencial";
"1227281";"02";"5751673";"";"";"41145";"STRICTO SENSU";"";"Auditório de Psicologia";"2014";"1";"2014-02-13";"2014-06-13";"4M45 (13/02/2014 - 13/06/2014)";"31";"35";"REGULAR";"f";"2014-09-22 15:55:29.301";"f";"";"0";"CONSOLIDADA";"";"Presencial";
"1227281";"02";"22006";"";"";"41145";"STRICTO SENSU";"";"Auditório de Psicologia";"2014";"1";"2014-02-13";"2014-06-13";"4M45 (13/02/2014 - 13/06/2014)";"31";"35";"REGULAR";"f";"2014-09-22 15:55:29.301";"f";"";"0";"CONSOLIDADA";"";"Presencial";
"1227282";"05";"5751852";"";"";"2056219";"STRICTO SENSU";"";"A definir";"2014";"1";"2014-01-16";"2014-06-14";"2M12";"1";"1";"REGULAR";"f";"2015-03-10 10:50:45.501";"f";"";"38";"CONSOLIDADA";"";"Presencial";
"1227283";"01";"5752716";"";"";"44717";"STRICTO SENSU";"";"Departamento de enfermagem";"2014";"1";"2014-01-27";"2014-06-14";"6T123 (27/01/2014 - 14/06/2014)";"1";"2";"REGULAR";"f";"2014-06-01 11:21:46.61";"f";"";"33";"CONSOLIDADA";"";"Presencial";
"1227284";"01";"5754083";"";"";"55577";"TÉCNICO";"";"cruzeta";"2014";"1";"2014-03-08";"2014-06-01";"1T123456";"";"35";"REGULAR";"f";"2014-06-21 19:34:24.55";"f";"";"78";"CONSOLIDADA";"";"Presencial";
"1227284";"01";"63717";"";"";"55577";"TÉCNICO";"";"cruzeta";"2014";"1";"2014-03-08";"2014-06-01";"1T123456";"";"35";"REGULAR";"f";"2014-06-21 19:34:24.55";"f";"";"78";"CONSOLIDADA";"";"Presencial";
"1227285";"01";"";"95281097";"";"55575";"TÉCNICO";"";"CRUZETA";"2014";"1";"2014-03-08";"2014-06-14";"7T123456";"";"6";"REGULAR";"f";"2014-06-02 14:37:41.489";"f";"";"72";"CONSOLIDADA";"";"Presencial";
"1227286";"02";"";"95280756";"";"55575";"TÉCNICO";"";"CRUZETA";"2014";"1";"2014-03-08";"2014-06-01";"7T123456";"";"11";"REGULAR";"f";"2014-06-10 17:26:21.858";"f";"";"72";"CONSOLIDADA";"";"Presencial";
"1227287";"03";"";"95285166";"";"55575";"TÉCNICO";"";"CRUZETA";"2014";"1";"2014-03-08";"2014-06-01";"7T123456";"";"8";"REGULAR";"f";"2014-06-02 19:36:40.416";"f";"";"72";"CONSOLIDADA";"";"Presencial";
"1227288";"04";"";"95922009";"";"55575";"TÉCNICO";"";"CRUZETA";"2014";"1";"2014-03-08";"2014-06-01";"7T12345";"";"8";"REGULAR";"f";"2014-05-30 18:29:49.171";"f";"";"60";"CONSOLIDADA";"";"Presencial";
"1227289";"05";"24200";"";"";"55575";"TÉCNICO";"";"CRUZETA";"2014";"1";"2014-03-08";"2014-06-01";"7T123456";"";"9";"REGULAR";"f";"2014-05-30 18:35:33.117";"f";"";"0";"CONSOLIDADA";"";"Presencial";
"1227290";"01";"";"95240654";"";"55576";"TÉCNICO";"";"CRUZETA";"2014";"1";"2014-03-08";"2014-06-01";"1M123456";"";"35";"REGULAR";"f";"2014-05-30 19:12:17.208";"f";"";"72";"CONSOLIDADA";"";"Presencial";
"1227291";"01";"5752300";"";"";"54730";"LATO SENSU";"";"2-F-1";"2014";"1";"2014-02-15";"2014-03-15";"7M12345  7T12345";"";"58";"REGULAR";"f";"2015-10-23 18:13:20.758";"f";"";"40";"CONSOLIDADA";"";"Presencial";
"1227292";"04";"5752167";"";"";"44716";"STRICTO SENSU";"";"Departamento de enfermagem";"2014";"1";"2014-01-27";"2014-06-14";"6T123";"2";"2";"REGULAR";"f";"2014-06-06 08:10:06.079";"f";"";"42";"CONSOLIDADA";"";"Presencial";
"1227292";"04";"23112";"";"";"44716";"STRICTO SENSU";"";"Departamento de enfermagem";"2014";"1";"2014-01-27";"2014-06-14";"6T123";"2";"2";"REGULAR";"f";"2014-06-06 08:10:06.079";"f";"";"42";"CONSOLIDADA";"";"Presencial";
"1227293";"IND";"5753640";"";"";"43155";"GRADUAÇÃO";"Campus Caicó";"A definir";"2014";"1";"2014-01-27";"2014-06-14";"";"";"1";"ENSINO INDIVIDUAL";"f";"2014-06-03 10:48:38.926";"f";"";"68";"CONSOLIDADA";"";"Presencial";
"1227294";"IND";"17983";"";"";"48224";"GRADUAÇÃO";"Campus Caicó";"Definir com a docente";"2014";"1";"2014-01-27";"2014-06-14";"";"";"1";"ENSINO INDIVIDUAL";"f";"2014-06-09 21:49:14.363";"f";"";"0";"CONSOLIDADA";"";"Presencial";
"1227295";"IND";"17983";"";"";"48227";"GRADUAÇÃO";"Campus Caicó";"Definir com a docente";"2014";"1";"2014-01-27";"2014-06-14";"";"";"2";"ENSINO INDIVIDUAL";"f";"2014-06-09 21:11:29.287";"f";"";"0";"CONSOLIDADA";"";"Presencial";
"1227296";"IND";"5756052";"";"";"26865";"GRADUAÇÃO";"Campus Caicó";"Definir com o docente";"2014";"1";"2014-01-27";"2014-06-14";"";"";"1";"ENSINO INDIVIDUAL";"f";"2014-06-11 09:58:35.756";"f";"";"0";"CONSOLIDADA";"";"Presencial";
"1227296";"IND";"16940";"";"";"26865";"GRADUAÇÃO";"Campus Caicó";"Definir com o docente";"2014";"1";"2014-01-27";"2014-06-14";"";"";"1";"ENSINO INDIVIDUAL";"f";"2014-06-11 09:58:35.756";"f";"";"0";"CONSOLIDADA";"";"Presencial";
"1227298";"IND";"5753640";"";"";"21647";"GRADUAÇÃO";"Campus Caicó";"Definir com o docente";"2014";"1";"2014-01-27";"2014-06-14";"";"";"1";"ENSINO INDIVIDUAL";"f";"2014-06-03 10:22:01.617";"f";"";"56";"CONSOLIDADA";"";"Presencial";
"1227299";"06";"5751841";"";"";"53322";"STRICTO SENSU";"";"A definir";"2014";"1";"2014-01-16";"2014-06-14";"7M56";"1";"1";"REGULAR";"f";"2014-06-07 12:29:54.061";"f";"";"38";"CONSOLIDADA";"";"Presencial";
"1227302";"02";"5752506";"";"Reunião Cientifica";"39633";"STRICTO SENSU";"";"Sala da Base";"2014";"1";"2014-02-28";"2014-05-30";"6M345 (28/02/2014 - 30/05/2014)";"5";"7";"REGULAR";"f";"2014-06-16 09:06:14.186";"f";"";"39";"CONSOLIDADA";"";"Presencial";
"1227303";"01";"22912";"";"Está disciplina é para os alunos que concluíram as duas bioestatística.";"51158";"STRICTO SENSU";"";"Departamento de Odontologia";"2014";"1";"2014-04-09";"2014-06-11";"4T234 (09/04/2014 - 11/06/2014)";"4";"20";"REGULAR";"f";"";"f";"";"";"EXCLUÍDA";"";"Presencial";
"1227304";"IND";"20829";"";"";"20442";"GRADUAÇÃO";"Campus Currais Novos";"CAMPUS 1";"2014";"1";"2014-01-27";"2014-06-14";"";"";"4";"ENSINO INDIVIDUAL";"f";"2014-06-13 11:14:07.652";"f";"";"76";"CONSOLIDADA";"";"Presencial";
"1227305";"IND";"5754966";"";"";"24787";"GRADUAÇÃO";"Campus Central";"A DEFINIR";"2014";"1";"2014-01-27";"2014-06-14";"";"";"1";"ENSINO INDIVIDUAL";"f";"2014-06-15 09:38:59.078";"f";"";"0";"CONSOLIDADA";"";"Presencial";
"1227306";"IND";"5756436";"";"";"2020265";"GRADUAÇÃO";"Campus Caicó";"C-02";"2014";"1";"2014-01-27";"2014-06-14";"";"";"1";"ENSINO INDIVIDUAL";"f";"2014-06-14 16:37:03.617";"f";"";"0";"CONSOLIDADA";"";"Presencial";
"1227307";"IND";"22937";"";"";"2042105";"GRADUAÇÃO";"Campus Central";"A DEFINIR";"2014";"1";"2014-01-27";"2014-06-14";"";"";"1";"ENSINO INDIVIDUAL";"f";"2014-06-09 18:56:24.964";"f";"";"0";"CONSOLIDADA";"";"Presencial";
"1227308";"IND";"22893";"";"";"22831";"GRADUAÇÃO";"Campus Central";"A DEFINIR";"2014";"1";"2014-01-27";"2014-06-14";"";"";"1";"ENSINO INDIVIDUAL";"f";"2014-06-13 22:18:06.889";"f";"";"0";"CONSOLIDADA";"";"Presencial";
"1227309";"IND";"5752753";"";"";"27645";"GRADUAÇÃO";"Campus Central";"A DEFINIR";"2014";"1";"2014-01-27";"2014-06-14";"";"";"1";"ENSINO INDIVIDUAL";"f";"2014-06-16 06:58:49.73";"f";"";"0";"CONSOLIDADA";"";"Presencial";
"1227310";"IND";"5755394";"";"";"2040383";"GRADUAÇÃO";"Campus Central";"A DEFINIR";"2014";"1";"2014-01-27";"2014-06-14";"";"";"1";"ENSINO INDIVIDUAL";"f";"2014-06-13 18:35:12.631";"f";"";"0";"CONSOLIDADA";"";"Presencial";
"1227311";"IND";"5755442";"";"";"24788";"GRADUAÇÃO";"Campus Central";"A DEFINIR";"2014";"1";"2014-01-27";"2014-06-14";"";"";"1";"ENSINO INDIVIDUAL";"f";"2014-06-10 17:47:20.993";"f";"";"0";"CONSOLIDADA";"";"Presencial";
"1227312";"IND";"18739";"";"";"2041753";"GRADUAÇÃO";"";"Depto Enfermagem";"2014";"1";"2014-01-27";"2014-06-14";"";"";"1";"ENSINO INDIVIDUAL";"f";"2014-06-09 15:19:51.727";"f";"";"0";"CONSOLIDADA";"";"Presencial";
"1227313";"IND";"18739";"";"";"2050450";"GRADUAÇÃO";"";"Depto Enfermagem";"2014";"1";"2014-01-27";"2014-06-14";"";"";"1";"ENSINO INDIVIDUAL";"f";"2014-06-13 18:37:01.882";"f";"";"0";"CONSOLIDADA";"";"Presencial";
"1227314";"IND";"5756051";"";"";"46236";"GRADUAÇÃO";"Campus Central";"Centro de Educação";"2014";"1";"2014-01-27";"2014-06-14";"";"";"2";"ENSINO INDIVIDUAL";"f";"2014-06-11 00:26:36.203";"f";"";"0";"CONSOLIDADA";"";"Presencial";
"1227315";"IND";"5755536";"";"";"46208";"GRADUAÇÃO";"Campus Central";"Centro de Educação";"2014";"1";"2014-01-27";"2014-06-14";"";"";"1";"ENSINO INDIVIDUAL";"f";"2014-06-20 19:03:34.901";"f";"";"0";"CONSOLIDADA";"";"Presencial";
"1227316";"IND";"5755038";"";"";"46231";"GRADUAÇÃO";"Campus Central";"Centro de Educação";"2014";"1";"2014-01-27";"2014-06-14";"";"";"2";"ENSINO INDIVIDUAL";"f";"2014-05-30 06:23:03.344";"f";"";"36";"CONSOLIDADA";"";"Presencial";
"1227317";"IND";"5756098";"";"";"46226";"GRADUAÇÃO";"Campus Central";"Centro de Educação";"2014";"1";"2014-01-27";"2014-06-14";"";"";"2";"ENSINO INDIVIDUAL";"f";"2014-06-19 16:32:40.945";"f";"";"34";"CONSOLIDADA";"";"Presencial";
"1227318";"IND";"5756149";"";"";"46159";"GRADUAÇÃO";"Campus Central";"Centro de Educação";"2014";"1";"2014-01-27";"2014-06-14";"";"";"1";"ENSINO INDIVIDUAL";"f";"2014-06-15 23:31:41.349";"f";"";"68";"CONSOLIDADA";"";"Presencial";
"1227319";"IND";"5755442";"";"";"2040362";"GRADUAÇÃO";"Campus Central";"A DEFINIR";"2014";"1";"2014-01-27";"2014-06-14";"";"";"1";"ENSINO INDIVIDUAL";"f";"2014-06-10 17:46:19.387";"f";"";"0";"CONSOLIDADA";"";"Presencial";
"1227320";"IND";"5756308";"";"";"26363";"GRADUAÇÃO";"Campus Central";"A DEFINIR";"2014";"1";"2014-01-27";"2014-06-14";"";"";"2";"ENSINO INDIVIDUAL";"f";"2014-06-07 18:37:47.058";"f";"";"80";"CONSOLIDADA";"";"Presencial";
"1227321";"IND";"5751870";"";"";"24791";"GRADUAÇÃO";"Campus Central";"A DEFINIR";"2014";"1";"2014-01-27";"2014-06-14";"";"";"3";"ENSINO INDIVIDUAL";"f";"2014-06-13 12:03:46.159";"f";"";"0";"CONSOLIDADA";"";"Presencial";
"1227322";"IND";"5755441";"";"";"24793";"GRADUAÇÃO";"Campus Central";"A DEFINIR";"2014";"1";"2014-01-27";"2014-06-14";"";"";"4";"ENSINO INDIVIDUAL";"f";"2014-06-19 22:02:09.875";"f";"";"72";"CONSOLIDADA";"";"Presencial";
"1227323";"IND";"5752696";"";"";"2036502";"GRADUAÇÃO";"Campus Central";"A combinar com o profa. Luana";"2014";"1";"2014-01-27";"2014-06-14";"";"";"1";"ENSINO INDIVIDUAL";"f";"2014-06-11 16:18:55.438";"f";"";"17";"CONSOLIDADA";"";"Presencial";
"1227324";"IND";"21789";"";"";"22782";"GRADUAÇÃO";"Campus Central";"A combinar com o prof. responsável";"2014";"1";"2014-01-27";"2014-06-14";"";"";"2";"ENSINO INDIVIDUAL";"f";"2014-06-22 21:07:27.772";"f";"";"0";"CONSOLIDADA";"";"Presencial";
"1227325";"IND";"19220";"";"";"23590";"GRADUAÇÃO";"";"A combinar com o prof. responsável";"2014";"1";"2014-01-27";"2014-06-14";"";"";"3";"ENSINO INDIVIDUAL";"f";"2014-06-18 17:31:57.436";"f";"";"76";"CONSOLIDADA";"";"Presencial";
"1227326";"01";"5754613";"";"";"53030";"LATO SENSU";"";"VD3";"2014";"1";"2014-02-19";"2014-02-22";"7M2345  456N1234 (19/02/2014 - 22/02/2014)";"";"40";"REGULAR";"f";"2015-12-10 16:18:27.497";"f";"";"16";"CONSOLIDADA";"";"Presencial";
"1227327";"01";"2264213";"";"";"49852";"LATO SENSU";"";"VD2";"2014";"1";"2014-02-25";"2014-03-13";"345N1234";"";"30";"REGULAR";"f";"2015-09-14 16:47:23.949";"f";"";"28";"CONSOLIDADA";"";"Presencial";
"1227328";"IND";"5753773";"";"";"46223";"GRADUAÇÃO";"Campus Central";"Centro de Educação";"2014";"1";"2014-01-27";"2014-06-14";"";"";"1";"ENSINO INDIVIDUAL";"f";"2014-06-22 20:01:04.197";"f";"";"0";"CONSOLIDADA";"";"Presencial";
"1227329";"IND";"5753773";"";"";"46224";"GRADUAÇÃO";"Campus Central";"Centro de Educação";"2014";"1";"2014-01-27";"2014-06-14";"";"";"3";"ENSINO INDIVIDUAL";"f";"2014-06-22 20:03:36.499";"f";"";"0";"CONSOLIDADA";"";"Presencial";
"1227330";"IND";"2299002";"";"";"46825";"GRADUAÇÃO";"Campus Central";"Centro de Educação";"2014";"1";"2014-01-27";"2014-06-14";"";"";"1";"ENSINO INDIVIDUAL";"f";"2014-06-14 18:43:15.4";"f";"";"40";"CONSOLIDADA";"";"Presencial";
"1227331";"IND";"5756392";"";"";"25242";"GRADUAÇÃO";"Campus Caicó";"A definir com o docente";"2014";"1";"2014-01-27";"2014-06-14";"";"";"1";"ENSINO INDIVIDUAL";"f";"2014-06-14 07:33:14.659";"f";"";"68";"CONSOLIDADA";"";"Presencial";
"1227332";"IND";"5753690";"";"";"42024";"GRADUAÇÃO";"Campus Central";"A combinar";"2014";"1";"2014-01-27";"2014-06-14";"";"";"2";"ENSINO INDIVIDUAL";"f";"2014-06-18 10:19:16.439";"f";"";"0";"CONSOLIDADA";"";"Presencial";
"1227333";"IND";"5753815";"";"";"20348";"GRADUAÇÃO";"Campus Central";"A DEFINIR";"2014";"1";"2014-01-27";"2014-06-14";"";"";"1";"ENSINO INDIVIDUAL";"f";"2014-06-07 17:50:34.326";"f";"";"0";"CONSOLIDADA";"";"Presencial";
"1227334";"IND";"5753648";"";"";"42025";"GRADUAÇÃO";"Campus Central";"A combinar";"2014";"1";"2014-01-27";"2014-06-14";"";"";"2";"ENSINO INDIVIDUAL";"f";"2014-06-12 14:43:48.406";"f";"";"60";"CONSOLIDADA";"";"Presencial";
"1227335";"01";"5752214";"";"";"40638";"STRICTO SENSU";"";"Departamento de enfermagem";"2014";"1";"2014-01-27";"2014-06-14";"6T123";"1";"1";"REGULAR";"f";"2014-07-24 16:41:23.026";"f";"";"54";"CONSOLIDADA";"";"Presencial";
"1227336";"IND";"5754355";"";"";"2041409";"GRADUAÇÃO";"Campus Macaíba";"Setor de Graduação - EAJ";"2014";"1";"2014-01-27";"2014-06-14";"";"";"1";"ENSINO INDIVIDUAL";"f";"2014-06-13 19:02:50.416";"f";"";"62";"CONSOLIDADA";"";"Presencial";
"1227337";"IND";"23158";"";"";"26132";"GRADUAÇÃO";"Campus Central";"A DEFINIR";"2014";"1";"2014-01-27";"2014-06-14";"";"";"4";"ENSINO INDIVIDUAL";"f";"2014-06-11 21:45:15.928";"f";"";"0";"CONSOLIDADA";"";"Presencial";
"1227338";"IND";"5752846";"";"";"2036250";"GRADUAÇÃO";"Campus Macaíba";"Setor de Graduação - EAJ";"2014";"1";"2014-01-27";"2014-06-14";"";"";"1";"ENSINO INDIVIDUAL";"f";"2014-06-11 11:25:37.014";"f";"";"0";"CONSOLIDADA";"";"Presencial";
"1227339";"IND";"5753704";"";"";"42020";"GRADUAÇÃO";"Campus Central";"A combinar";"2014";"1";"2014-01-27";"2014-06-14";"";"";"1";"ENSINO INDIVIDUAL";"f";"2014-06-19 16:07:37.589";"f";"";"0";"CONSOLIDADA";"";"Presencial";
"1227340";"IND";"5753625";"";"";"21548";"GRADUAÇÃO";"";"A DEFINIR";"2014";"1";"2014-01-27";"2014-06-14";"";"";"1";"ENSINO INDIVIDUAL";"f";"2014-06-14 21:44:15.225";"f";"";"0";"CONSOLIDADA";"";"Presencial";
"1227341";"IND";"5756051";"";"";"42036";"GRADUAÇÃO";"Campus Central";"A combinar";"2014";"1";"2014-01-27";"2014-06-14";"";"";"1";"ENSINO INDIVIDUAL";"f";"2014-06-11 00:26:01.218";"f";"";"0";"CONSOLIDADA";"";"Presencial";
"1227342";"01";"5751873";"";"";"40259";"STRICTO SENSU";"";"3D6";"2014";"1";"2014-02-24";"2014-06-12";"6M234";"4";"10";"REGULAR";"f";"2014-06-25 19:45:03.33";"f";"";"39";"CONSOLIDADA";"";"Presencial";
"1227343";"IND";"5753815";"";"";"26138";"GRADUAÇÃO";"Campus Central";"A DEFINIR";"2014";"1";"2014-01-27";"2014-06-14";"";"";"3";"ENSINO INDIVIDUAL";"f";"2014-06-07 17:42:38.46";"f";"";"0";"CONSOLIDADA";"";"Presencial";
"1227344";"IND";"5756012";"";"";"26140";"GRADUAÇÃO";"Campus Central";"A DEFINIR";"2014";"1";"2014-01-27";"2014-06-14";"";"";"2";"ENSINO INDIVIDUAL";"f";"2014-06-07 18:06:49.135";"f";"";"25";"CONSOLIDADA";"";"Presencial";
"1227344";"IND";"5753815";"";"";"26140";"GRADUAÇÃO";"Campus Central";"A DEFINIR";"2014";"1";"2014-01-27";"2014-06-14";"";"";"2";"ENSINO INDIVIDUAL";"f";"2014-06-07 18:06:49.135";"f";"";"25";"CONSOLIDADA";"";"Presencial";
"1227345";"IND";"62852";"";"";"46343";"GRADUAÇÃO";"Campus Central";"a definir";"2014";"1";"2014-01-27";"2014-06-14";"7M1234";"";"3";"ENSINO INDIVIDUAL";"f";"";"f";"";"";"EXCLUÍDA";"";"Presencial";
"1227346";"IND";"62852";"";"";"46416";"GRADUAÇÃO";"Campus Central";"a definir";"2014";"1";"2014-01-27";"2014-06-14";"7M1234";"";"3";"ENSINO INDIVIDUAL";"f";"";"f";"";"";"EXCLUÍDA";"";"Presencial";
"1227347";"IND";"23157";"";"";"21970";"GRADUAÇÃO";"Campus Central";"Varela Barca";"2014";"1";"2014-01-27";"2014-06-14";"";"";"1";"ENSINO INDIVIDUAL";"f";"2014-06-18 09:21:12.64";"f";"";"75";"CONSOLIDADA";"";"Presencial";
"1227348";"IND";"5753614";"";"";"46343";"GRADUAÇÃO";"Campus Central";"a definir";"2014";"1";"2014-01-27";"2014-06-14";"7M1234";"";"3";"ENSINO INDIVIDUAL";"f";"";"f";"";"";"EXCLUÍDA";"";"Presencial";
"1227349";"IND";"5756612";"";"";"27076";"GRADUAÇÃO";"Campus Central";"Varela Barca";"2014";"1";"2014-01-27";"2014-06-14";"";"";"1";"ENSINO INDIVIDUAL";"f";"2014-06-03 20:35:33.08";"f";"";"0";"CONSOLIDADA";"";"Presencial";
"1227350";"IND";"5751595";"";"";"53659";"GRADUAÇÃO";"";"A DEFINIR";"2014";"1";"2014-01-27";"2014-06-14";"";"";"1";"ENSINO INDIVIDUAL";"f";"2014-06-13 11:39:07.382";"f";"";"0";"CONSOLIDADA";"";"Presencial";
"1227351";"IND";"18678";"";"";"22454";"GRADUAÇÃO";"Campus Central";"a definir";"2014";"1";"2014-01-27";"2014-06-14";"";"";"1";"ENSINO INDIVIDUAL";"f";"2014-06-20 20:27:46.571";"f";"";"0";"CONSOLIDADA";"";"Presencial";
"1227352";"01";"";"99086131";"";"42476";"GRADUAÇÃO";"";"MACAU/RN";"2014";"1";"2014-01-27";"2014-06-14";"";"";"";"REGULAR";"t";"2014-06-20 19:08:50.18";"f";"";"0";"CONSOLIDADA";"";"A Distância";
"1227353";"IND";"19122";"";"";"2049253";"GRADUAÇÃO";"Campus Central";"DEP. GEOFÍSICA";"2014";"1";"2014-01-27";"2014-06-14";"";"";"1";"ENSINO INDIVIDUAL";"f";"2014-06-25 10:20:42.161";"f";"";"0";"CONSOLIDADA";"";"Presencial";
"1227354";"IND";"5755774";"";"";"2050103";"GRADUAÇÃO";"Campus Caicó";"Sala de video";"2014";"1";"2014-01-27";"2014-06-14";"";"";"1";"ENSINO INDIVIDUAL";"f";"2014-06-03 18:30:24.798";"f";"";"0";"CONSOLIDADA";"";"Presencial";
"1227355";"IND";"5756040";"";"";"2048353";"GRADUAÇÃO";"Campus Caicó";"Sala de video";"2014";"1";"2014-01-27";"2014-06-14";"";"";"1";"ENSINO INDIVIDUAL";"f";"2014-06-14 22:14:06.138";"f";"";"20";"CONSOLIDADA";"";"Presencial";
"1227356";"IND";"5755959";"";"";"2048259";"GRADUAÇÃO";"Campus Caicó";"Sala de video";"2014";"1";"2014-01-27";"2014-06-14";"";"";"1";"ENSINO INDIVIDUAL";"f";"2014-06-17 09:25:52.19";"f";"";"72";"CONSOLIDADA";"";"Presencial";
"1227357";"IND";"5755959";"";"";"2048099";"GRADUAÇÃO";"Campus Caicó";"Sala de video";"2014";"1";"2014-01-27";"2014-06-14";"";"";"1";"ENSINO INDIVIDUAL";"f";"2014-06-13 11:28:53.437";"f";"";"76";"CONSOLIDADA";"";"Presencial";
"1227358";"IND";"5756376";"";"";"2048106";"GRADUAÇÃO";"Campus Caicó";"Sala de video";"2014";"1";"2014-01-27";"2014-06-14";"";"";"2";"ENSINO INDIVIDUAL";"f";"2014-06-04 16:24:02.361";"f";"";"64";"CONSOLIDADA";"";"Presencial";
"1227359";"IND";"5753006";"";"";"2036665";"GRADUAÇÃO";"Campus Central";"Setor de aulas IV";"2014";"1";"2014-01-27";"2014-06-14";"";"";"2";"ENSINO INDIVIDUAL";"f";"2014-06-16 11:22:03.237";"f";"";"0";"CONSOLIDADA";"";"Presencial";
"1227360";"IND";"26315";"";"";"41955";"GRADUAÇÃO";"Campus Central";"A combinar";"2014";"1";"2014-01-27";"2014-06-14";"";"";"1";"ENSINO INDIVIDUAL";"f";"2014-06-18 23:07:00.122";"f";"";"38";"CONSOLIDADA";"";"Presencial";
"1227361";"IND";"26315";"";"";"41965";"GRADUAÇÃO";"Campus Central";"A combinar";"2014";"1";"2014-01-27";"2014-06-14";"";"";"1";"ENSINO INDIVIDUAL";"f";"2014-06-19 00:04:42.876";"f";"";"30";"CONSOLIDADA";"";"Presencial";
"1227362";"IND";"5755581";"";"";"23526";"GRADUAÇÃO";"Campus Central";"SALA 54 PRÉDIO DO CCET";"2014";"1";"2014-01-27";"2014-06-14";"";"";"1";"ENSINO INDIVIDUAL";"f";"2014-06-13 17:56:37.302";"f";"";"4";"CONSOLIDADA";"";"Presencial";
"1227362";"IND";"5756590";"";"";"23526";"GRADUAÇÃO";"Campus Central";"SALA 54 PRÉDIO DO CCET";"2014";"1";"2014-01-27";"2014-06-14";"";"";"1";"ENSINO INDIVIDUAL";"f";"2014-06-13 17:56:37.302";"f";"";"4";"CONSOLIDADA";"";"Presencial";
"1227363";"IND";"18240";"";"";"24706";"GRADUAÇÃO";"Campus Central";"A DEFINIR";"2014";"1";"2014-01-27";"2014-06-14";"";"";"2";"ENSINO INDIVIDUAL";"f";"2014-06-04 11:14:57.04";"f";"";"0";"CONSOLIDADA";"";"Presencial";
"1227364";"IND";"22820";"";"";"2036663";"GRADUAÇÃO";"Campus Central";"Setor de aulas IV";"2014";"1";"2014-01-27";"2014-06-14";"";"";"1";"ENSINO INDIVIDUAL";"f";"2014-06-16 21:45:24";"f";"";"60";"CONSOLIDADA";"";"Presencial";
"1227365";"01";"5752873";"";"";"55592";"TÉCNICO";"";"Sala 2 Aquicultura";"2014";"1";"2014-01-27";"2014-06-14";"6M234";"";"30";"REGULAR";"f";"2014-06-20 18:49:35.845";"f";"";"54";"CONSOLIDADA";"";"Presencial";
"1227366";"01";"5753527";"";"";"55597";"TÉCNICO";"";"Sala 2 Aquicultura";"2014";"1";"2014-01-27";"2014-06-14";"2T45";"";"30";"REGULAR";"f";"2014-06-13 21:32:40.725";"f";"";"0";"CONSOLIDADA";"";"Presencial";
"1227367";"01";"5752882";"";"";"55593";"TÉCNICO";"";"Sala 2 Aquicultura";"2014";"1";"2014-01-27";"2014-06-14";"5T12";"";"30";"REGULAR";"f";"2014-12-10 09:34:01.693";"f";"";"0";"CONSOLIDADA";"";"Presencial";
"1227368";"IND";"22763";"";"";"40006";"GRADUAÇÃO";"Campus Central";"VH3";"2014";"1";"2014-01-27";"2014-06-14";"";"";"1";"ENSINO INDIVIDUAL";"f";"";"f";"";"";"EXCLUÍDA";"";"Presencial";
"1227369";"IND";"22935";"";"";"40008";"GRADUAÇÃO";"Campus Central";"VH4";"2014";"1";"2014-01-27";"2014-06-14";"";"";"1";"ENSINO INDIVIDUAL";"f";"2014-06-11 22:31:53.852";"f";"";"54";"CONSOLIDADA";"";"Presencial";
"1227370";"01";"5753527";"";"";"55594";"TÉCNICO";"";"Sala 2 Aquicultura";"2014";"1";"2014-01-27";"2014-06-14";"3T123";"";"30";"REGULAR";"f";"2014-06-13 21:38:14.688";"f";"";"0";"CONSOLIDADA";"";"Presencial";
"1227371";"IND";"5754359";"";"";"53921";"GRADUAÇÃO";"Campus Central";"A ser definido com o Profesor";"2014";"1";"2014-01-27";"2014-06-14";"";"";"2";"ENSINO INDIVIDUAL";"f";"2014-06-07 23:24:32.073";"f";"";"0";"CONSOLIDADA";"";"Presencial";
"1227372";"01";"5752883";"";"";"55590";"TÉCNICO";"";"Sala 2 Aquicultura";"2014";"1";"2014-01-27";"2014-06-14";"5T345";"";"30";"REGULAR";"f";"2014-06-20 18:45:50.909";"f";"";"0";"CONSOLIDADA";"";"Presencial";
"1227373";"01";"5752857";"";"";"55596";"TÉCNICO";"";"Sala 2 Aquicultura";"2014";"1";"2014-01-27";"2014-06-14";"2M45 5M234";"";"30";"REGULAR";"f";"2014-06-21 23:58:27.868";"f";"";"85";"CONSOLIDADA";"";"Presencial";
"1227375";"01A";"5756442";"";"";"46749";"GRADUAÇÃO";"Campus Central";"HUOL e Clínica de Fonoaudiologia";"2014";"1";"2014-01-27";"2014-06-14";"";"";"1";"ENSINO INDIVIDUAL";"f";"2014-06-11 09:37:27.195";"f";"1227374";"84";"CONSOLIDADA";"";"Presencial";
"1227376";"01";"5753526";"";"";"55589";"TÉCNICO";"";"Sala 2 Aquicultura";"2014";"1";"2014-01-27";"2014-06-14";"3M2345";"";"32";"REGULAR";"f";"2014-07-09 19:32:10.054";"f";"";"0";"CONSOLIDADA";"";"Presencial";
"1227377";"IND";"5756072";"";"";"53909";"GRADUAÇÃO";"Campus Central";"A ser definido com o Professor";"2014";"1";"2014-01-27";"2014-06-14";"";"";"1";"ENSINO INDIVIDUAL";"f";"2014-06-20 10:58:59.389";"f";"";"0";"CONSOLIDADA";"";"Presencial";
"1227378";"01";"5755816";"";"";"55591";"TÉCNICO";"";"Sala 2 Aquicultura";"2014";"1";"2014-01-27";"2014-06-14";"4M234";"";"35";"REGULAR";"f";"2014-07-23 09:34:57.725";"f";"";"0";"CONSOLIDADA";"";"Presencial";
"1227379";"01";"5753557";"";"";"55595";"TÉCNICO";"";"Sala 2 Aquicultura";"2014";"1";"2014-01-27";"2014-06-14";"2M23";"";"30";"REGULAR";"f";"2014-06-13 15:24:57.009";"f";"";"36";"CONSOLIDADA";"";"Presencial";
"1227380";"IND";"2273348";"";"";"42021";"GRADUAÇÃO";"Campus Central";"A combinar";"2014";"1";"2014-01-27";"2014-06-14";"";"";"1";"ENSINO INDIVIDUAL";"f";"2014-06-02 08:08:05.179";"f";"";"0";"CONSOLIDADA";"";"Presencial";
"1227381";"IND";"5754981";"";"";"42028";"GRADUAÇÃO";"Campus Central";"A combinar";"2014";"1";"2014-01-27";"2014-06-14";"";"";"2";"ENSINO INDIVIDUAL";"f";"2014-06-20 11:53:35.344";"f";"";"72";"CONSOLIDADA";"";"Presencial";
"1227381";"IND";"15389";"";"";"42028";"GRADUAÇÃO";"Campus Central";"A combinar";"2014";"1";"2014-01-27";"2014-06-14";"";"";"2";"ENSINO INDIVIDUAL";"f";"2014-06-20 11:53:35.344";"f";"";"72";"CONSOLIDADA";"";"Presencial";
"1227382";"IND";"23164";"";"";"41938";"GRADUAÇÃO";"Campus Central";"A combinar";"2014";"1";"2014-01-27";"2014-06-14";"";"";"1";"ENSINO INDIVIDUAL";"f";"2014-06-18 12:53:16.345";"f";"";"24";"CONSOLIDADA";"";"Presencial";
"1227383";"IND";"20815";"";"";"23662";"GRADUAÇÃO";"Campus Central";"HUOL";"2014";"1";"2014-01-27";"2014-06-14";"";"";"4";"ENSINO INDIVIDUAL";"f";"";"f";"";"";"INTERROMPIDA";"";"Presencial";
"1227383";"IND";"5755560";"";"";"23662";"GRADUAÇÃO";"Campus Central";"HUOL";"2014";"1";"2014-01-27";"2014-06-14";"";"";"4";"ENSINO INDIVIDUAL";"f";"";"f";"";"";"INTERROMPIDA";"";"Presencial";
"1227384";"01";"";"103122737";"";"44376";"STRICTO SENSU";"";"Setor IV - Sala 4C4";"2014";"1";"2014-02-03";"2014-06-14";"6M1234";"7";"30";"REGULAR";"f";"2014-06-20 19:40:40.383";"f";"";"64";"CONSOLIDADA";"";"Presencial";
"1227385";"IND";"5753006";"";"";"2036660";"GRADUAÇÃO";"Campus Central";"Setor de aulas IV";"2014";"1";"2014-01-27";"2014-06-14";"";"";"1";"ENSINO INDIVIDUAL";"f";"2014-06-16 11:23:11.027";"f";"";"0";"CONSOLIDADA";"";"Presencial";
"1227386";"IND";"16790";"";"";"2036654";"GRADUAÇÃO";"Campus Central";"Setor de aulas IV";"2014";"1";"2014-01-27";"2014-06-14";"";"";"4";"ENSINO INDIVIDUAL";"f";"2014-06-13 11:55:03.226";"f";"";"0";"CONSOLIDADA";"";"Presencial";
"1227387";"IND";"5756365";"";"";"2050207";"GRADUAÇÃO";"Campus Central";"GRUMUS";"2014";"1";"2014-01-27";"2014-06-14";"";"";"1";"ENSINO INDIVIDUAL";"f";"2014-06-12 14:52:26.111";"f";"";"35";"CONSOLIDADA";"";"Presencial";
"1227388";"IND";"5756365";"";"";"2050205";"GRADUAÇÃO";"Campus Central";"GRUMUS";"2014";"1";"2014-01-27";"2014-06-14";"";"";"2";"ENSINO INDIVIDUAL";"f";"2014-06-12 14:51:10.16";"f";"";"36";"CONSOLIDADA";"";"Presencial";
"1227389";"IND";"19101";"";"";"25760";"GRADUAÇÃO";"Campus Central";"Sala S";"2014";"1";"2014-01-27";"2014-06-14";"";"";"1";"ENSINO INDIVIDUAL";"f";"2014-06-18 12:31:44.987";"f";"";"2";"CONSOLIDADA";"";"Presencial";
"1227390";"IND";"21708";"";"";"23975";"GRADUAÇÃO";"Campus Central";"Sala S";"2014";"1";"2014-01-27";"2014-06-14";"";"";"1";"ENSINO INDIVIDUAL";"f";"2014-06-10 05:30:09.741";"f";"";"0";"CONSOLIDADA";"";"Presencial";
"1227392";"03";"23177";"";"";"2036658";"GRADUAÇÃO";"Campus Central";"Setor de aulas IV";"2014";"1";"2014-01-27";"2014-06-14";"7M1234";"";"15";"REGULAR";"f";"2014-06-10 09:17:26.866";"f";"";"72";"CONSOLIDADA";"";"Presencial";
"1227393";"IND";"5756020";"";"";"24890";"GRADUAÇÃO";"Campus Currais Novos";"SALA B-7";"2014";"1";"2014-01-27";"2014-06-14";"";"";"1";"ENSINO INDIVIDUAL";"f";"2014-06-09 14:29:39.237";"f";"";"80";"CONSOLIDADA";"";"Presencial";
"1227394";"IND";"5752217";"";"";"26477";"GRADUAÇÃO";"Campus Currais Novos";"SALA B-7";"2014";"1";"2014-01-27";"2014-06-14";"";"";"1";"ENSINO INDIVIDUAL";"f";"2014-06-15 01:08:16.986";"f";"";"0";"CONSOLIDADA";"";"Presencial";
"1227395";"IND";"5756055";"";"";"26480";"GRADUAÇÃO";"Campus Currais Novos";"SALA B-7";"2014";"1";"2014-01-27";"2014-06-14";"";"";"1";"ENSINO INDIVIDUAL";"f";"2014-06-19 07:28:14.237";"f";"";"65";"CONSOLIDADA";"";"Presencial";
"1227396";"IND";"23193";"";"";"24895";"GRADUAÇÃO";"Campus Currais Novos";"SALA C-1";"2014";"1";"2014-01-27";"2014-06-14";"";"";"1";"ENSINO INDIVIDUAL";"f";"2014-06-18 20:35:40.938";"f";"";"24";"CONSOLIDADA";"";"Presencial";
"1227397";"IND";"20786";"";"";"26489";"GRADUAÇÃO";"Campus Currais Novos";"B-4";"2014";"1";"2014-01-27";"2014-06-14";"";"";"1";"ENSINO INDIVIDUAL";"f";"2014-06-17 17:10:39.814";"f";"";"124";"CONSOLIDADA";"";"Presencial";
"1227398";"IND";"20786";"";"";"26494";"GRADUAÇÃO";"Campus Currais Novos";"SALA C-2";"2014";"1";"2014-01-27";"2014-06-14";"";"";"1";"ENSINO INDIVIDUAL";"f";"2014-06-17 17:59:22.237";"f";"";"138";"CONSOLIDADA";"";"Presencial";
"1227399";"IND";"5756345";"";"";"2038810";"GRADUAÇÃO";"Campus Currais Novos";"SALA B 2";"2014";"1";"2014-01-27";"2014-06-14";"";"";"1";"ENSINO INDIVIDUAL";"f";"2014-06-08 10:08:02.387";"f";"";"34";"CONSOLIDADA";"";"Presencial";
"1227400";"IND";"5756345";"";"";"2038819";"GRADUAÇÃO";"Campus Currais Novos";"sala 6-4";"2014";"1";"2014-01-27";"2014-06-14";"";"";"1";"ENSINO INDIVIDUAL";"f";"2014-06-08 10:08:54.3";"f";"";"28";"CONSOLIDADA";"";"Presencial";
"1227401";"IND";"5756022";"";"";"2038811";"GRADUAÇÃO";"Campus Currais Novos";"SALA B-5";"2014";"1";"2014-01-27";"2014-06-14";"";"";"3";"ENSINO INDIVIDUAL";"f";"2014-06-14 12:52:26.24";"f";"";"0";"CONSOLIDADA";"";"Presencial";
"1227402";"IND";"23165";"";"";"2038937";"GRADUAÇÃO";"Campus Currais Novos";"SALA B7";"2014";"1";"2014-01-27";"2014-06-14";"";"";"1";"ENSINO INDIVIDUAL";"f";"2014-06-14 22:09:09.896";"f";"";"68";"CONSOLIDADA";"";"Presencial";
"1227403";"IND";"5755030";"";"";"2050602";"GRADUAÇÃO";"Campus Central";"A DEFINIR";"2014";"1";"2014-01-27";"2014-06-14";"";"";"1";"ENSINO INDIVIDUAL";"f";"2014-06-11 16:46:44.673";"f";"";"0";"CONSOLIDADA";"";"Presencial";
"1227404";"IND";"5755224";"";"";"2036877";"GRADUAÇÃO";"Campus Central";"A DEFINIR";"2014";"1";"2014-01-27";"2014-06-14";"";"";"1";"ENSINO INDIVIDUAL";"f";"2014-06-21 21:48:01.314";"f";"";"40";"CONSOLIDADA";"";"Presencial";
"1227405";"IND";"5756022";"";"";"2038813";"GRADUAÇÃO";"Campus Currais Novos";"SALA B- 6";"2014";"1";"2014-01-27";"2014-06-14";"";"";"1";"ENSINO INDIVIDUAL";"f";"2014-06-14 12:49:29.267";"f";"";"0";"CONSOLIDADA";"";"Presencial";
"1227406";"IND";"5756022";"";"";"2038814";"GRADUAÇÃO";"Campus Currais Novos";"SALA C-1";"2014";"1";"2014-01-27";"2014-06-14";"";"";"3";"ENSINO INDIVIDUAL";"f";"2014-06-14 12:51:08.012";"f";"";"11";"CONSOLIDADA";"";"Presencial";
"1227407";"IND";"5752839";"";"";"2038955";"GRADUAÇÃO";"Campus Currais Novos";"SALA B-6";"2014";"1";"2014-01-27";"2014-06-14";"";"";"4";"ENSINO INDIVIDUAL";"f";"2014-06-20 18:22:19.415";"f";"";"0";"CONSOLIDADA";"";"Presencial";
"1227408";"IND";"5752291";"";"";"2038816";"GRADUAÇÃO";"Campus Currais Novos";"SALA B-2";"2014";"1";"2014-01-27";"2014-06-14";"";"";"2";"ENSINO INDIVIDUAL";"f";"2014-06-11 16:34:32.442";"f";"";"60";"CONSOLIDADA";"";"Presencial";
"1227409";"IND";"5755772";"";"";"26481";"GRADUAÇÃO";"Campus Currais Novos";"SALA B7";"2014";"1";"2014-01-27";"2014-06-14";"";"";"1";"ENSINO INDIVIDUAL";"f";"2014-06-20 20:21:02.14";"f";"";"66";"CONSOLIDADA";"";"Presencial";
"1227410";"IND";"5752839";"";"";"2038915";"GRADUAÇÃO";"Campus Currais Novos";"SALA B 4";"2014";"1";"2014-01-27";"2014-06-14";"";"";"1";"ENSINO INDIVIDUAL";"f";"2014-06-20 18:23:04.79";"f";"";"0";"CONSOLIDADA";"";"Presencial";
"1227411";"IND";"2283351";"";"";"2036260";"GRADUAÇÃO";"Campus Macaíba";"Setor das Graduações";"2014";"1";"2014-01-27";"2014-06-14";"";"";"1";"ENSINO INDIVIDUAL";"f";"2014-06-15 15:23:49.748";"f";"";"0";"CONSOLIDADA";"";"Presencial";
"1227412";"01";"5754632";"";"";"2038912";"GRADUAÇÃO";"Campus Currais Novos";"Campus de Currais Novos";"2014";"1";"2014-01-27";"2014-06-14";"35M12";"";"6";"REGULAR";"f";"2014-06-12 07:16:16.292";"f";"";"70";"CONSOLIDADA";"";"Presencial";
"1227412";"01";"5752291";"";"";"2038912";"GRADUAÇÃO";"Campus Currais Novos";"Campus de Currais Novos";"2014";"1";"2014-01-27";"2014-06-14";"35M12";"";"6";"REGULAR";"f";"2014-06-12 07:16:16.292";"f";"";"70";"CONSOLIDADA";"";"Presencial";
"1227412";"01";"5752839";"";"";"2038912";"GRADUAÇÃO";"Campus Currais Novos";"Campus de Currais Novos";"2014";"1";"2014-01-27";"2014-06-14";"35M12";"";"6";"REGULAR";"f";"2014-06-12 07:16:16.292";"f";"";"70";"CONSOLIDADA";"";"Presencial";
"1227412";"01";"5756345";"";"";"2038912";"GRADUAÇÃO";"Campus Currais Novos";"Campus de Currais Novos";"2014";"1";"2014-01-27";"2014-06-14";"35M12";"";"6";"REGULAR";"f";"2014-06-12 07:16:16.292";"f";"";"70";"CONSOLIDADA";"";"Presencial";
"1227413";"IND";"15556";"";"";"25091";"GRADUAÇÃO";"Campus Central";"Sala 807 - CCHLA";"2014";"1";"2014-01-27";"2014-06-14";"";"";"1";"ENSINO INDIVIDUAL";"f";"2014-07-25 09:02:28.606";"f";"";"64";"CONSOLIDADA";"";"Presencial";
"1227414";"IND";"22818";"";"";"25061";"GRADUAÇÃO";"Campus Central";"Sala 218 - CCHLA";"2014";"1";"2014-01-27";"2014-06-14";"";"";"1";"ENSINO INDIVIDUAL";"f";"2014-06-11 15:44:04.328";"f";"";"28";"CONSOLIDADA";"";"Presencial";
"1227415";"IND";"5755114";"";"";"25063";"GRADUAÇÃO";"Campus Central";"Sala 209B - CCHLA";"2014";"1";"2014-01-27";"2014-06-14";"";"";"1";"ENSINO INDIVIDUAL";"f";"2014-06-15 10:44:46.887";"f";"";"28";"CONSOLIDADA";"";"Presencial";
"1227416";"IND";"5752174";"";"";"27728";"GRADUAÇÃO";"Campus Central";"Sala 219 - CCHLA";"2014";"1";"2014-01-27";"2014-06-14";"";"";"2";"ENSINO INDIVIDUAL";"f";"2014-06-10 17:28:37.863";"f";"";"34";"CONSOLIDADA";"";"Presencial";
"1227417";"IND";"5755917";"";"";"25072";"GRADUAÇÃO";"Campus Central";"Sala 209 - CCHLA";"2014";"1";"2014-01-27";"2014-06-14";"";"";"1";"ENSINO INDIVIDUAL";"f";"2014-06-12 15:00:52.781";"f";"";"78";"CONSOLIDADA";"";"Presencial";
"1227418";"IND";"26600";"";"";"27725";"GRADUAÇÃO";"Campus Central";"Sala 219 - CCHLA";"2014";"1";"2014-01-27";"2014-06-14";"";"";"1";"ENSINO INDIVIDUAL";"f";"2014-06-16 21:03:18.141";"f";"";"72";"CONSOLIDADA";"";"Presencial";
"1227419";"IND";"20789";"";"";"27727";"GRADUAÇÃO";"Campus Central";"Sala 801 - CCHLA";"2014";"1";"2014-01-27";"2014-06-14";"";"";"1";"ENSINO INDIVIDUAL";"f";"";"f";"";"";"EXCLUÍDA";"";"Presencial";
"1227420";"IND";"18240";"";"";"20335";"GRADUAÇÃO";"Campus Central";"A DEFINIR";"2014";"1";"2014-01-27";"2014-06-14";"";"";"1";"ENSINO INDIVIDUAL";"f";"2014-06-06 15:47:49.175";"f";"";"0";"CONSOLIDADA";"";"Presencial";
"1227421";"IND";"5755424";"";"";"25098";"GRADUAÇÃO";"Campus Central";"Sala 218 - CCHLA";"2014";"1";"2014-01-27";"2014-06-14";"";"";"1";"ENSINO INDIVIDUAL";"f";"2014-06-21 19:17:07.388";"f";"";"88";"CONSOLIDADA";"";"Presencial";
"1227422";"IND";"5752683";"";"";"25074";"GRADUAÇÃO";"Campus Central";"Sala 804 - CCHLA";"2014";"1";"2014-01-27";"2014-06-14";"";"";"2";"ENSINO INDIVIDUAL";"f";"2014-06-13 12:07:14.175";"f";"";"70";"CONSOLIDADA";"";"Presencial";
"1227423";"IND";"5752301";"";"";"46793";"GRADUAÇÃO";"Campus Central";"Sala 219 - CCHLA";"2014";"1";"2014-01-27";"2014-06-14";"";"";"1";"ENSINO INDIVIDUAL";"f";"2014-06-12 13:56:44.472";"f";"";"28";"CONSOLIDADA";"";"Presencial";
"1227424";"02";"5752802";"";"";"42247";"STRICTO SENSU";"";"Instituto do Cérebro";"2014";"1";"2014-03-22";"2014-05-24";"7M456";"1";"3";"REGULAR";"f";"2014-06-10 16:40:40.61";"f";"";"0";"CONSOLIDADA";"";"Presencial";
"1227425";"01";"23487";"";"";"37246";"STRICTO SENSU";"";"PPGCSa";"2014";"1";"2014-01-27";"2014-06-06";"7N34";"9";"20";"REGULAR";"f";"2014-05-21 11:17:10.183";"f";"";"28";"CONSOLIDADA";"";"Presencial";
"1227426";"IND";"5755514";"";"";"2055017";"GRADUAÇÃO";"Campus Central";"LABTEX";"2014";"1";"2014-01-27";"2014-06-14";"";"";"1";"ENSINO INDIVIDUAL";"f";"2014-06-14 17:42:09.817";"f";"";"16";"CONSOLIDADA";"";"Presencial";
"1227426";"IND";"2296724";"";"";"2055017";"GRADUAÇÃO";"Campus Central";"LABTEX";"2014";"1";"2014-01-27";"2014-06-14";"";"";"1";"ENSINO INDIVIDUAL";"f";"2014-06-14 17:42:09.817";"f";"";"16";"CONSOLIDADA";"";"Presencial";
"1227427";"IND";"20212";"";"";"23730";"GRADUAÇÃO";"Campus Central";"Lab Máquinas Hidráulicas";"2014";"1";"2014-01-27";"2014-06-14";"";"";"2";"ENSINO INDIVIDUAL";"f";"2014-06-18 11:01:47.073";"f";"";"0";"CONSOLIDADA";"";"Presencial";
"1227428";"IND";"5752378";"";"";"23694";"GRADUAÇÃO";"Campus Central";"A definir";"2014";"1";"2014-01-27";"2014-06-14";"";"";"1";"ENSINO INDIVIDUAL";"f";"2014-06-13 10:08:02.263";"f";"";"0";"CONSOLIDADA";"";"Presencial";
"1227429";"01";"";"100856292";"";"54762";"LATO SENSU";"";"Nova Cruz";"2014";"1";"2014-02-15";"2014-03-08";"7M12345  7T12345";"";"56";"REGULAR";"f";"2014-06-10 21:59:00.242";"f";"";"10";"CONSOLIDADA";"";"Presencial";
"1227430";"03";"26268";"";"";"37700";"STRICTO SENSU";"";"a definir";"2014";"1";"2014-02-04";"2014-06-13";"5N12";"1";"1";"REGULAR";"f";"2014-08-14 11:38:48.582";"f";"";"34";"CONSOLIDADA";"";"Presencial";
"1227432";"06";"5752839";"";"AULAS MINISTRADAS NO CAMPI CAICÓ";"47335";"FORMAÇÃO COMPLEMENTAR";"";"CAICÓ";"2014";"1";"2014-02-10";"2014-06-14";"5T2345";"";"20";"REGULAR";"f";"2014-06-16 17:35:14.024";"f";"";"56";"CONSOLIDADA";"";"Presencial";
"1227433";"07";"5752839";"";"AULAS MINISTRADAS NO CAMPI CURRAIS NOVOS.";"47335";"FORMAÇÃO COMPLEMENTAR";"";"CURRAIS NOVOS";"2014";"1";"2014-02-10";"2014-06-14";"6T2345";"";"20";"REGULAR";"f";"2014-06-16 17:36:41.81";"f";"";"60";"CONSOLIDADA";"";"Presencial";
"1227434";"04";"5752839";"";"AULAS MINISTRADAS NO CAMPI CURRAIS NOVOS";"47336";"FORMAÇÃO COMPLEMENTAR";"";"CURRAIS NOVOS";"2014";"1";"2014-02-10";"2014-06-14";"2T2345";"";"20";"REGULAR";"f";"2014-06-16 17:37:50.151";"f";"";"60";"CONSOLIDADA";"";"Presencial";
"1227435";"04";"5752839";"";"AULAS MINISTRADAS NO CAMPI CURRAIS NOVOS";"47337";"FORMAÇÃO COMPLEMENTAR";"";"CURRAIS NOVOS";"2014";"1";"2014-02-10";"2014-06-14";"3T2345";"";"20";"REGULAR";"f";"";"f";"";"";"EXCLUÍDA";"";"Presencial";
"1227436";"04";"5752839";"";"AULAS MINISTRADAS NO CAMPI CAICÓ";"47337";"FORMAÇÃO COMPLEMENTAR";"";"CAICÓ";"2014";"1";"2014-02-10";"2014-06-14";"3M3456";"";"20";"REGULAR";"f";"2014-06-16 17:38:56.405";"f";"";"68";"CONSOLIDADA";"";"Presencial";
"1227437";"05";"5752839";"";"AULAS MINISTRADAS NO CAMPI CURRAIS NOVOS";"47337";"FORMAÇÃO COMPLEMENTAR";"";"CURRAIS NOVOS";"2014";"1";"2014-02-10";"2014-06-14";"3T2345";"";"20";"REGULAR";"f";"2014-06-16 17:39:53.15";"f";"";"68";"CONSOLIDADA";"";"Presencial";
"1227438";"02";"5752839";"";"AULAS MINISTRADAS NO CAMPI CURRAIS NOVOS";"47338";"FORMAÇÃO COMPLEMENTAR";"";"CURRAIS NOVOS";"2014";"1";"2014-02-10";"2014-06-14";"4T2345";"";"20";"REGULAR";"f";"2014-06-16 17:40:49.054";"f";"";"64";"CONSOLIDADA";"";"Presencial";
"1227439";"IND";"5753689";"";"";"21063";"GRADUAÇÃO";"Campus Central";"Setor IV";"2014";"1";"2014-01-27";"2014-06-14";"";"";"1";"ENSINO INDIVIDUAL";"f";"2014-06-22 19:05:07.252";"f";"";"0";"CONSOLIDADA";"";"Presencial";
"1227440";"IND";"19048";"";"";"23709";"GRADUAÇÃO";"Campus Central";"Lab da Manufatura";"2014";"1";"2014-01-27";"2014-06-14";"";"";"1";"ENSINO INDIVIDUAL";"f";"";"f";"";"";"EXCLUÍDA";"";"Presencial";
"1227441";"IND";"17908";"";"";"23722";"GRADUAÇÃO";"Campus Central";"Setor IV";"2014";"1";"2014-01-27";"2014-06-14";"";"";"1";"ENSINO INDIVIDUAL";"f";"";"f";"";"";"EXCLUÍDA";"";"Presencial";
"1227460";"16";"5753103";"";"Turma destinada ao aluno Rudah Marques Maniçoba.";"37173";"STRICTO SENSU";"";"SALA DE AULA DO PREDIO DO LARHISA";"2014";"1";"2014-02-03";"2014-08-03";"2M123";"2";"1";"REGULAR";"f";"";"f";"";"";"EXCLUÍDA";"";"Presencial";
"1227461";"02";"22792";"";"";"42207";"LATO SENSU";"";"Setor II";"2014";"1";"2014-02-22";"2014-03-22";"7M2345  7T2345";"";"110";"REGULAR";"f";"2014-09-28 15:09:26.767";"f";"";"0";"CONSOLIDADA";"";"Presencial";
"1227480";"02";"18871";"";"";"42209";"LATO SENSU";"";"Setor II";"2014";"1";"2013-11-23";"2013-12-14";"7M2345  7T2345";"";"55";"REGULAR";"f";"";"f";"";"";"EXCLUÍDA";"";"Presencial";
"1227481";"01";"15562";"";"";"42219";"LATO SENSU";"";"Setor II";"2014";"1";"2014-01-18";"2014-02-08";"7M2345  7T2345";"";"55";"REGULAR";"f";"";"f";"";"";"EXCLUÍDA";"";"Presencial";
"1227482";"02";"15562";"";"";"42219";"LATO SENSU";"";"Setor II";"2014";"1";"2013-11-23";"2013-12-14";"7M2345  7T2345";"";"54";"REGULAR";"f";"2014-07-16 14:44:30.33";"f";"";"0";"CONSOLIDADA";"";"Presencial";
"1227483";"04";"5752701";"";"Turma requerida pela aluna Carolina Lisboa.";"2043556";"STRICTO SENSU";"";"A definir.";"2014";"1";"2014-01-27";"2014-06-13";"7T56";"1";"1";"REGULAR";"f";"2014-07-11 08:32:24.925";"f";"";"0";"CONSOLIDADA";"";"Presencial";
"1227484";"26";"5751745";"";"";"18716";"TÉCNICO";"";"Sala 18";"2014";"1";"2014-01-27";"2014-06-14";"4T456";"";"3";"REGULAR";"f";"2014-06-08 09:08:33.433";"f";"";"54";"CONSOLIDADA";"";"Presencial";
"1227485";"03";"5751745";"";"";"18799";"TÉCNICO";"";"Sala 18";"2014";"1";"2014-01-27";"2014-06-14";"6T123";"";"3";"REGULAR";"f";"2014-06-08 09:04:47.025";"f";"";"54";"CONSOLIDADA";"";"Presencial";
"1227521";"02";"62852";"";"";"46416";"GRADUAÇÃO";"Campus Central";"A definir.";"2014";"1";"2014-01-27";"2014-06-14";"7M1234";"";"5";"REGULAR";"f";"";"f";"";"";"EXCLUÍDA";"";"Presencial";
"1227522";"05";"5753614";"";"";"46343";"GRADUAÇÃO";"Campus Central";"A definir";"2014";"1";"2014-01-27";"2014-06-14";"7M1234";"1";"5";"REGULAR";"f";"";"f";"";"";"EXCLUÍDA";"";"Presencial";
"1227523";"01";"5754359";"";"";"43554";"STRICTO SENSU";"";"Sala 04 do Anexo do CCET";"2014";"1";"2014-02-03";"2014-06-27";"4M1234";"1";"1";"REGULAR";"f";"2014-06-05 20:21:17.313";"f";"";"68";"CONSOLIDADA";"";"Presencial";
"1227524";"01";"18741";"";"";"38925";"STRICTO SENSU";"";"Sala 2 do DCA";"2014";"1";"2014-02-24";"2014-06-12";"35M12";"3";"5";"REGULAR";"f";"2014-06-20 11:11:11.704";"f";"";"56";"CONSOLIDADA";"";"Presencial";
"1227525";"06";"25443";"";"";"41345";"STRICTO SENSU";"";"A definir";"2014";"1";"2014-02-24";"2014-06-14";"4N123";"1";"1";"REGULAR";"f";"2014-11-07 09:45:33.013";"f";"";"45";"CONSOLIDADA";"";"Presencial";
"1227526";"01";"2297576";"";"Disciplina: Introdução ao uso do programa "MARK".";"51876";"STRICTO SENSU";"";"A definir.";"2014";"1";"2014-05-26";"2014-05-31";"7T3456";"3";"20";"REGULAR";"f";"2014-10-24 12:57:03.608";"f";"";"0";"CONSOLIDADA";"";"Presencial";
"1227527";"04";"24597";"";"";"41151";"STRICTO SENSU";"";"Sala da Base";"2014";"1";"2014-02-13";"2014-06-13";"6N34";"1";"1";"REGULAR";"f";"2014-07-11 13:14:01.093";"f";"";"34";"CONSOLIDADA";"";"Presencial";
"1227528";"01";"3030265";"";"";"2037654";"STRICTO SENSU";"";"Sala Carl Peter von Dietrich";"2014";"1";"2014-02-24";"2014-03-14";"23456M2345  23456T2";"7";"10";"REGULAR";"f";"2014-06-25 07:48:52.867";"f";"";"0";"CONSOLIDADA";"";"Presencial";
"1227528";"01";"5752025";"";"";"2037654";"STRICTO SENSU";"";"Sala Carl Peter von Dietrich";"2014";"1";"2014-02-24";"2014-03-14";"23456M2345  23456T2";"7";"10";"REGULAR";"f";"2014-06-25 07:48:52.867";"f";"";"0";"CONSOLIDADA";"";"Presencial";
"1227528";"01";"25470";"";"";"2037654";"STRICTO SENSU";"";"Sala Carl Peter von Dietrich";"2014";"1";"2014-02-24";"2014-03-14";"23456M2345  23456T2";"7";"10";"REGULAR";"f";"2014-06-25 07:48:52.867";"f";"";"0";"CONSOLIDADA";"";"Presencial";
"1227529";"01";"23834";"";"";"52153";"LATO SENSU";"";"FIERN";"2014";"1";"2014-02-24";"2014-03-12";"234N12345";"";"39";"REGULAR";"f";"2014-11-26 18:12:20.461";"f";"";"30";"CONSOLIDADA";"";"Presencial";
"1227530";"01";"18455";"";"";"37251";"STRICTO SENSU";"";"Sala Carl Peter von Dietrich";"2014";"1";"2014-03-17";"2014-04-04";"23456M2345";"13";"25";"REGULAR";"f";"2014-07-17 14:02:23.312";"f";"";"60";"CONSOLIDADA";"";"Presencial";
"1227530";"01";"5752768";"";"";"37251";"STRICTO SENSU";"";"Sala Carl Peter von Dietrich";"2014";"1";"2014-03-17";"2014-04-04";"23456M2345";"13";"25";"REGULAR";"f";"2014-07-17 14:02:23.312";"f";"";"60";"CONSOLIDADA";"";"Presencial";
"1227530";"01";"2306614";"";"";"37251";"STRICTO SENSU";"";"Sala Carl Peter von Dietrich";"2014";"1";"2014-03-17";"2014-04-04";"23456M2345";"13";"25";"REGULAR";"f";"2014-07-17 14:02:23.312";"f";"";"60";"CONSOLIDADA";"";"Presencial";
"1227530";"01";"22728";"";"";"37251";"STRICTO SENSU";"";"Sala Carl Peter von Dietrich";"2014";"1";"2014-03-17";"2014-04-04";"23456M2345";"13";"25";"REGULAR";"f";"2014-07-17 14:02:23.312";"f";"";"60";"CONSOLIDADA";"";"Presencial";
"1227531";"01";"18455";"";"";"37252";"STRICTO SENSU";"";"Sala Carl Peter von Dietrich";"2014";"1";"2014-04-07";"2014-04-25";"23456M2345";"11";"25";"REGULAR";"f";"2014-09-26 16:56:59.709";"f";"";"48";"CONSOLIDADA";"";"Presencial";
"1227531";"01";"22728";"";"";"37252";"STRICTO SENSU";"";"Sala Carl Peter von Dietrich";"2014";"1";"2014-04-07";"2014-04-25";"23456M2345";"11";"25";"REGULAR";"f";"2014-09-26 16:56:59.709";"f";"";"48";"CONSOLIDADA";"";"Presencial";
"1227531";"01";"5751853";"";"";"37252";"STRICTO SENSU";"";"Sala Carl Peter von Dietrich";"2014";"1";"2014-04-07";"2014-04-25";"23456M2345";"11";"25";"REGULAR";"f";"2014-09-26 16:56:59.709";"f";"";"48";"CONSOLIDADA";"";"Presencial";
"1227531";"01";"5752768";"";"";"37252";"STRICTO SENSU";"";"Sala Carl Peter von Dietrich";"2014";"1";"2014-04-07";"2014-04-25";"23456M2345";"11";"25";"REGULAR";"f";"2014-09-26 16:56:59.709";"f";"";"48";"CONSOLIDADA";"";"Presencial";
"1227532";"01";"18638";"";"";"38171";"STRICTO SENSU";"";"PPGG";"2014";"1";"2014-03-10";"2014-07-31";"24T45";"7";"7";"REGULAR";"f";"2014-06-09 08:40:56.26";"f";"";"50";"CONSOLIDADA";"";"Presencial";
"1227533";"01";"37484";"";"";"53627";"LATO SENSU";"";"2H7";"2014";"1";"2014-05-24";"2014-06-14";"7M2345  7T2345";"";"80";"REGULAR";"f";"2015-01-28 13:30:58.551";"f";"";"0";"CONSOLIDADA";"";"Presencial";
"1227534";"01";"24386";"";"";"53448";"LATO SENSU";"";"sala 7B5";"2014";"1";"2014-02-22";"2014-02-23";"17M12345  17T23456";"";"45";"REGULAR";"f";"2015-03-13 15:38:26.633";"f";"";"20";"CONSOLIDADA";"";"Presencial";
"1227535";"01";"23943";"";"";"2055252";"STRICTO SENSU";"";"Setor de Aulas 4 - Sala F3";"2014";"1";"2014-03-10";"2014-07-03";"2M2345";"11";"20";"REGULAR";"f";"2014-06-14 06:58:37.199";"f";"";"88";"CONSOLIDADA";"";"Presencial";
"1227536";"01";"5754111";"";"";"2055254";"STRICTO SENSU";"";"a definir";"2014";"1";"2014-03-10";"2014-07-03";"5M2345";"2";"20";"REGULAR";"f";"2014-06-29 10:49:26.081";"f";"";"56";"CONSOLIDADA";"";"Presencial";
"1227537";"01";"21788";"";"";"2055256";"STRICTO SENSU";"";"Sala 04 - DDCA - CCET";"2014";"1";"2014-03-10";"2014-07-03";"35M56";"5";"20";"REGULAR";"f";"2014-06-27 09:33:53.993";"f";"";"60";"CONSOLIDADA";"";"Presencial";
"1227538";"01";"";"18061330";"";"2055261";"STRICTO SENSU";"";"a definir";"2014";"1";"2014-03-10";"2014-07-03";"3T2345";"1";"20";"REGULAR";"f";"";"f";"";"";"EXCLUÍDA";"";"Presencial";
"1227538";"01";"5754324";"";"";"2055261";"STRICTO SENSU";"";"a definir";"2014";"1";"2014-03-10";"2014-07-03";"3T2345";"1";"20";"REGULAR";"f";"";"f";"";"";"EXCLUÍDA";"";"Presencial";
"1227539";"01";"5754637";"";"";"2055308";"STRICTO SENSU";"";"Setor de aulas III - bloco"A" sala 4";"2014";"1";"2014-03-10";"2014-07-03";"35T34";"3";"20";"REGULAR";"f";"2014-08-19 19:41:28.379";"f";"";"58";"CONSOLIDADA";"";"Presencial";
"1227540";"01";"5753335";"";"";"2055421";"STRICTO SENSU";"";"a definir";"2014";"1";"2014-03-10";"2014-07-03";"24M34";"3";"20";"REGULAR";"f";"2014-08-22 09:21:57.253";"f";"";"64";"CONSOLIDADA";"";"Presencial";
"1227541";"01";"17596";"";"";"42260";"STRICTO SENSU";"";"a definir";"2014";"1";"2014-03-10";"2014-07-03";"35M34";"";"20";"REGULAR";"f";"";"f";"";"";"EXCLUÍDA";"";"Presencial";
"1227542";"01";"24052";"";"";"51778";"STRICTO SENSU";"";"Setor II - Sala I3";"2014";"1";"2014-03-10";"2014-07-03";"6M3456";"6";"20";"REGULAR";"f";"2014-08-27 21:22:12.926";"f";"";"56";"CONSOLIDADA";"";"Presencial";
"1227543";"01";"23404";"";"";"2055402";"STRICTO SENSU";"";"a definir";"2014";"1";"2014-03-10";"2014-07-03";"35T56";"2";"20";"REGULAR";"f";"2014-07-04 16:01:21.013";"f";"";"60";"CONSOLIDADA";"";"Presencial";
"1227544";"03";"";"103161118";"";"52837";"STRICTO SENSU";"";"Sala 22 e LAMUCO Escola de Música";"2014";"1";"2014-02-06";"2014-06-14";"6M34";"9";"9";"REGULAR";"f";"2014-06-20 07:37:41.481";"f";"";"32";"CONSOLIDADA";"";"Presencial";
"1227545";"08";"5751546";"";"";"52828";"STRICTO SENSU";"";"Sala 22 Escola de Música";"2014";"1";"2014-02-06";"2014-06-14";"6T234";"14";"13";"REGULAR";"f";"2014-06-15 16:15:02.777";"f";"";"54";"CONSOLIDADA";"";"Presencial";
"1227545";"08";"5752878";"";"";"52828";"STRICTO SENSU";"";"Sala 22 Escola de Música";"2014";"1";"2014-02-06";"2014-06-14";"6T234";"14";"13";"REGULAR";"f";"2014-06-15 16:15:02.777";"f";"";"54";"CONSOLIDADA";"";"Presencial";
"1227546";"01";"5752840";"";"";"42246";"STRICTO SENSU";"";"Instituto do Cérebro";"2014";"1";"2014-03-21";"2014-07-04";"6M56";"5";"20";"REGULAR";"f";"2014-08-11 15:38:21.339";"f";"";"16";"CONSOLIDADA";"";"Presencial";
"1227547";"03";"22792";"";"";"42207";"LATO SENSU";"";"SANTA CRUZ";"2014";"1";"2014-01-25";"2014-02-08";"7M2345  7T2345";"";"30";"REGULAR";"f";"";"f";"";"";"EXCLUÍDA";"";"Presencial";
"1227548";"03";"5752802";"";"";"42251";"STRICTO SENSU";"";"Instituto do Cérebro";"2014";"1";"2014-03-22";"2014-05-24";"7M123";"2";"2";"REGULAR";"f";"2014-06-10 16:39:15.681";"f";"";"30";"CONSOLIDADA";"";"Presencial";
"1227549";"14";"";"99421460";"";"27172";"GRADUAÇÃO";"";"CAICÓ/RN";"2014";"1";"2014-01-27";"2014-06-14";"";"";"";"REGULAR";"t";"2014-06-05 21:46:20.103";"f";"";"0";"CONSOLIDADA";"";"A Distância";
"1227550";"02";"5751991";"";"";"42250";"STRICTO SENSU";"";"Instituto do Cérebro";"2014";"1";"2014-03-22";"2014-05-24";"7M123";"1";"1";"REGULAR";"f";"2014-06-17 20:01:22.989";"f";"";"0";"CONSOLIDADA";"";"Presencial";
"1227551";"01";"5753758";"";"Residentes";"53426";"RESIDÊNCIA";"";"Auditorio Mariano Coelho - 4/ subsolo do HUOL";"2014";"1";"2014-03-22";"2014-03-22";"7M123456  7T123456 (22/03/2014 - 22/03/2014)";"";"50";"REGULAR";"f";"";"f";"";"";"ABERTA";"";"Presencial";
"1227552";"04";"5752182";"";"";"42251";"STRICTO SENSU";"";"Instituto do Cérebro";"2014";"1";"2014-03-22";"2014-05-24";"7N123";"1";"1";"REGULAR";"f";"2014-06-27 11:02:20.784";"f";"";"30";"CONSOLIDADA";"";"Presencial";
"1227553";"11";"5752722";"";"";"55493";"STRICTO SENSU";"";"sala do orientador";"2014";"1";"2014-02-17";"2014-06-13";"2T1";"1";"2";"REGULAR";"f";"2014-11-21 18:01:07.87";"f";"";"15";"CONSOLIDADA";"";"Presencial";
"1227554";"03";"2306614";"";"";"49095";"STRICTO SENSU";"";"A definir";"2014";"1";"2014-03-10";"2014-06-14";"5T5 (10/03/2014 - 14/06/2014)";"1";"1";"REGULAR";"f";"2014-07-10 10:21:20.392";"f";"";"12";"CONSOLIDADA";"";"Presencial";
"1227555";"02";"2306614";"";"";"49097";"STRICTO SENSU";"";"A definir";"2014";"1";"2014-03-10";"2014-06-14";"5T4 (10/03/2014 - 14/06/2014)";"1";"1";"REGULAR";"f";"2014-07-10 10:20:33.31";"f";"";"12";"CONSOLIDADA";"";"Presencial";
"1227556";"02";"2306614";"";"";"49098";"STRICTO SENSU";"";"A definir";"2014";"1";"2014-03-10";"2014-06-14";"5T3 (10/03/2014 - 14/06/2014)";"1";"1";"REGULAR";"f";"2014-07-10 10:19:32.973";"f";"";"12";"CONSOLIDADA";"";"Presencial";
"1227557";"04";"25470";"";"";"49095";"STRICTO SENSU";"";"A definir";"2014";"1";"2014-03-10";"2014-06-14";"5T4 (10/03/2014 - 14/06/2014)";"2";"3";"REGULAR";"f";"2014-06-12 14:19:07.728";"f";"";"12";"CONSOLIDADA";"";"Presencial";
"1227558";"01";"25470";"";"";"49096";"STRICTO SENSU";"";"A definir";"2014";"1";"2014-03-10";"2014-06-14";"5T5 (10/03/2014 - 14/06/2014)";"3";"3";"REGULAR";"f";"2014-06-12 14:21:03.922";"f";"";"12";"CONSOLIDADA";"";"Presencial";
"1227559";"03";"25470";"";"";"37270";"STRICTO SENSU";"";"Sala SS1";"2014";"1";"2014-02-21";"2014-06-07";"6N12 (21/02/2014 - 07/06/2014)";"2";"2";"REGULAR";"f";"2014-06-02 18:32:39.484";"f";"";"28";"CONSOLIDADA";"";"Presencial";
"1227560";"04";"18455";"";"";"49093";"STRICTO SENSU";"";"A definir";"2014";"1";"2014-03-10";"2014-06-14";"2N1 (10/03/2014 - 14/06/2014)";"1";"1";"REGULAR";"f";"2014-07-25 17:01:34.683";"f";"";"0";"CONSOLIDADA";"";"Presencial";
"1227561";"05";"26049";"";"";"49095";"STRICTO SENSU";"";"A definir";"2014";"1";"2014-03-10";"2014-06-14";"2T2 (10/03/2014 - 14/06/2014)";"2";"2";"REGULAR";"f";"2014-06-19 10:31:59.03";"f";"";"0";"CONSOLIDADA";"";"Presencial";
"1227562";"04";"26049";"";"";"37270";"STRICTO SENSU";"";"A definir";"2014";"1";"2014-03-10";"2014-06-14";"2N12 (10/03/2014 - 14/06/2014)";"1";"1";"REGULAR";"f";"2014-06-19 10:30:16.544";"f";"";"26";"CONSOLIDADA";"";"Presencial";
"1227563";"05";"5752768";"";"";"49093";"STRICTO SENSU";"";"A definir";"2014";"1";"2014-03-10";"2014-06-14";"4M2 (10/03/2014 - 14/06/2014)";"1";"1";"REGULAR";"f";"2014-06-11 09:52:57.151";"f";"";"14";"CONSOLIDADA";"";"Presencial";
"1227564";"01";"23844";"";"Curso em módulo de 2-13/6/2014";"38209";"STRICTO SENSU";"";"LGGP";"2014";"1";"2014-06-02";"2014-06-13";"24T34";"3";"3";"REGULAR";"f";"2014-07-20 08:08:33.83";"f";"";"0";"CONSOLIDADA";"";"Presencial";
"1227565";"06";"26013";"";"";"49095";"STRICTO SENSU";"";"A definir";"2014";"1";"2014-03-10";"2014-06-14";"2N1 (10/03/2014 - 14/06/2014)";"4";"6";"REGULAR";"f";"2014-06-11 10:16:49.807";"f";"";"12";"CONSOLIDADA";"";"Presencial";
"1227567";"01A";"5752740";"";"";"43738";"GRADUAÇÃO";"Campus Santa Cruz";"A definir";"2014";"1";"2014-01-27";"2014-06-14";"";"";"1";"ENSINO INDIVIDUAL";"f";"2014-06-19 00:42:33.758";"f";"1227566";"128";"CONSOLIDADA";"";"Presencial";
"1227567";"01A";"5756299";"";"";"43738";"GRADUAÇÃO";"Campus Santa Cruz";"A definir";"2014";"1";"2014-01-27";"2014-06-14";"";"";"1";"ENSINO INDIVIDUAL";"f";"2014-06-19 00:42:33.758";"f";"1227566";"128";"CONSOLIDADA";"";"Presencial";
"1227567";"01A";"5756046";"";"";"43738";"GRADUAÇÃO";"Campus Santa Cruz";"A definir";"2014";"1";"2014-01-27";"2014-06-14";"";"";"1";"ENSINO INDIVIDUAL";"f";"2014-06-19 00:42:33.758";"f";"1227566";"128";"CONSOLIDADA";"";"Presencial";
"1227568";"IND";"5753340";"";"";"44699";"GRADUAÇÃO";"Campus Central";"A DEFINIR";"2014";"1";"2014-01-27";"2014-06-14";"";"";"1";"ENSINO INDIVIDUAL";"f";"2014-06-17 14:38:11.286";"f";"";"0";"CONSOLIDADA";"";"Presencial";
"1227569";"IND";"26208";"";"";"2047962";"GRADUAÇÃO";"Campus Caicó";"A DEFINIR";"2014";"1";"2014-01-27";"2014-06-14";"";"";"1";"ENSINO INDIVIDUAL";"f";"2014-06-21 04:20:43.991";"f";"";"110";"CONSOLIDADA";"";"Presencial";
"1227571";"02A";"5756302";"";"";"2050153";"GRADUAÇÃO";"Campus Central";"A DEFINIR";"2014";"1";"2014-01-27";"2014-06-14";"";"";"1";"ENSINO INDIVIDUAL";"f";"2014-06-05 10:40:13.786";"f";"1227570";"0";"CONSOLIDADA";"";"Presencial";
"1227572";"SCRUZ";"15517";"";"";"42208";"LATO SENSU";"";"SANTA CRUZ";"2014";"1";"2013-09-14";"2013-10-04";"7M234  7T2345";"";"30";"REGULAR";"f";"2015-02-27 16:45:09.169";"f";"";"21";"CONSOLIDADA";"";"Presencial";
"1227573";"01";"26059";"";"";"38190";"STRICTO SENSU";"";"PPGG";"2014";"1";"2014-03-10";"2014-07-31";"24M45";"9";"8";"REGULAR";"f";"2014-08-08 12:59:18.985";"f";"";"60";"CONSOLIDADA";"";"Presencial";
"1227574";"01";"5752300";"";"";"39491";"STRICTO SENSU";"";"---";"2014";"1";"2014-02-24";"2014-06-20";"2M2345";"0";"2";"REGULAR";"f";"";"f";"";"";"EXCLUÍDA";"";"Presencial";
"1227575";"01";"5755926";"";"DESENVOLVIMENTO DE PROTOCOLOS DE PESQUISA";"36976";"STRICTO SENSU";"";"Sala 2 do PPgCF";"2014";"1";"2014-04-01";"2014-06-10";"3T234";"9";"20";"REGULAR";"f";"2014-08-18 14:00:14.338";"f";"";"18";"CONSOLIDADA";"";"Presencial";
"1227576";"01";"5755926";"";"MÉTODOS AVANÇADOS EM BIOESTATÍSTICA";"37973";"STRICTO SENSU";"";"Sala 2 do PPgCF";"2014";"1";"2014-04-09";"2014-06-11";"4M345";"12";"20";"REGULAR";"f";"2014-07-23 10:31:54.489";"f";"";"27";"CONSOLIDADA";"";"Presencial";
"1227577";"02";"5754558";"";"Modelagem Computacional de Fármacos";"37973";"STRICTO SENSU";"";"Sala 1 do PPgCF";"2014";"1";"2014-05-19";"2014-05-30";"23456M1";"6";"10";"REGULAR";"f";"2014-06-20 16:21:49.794";"f";"";"10";"CONSOLIDADA";"";"Presencial";
"1227578";"01";"5751830";"";"Sistemas de Liberação de Fármacos";"37961";"STRICTO SENSU";"";"Sala 2 do PPgCF";"2014";"1";"2014-04-08";"2014-05-20";"36M345";"9";"20";"REGULAR";"f";"2014-06-24 17:04:11.91";"f";"";"36";"CONSOLIDADA";"";"Presencial";
"1227579";"01";"5753043";"";"";"37949";"STRICTO SENSU";"";"Sala 2 do PPgCF";"2014";"1";"2014-03-24";"2014-05-26";"2T234";"26";"25";"REGULAR";"f";"2014-06-17 14:42:02.342";"f";"";"30";"CONSOLIDADA";"";"Presencial";
"1227579";"01";"5754558";"";"";"37949";"STRICTO SENSU";"";"Sala 2 do PPgCF";"2014";"1";"2014-03-24";"2014-05-26";"2T234";"26";"25";"REGULAR";"f";"2014-06-17 14:42:02.342";"f";"";"30";"CONSOLIDADA";"";"Presencial";
"1227580";"02";"64138";"";"";"39507";"STRICTO SENSU";"";"PROGRAMA DE PÓS-GRADUAÇÃO EM PATOLOGIA ORAL";"2014";"1";"2014-02-17";"2014-06-06";"2345M6";"";"6";"REGULAR";"f";"";"f";"";"";"EXCLUÍDA";"";"Presencial";
"1227580";"02";"21585";"";"";"39507";"STRICTO SENSU";"";"PROGRAMA DE PÓS-GRADUAÇÃO EM PATOLOGIA ORAL";"2014";"1";"2014-02-17";"2014-06-06";"2345M6";"";"6";"REGULAR";"f";"";"f";"";"";"EXCLUÍDA";"";"Presencial";
"1227580";"02";"21584";"";"";"39507";"STRICTO SENSU";"";"PROGRAMA DE PÓS-GRADUAÇÃO EM PATOLOGIA ORAL";"2014";"1";"2014-02-17";"2014-06-06";"2345M6";"";"6";"REGULAR";"f";"";"f";"";"";"EXCLUÍDA";"";"Presencial";
"1227580";"02";"24073";"";"";"39507";"STRICTO SENSU";"";"PROGRAMA DE PÓS-GRADUAÇÃO EM PATOLOGIA ORAL";"2014";"1";"2014-02-17";"2014-06-06";"2345M6";"";"6";"REGULAR";"f";"";"f";"";"";"EXCLUÍDA";"";"Presencial";
"1227580";"02";"17214";"";"";"39507";"STRICTO SENSU";"";"PROGRAMA DE PÓS-GRADUAÇÃO EM PATOLOGIA ORAL";"2014";"1";"2014-02-17";"2014-06-06";"2345M6";"";"6";"REGULAR";"f";"";"f";"";"";"EXCLUÍDA";"";"Presencial";
"1227580";"02";"5752209";"";"";"39507";"STRICTO SENSU";"";"PROGRAMA DE PÓS-GRADUAÇÃO EM PATOLOGIA ORAL";"2014";"1";"2014-02-17";"2014-06-06";"2345M6";"";"6";"REGULAR";"f";"";"f";"";"";"EXCLUÍDA";"";"Presencial";
"1227580";"02";"15842";"";"";"39507";"STRICTO SENSU";"";"PROGRAMA DE PÓS-GRADUAÇÃO EM PATOLOGIA ORAL";"2014";"1";"2014-02-17";"2014-06-06";"2345M6";"";"6";"REGULAR";"f";"";"f";"";"";"EXCLUÍDA";"";"Presencial";
"1227580";"02";"24072";"";"";"39507";"STRICTO SENSU";"";"PROGRAMA DE PÓS-GRADUAÇÃO EM PATOLOGIA ORAL";"2014";"1";"2014-02-17";"2014-06-06";"2345M6";"";"6";"REGULAR";"f";"";"f";"";"";"EXCLUÍDA";"";"Presencial";
"1227581";"02";"21794";"";"Curso em módulo de 5 a 23/5/2014";"38193";"STRICTO SENSU";"";"PPGG";"2014";"1";"2014-05-05";"2014-05-23";"35M12";"18";"18";"REGULAR";"f";"2014-06-06 07:13:17.665";"f";"";"12";"CONSOLIDADA";"";"Presencial";
"1227582";"01";"26522";"";"";"36978";"STRICTO SENSU";"";"Sala 1 do PPgCF";"2014";"1";"2014-04-22";"2014-06-12";"35T1";"17";"17";"REGULAR";"f";"2014-06-20 23:00:36.537";"f";"";"14";"CONSOLIDADA";"";"Presencial";
"1227582";"01";"5756367";"";"";"36978";"STRICTO SENSU";"";"Sala 1 do PPgCF";"2014";"1";"2014-04-22";"2014-06-12";"35T1";"17";"17";"REGULAR";"f";"2014-06-20 23:00:36.537";"f";"";"14";"CONSOLIDADA";"";"Presencial";
"1227583";"03";"5752802";"";"";"42248";"STRICTO SENSU";"";"Instituto do Cérebro";"2014";"1";"2014-03-22";"2014-05-24";"7N123";"1";"3";"REGULAR";"f";"2014-06-10 16:40:13.23";"f";"";"0";"CONSOLIDADA";"";"Presencial";
"1227584";"02";"25430";"";"";"38213";"STRICTO SENSU";"";"DGef";"2014";"1";"2014-03-10";"2014-07-31";"6M3456";"3";"5";"REGULAR";"f";"2014-08-04 17:23:10.722";"f";"";"72";"CONSOLIDADA";"";"Presencial";
"1227585";"08";"5753864";"";"";"38372";"STRICTO SENSU";"";"Turma destinada ao aluno Piatã";"2014";"1";"2014-02-10";"2014-06-11";"7N234";"1";"1";"REGULAR";"f";"2014-06-06 21:56:36.712";"f";"";"48";"CONSOLIDADA";"";"Presencial";
"1227586";"01";"2306614";"";"";"37964";"STRICTO SENSU";"";"Sala 2 do PPgCF";"2014";"1";"2014-03-17";"2014-06-02";"2T6";"24";"25";"REGULAR";"f";"2014-12-13 00:01:57.195";"f";"";"11";"CONSOLIDADA";"";"Presencial";
"1227587";"01";"24811";"";"";"43525";"STRICTO SENSU";"";"Sala 04 do Anexo do CCET";"2014";"1";"2014-03-06";"2014-06-27";"5T2345";"18";"20";"REGULAR";"f";"2014-09-08 13:05:06.98";"f";"";"72";"CONSOLIDADA";"";"Presencial";
"1227587";"01";"24813";"";"";"43525";"STRICTO SENSU";"";"Sala 04 do Anexo do CCET";"2014";"1";"2014-03-06";"2014-06-27";"5T2345";"18";"20";"REGULAR";"f";"2014-09-08 13:05:06.98";"f";"";"72";"CONSOLIDADA";"";"Presencial";
"1227588";"01";"5752456";"";"";"43524";"STRICTO SENSU";"";"Sala 04 do Anexo do CCET";"2014";"1";"2014-03-10";"2014-06-27";"2T2345";"14";"20";"REGULAR";"f";"2015-01-12 15:49:47.913";"f";"";"56";"CONSOLIDADA";"";"Presencial";
"1227589";"03";"5751991";"";"";"42247";"STRICTO SENSU";"";"Instituto do Cérebro";"2014";"1";"2014-03-22";"2014-05-24";"7M456";"1";"2";"REGULAR";"f";"2014-06-17 19:59:34.99";"f";"";"0";"CONSOLIDADA";"";"Presencial";
"1227604";"09";"21737";"";"";"38184";"STRICTO SENSU";"";"PPGG";"2014";"1";"2014-03-10";"2014-07-31";"24M12";"1";"1";"REGULAR";"f";"2014-08-27 09:37:03.146";"f";"";"80";"CONSOLIDADA";"";"Presencial";
"1227605";"01";"17597";"";"";"38167";"STRICTO SENSU";"";"DGef";"2014";"1";"2014-03-10";"2014-07-31";"24M12";"4";"4";"REGULAR";"f";"2014-08-04 15:16:10.514";"f";"";"80";"CONSOLIDADA";"";"Presencial";
"1227606";"02";"5752678";"";"";"38172";"STRICTO SENSU";"";"DGef";"2014";"1";"2014-04-01";"2014-06-16";"24T23";"3";"3";"REGULAR";"f";"2014-06-11 09:47:00.385";"f";"";"40";"CONSOLIDADA";"";"Presencial";
"1227635";"25";"26478";"";"";"39175";"STRICTO SENSU";"";"SETOR V";"2014";"1";"2014-02-10";"2014-06-11";"6M1";"1";"1";"REGULAR";"f";"2016-04-24 19:34:01.784";"f";"";"16";"CONSOLIDADA";"";"Presencial";
"1227695";"IND";"5755912";"";"";"2036503";"GRADUAÇÃO";"Campus Central";"A definir";"2014";"1";"2014-01-27";"2014-06-14";"";"";"3";"ENSINO INDIVIDUAL";"f";"2014-06-04 22:49:51.847";"f";"";"0";"CONSOLIDADA";"";"Presencial";
"1227696";"01";"5752704";"";"";"38163";"STRICTO SENSU";"";"PPGG";"2014";"1";"2014-03-10";"2014-07-31";"35T23";"3";"3";"REGULAR";"f";"2014-08-25 11:15:28.521";"f";"";"72";"CONSOLIDADA";"";"Presencial";
"1227697";"26";"26478";"";"";"39171";"STRICTO SENSU";"";"SETOR V";"2014";"1";"2014-02-10";"2014-06-11";"3T6";"1";"1";"REGULAR";"f";"2015-01-05 00:36:22.114";"f";"";"0";"CONSOLIDADA";"";"Presencial";
"1227698";"01";"23680";"";"";"2038350";"STRICTO SENSU";"";"A DEFINIR";"2014";"1";"2014-01-27";"2014-06-30";"7M1";"1";"3";"REGULAR";"f";"2014-06-09 11:04:48.155";"f";"";"19";"CONSOLIDADA";"";"Presencial";
"1227699";"04";"2297576";"";"";"38700";"STRICTO SENSU";"";"Centro de Biociências";"2014";"1";"2014-02-10";"2014-06-14";"3N123";"1";"1";"REGULAR";"f";"2014-10-29 11:52:04.551";"f";"";"0";"CONSOLIDADA";"";"Presencial";
"1227810";"01";"";"101013746";"";"55209";"LATO SENSU";"";"Natal";"2014";"1";"2014-02-07";"2014-02-22";"7M2345  7T2345  6N1234";"";"55";"REGULAR";"f";"2015-05-12 12:33:18.567";"f";"";"0";"CONSOLIDADA";"";"Presencial";
"1227811";"01";"5753543";"";"";"51762";"LATO SENSU";"";"Cabo de Santo Agostinho";"2014";"1";"2014-03-13";"2014-03-22";"7M12345  56T6  56N1234";"";"22";"REGULAR";"f";"2014-06-18 15:08:59.439";"f";"";"30";"CONSOLIDADA";"";"Presencial";
"1227812";"02";"18257";"";"";"38210";"STRICTO SENSU";"";"PPGG";"2014";"1";"2014-03-10";"2014-07-31";"24T23";"6";"6";"REGULAR";"f";"2014-07-07 10:18:19.071";"f";"";"64";"CONSOLIDADA";"";"Presencial";
"1227813";"29";"5752878";"";"";"18812";"TÉCNICO";"";"Sala 07";"2014";"1";"2014-01-27";"2014-06-14";"2T123";"";"1";"REGULAR";"f";"2014-06-15 15:43:26.457";"f";"";"54";"CONSOLIDADA";"";"Presencial";
"1227814";"11";"23176";"";"";"18832";"TÉCNICO";"";"Sala 08";"2014";"1";"2014-01-27";"2014-06-14";"3T123";"";"20";"REGULAR";"f";"";"f";"";"";"EXCLUÍDA";"";"Presencial";
"1227815";"01";"";"100172702";"Curso em módulo com título "Caracterização de ambientes recentes com base em microfósseis";"38179";"STRICTO SENSU";"";"PPGG";"2014";"1";"2014-04-07";"2014-04-12";"3M34";"4";"5";"REGULAR";"f";"2014-08-20 10:00:27.053";"f";"";"0";"CONSOLIDADA";"";"Presencial";
"1227816";"02";"5752672";"";"Deve favorecer a prática de pesquisa e a relação entre Graduação e a PG. Matrícula:11 de março";"47260";"STRICTO SENSU";"";"Sala F4 Aetor V";"2014";"1";"2014-03-10";"2014-06-13";"3T23";"1";"6";"REGULAR";"f";"2014-08-16 04:04:30.889";"f";"";"28";"CONSOLIDADA";"";"Presencial";
"1227817";"03";"2289228";"";"Deve favorecer a prática de pesquisa e a relação entre Graduação e a PG. Matrícula:11 de março";"47260";"STRICTO SENSU";"";"Sala F4 Aetor V";"2014";"1";"2014-03-10";"2014-06-13";"6T12";"2";"6";"REGULAR";"f";"2014-08-11 23:36:15.7";"f";"";"28";"CONSOLIDADA";"";"Presencial";
"1227818";"04";"19088";"";"Deve favorecer a prática de pesquisa e a relação entre Graduação e a PG. Matrícula:11 de março";"47260";"STRICTO SENSU";"";"Sala MULTIMEIOS NEPSA";"2014";"1";"2014-03-10";"2014-06-13";"4T12";"1";"6";"REGULAR";"f";"2014-12-12 16:11:57.343";"f";"";"28";"CONSOLIDADA";"";"Presencial";
"1227819";"05";"5753639";"";"Deve favorecer a prática de pesquisa e a relação entre Graduação e a PG. Matrícula:11 de março";"47260";"STRICTO SENSU";"";"Sala MULTIMEIOS NEPSA";"2014";"1";"2014-03-10";"2014-06-13";"3T12";"1";"6";"REGULAR";"f";"2014-08-11 15:37:36.422";"f";"";"28";"CONSOLIDADA";"";"Presencial";
"1227820";"06";"5752221";"";"Deve favorecer a prática de pesquisa e a relação entre Graduação e a PG. Matrícula:11 de março";"47260";"STRICTO SENSU";"";"Sala F4 Aetor V";"2014";"1";"2014-03-10";"2014-06-13";"3T34";"1";"6";"REGULAR";"f";"2014-06-17 08:37:43.837";"f";"";"28";"CONSOLIDADA";"";"Presencial";
"1227821";"01";"17266";"";"";"54733";"LATO SENSU";"";"AUDITÓRIO DO DEPTO DE FISIOTERAPIA";"2014";"1";"2014-03-06";"2014-03-22";"7M2345  7T23456  56N1234";"";"55";"REGULAR";"f";"2015-05-25 15:32:54.107";"f";"";"0";"CONSOLIDADA";"";"Presencial";
"1227821";"01";"5752263";"";"";"54733";"LATO SENSU";"";"AUDITÓRIO DO DEPTO DE FISIOTERAPIA";"2014";"1";"2014-03-06";"2014-03-22";"7M2345  7T23456  56N1234";"";"55";"REGULAR";"f";"2015-05-25 15:32:54.107";"f";"";"0";"CONSOLIDADA";"";"Presencial";
"1227822";"01";"5753093";"";"";"52147";"LATO SENSU";"";"Auditório do CERES - Currais Novos";"2014";"1";"2014-03-15";"2014-03-29";"7M12345  7T23456";"";"50";"REGULAR";"f";"2014-07-05 20:35:23.922";"f";"";"30";"CONSOLIDADA";"";"Presencial";
"1227823";"02";"5753093";"";"";"52147";"LATO SENSU";"";"Auditório do CERES - Currais Novos";"2014";"1";"2014-03-15";"2014-03-29";"7M12345  7T23456";"";"40";"REGULAR";"f";"";"f";"";"";"EXCLUÍDA";"";"Presencial";
"1227824";"01";"5754622";"";"";"53556";"LATO SENSU";"";"Sala D3 - Setor V";"2014";"1";"2014-03-07";"2014-03-15";"7M2345  7T3456  6N1234";"";"40";"REGULAR";"f";"2015-03-24 22:56:37.104";"f";"";"0";"CONSOLIDADA";"";"Presencial";
"1227825";"01";"23844";"";"Disciplina em módulo de 7 a 12 de abril de 2014";"38199";"STRICTO SENSU";"";"PPGG";"2014";"1";"2014-03-10";"2014-07-31";"35T456";"";"2";"REGULAR";"f";"";"f";"";"";"EXCLUÍDA";"";"Presencial";
"1227825";"01";"23108";"";"Disciplina em módulo de 7 a 12 de abril de 2014";"38199";"STRICTO SENSU";"";"PPGG";"2014";"1";"2014-03-10";"2014-07-31";"35T456";"";"2";"REGULAR";"f";"";"f";"";"";"EXCLUÍDA";"";"Presencial";
"1227825";"01";"18257";"";"Disciplina em módulo de 7 a 12 de abril de 2014";"38199";"STRICTO SENSU";"";"PPGG";"2014";"1";"2014-03-10";"2014-07-31";"35T456";"";"2";"REGULAR";"f";"";"f";"";"";"EXCLUÍDA";"";"Presencial";
"1227826";"01";"";"101336432";"";"54920";"FORMAÇÃO COMPLEMENTAR";"";"Turma Virtual do SIGAA";"2014";"1";"2014-03-19";"2014-04-19";"4M1";"";"100";"REGULAR";"f";"2014-11-04 13:58:35.262";"f";"";"0";"CONSOLIDADA";"";"Presencial";
"1227827";"01";"2302591";"";"";"2038101";"STRICTO SENSU";"";"Setor V, Sala F5";"2014";"1";"2014-01-27";"2014-06-14";"2N4";"41";"45";"REGULAR";"f";"2014-09-15 15:01:56.12";"f";"";"0";"CONSOLIDADA";"";"Presencial";
"1227828";"01";"23193";"";"";"54824";"LATO SENSU";"";"Currais Novos";"2014";"1";"2014-02-15";"2014-03-08";"7M12345  7T12345";"";"54";"REGULAR";"f";"2014-06-19 06:40:22.097";"f";"";"40";"CONSOLIDADA";"";"Presencial";
"1227829";"02";"5752291";"";"";"54762";"LATO SENSU";"";"Caicó";"2014";"1";"2014-02-15";"2014-03-08";"7M12345  7T12345";"";"53";"REGULAR";"f";"2014-06-14 09:33:21.761";"f";"";"40";"CONSOLIDADA";"";"Presencial";
"1227830";"01";"18769";"";"";"55739";"STRICTO SENSU";"";"PPGG";"2014";"1";"2014-03-10";"2014-07-31";"24T12";"5";"5";"REGULAR";"f";"2014-07-29 11:42:15.841";"f";"";"76";"CONSOLIDADA";"";"Presencial";
"1227831";"01";"17923";"";"Projeto de pesquisa";"44000";"STRICTO SENSU";"";"Departamento de enfermagem";"2014";"1";"2014-03-10";"2014-03-14";"7T456";"38";"40";"REGULAR";"f";"2014-07-09 20:21:37.086";"f";"";"0";"CONSOLIDADA";"";"Presencial";
"1227831";"01";"18062";"";"Projeto de pesquisa";"44000";"STRICTO SENSU";"";"Departamento de enfermagem";"2014";"1";"2014-03-10";"2014-03-14";"7T456";"38";"40";"REGULAR";"f";"2014-07-09 20:21:37.086";"f";"";"0";"CONSOLIDADA";"";"Presencial";
"1227832";"01";"5752846";"";"Disciplina obrigatória para ingressantes 2014.1";"42492";"STRICTO SENSU";"";"PPGPA - Macaíba";"2014";"1";"2014-03-17";"2014-07-11";"3T23";"5";"10";"REGULAR";"f";"2014-11-19 15:47:12.439";"f";"";"32";"CONSOLIDADA";"";"Presencial";
"1227833";"01";"5756414";"";"Disciplina obrigatória para os ingressantes 2014.1";"42489";"STRICTO SENSU";"";"PPGPA - Macaíba";"2014";"1";"2014-03-17";"2014-07-11";"4M234";"6";"10";"REGULAR";"f";"2014-07-23 14:34:53.658";"f";"";"48";"CONSOLIDADA";"";"Presencial";
"1227834";"01";"24385";"";"disciplina obrigatória para os ingressantes 2014-1";"2046568";"STRICTO SENSU";"";"PPGPA - Macaíba";"2014";"1";"2014-03-17";"2014-07-11";"2T2345";"6";"10";"REGULAR";"f";"2014-08-06 09:20:42.575";"f";"";"56";"CONSOLIDADA";"";"Presencial";
"1227835";"02";"";"18061330";"";"2055261";"STRICTO SENSU";"";"a definir";"2014";"1";"2014-03-10";"2014-07-03";"4T2345";"4";"20";"REGULAR";"f";"2014-08-19 14:41:42.102";"f";"";"68";"CONSOLIDADA";"";"Presencial";
"1227835";"02";"5754324";"";"";"2055261";"STRICTO SENSU";"";"a definir";"2014";"1";"2014-03-10";"2014-07-03";"4T2345";"4";"20";"REGULAR";"f";"2014-08-19 14:41:42.102";"f";"";"68";"CONSOLIDADA";"";"Presencial";
"1227836";"01";"23856";"";"Disciplina obrigatória para 2014.1";"2046566";"STRICTO SENSU";"";"PPGPA - Macaíba";"2014";"1";"2014-03-17";"2014-07-11";"5M3456";"5";"10";"REGULAR";"f";"2014-07-20 17:28:15.86";"f";"";"56";"CONSOLIDADA";"";"Presencial";
"1227837";"01";"22756";"";"";"55454";"LATO SENSU";"";"UFRN-NUCLEO DE PÓS-GRADUAÇÃO EM DIREITO - SALA 01";"2014";"1";"2014-03-10";"2014-03-14";"23456N1234";"";"70";"REGULAR";"f";"2014-12-02 09:14:06.156";"f";"";"12";"CONSOLIDADA";"";"Presencial";
"1227838";"02";"23108";"";"";"38199";"STRICTO SENSU";"";"PPGG e LGGP";"2014";"1";"2014-03-10";"2014-07-31";"35T234";"3";"3";"REGULAR";"f";"2014-07-21 16:54:08.072";"f";"";"102";"CONSOLIDADA";"";"Presencial";
"1227838";"02";"18257";"";"";"38199";"STRICTO SENSU";"";"PPGG e LGGP";"2014";"1";"2014-03-10";"2014-07-31";"35T234";"3";"3";"REGULAR";"f";"2014-07-21 16:54:08.072";"f";"";"102";"CONSOLIDADA";"";"Presencial";
"1227838";"02";"23844";"";"";"38199";"STRICTO SENSU";"";"PPGG e LGGP";"2014";"1";"2014-03-10";"2014-07-31";"35T234";"3";"3";"REGULAR";"f";"2014-07-21 16:54:08.072";"f";"";"102";"CONSOLIDADA";"";"Presencial";
"1227839";"05";"5755033";"";"";"44532";"STRICTO SENSU";"";"DEF - SALA 07";"2014";"1";"2014-01-27";"2014-07-31";"2M12";"1";"1";"REGULAR";"f";"2014-06-11 13:59:12.422";"f";"";"36";"CONSOLIDADA";"";"Presencial";
"1227840";"01";"5752249";"";"Turma oferecida para o aluno Leonardo Teixeira.";"2043557";"STRICTO SENSU";"";"A definir.";"2014";"1";"2014-01-27";"2014-06-13";"6N34";"1";"1";"REGULAR";"f";"2014-06-08 23:51:16.384";"f";"";"0";"CONSOLIDADA";"";"Presencial";
"1227841";"01";"5752794";"";"Aulas sempre à noite, das 18:45 às 21:25, nos dias 13, 17, 18, 19 e 26 de março.";"37007";"STRICTO SENSU";"";"Mini Auditório do PPGAU";"2014";"1";"2014-03-13";"2014-03-26";"246N123";"11";"25";"REGULAR";"f";"2014-07-09 19:27:45.544";"f";"";"9";"CONSOLIDADA";"";"Presencial";
"1227842";"01";"3031948";"";"";"54294";"LATO SENSU";"";"Auditório B CCHLA";"2014";"1";"2014-04-12";"2014-05-17";"7M12345  7T23456";"";"90";"REGULAR";"f";"2014-11-24 00:42:37.684";"f";"";"60";"CONSOLIDADA";"";"Presencial";
"1227843";"01";"26270";"";"";"47248";"LATO SENSU";"";"AUDITÓRIO DO DEPARTAMENTO DE FISIOTERAPIA";"2014";"1";"2013-10-25";"2013-10-26";"7M2345  7T2345  6N1234";"";"43";"REGULAR";"f";"2014-08-18 16:05:52.025";"f";"";"0";"CONSOLIDADA";"";"Presencial";
"1227844";"01";"5756264";"";"";"54904";"LATO SENSU";"";"SETOR II SALA D1";"2014";"1";"2014-01-27";"2014-06-14";"7M12345";"";"70";"REGULAR";"f";"2014-10-07 19:16:05.057";"f";"";"0";"CONSOLIDADA";"";"Presencial";
"1227845";"01";"5753683";"";"";"52943";"LATO SENSU";"";"Auditório - LABPSI";"2014";"1";"2014-03-14";"2014-03-16";"167M2345  5T3 67T3456";"";"40";"REGULAR";"f";"2014-06-13 22:17:01.101";"f";"";"20";"CONSOLIDADA";"";"Presencial";
"1227846";"01";"20786";"";"";"53397";"LATO SENSU";"";"2H7";"2014";"1";"2014-03-15";"2014-04-05";"7M2345  7T2345";"";"80";"REGULAR";"f";"2014-09-15 14:59:16.267";"f";"";"32";"CONSOLIDADA";"";"Presencial";
"1227847";"02";"";"103459444";"";"55209";"LATO SENSU";"";"NATAL";"2014";"1";"2014-02-07";"2014-02-22";"7M2345  7T123456  6N12345";"";"55";"REGULAR";"f";"2014-03-21 14:40:39.68";"f";"";"";"CONSOLIDADA";"";"Presencial";
"1227848";"03";"";"101031487";"";"55209";"LATO SENSU";"";"MOSSORÓ";"2014";"1";"2014-02-07";"2014-02-22";"7M2345  7T123456  6N12345";"";"55";"REGULAR";"f";"2015-05-13 09:52:16.946";"f";"";"0";"CONSOLIDADA";"";"Presencial";
"1227849";"02";"5753713";"";"";"45097";"STRICTO SENSU";"";"ECT";"2014";"1";"2014-03-17";"2014-06-30";"3M34";"";"1";"REGULAR";"f";"";"f";"";"";"EXCLUÍDA";"";"Presencial";
"1227850";"04";"";"101031511";"";"55209";"LATO SENSU";"";"CURRAIS NOVOS";"2014";"1";"2014-02-07";"2014-02-22";"7M2345  7T123456  6N12345";"";"55";"REGULAR";"f";"2015-05-22 10:30:08.664";"f";"";"0";"CONSOLIDADA";"";"Presencial";
"1227851";"01";"130657";"";"";"39495";"STRICTO SENSU";"";"---";"2014";"1";"2014-02-24";"2014-06-20";"5T2345";"1";"1";"REGULAR";"f";"2014-06-11 09:44:15.822";"f";"";"60";"CONSOLIDADA";"";"Presencial";
"1227852";"01";"26322";"";"";"55211";"LATO SENSU";"";"NATAL";"2014";"1";"2014-03-14";"2014-03-29";"7M2345  7T123456  6N12345";"";"55";"REGULAR";"f";"2015-05-19 17:02:06.408";"f";"";"30";"CONSOLIDADA";"";"Presencial";
"1227853";"02";"2289228";"";"";"55211";"LATO SENSU";"";"NATAL";"2014";"1";"2014-03-14";"2014-03-29";"7M2345  7T123456  6N12345";"";"55";"REGULAR";"f";"2015-05-31 22:23:01.452";"f";"";"45";"CONSOLIDADA";"";"Presencial";
"1227854";"03";"22129";"";"";"55211";"LATO SENSU";"";"CURRAIS NOVOS";"2014";"1";"2014-03-14";"2014-03-29";"7M2345  7T123456  6N12345";"";"55";"REGULAR";"f";"2015-05-23 19:32:34.952";"f";"";"45";"CONSOLIDADA";"";"Presencial";
"1227855";"04";"";"103459467";"";"55211";"LATO SENSU";"";"MOSSORÓ";"2014";"1";"2014-03-14";"2014-03-29";"7M2345  7T123456  6N12345";"";"55";"REGULAR";"f";"2015-05-20 15:25:53.586";"f";"";"45";"CONSOLIDADA";"";"Presencial";
"1227856";"04";"5751745";"";"";"18799";"TÉCNICO";"";"Sala 18";"2014";"1";"2014-01-27";"2014-06-14";"6T56  6N1";"";"1";"REGULAR";"f";"2014-06-08 09:06:37.455";"f";"";"54";"CONSOLIDADA";"";"Presencial";
"1227857";"02";"15524";"";"";"51158";"STRICTO SENSU";"";"Departamento de Odontologia";"2014";"1";"2014-04-09";"2014-06-11";"4M234";"15";"20";"REGULAR";"f";"2014-08-04 08:14:15.007";"f";"";"30";"CONSOLIDADA";"";"Presencial";
"1227857";"02";"22912";"";"";"51158";"STRICTO SENSU";"";"Departamento de Odontologia";"2014";"1";"2014-04-09";"2014-06-11";"4M234";"15";"20";"REGULAR";"f";"2014-08-04 08:14:15.007";"f";"";"30";"CONSOLIDADA";"";"Presencial";
"1227858";"01";"5751830";"";"";"2052909";"STRICTO SENSU";"";"Sala de aulas do DITM - UFRN";"2014";"1";"2014-02-04";"2014-07-31";"7N1";"22";"20";"REGULAR";"f";"2014-07-15 16:25:00.413";"f";"";"20";"CONSOLIDADA";"";"Presencial";
"1227859";"01";"5755386";"";"";"54907";"LATO SENSU";"";"SETOR V SALA F V";"2014";"1";"2014-09-06";"2014-10-18";"7M12345  7T123456";"";"70";"REGULAR";"f";"2014-12-13 16:42:30.238";"f";"";"55";"CONSOLIDADA";"";"Presencial";
"1227860";"01";"5755926";"";"TÓPICOS AVANÇADOS NA PESQUISA E DESENVOLVIMENTO DE MEDICAMENTOS: Bioestatistica";"2053011";"STRICTO SENSU";"";"Sala de aulas do DITM - UFRN";"2014";"1";"2014-02-04";"2014-07-31";"7N23";"10";"20";"REGULAR";"f";"2014-12-22 10:56:10.416";"f";"";"50";"CONSOLIDADA";"";"Presencial";
"1227861";"01";"21571";"";"";"51938";"LATO SENSU";"";"Sala D3 Setor V";"2014";"1";"2014-03-07";"2014-03-22";"7M2345  7T12  6N1234";"";"50";"REGULAR";"f";"2016-04-06 21:05:06.134";"f";"";"20";"CONSOLIDADA";"";"Presencial";
"1227862";"01";"";"97267404";"";"47307";"LATO SENSU";"";"AUDITÓRIO DO DEPARTAMENTO DE FISIOTERAPIA";"2014";"1";"2014-03-14";"2014-03-16";"17M2345  7T2345  6N1234";"";"43";"REGULAR";"f";"2014-07-30 12:34:39.601";"f";"";"0";"CONSOLIDADA";"";"Presencial";
"1227863";"01";"5755108";"";"";"53031";"LATO SENSU";"";"VD3";"2014";"1";"2014-03-12";"2014-03-15";"7M2345  456N1234";"";"40";"REGULAR";"f";"2015-12-10 16:40:02.586";"f";"";"16";"CONSOLIDADA";"";"Presencial";
"1227864";"02";"5752698";"";"Introdução à Micologia e suas aplicações";"36976";"STRICTO SENSU";"";"Sala 1 do PPgCF";"2014";"1";"2014-05-12";"2014-06-04";"24T5";"1";"10";"REGULAR";"f";"2014-07-22 17:17:55.033";"f";"";"8";"CONSOLIDADA";"";"Presencial";
"1227865";"01";"5756035";"";"";"48672";"TÉCNICO";"";"SALA 06";"2014";"1";"2014-01-27";"2014-06-14";"4T12";"";"20";"REGULAR";"f";"2014-07-02 10:29:06.475";"f";"";"0";"CONSOLIDADA";"";"Presencial";
"1227866";"03";"5753713";"";"";"45097";"STRICTO SENSU";"";"ECT";"2014";"1";"2014-03-18";"2014-06-24";"3N12";"1";"1";"REGULAR";"f";"";"f";"";"";"EXCLUÍDA";"";"Presencial";
"1227867";"04";"5751991";"";"";"45097";"STRICTO SENSU";"";"ECT";"2014";"1";"2014-03-18";"2014-06-24";"3N12";"1";"1";"REGULAR";"f";"";"f";"";"";"EXCLUÍDA";"";"Presencial";
"1227868";"05";"5753879";"";"";"45097";"STRICTO SENSU";"";"ECT";"2014";"1";"2014-03-18";"2014-06-24";"3N12";"1";"1";"REGULAR";"f";"2014-07-23 07:26:12.302";"f";"";"0";"CONSOLIDADA";"";"Presencial";
"1227869";"01";"5753713";"";"";"41202";"STRICTO SENSU";"";"A definir";"2014";"1";"2014-04-02";"2014-05-28";"4T12345";"1";"10";"REGULAR";"f";"2014-08-24 11:38:18.987";"f";"";"15";"CONSOLIDADA";"";"Presencial";
"1227900";"01";"5751875";"";"";"45107";"STRICTO SENSU";"";"Definido com Professor Orientador";"2014";"1";"2014-02-04";"2014-07-31";"7T6";"1";"1";"REGULAR";"f";"2014-06-16 13:10:32.16";"f";"";"16";"CONSOLIDADA";"";"Presencial";
"1227901";"01";"25847";"";"Disciplina oferecida na UFRPE";"2052916";"STRICTO SENSU";"";"UFRPE";"2014";"1";"2014-02-04";"2014-07-31";"7T345";"3";"20";"REGULAR";"f";"2014-12-22 10:04:22.019";"f";"";"75";"CONSOLIDADA";"";"Presencial";
"1227901";"01";"";"11617051";"Disciplina oferecida na UFRPE";"2052916";"STRICTO SENSU";"";"UFRPE";"2014";"1";"2014-02-04";"2014-07-31";"7T345";"3";"20";"REGULAR";"f";"2014-12-22 10:04:22.019";"f";"";"75";"CONSOLIDADA";"";"Presencial";
"1227902";"01";"5752873";"";"";"55771";"TÉCNICO";"";"Sala Agropecuária 1";"2014";"1";"2014-01-27";"2014-06-14";"2M45";"";"35";"REGULAR";"f";"";"f";"";"";"EXCLUÍDA";"";"Presencial";
"1227903";"X";"5752873";"";"";"48673";"TÉCNICO";"";"Sala Agropecuária 1";"2014";"1";"2014-01-27";"2014-06-14";"2M45";"";"45";"REGULAR";"f";"2014-11-25 10:43:59.594";"f";"";"0";"CONSOLIDADA";"";"Presencial";
"1227904";"02";"5754111";"";"";"2055254";"STRICTO SENSU";"";"a definir";"2014";"1";"2014-03-10";"2014-07-03";"2N1234";"2";"20";"REGULAR";"f";"2014-06-29 10:55:40.271";"f";"";"60";"CONSOLIDADA";"";"Presencial";
"1227905";"01";"18133";"";"";"54422";"LATO SENSU";"";"Santa Cruz";"2014";"1";"2014-03-15";"2014-04-12";"7M2345  7T23456";"";"41";"REGULAR";"f";"2014-06-21 20:55:31.461";"f";"";"45";"CONSOLIDADA";"";"Presencial";
"1227906";"01";"";"100115724";"";"54421";"LATO SENSU";"";"São Paulo do Potengi";"2014";"1";"2014-03-15";"2014-04-12";"7M2345  7T23456";"";"45";"REGULAR";"f";"2014-12-27 15:47:15.513";"f";"";"45";"CONSOLIDADA";"";"Presencial";
"1227907";"01";"22817";"";"Mercado Imobiliário";"2043620";"STRICTO SENSU";"";"Sala de aula do PEC";"2014";"1";"2014-02-24";"2014-06-14";"2T456";"7";"10";"REGULAR";"f";"2014-06-13 08:46:56.988";"f";"";"42";"CONSOLIDADA";"";"Presencial";
"1227908";"02";"26049";"";"";"45107";"STRICTO SENSU";"";"Definido com Professor Orientador";"2014";"1";"2014-02-04";"2014-07-31";"7T1";"1";"1";"REGULAR";"f";"2014-06-16 11:09:28.837";"f";"";"19";"CONSOLIDADA";"";"Presencial";
"1227909";"01";"";"100050568";"";"2055882";"STRICTO SENSU";"";"A definir";"2014";"1";"2014-04-14";"2014-04-19";"23456T1";"";"10";"REGULAR";"f";"";"f";"";"";"EXCLUÍDA";"";"Presencial";
"1227909";"01";"21333";"";"";"2055882";"STRICTO SENSU";"";"A definir";"2014";"1";"2014-04-14";"2014-04-19";"23456T1";"";"10";"REGULAR";"f";"";"f";"";"";"EXCLUÍDA";"";"Presencial";
"1227911";"05";"25454";"";"";"38700";"STRICTO SENSU";"";"Centro de Biociências";"2014";"1";"2014-02-10";"2014-06-14";"6N123";"1";"1";"REGULAR";"f";"2014-06-02 13:58:34.102";"f";"";"45";"CONSOLIDADA";"";"Presencial";
"1227912";"01";"24347";"";"";"2055893";"STRICTO SENSU";"";"A definir";"2014";"1";"2014-04-22";"2014-04-26";"3456T1";"2";"10";"REGULAR";"f";"2014-04-30 18:11:05.395";"f";"";"4";"CONSOLIDADA";"";"Presencial";
"1227913";"01";"";"2725956";"";"2055884";"STRICTO SENSU";"";"UFC";"2014";"1";"2014-05-05";"2014-05-10";"23456T1";"1";"10";"REGULAR";"f";"";"f";"";"";"EXCLUÍDA";"";"Presencial";
"1227915";"01";"";"2852688";"";"2055881";"STRICTO SENSU";"";"UFC";"2014";"1";"2014-02-10";"2014-06-11";"7T456";"2";"10";"REGULAR";"f";"";"f";"";"";"ABERTA";"";"Presencial";
"1227917";"03";"18179";"";"";"45107";"STRICTO SENSU";"";"Definido com Orientador";"2014";"1";"2014-02-04";"2014-07-31";"7T1";"1";"1";"REGULAR";"f";"2016-09-08 17:18:10.571";"f";"";"0";"CONSOLIDADA";"";"Presencial";
"1227918";"01";"26253";"";"";"55740";"RESIDÊNCIA";"";"DESSO/UFRN";"2014";"1";"2014-02-06";"2014-06-12";"5M1234";"";"10";"REGULAR";"f";"2014-08-19 10:13:33.771";"f";"";"36";"CONSOLIDADA";"";"Presencial";
"1227919";"05";"2297576";"";"Turma aberta para o aluno Damião Valdenor de Oliveira.";"2043556";"STRICTO SENSU";"";"A definir.";"2014";"1";"2014-01-27";"2014-06-13";"2N34";"1";"1";"REGULAR";"f";"2014-10-24 13:26:10.731";"f";"";"0";"CONSOLIDADA";"";"Presencial";
"1227920";"01";"22011";"";"";"54894";"LATO SENSU";"";"DOD";"2014";"1";"2014-03-13";"2014-06-27";"5M2345";"";"12";"REGULAR";"f";"2015-11-12 15:48:22.062";"f";"";"0";"CONSOLIDADA";"";"Presencial";
"1227921";"01";"5752231";"";"";"47986";"LATO SENSU";"";"DOD";"2014";"1";"2014-03-13";"2014-08-29";"6T2345";"";"12";"REGULAR";"f";"2015-11-12 14:39:38.317";"f";"";"0";"CONSOLIDADA";"";"Presencial";
"1227921";"01";"2257775";"";"";"47986";"LATO SENSU";"";"DOD";"2014";"1";"2014-03-13";"2014-08-29";"6T2345";"";"12";"REGULAR";"f";"2015-11-12 14:39:38.317";"f";"";"0";"CONSOLIDADA";"";"Presencial";
"1227922";"01";"5753615";"";"";"54392";"TÉCNICO";"";"Setores de produção EAJ";"2014";"1";"2014-01-27";"2014-06-14";"";"";"10";"REGULAR";"f";"2014-06-16 19:18:59.139";"f";"";"0";"CONSOLIDADA";"";"Presencial";
"1227923";"01";"5753615";"";"";"51113";"TÉCNICO";"";"Agropecuária 5";"2014";"1";"2014-01-27";"2014-06-14";"3T45";"";"5";"REGULAR";"f";"2014-06-16 19:48:20.129";"f";"";"0";"CONSOLIDADA";"";"Presencial";
"1227924";"01";"";"11879930";"";"2046573";"STRICTO SENSU";"";"a definir";"2014";"1";"2014-03-17";"2014-07-11";"25M23";"";"10";"REGULAR";"f";"";"f";"";"";"EXCLUÍDA";"";"Presencial";
"1227925";"01";"";"100700375";"";"54608";"LATO SENSU";"";"Auditório - LABPSI";"2014";"1";"2014-03-28";"2014-03-30";"167M2345  67T3456";"";"45";"REGULAR";"f";"2016-08-19 23:20:27.255";"f";"";"0";"CONSOLIDADA";"";"Presencial";
"1227926";"01";"25595";"";"";"48662";"LATO SENSU";"";"DOD";"2014";"1";"2014-03-13";"2015-06-26";"5T2345";"";"12";"REGULAR";"f";"2015-11-12 14:59:43.658";"f";"";"0";"CONSOLIDADA";"";"Presencial";
"1227927";"01";"5753027";"";"";"41601";"LATO SENSU";"";"DOD";"2014";"1";"2014-06-05";"2014-06-27";"7M2345";"";"12";"REGULAR";"f";"2015-11-12 15:53:46.066";"f";"";"0";"CONSOLIDADA";"";"Presencial";
"1227928";"01";"";"89557461";"";"48792";"LATO SENSU";"";"DOD";"2014";"1";"2014-05-02";"2014-05-30";"6M2345";"";"12";"REGULAR";"f";"2015-11-12 15:05:56.296";"f";"";"0";"CONSOLIDADA";"";"Presencial";
"1227929";"01";"5752231";"";"";"53720";"LATO SENSU";"";"DOD";"2014";"1";"2014-03-13";"2015-06-26";"5N234";"";"12";"REGULAR";"f";"2015-11-12 15:07:42.286";"f";"";"0";"CONSOLIDADA";"";"Presencial";
"1227929";"01";"2257775";"";"";"53720";"LATO SENSU";"";"DOD";"2014";"1";"2014-03-13";"2015-06-26";"5N234";"";"12";"REGULAR";"f";"2015-11-12 15:07:42.286";"f";"";"0";"CONSOLIDADA";"";"Presencial";
"1227929";"01";"";"98608506";"";"53720";"LATO SENSU";"";"DOD";"2014";"1";"2014-03-13";"2015-06-26";"5N234";"";"12";"REGULAR";"f";"2015-11-12 15:07:42.286";"f";"";"0";"CONSOLIDADA";"";"Presencial";
"1227930";"01";"2277825";"";"";"39496";"STRICTO SENSU";"";"---";"2014";"1";"2014-02-24";"2014-06-20";"5T2345";"4";"4";"REGULAR";"f";"2014-10-06 19:12:46.366";"f";"";"67";"CONSOLIDADA";"";"Presencial";
"1227931";"01";"5752552";"";"alunos da residencia";"55787";"RESIDÊNCIA";"";"huab";"2014";"1";"2014-03-17";"2014-05-12";"2T456  2N1";"";"15";"REGULAR";"f";"2014-06-12 18:40:56.3";"f";"";"40";"CONSOLIDADA";"";"Presencial";
"1227932";"01";"5753060";"";"";"50405";"LATO SENSU";"";"D4 - Setor V";"2014";"1";"2014-03-21";"2014-04-05";"7M2345  6T23456 7T1  6N1";"";"36";"REGULAR";"f";"2014-09-30 08:38:16.79";"f";"";"33";"CONSOLIDADA";"";"Presencial";
"1227933";"01";"26190";"";"alunos da residencia multiprofissional";"55780";"RESIDÊNCIA";"";"huab";"2014";"1";"2014-03-20";"2014-07-17";"5T3456";"";"15";"REGULAR";"f";"2014-08-14 16:57:40.615";"f";"";"40";"CONSOLIDADA";"";"Presencial";
"1227933";"01";"5755037";"";"alunos da residencia multiprofissional";"55780";"RESIDÊNCIA";"";"huab";"2014";"1";"2014-03-20";"2014-07-17";"5T3456";"";"15";"REGULAR";"f";"2014-08-14 16:57:40.615";"f";"";"40";"CONSOLIDADA";"";"Presencial";
"1227934";"01";"22752";"";"alunos da residencia multiprofissional";"55782";"RESIDÊNCIA";"";"huab";"2014";"1";"2014-03-17";"2014-07-14";"2T12";"";"15";"REGULAR";"f";"2014-07-31 21:18:53.341";"f";"";"32";"CONSOLIDADA";"";"Presencial";
"1227935";"01";"26012";"";"";"52407";"LATO SENSU";"";"CIVT/IMD";"2014";"1";"2014-03-17";"2014-03-22";"246M12 7M2345  7T123456";"";"31";"REGULAR";"f";"2015-04-08 12:04:12.893";"f";"";"6";"CONSOLIDADA";"";"Presencial";
"1227936";"04";"59150";"";"";"45107";"STRICTO SENSU";"";"Definido com Orientador";"2014";"1";"2014-02-04";"2014-07-31";"7T1";"1";"1";"REGULAR";"f";"2014-06-27 16:48:51.623";"f";"";"0";"CONSOLIDADA";"";"Presencial";
"1227937";"01";"5752300";"";"";"39500";"STRICTO SENSU";"";"---";"2014";"1";"2014-02-24";"2014-06-20";"5T2345";"4";"4";"REGULAR";"f";"2014-09-04 15:44:49.967";"f";"";"56";"CONSOLIDADA";"";"Presencial";
"1227938";"01";"18673";"";"";"38893";"STRICTO SENSU";"";"3D6";"2014";"1";"2014-04-02";"2014-04-17";"23456M2345";"33";"45";"REGULAR";"f";"2014-05-14 06:04:30.6";"f";"";"0";"CONSOLIDADA";"";"Presencial";
"1227939";"01";"22744";"";"";"38894";"STRICTO SENSU";"";"3D6";"2014";"1";"2014-05-12";"2014-05-30";"23456M2345";"32";"45";"REGULAR";"f";"2014-06-20 10:48:28.531";"f";"";"56";"CONSOLIDADA";"";"Presencial";
"1227940";"01";"5752298";"";"";"38892";"STRICTO SENSU";"";"3D6";"2014";"1";"2014-04-22";"2014-05-09";"23456M2345";"34";"45";"REGULAR";"f";"2014-06-16 21:28:32.057";"f";"";"44";"CONSOLIDADA";"";"Presencial";
"1227941";"X";"21621";"";"";"54375";"TÉCNICO";"";"Sala Agropecuária 1";"2014";"1";"2014-01-27";"2014-06-14";"4T45";"";"45";"REGULAR";"f";"2014-12-11 08:04:18.307";"f";"";"36";"CONSOLIDADA";"";"Presencial";
"1227942";"X";"5753615";"";"";"54376";"TÉCNICO";"";"Sala Agropecuária 1";"2014";"1";"2014-01-27";"2014-06-14";"3T123";"";"45";"REGULAR";"f";"2014-06-16 12:05:08.742";"f";"";"30";"CONSOLIDADA";"";"Presencial";
"1227943";"Z";"3030595";"";"";"54386";"TÉCNICO";"";"Sala Agropecuária 2";"2014";"1";"2014-01-27";"2014-06-14";"5T123";"";"35";"REGULAR";"f";"2014-06-16 17:54:18.951";"f";"";"54";"CONSOLIDADA";"";"Presencial";
"1227944";"Z";"20866";"";"";"54385";"TÉCNICO";"";"Sala Agropecuária 2";"2014";"1";"2014-01-27";"2014-06-14";"3M345";"";"35";"REGULAR";"f";"2014-06-23 09:14:26.687";"f";"";"57";"CONSOLIDADA";"";"Presencial";
"1227945";"Z";"23897";"";"";"54391";"TÉCNICO";"";"Sala Agropecuária 2";"2014";"1";"2014-01-27";"2014-06-14";"2T45 5T4";"";"35";"REGULAR";"f";"2014-07-31 07:12:12.818";"f";"";"53";"CONSOLIDADA";"";"Presencial";
"1227946";"X";"35115";"";"";"54373";"TÉCNICO";"";"Sala Agropecuária 1";"2014";"1";"2014-01-27";"2014-06-14";"5T45";"";"45";"REGULAR";"f";"2014-06-13 23:19:28.508";"f";"";"36";"CONSOLIDADA";"";"Presencial";
"1227947";"03";"23897";"";"";"48673";"TÉCNICO";"";"Sala Agropecuária 2";"2014";"1";"2014-01-27";"2014-06-14";"2T123";"";"35";"REGULAR";"f";"";"f";"";"";"EXCLUÍDA";"";"Presencial";
"1227948";"Z";"23897";"";"";"54389";"TÉCNICO";"";"Sala Agropecuária 2";"2014";"1";"2014-01-27";"2014-06-14";"2T123";"";"35";"REGULAR";"f";"2014-06-10 14:49:10.319";"f";"";"54";"CONSOLIDADA";"";"Presencial";
"1227949";"01";"5752302";"";"";"53818";"LATO SENSU";"";"UFRN-NUCLEO DE PÓS-GRADUAÇÃO EM DIREITO - SALA 01";"2014";"1";"2014-03-24";"2014-03-28";"23456N1234";"";"55";"REGULAR";"f";"2015-02-11 11:05:15.299";"f";"";"20";"CONSOLIDADA";"";"Presencial";
"1227950";"09";"5752294";"";"";"39750";"STRICTO SENSU";"";"EC&T";"2014";"1";"2014-02-10";"2014-06-27";"3T12";"";"1";"REGULAR";"f";"";"f";"";"";"EXCLUÍDA";"";"Presencial";
"1227951";"04";"5753713";"";"";"42247";"STRICTO SENSU";"";"ECT";"2014";"1";"2014-03-22";"2014-05-24";"7M456";"1";"2";"REGULAR";"f";"2014-06-21 20:23:21.096";"f";"";"0";"CONSOLIDADA";"";"Presencial";
"1227952";"AS01";"22146";"";"";"55817";"TÉCNICO";"";"Sala Agropecuária 3";"2014";"1";"2014-01-27";"2014-06-14";"4T2345";"";"35";"REGULAR";"f";"2015-03-13 07:43:34.208";"f";"";"76";"CONSOLIDADA";"";"Presencial";
"1227953";"AS01";"5041554";"";"";"55818";"TÉCNICO";"";"Sala Agropecuária 3";"2014";"1";"2014-01-27";"2014-06-14";"3M45 5M12";"";"45";"REGULAR";"f";"2014-06-11 11:49:03.346";"f";"";"54";"CONSOLIDADA";"";"Presencial";
"1227954";"AS01";"25499";"";"";"55822";"TÉCNICO";"";"Sala Agropecuária 3";"2014";"1";"2014-01-27";"2014-06-14";"2M345  2T5";"";"35";"REGULAR";"f";"2014-06-12 14:54:18.43";"f";"";"63";"CONSOLIDADA";"";"Presencial";
"1227955";"AS01";"5754983";"";"";"55849";"TÉCNICO";"";"Sala Agropecuária 3";"2014";"1";"2014-01-27";"2014-06-14";"3T1234";"";"35";"REGULAR";"f";"2014-06-21 14:40:41.254";"f";"";"76";"CONSOLIDADA";"";"Presencial";
"1227956";"AS01";"22092";"";"";"55824";"TÉCNICO";"";"Sala Agropecuária 3";"2014";"1";"2014-01-27";"2014-06-14";"3M12";"";"35";"REGULAR";"f";"2014-11-13 14:22:36.871";"f";"";"38";"CONSOLIDADA";"";"Presencial";
"1227957";"AS01";"23912";"";"";"55825";"TÉCNICO";"";"Sala Agropecuária 3";"2014";"1";"2014-01-27";"2014-06-14";"2T34";"";"35";"REGULAR";"f";"2014-07-24 13:16:45.444";"f";"";"34";"CONSOLIDADA";"";"Presencial";
"1227958";"AS01";"5753615";"";"";"55826";"TÉCNICO";"";"Sala Agropecuária 3";"2014";"1";"2014-01-27";"2014-06-14";"2M12";"";"35";"REGULAR";"f";"2014-06-16 12:02:45.813";"f";"";"26";"CONSOLIDADA";"";"Presencial";
"1227959";"AS01";"5751560";"";"";"55827";"TÉCNICO";"";"Sala Agropecuária 3";"2014";"1";"2014-01-27";"2014-06-14";"4M1234";"";"35";"REGULAR";"f";"2014-06-06 14:26:43.377";"f";"";"72";"CONSOLIDADA";"";"Presencial";
"1227960";"AS01";"20867";"";"";"55830";"TÉCNICO";"";"Sala Agropecuária 3";"2014";"1";"2014-01-27";"2014-06-14";"3M3 5M345";"";"45";"REGULAR";"f";"2014-06-15 20:45:53.938";"f";"";"79";"CONSOLIDADA";"";"Presencial";
"1227961";"01";"5753008";"";"";"47985";"LATO SENSU";"";"DOD";"2014";"1";"2014-03-27";"2014-05-30";"6N234";"";"12";"REGULAR";"f";"2015-11-12 14:36:48.731";"f";"";"0";"CONSOLIDADA";"";"Presencial";
"1227961";"01";"";"89529044";"";"47985";"LATO SENSU";"";"DOD";"2014";"1";"2014-03-27";"2014-05-30";"6N234";"";"12";"REGULAR";"f";"2015-11-12 14:36:48.731";"f";"";"0";"CONSOLIDADA";"";"Presencial";
"1227963";"01";"2257775";"";"";"53721";"LATO SENSU";"";"DOD";"2014";"1";"2014-09-04";"2015-01-30";"6M2345";"";"12";"REGULAR";"f";"";"f";"";"";"EXCLUÍDA";"";"Presencial";
"1227964";"01";"64721";"";"";"55850";"FORMAÇÃO COMPLEMENTAR";"";"Turma Virtual do SIGAA";"2014";"1";"2014-03-19";"2014-04-16";"4T2";"";"100";"REGULAR";"f";"2014-04-29 16:16:20.964";"f";"";"0";"CONSOLIDADA";"";"Presencial";
"1227965";"01";"22901";"";"";"53741";"LATO SENSU";"";"DOD";"2014";"1";"2014-06-05";"2015-10-30";"1234N234";"";"12";"REGULAR";"f";"2015-11-12 15:46:59.463";"f";"";"0";"CONSOLIDADA";"";"Presencial";
"1227965";"01";"5752231";"";"";"53741";"LATO SENSU";"";"DOD";"2014";"1";"2014-06-05";"2015-10-30";"1234N234";"";"12";"REGULAR";"f";"2015-11-12 15:46:59.463";"f";"";"0";"CONSOLIDADA";"";"Presencial";
"1227965";"01";"2257775";"";"";"53741";"LATO SENSU";"";"DOD";"2014";"1";"2014-06-05";"2015-10-30";"1234N234";"";"12";"REGULAR";"f";"2015-11-12 15:46:59.463";"f";"";"0";"CONSOLIDADA";"";"Presencial";
"1227965";"01";"";"89529039";"";"53741";"LATO SENSU";"";"DOD";"2014";"1";"2014-06-05";"2015-10-30";"1234N234";"";"12";"REGULAR";"f";"2015-11-12 15:46:59.463";"f";"";"0";"CONSOLIDADA";"";"Presencial";
"1227965";"01";"25595";"";"";"53741";"LATO SENSU";"";"DOD";"2014";"1";"2014-06-05";"2015-10-30";"1234N234";"";"12";"REGULAR";"f";"2015-11-12 15:46:59.463";"f";"";"0";"CONSOLIDADA";"";"Presencial";
"1227965";"01";"";"89545526";"";"53741";"LATO SENSU";"";"DOD";"2014";"1";"2014-06-05";"2015-10-30";"1234N234";"";"12";"REGULAR";"f";"2015-11-12 15:46:59.463";"f";"";"0";"CONSOLIDADA";"";"Presencial";
"1227965";"01";"";"98608506";"";"53741";"LATO SENSU";"";"DOD";"2014";"1";"2014-06-05";"2015-10-30";"1234N234";"";"12";"REGULAR";"f";"2015-11-12 15:46:59.463";"f";"";"0";"CONSOLIDADA";"";"Presencial";
"1227966";"01";"2257775";"";"";"54895";"LATO SENSU";"";"DOD";"2014";"1";"2014-06-05";"2014-12-27";"6N234";"";"12";"REGULAR";"f";"2015-11-12 15:51:45.154";"f";"";"0";"CONSOLIDADA";"";"Presencial";
"1227966";"01";"";"101133163";"";"54895";"LATO SENSU";"";"DOD";"2014";"1";"2014-06-05";"2014-12-27";"6N234";"";"12";"REGULAR";"f";"2015-11-12 15:51:45.154";"f";"";"0";"CONSOLIDADA";"";"Presencial";
"1227966";"01";"5752231";"";"";"54895";"LATO SENSU";"";"DOD";"2014";"1";"2014-06-05";"2014-12-27";"6N234";"";"12";"REGULAR";"f";"2015-11-12 15:51:45.154";"f";"";"0";"CONSOLIDADA";"";"Presencial";
"1227966";"01";"";"101133177";"";"54895";"LATO SENSU";"";"DOD";"2014";"1";"2014-06-05";"2014-12-27";"6N234";"";"12";"REGULAR";"f";"2015-11-12 15:51:45.154";"f";"";"0";"CONSOLIDADA";"";"Presencial";
"1227966";"01";"25595";"";"";"54895";"LATO SENSU";"";"DOD";"2014";"1";"2014-06-05";"2014-12-27";"6N234";"";"12";"REGULAR";"f";"2015-11-12 15:51:45.154";"f";"";"0";"CONSOLIDADA";"";"Presencial";
"1227968";"01";"24346";"";"";"55852";"STRICTO SENSU";"";"Sala dos Grupos de Pesquisa";"2014";"1";"2014-02-10";"2014-06-30";"2T456";"10";"20";"REGULAR";"f";"2014-07-21 15:20:15.749";"f";"";"45";"CONSOLIDADA";"";"Presencial";
"1227969";"01";"23860";"";"";"53439";"LATO SENSU";"";"setor V Sala A1";"2014";"1";"2015-06-08";"2015-06-26";"345N1234";"";"55";"REGULAR";"f";"2015-11-23 16:04:02.419";"f";"";"0";"CONSOLIDADA";"";"Presencial";
"1227970";"01";"5752601";"";"";"53433";"LATO SENSU";"";"setor V Sala A1";"2014";"1";"2014-03-31";"2014-04-16";"2345N1234";"";"55";"REGULAR";"f";"2015-11-23 10:48:27.721";"f";"";"24";"CONSOLIDADA";"";"Presencial";
"1227971";"02";"5755912";"";"";"53916";"GRADUAÇÃO";"Campus Central";"Sala 04 - DDCA";"2014";"1";"2014-01-27";"2014-06-14";"35T56";"";"1";"REGULAR";"f";"2014-06-04 22:51:53.926";"f";"";"68";"CONSOLIDADA";"";"Presencial";
"1227972";"01";"5752679";"";"";"51667";"LATO SENSU";"";"Cabo de Santo Agostinho";"2014";"1";"2014-04-03";"2014-04-12";"7M12345  56T6  56N1234";"";"22";"REGULAR";"f";"2014-05-14 14:51:40.932";"f";"";"30";"CONSOLIDADA";"";"Presencial";
"1227973";"01";"22739";"";"";"54534";"LATO SENSU";"";"LABORATÓRIO 1 - SINFO";"2014";"1";"2014-04-09";"2014-04-26";"7M345  456N234";"";"50";"REGULAR";"f";"2014-05-20 16:47:48.684";"f";"";"21";"CONSOLIDADA";"";"Presencial";
"1227973";"01";"";"104132321";"";"54534";"LATO SENSU";"";"LABORATÓRIO 1 - SINFO";"2014";"1";"2014-04-09";"2014-04-26";"7M345  456N234";"";"50";"REGULAR";"f";"2014-05-20 16:47:48.684";"f";"";"21";"CONSOLIDADA";"";"Presencial";
"1227973";"01";"";"100302167";"";"54534";"LATO SENSU";"";"LABORATÓRIO 1 - SINFO";"2014";"1";"2014-04-09";"2014-04-26";"7M345  456N234";"";"50";"REGULAR";"f";"2014-05-20 16:47:48.684";"f";"";"21";"CONSOLIDADA";"";"Presencial";
"1227974";"01";"";"103703722";"";"55875";"FORMAÇÃO COMPLEMENTAR";"";"Turma Virtual do SIGAA";"2014";"1";"2014-03-31";"2014-05-09";"2367M1";"";"100";"REGULAR";"f";"2014-05-24 10:05:22.973";"f";"";"0";"CONSOLIDADA";"";"Presencial";
"1227976";"01";"22013";"";"";"55212";"LATO SENSU";"";"NATAL";"2014";"1";"2014-04-11";"2014-04-26";"7M2345  7T123456  67N12345";"";"55";"REGULAR";"f";"2014-06-20 10:29:27.359";"f";"";"40";"CONSOLIDADA";"";"Presencial";
"1227977";"02";"";"101803841";"";"55212";"LATO SENSU";"";"NATAL";"2014";"1";"2014-04-11";"2014-04-26";"7M2345  7T123456  67N12345";"";"55";"REGULAR";"f";"2015-05-26 13:21:52.021";"f";"";"55";"CONSOLIDADA";"";"Presencial";
"1227978";"03";"";"101803840";"";"55212";"LATO SENSU";"";"CURRAIS NOVOS";"2014";"1";"2014-04-11";"2014-04-26";"7M2345  7T123456  6N2345";"";"55";"REGULAR";"f";"2015-03-31 16:21:42.035";"f";"";"0";"CONSOLIDADA";"";"Presencial";
"1227979";"04";"";"101803846";"";"55212";"LATO SENSU";"";"MOSSORÓ";"2014";"1";"2014-04-11";"2014-04-26";"7M2345  7T123456  6N2345";"";"55";"REGULAR";"f";"2014-07-22 12:06:41.382";"f";"";"28";"CONSOLIDADA";"";"Presencial";
"1227980";"01";"18767";"";"";"55853";"STRICTO SENSU";"";"Sala dos Grupos de Pesquisa";"2014";"1";"2014-02-10";"2014-06-30";"2T123";"9";"20";"REGULAR";"f";"2014-07-18 16:18:01.178";"f";"";"54";"CONSOLIDADA";"";"Presencial";
"1227981";"01";"5752255";"";"Residentes Multiprofissionais de Farmácia";"51459";"RESIDÊNCIA";"";"Sala de Farmácia Clínica - HUOL";"2014";"1";"2014-03-21";"2014-04-25";"6T123456";"";"15";"REGULAR";"f";"2014-06-13 17:48:59.187";"f";"";"24";"CONSOLIDADA";"";"Presencial";
"1227982";"01";"5752226";"";"Residentes Multiprofissionais de Farmácia";"51458";"RESIDÊNCIA";"";"Sala de Farmácia Clínica - HUOL";"2014";"1";"2014-07-25";"2014-08-29";"6T123456";"";"15";"REGULAR";"f";"2015-10-09 16:47:29.753";"f";"";"36";"CONSOLIDADA";"";"Presencial";
"1227985";"02";"5752300";"";"";"54730";"LATO SENSU";"";"NOVA CRUZ";"2014";"1";"2014-03-22";"2014-04-12";"7M12345  7T12345";"";"54";"REGULAR";"f";"2014-05-22 18:14:24.431";"f";"";"0";"CONSOLIDADA";"";"Presencial";
"1227986";"03";"5752291";"";"";"54762";"LATO SENSU";"";"Currais Novos";"2014";"1";"2014-03-22";"2014-04-12";"7M12345  7T12345";"";"49";"REGULAR";"f";"2014-07-30 09:58:29.531";"f";"";"40";"CONSOLIDADA";"";"Presencial";
"1227987";"02";"23193";"";"";"54824";"LATO SENSU";"";"CAICÓ";"2014";"1";"2014-03-29";"2014-04-26";"7M12345  7T12345";"";"50";"REGULAR";"f";"2014-06-25 20:06:39.575";"f";"";"40";"CONSOLIDADA";"";"Presencial";
"1227988";"04";"";"100856292";"";"54762";"LATO SENSU";"";"NATAL";"2014";"1";"2014-03-29";"2014-04-26";"7M12345  7T12345";"";"55";"REGULAR";"f";"2015-03-20 14:00:32.955";"f";"";"0";"CONSOLIDADA";"";"Presencial";
"1227989";"01";"4274563";"";"";"42890";"LATO SENSU";"";"Setor de Aulas V, Sala F5";"2014";"1";"2014-03-31";"2014-04-16";"234N234";"";"50";"REGULAR";"f";"2014-10-26 18:24:04.948";"f";"";"9";"CONSOLIDADA";"";"Presencial";
"1227990";"01";"20790";"";"";"53289";"LATO SENSU";"";"DEF";"2014";"1";"2014-03-28";"2014-03-29";"17M12345  7T23456  6N12345";"";"50";"REGULAR";"f";"2014-08-04 10:17:24.363";"f";"";"15";"CONSOLIDADA";"";"Presencial";
"1227991";"07";"22752";"";" Discente, observe a turma de seu orientador e após a matrícula, entre em contato.";"47260";"STRICTO SENSU";"";"NEPSA - MULTIMEIOS";"2014";"1";"2014-03-10";"2014-06-13";"3T23";"1";"6";"REGULAR";"f";"2014-06-17 18:00:30.721";"f";"";"28";"CONSOLIDADA";"";"Presencial";
"1227992";"08";"5755037";"";" Discente, observe a turma de seu orientador e após a matrícula, entre em contato.";"47260";"STRICTO SENSU";"";"NEPSA - MULTIMEIOS";"2014";"1";"2014-03-10";"2014-06-13";"3T23";"1";"6";"REGULAR";"f";"2014-06-18 13:16:47.541";"f";"";"28";"CONSOLIDADA";"";"Presencial";
"1227993";"09";"25999";"";" Discente, observe a turma de seu orientador e após a matrícula, entre em contato.";"47260";"STRICTO SENSU";"";"NEPSA - MULTIMEIOS";"2014";"1";"2014-03-10";"2014-06-13";"3T23";"1";"6";"REGULAR";"f";"2014-06-17 15:30:35.981";"f";"";"28";"CONSOLIDADA";"";"Presencial";
"1227994";"02";"5752383";"";"";"53370";"STRICTO SENSU";"";"A definir";"2014";"1";"2014-01-27";"2014-06-14";"6T6  27N234 34N34 6N2341";"";"30";"REGULAR";"f";"";"f";"";"";"EXCLUÍDA";"";"Presencial";
"1227995";"03";"5752383";"";"";"53370";"STRICTO SENSU";"";"A definir";"2014";"1";"2014-01-27";"2014-06-14";"6M123456  6T123456  6N123";"25";"30";"REGULAR";"f";"2015-09-08 18:30:54.386";"f";"";"285";"CONSOLIDADA";"";"Presencial";
"1227996";"02";"22092";"";"";"54392";"TÉCNICO";"";"Setores de produção EAJ";"2014";"1";"2014-01-27";"2014-06-14";"7M12345  7T12345";"";"10";"REGULAR";"f";"2014-08-06 17:45:59.339";"f";"";"190";"CONSOLIDADA";"";"Presencial";
"1227997";"03";"5041554";"";"";"54392";"TÉCNICO";"";"Setores de produção EAJ";"2014";"1";"2014-01-27";"2014-06-14";"7M12345  7T12345";"";"10";"REGULAR";"f";"2014-06-11 11:45:40.576";"f";"";"190";"CONSOLIDADA";"";"Presencial";
"1227998";"04";"5753850";"";"";"54392";"TÉCNICO";"";"Setores de produção EAJ";"2014";"1";"2014-01-27";"2014-06-14";"7M12345  7T12345";"";"10";"REGULAR";"f";"2014-06-14 09:22:13.054";"f";"";"200";"CONSOLIDADA";"";"Presencial";
"1227999";"05";"5752846";"";"";"54392";"TÉCNICO";"";"Setores de produção EAJ";"2014";"1";"2014-01-27";"2014-06-14";"7M12345  7T12345";"";"10";"REGULAR";"f";"2014-12-05 09:08:08.899";"f";"";"0";"CONSOLIDADA";"";"Presencial";
"1228000";"06";"5752909";"";"";"54392";"TÉCNICO";"";"Setores de produção EAJ";"2014";"1";"2014-01-27";"2014-06-14";"7M12345  7T12345";"";"10";"REGULAR";"f";"2014-08-21 07:45:24.748";"f";"";"200";"CONSOLIDADA";"";"Presencial";
"1228001";"07";"5752222";"";"";"54392";"TÉCNICO";"";"Setores de produção EAJ";"2014";"1";"2014-01-27";"2014-06-14";"7M12345  7T12345";"";"10";"REGULAR";"f";"2014-06-13 14:58:35.027";"f";"";"0";"CONSOLIDADA";"";"Presencial";
"1228002";"08";"21621";"";"";"54392";"TÉCNICO";"";"Setores de produção EAJ";"2014";"1";"2014-01-27";"2014-06-14";"7M12345  7T12345";"";"10";"REGULAR";"f";"2014-06-03 17:40:08.287";"f";"";"0";"CONSOLIDADA";"";"Presencial";
"1228003";"09";"23897";"";"";"54392";"TÉCNICO";"";"Setores de produção EAJ";"2014";"1";"2014-01-27";"2014-06-14";"7M12345  7T12345";"";"10";"REGULAR";"f";"2014-08-13 22:12:54.36";"f";"";"0";"CONSOLIDADA";"";"Presencial";
"1228004";"10";"25499";"";"";"54392";"TÉCNICO";"";"Setores de produção EAJ";"2014";"1";"2014-01-27";"2014-06-14";"7M12345  7T12345";"";"10";"REGULAR";"f";"2014-11-19 15:43:32.07";"f";"";"40";"CONSOLIDADA";"";"Presencial";
"1228005";"11";"3030595";"";"";"54392";"TÉCNICO";"";"Setores de produção EAJ";"2014";"1";"2014-01-27";"2014-06-14";"7M12345  7T12345";"";"10";"REGULAR";"f";"2014-06-16 18:18:25.577";"f";"";"0";"CONSOLIDADA";"";"Presencial";
"1228006";"12";"23912";"";"";"54392";"TÉCNICO";"";"Setores de produção EAJ";"2014";"1";"2014-01-27";"2014-06-14";"67M12345  67T12345";"";"10";"REGULAR";"f";"2014-05-28 11:21:33.55";"f";"";"310";"CONSOLIDADA";"";"Presencial";
"1228007";"13";"20866";"";"";"54392";"TÉCNICO";"";"Setores de produção EAJ";"2014";"1";"2014-01-27";"2014-06-14";"7M12345  7T12345";"";"10";"REGULAR";"f";"2014-08-09 08:58:49.668";"f";"";"190";"CONSOLIDADA";"";"Presencial";
"1228008";"14";"5754983";"";"";"54392";"TÉCNICO";"";"Setores de produção EAJ";"2014";"1";"2014-01-27";"2014-06-14";"7M12345  7T12345";"";"10";"REGULAR";"f";"2014-06-11 15:55:34.02";"f";"";"190";"CONSOLIDADA";"";"Presencial";
"1228009";"01";"5752845";"";"";"52199";"LATO SENSU";"";"Casada indústria";"2014";"1";"2014-03-24";"2014-03-26";"123N1234";"";"39";"REGULAR";"f";"2015-05-27 15:52:16.018";"f";"";"0";"CONSOLIDADA";"";"Presencial";
"1228009";"01";"5753407";"";"";"52199";"LATO SENSU";"";"Casada indústria";"2014";"1";"2014-03-24";"2014-03-26";"123N1234";"";"39";"REGULAR";"f";"2015-05-27 15:52:16.018";"f";"";"0";"CONSOLIDADA";"";"Presencial";
"1228010";"01";"5753595";"";"";"49853";"LATO SENSU";"";"VD2";"2014";"1";"2014-03-26";"2014-04-11";"456N1234";"";"30";"REGULAR";"f";"2014-09-09 11:58:59.466";"f";"";"0";"CONSOLIDADA";"";"Presencial";
"1228011";"01";"21941";"";"";"53406";"LATO SENSU";"";"AUDITÓRIO DO DEPARTAMENTO DE FISIOTERAPIA";"2014";"1";"2014-03-28";"2014-03-29";"7M2345  7T2345  6N1234";"";"42";"REGULAR";"f";"2014-07-25 00:12:40.126";"f";"";"0";"CONSOLIDADA";"";"Presencial";
"1228012";"01";"22188";"";"";"2055910";"STRICTO SENSU";"";"Turma exclusiva para JOSIEL";"2014";"1";"2014-04-01";"2014-04-01";"3M1";"1";"1";"REGULAR";"f";"2014-06-06 18:39:07.464";"f";"";"0";"CONSOLIDADA";"";"Presencial";
"1228013";"02";"";"103776235";"";"55875";"FORMAÇÃO COMPLEMENTAR";"";"Turma Virtual do SIGAA";"2014";"1";"2014-03-31";"2014-05-05";"26M1";"";"100";"REGULAR";"f";"";"f";"";"";"EXCLUÍDA";"";"Presencial";
"1228014";"01";"5753585";"";"";"54744";"RESIDÊNCIA";"";"AUDITÓRIO DEPARTAMENTO DE PEDIATRIA";"2014";"1";"2014-03-27";"2014-05-30";"6M123456  6T12";"";"50";"REGULAR";"f";"";"f";"";"";"EXCLUÍDA";"";"Presencial";
"1228014";"01";"37301";"";"";"54744";"RESIDÊNCIA";"";"AUDITÓRIO DEPARTAMENTO DE PEDIATRIA";"2014";"1";"2014-03-27";"2014-05-30";"6M123456  6T12";"";"50";"REGULAR";"f";"";"f";"";"";"EXCLUÍDA";"";"Presencial";
"1228015";"17";"5753103";"";"Turma destinada ao aluno Rudah Marques Maniçoba";"37173";"STRICTO SENSU";"";"SALA DE AULA DO PREDIO DO LARHISA";"2014";"1";"2014-02-03";"2014-08-03";"4M123";"";"1";"REGULAR";"f";"";"f";"";"";"EXCLUÍDA";"";"Presencial";
"1228016";"01";"5753031";"";"";"51563";"RESIDÊNCIA";"";"AUDITÓRIO DEPARTAMENTO DE PEDIATRIA";"2014";"1";"2014-03-27";"2014-05-30";"6M123456 7M23";"";"50";"REGULAR";"f";"2016-02-01 11:39:16.267";"f";"";"54";"CONSOLIDADA";"";"Presencial";
"1228016";"01";"5752205";"";"";"51563";"RESIDÊNCIA";"";"AUDITÓRIO DEPARTAMENTO DE PEDIATRIA";"2014";"1";"2014-03-27";"2014-05-30";"6M123456 7M23";"";"50";"REGULAR";"f";"2016-02-01 11:39:16.267";"f";"";"54";"CONSOLIDADA";"";"Presencial";
"1228016";"01";"5755029";"";"";"51563";"RESIDÊNCIA";"";"AUDITÓRIO DEPARTAMENTO DE PEDIATRIA";"2014";"1";"2014-03-27";"2014-05-30";"6M123456 7M23";"";"50";"REGULAR";"f";"2016-02-01 11:39:16.267";"f";"";"54";"CONSOLIDADA";"";"Presencial";
"1228016";"01";"23833";"";"";"51563";"RESIDÊNCIA";"";"AUDITÓRIO DEPARTAMENTO DE PEDIATRIA";"2014";"1";"2014-03-27";"2014-05-30";"6M123456 7M23";"";"50";"REGULAR";"f";"2016-02-01 11:39:16.267";"f";"";"54";"CONSOLIDADA";"";"Presencial";
"1228016";"01";"5753585";"";"";"51563";"RESIDÊNCIA";"";"AUDITÓRIO DEPARTAMENTO DE PEDIATRIA";"2014";"1";"2014-03-27";"2014-05-30";"6M123456 7M23";"";"50";"REGULAR";"f";"2016-02-01 11:39:16.267";"f";"";"54";"CONSOLIDADA";"";"Presencial";
"1228016";"01";"23117";"";"";"51563";"RESIDÊNCIA";"";"AUDITÓRIO DEPARTAMENTO DE PEDIATRIA";"2014";"1";"2014-03-27";"2014-05-30";"6M123456 7M23";"";"50";"REGULAR";"f";"2016-02-01 11:39:16.267";"f";"";"54";"CONSOLIDADA";"";"Presencial";
"1228016";"01";"37301";"";"";"51563";"RESIDÊNCIA";"";"AUDITÓRIO DEPARTAMENTO DE PEDIATRIA";"2014";"1";"2014-03-27";"2014-05-30";"6M123456 7M23";"";"50";"REGULAR";"f";"2016-02-01 11:39:16.267";"f";"";"54";"CONSOLIDADA";"";"Presencial";
"1228017";"01";"5756186";"";"";"49039";"TÉCNICO";"";"Sala AQ02";"2014";"1";"2014-01-27";"2014-06-14";"4T45";"";"50";"REGULAR";"f";"2014-06-13 11:15:18.271";"f";"";"38";"CONSOLIDADA";"";"Presencial";
"1228018";"01";"";"103822549";"";"53560";"LATO SENSU";"";"Sala D3 - Setor V";"2014";"1";"2014-03-28";"2014-04-12";"7M2345  7T3456  6N124";"";"40";"REGULAR";"f";"2014-09-29 17:52:09.31";"f";"";"22";"CONSOLIDADA";"";"Presencial";
"1228019";"01";"25606";"";"Residentes Multiprofissionais em Saúde";"53419";"RESIDÊNCIA";"";"Sala de aula Departamento de Toco-Ginecologia - 2°";"2014";"1";"2014-04-05";"2014-04-26";"7M123456  7T123456 (05/04/2014 - 26/04/2014)";"";"40";"REGULAR";"f";"2017-01-18 13:44:41.445";"f";"";"0";"CONSOLIDADA";"";"Presencial";
"1228020";"01";"5754312";"";"Residentes Multiprofissionais";"55854";"RESIDÊNCIA";"";"Sala de Farmácia Clínica - HUOL";"2014";"1";"2014-05-09";"2014-05-31";"7T123456";"";"15";"REGULAR";"f";"2014-11-03 11:17:58.589";"f";"";"24";"CONSOLIDADA";"";"Presencial";
"1228021";"01";"5754544";"";"";"54873";"FORMAÇÃO COMPLEMENTAR";"";"Turma Virtual do SIGAA";"2014";"1";"2014-03-31";"2014-05-31";"2N3";"";"90";"REGULAR";"f";"2014-06-05 10:32:14.135";"f";"";"0";"CONSOLIDADA";"";"Presencial";
"1228022";"01";"";"101052958";"";"54827";"FORMAÇÃO COMPLEMENTAR";"";"Turma Virtual do SIGAA";"2014";"1";"2014-03-31";"2014-04-30";"2T2";"";"100";"REGULAR";"f";"2014-05-03 19:49:23.93";"f";"";"0";"CONSOLIDADA";"";"Presencial";
"1228023";"01";"24596";"";"";"52649";"LATO SENSU";"";"NEPSA I - (Goiabinha)";"2014";"1";"2014-04-28";"2014-05-09";"246N2345";"";"22";"REGULAR";"f";"2014-07-11 15:20:40.729";"f";"";"24";"CONSOLIDADA";"";"Presencial";
"1228024";"01";"18670";"";"";"52799";"LATO SENSU";"";"NEPSA I - (Goiabinha)";"2014";"1";"2014-06-02";"2014-06-06";"246N1234";"";"50";"REGULAR";"f";"2014-10-06 18:01:15.752";"f";"";"12";"CONSOLIDADA";"";"Presencial";
"1228025";"01";"23912";"";"";"55823";"TÉCNICO";"";"Sala de Agropecuária 3";"2014";"1";"2014-01-27";"2014-06-14";"2T12";"";"40";"REGULAR";"f";"2014-07-24 13:17:34.888";"f";"";"36";"CONSOLIDADA";"";"Presencial";
"1228026";"01";"62382";"";"";"55904";"RESIDÊNCIA";"";"Quarto subsolo do HUOL";"2014";"1";"2014-03-31";"2014-06-30";"2T56  2N12";"";"25";"REGULAR";"f";"2014-10-02 06:33:42.735";"f";"";"12";"CONSOLIDADA";"";"Presencial";
"1228026";"01";"5755926";"";"";"55904";"RESIDÊNCIA";"";"Quarto subsolo do HUOL";"2014";"1";"2014-03-31";"2014-06-30";"2T56  2N12";"";"25";"REGULAR";"f";"2014-10-02 06:33:42.735";"f";"";"12";"CONSOLIDADA";"";"Presencial";
"1228026";"01";"64106";"";"";"55904";"RESIDÊNCIA";"";"Quarto subsolo do HUOL";"2014";"1";"2014-03-31";"2014-06-30";"2T56  2N12";"";"25";"REGULAR";"f";"2014-10-02 06:33:42.735";"f";"";"12";"CONSOLIDADA";"";"Presencial";
"1228027";"01";"23008";"";"";"39170";"STRICTO SENSU";"";"CE";"2014";"1";"2014-02-10";"2014-06-11";"5T5";"1";"1";"REGULAR";"f";"";"f";"";"";"EXCLUÍDA";"";"Presencial";
"1228028";"01";"5752229";"";"";"51757";"RESIDÊNCIA";"";"AUDITÓRIO DEPARTAMENTO DE PEDIATRIA";"2014";"1";"2014-04-01";"2014-07-31";"4T12345";"";"30";"REGULAR";"f";"";"f";"";"";"ABERTA";"";"Presencial";
"1228030";"01";"23159";"";"";"52169";"RESIDÊNCIA";"";"HUOL";"2014";"1";"2014-03-10";"2014-11-30";"7M26  7T26";"";"2";"REGULAR";"f";"";"f";"";"";"ABERTA";"";"Presencial";
"1228030";"01";"5756259";"";"";"52169";"RESIDÊNCIA";"";"HUOL";"2014";"1";"2014-03-10";"2014-11-30";"7M26  7T26";"";"2";"REGULAR";"f";"";"f";"";"";"ABERTA";"";"Presencial";
"1228030";"01";"18150";"";"";"52169";"RESIDÊNCIA";"";"HUOL";"2014";"1";"2014-03-10";"2014-11-30";"7M26  7T26";"";"2";"REGULAR";"f";"";"f";"";"";"ABERTA";"";"Presencial";
"1228031";"01";"5756254";"";"";"42254";"STRICTO SENSU";"";"Instituto do Cérebro";"2014";"1";"2014-05-08";"2014-06-26";"5M123456";"";"15";"REGULAR";"f";"";"f";"";"";"EXCLUÍDA";"";"Presencial";
"1228034";"01";"22982";"";"";"54745";"LATO SENSU";"";"AUDITÓRIO DO DEPARTAMENTO DE FISIOTERAPIA";"2014";"1";"2014-04-03";"2014-04-26";"7M2345  7T23456  56N1234";"";"55";"REGULAR";"f";"2015-05-25 15:53:56.464";"f";"";"0";"CONSOLIDADA";"";"Presencial";
"1228034";"01";"";"100965282";"";"54745";"LATO SENSU";"";"AUDITÓRIO DO DEPARTAMENTO DE FISIOTERAPIA";"2014";"1";"2014-04-03";"2014-04-26";"7M2345  7T23456  56N1234";"";"55";"REGULAR";"f";"2015-05-25 15:53:56.464";"f";"";"0";"CONSOLIDADA";"";"Presencial";
"1228036";"IND";"5755608";"";"";"46164";"GRADUAÇÃO";"Campus Central";"A definir";"2014";"1";"2014-01-27";"2014-06-14";"";"";"1";"ENSINO INDIVIDUAL";"f";"2014-06-07 13:03:16.25";"f";"";"72";"CONSOLIDADA";"";"Presencial";
"1228037";"01";"5755108";"";"";"53032";"LATO SENSU";"";"INSTITUTO METRÓPOLE DIGITAL";"2014";"1";"2014-04-09";"2014-04-12";"3456T3456";"";"40";"REGULAR";"f";"2015-12-10 17:02:22.364";"f";"";"16";"CONSOLIDADA";"";"Presencial";
"1228043";"06";"5751991";"";"";"45097";"STRICTO SENSU";"";"ECT";"2014";"1";"2014-04-01";"2014-05-22";"35N34";"1";"1";"REGULAR";"f";"2014-06-17 19:57:24.188";"f";"";"28";"CONSOLIDADA";"";"Presencial";
"1228056";"02";"26059";"";"";"38179";"STRICTO SENSU";"";"Sala de aula do PPGG";"2014";"1";"2014-03-10";"2014-07-31";"2M2";"1";"1";"REGULAR";"f";"2014-08-29 07:37:22.973";"f";"";"15";"CONSOLIDADA";"";"Presencial";
"1228057";"03";"26059";"";"";"38179";"STRICTO SENSU";"";"Sala de aula do PPGG";"2014";"1";"2014-03-10";"2014-07-31";"2M3";"";"1";"REGULAR";"f";"";"f";"";"";"EXCLUÍDA";"";"Presencial";
"1228058";"10";"26059";"";"";"38184";"STRICTO SENSU";"";"Sala de aula do PPGG";"2014";"1";"2014-03-10";"2014-07-31";"2T3456";"1";"1";"REGULAR";"f";"2014-08-28 01:00:35.376";"f";"";"72";"CONSOLIDADA";"";"Presencial";
"1228059";"01";"5752264";"";"";"52411";"LATO SENSU";"";"Sala A305 do IMD";"2014";"1";"2014-04-07";"2014-04-16";"246M12 7M2345";"";"30";"REGULAR";"f";"2014-06-18 07:02:54.081";"f";"";"14";"CONSOLIDADA";"";"Presencial";
"1228059";"01";"5753317";"";"";"52411";"LATO SENSU";"";"Sala A305 do IMD";"2014";"1";"2014-04-07";"2014-04-16";"246M12 7M2345";"";"30";"REGULAR";"f";"2014-06-18 07:02:54.081";"f";"";"14";"CONSOLIDADA";"";"Presencial";
"1228060";"01";"5755120";"";"";"52155";"LATO SENSU";"";"casa da indústria";"2014";"1";"2014-04-07";"2014-04-24";"2345M1234";"";"39";"REGULAR";"f";"2014-10-29 20:10:54.542";"f";"";"24";"CONSOLIDADA";"";"Presencial";
"1228066";"01";"";"96092346";"";"52414";"LATO SENSU";"";"Sala A305 do IMD";"2014";"1";"2014-04-23";"2014-04-26";"456M12 7M2345  7T23456";"";"31";"REGULAR";"f";"2014-08-22 19:08:49.061";"f";"";"15";"CONSOLIDADA";"";"Presencial";
"1228067";"01";"5752241";"";"";"52423";"LATO SENSU";"";"Sala A305 do IMD";"2014";"1";"2014-05-12";"2014-05-17";"246M12 7M5  7T123456  7N12";"";"31";"REGULAR";"f";"2015-02-21 09:04:45.78";"f";"";"0";"CONSOLIDADA";"";"Presencial";
"1228068";"01";"5752251";"";"";"53290";"LATO SENSU";"";"DEF";"2014";"1";"2014-04-25";"2014-04-27";"7M12345  7T12345  6N12345";"";"55";"REGULAR";"f";"2014-11-13 17:04:29.098";"f";"";"0";"CONSOLIDADA";"";"Presencial";
"1228069";"01";"5754613";"";"";"52415";"LATO SENSU";"";"Sala A305 do IMD";"2014";"1";"2014-05-05";"2014-05-10";"456M12 7M345  7T123456";"";"31";"REGULAR";"f";"2014-07-09 11:27:26.403";"f";"";"15";"CONSOLIDADA";"";"Presencial";
"1228070";"01";"5753855";"";"";"55815";"RESIDÊNCIA";"";"Auditorio Mariano Coelho";"2014";"1";"2014-03-06";"2014-03-11";"67M123456  567T123456";"";"40";"REGULAR";"f";"2015-01-12 14:44:56.813";"f";"";"30";"CONSOLIDADA";"";"Presencial";
"1228071";"02";"25470";"";"";"37271";"STRICTO SENSU";"";"Sala Carl Peter von Dietrich";"2014";"1";"2014-04-28";"2014-05-07";"23456M2345";"4";"15";"REGULAR";"f";"2014-06-02 18:35:42.838";"f";"";"28";"CONSOLIDADA";"";"Presencial";
"1228073";"01";"24837";"";"";"53013";"STRICTO SENSU";"";"4º Subsolo do HUOL";"2014";"1";"2014-05-07";"2014-05-30";"46T12345  46N1234";"26";"30";"REGULAR";"f";"2014-11-25 22:51:53.538";"f";"";"36";"CONSOLIDADA";"";"Presencial";
"1228073";"01";"5752471";"";"";"53013";"STRICTO SENSU";"";"4º Subsolo do HUOL";"2014";"1";"2014-05-07";"2014-05-30";"46T12345  46N1234";"26";"30";"REGULAR";"f";"2014-11-25 22:51:53.538";"f";"";"36";"CONSOLIDADA";"";"Presencial";
"1228073";"01";"5756260";"";"";"53013";"STRICTO SENSU";"";"4º Subsolo do HUOL";"2014";"1";"2014-05-07";"2014-05-30";"46T12345  46N1234";"26";"30";"REGULAR";"f";"2014-11-25 22:51:53.538";"f";"";"36";"CONSOLIDADA";"";"Presencial";
"1228076";"01";"26025";"";"";"53498";"LATO SENSU";"";"SETOR 5 SALA A1";"2014";"1";"2014-04-10";"2014-04-26";"7M2345  56N1234";"";"56";"REGULAR";"f";"2015-05-19 14:49:26.731";"f";"";"24";"CONSOLIDADA";"";"Presencial";
"1228077";"01";"22713";"";"";"53505";"LATO SENSU";"";"SETOR 5 SALA A1";"2014";"1";"2014-07-10";"2014-07-26";"7M2345  56N1234";"";"55";"REGULAR";"f";"2014-12-12 16:32:55.921";"f";"";"36";"CONSOLIDADA";"";"Presencial";
"1228078";"01";"114673";"";"";"53494";"LATO SENSU";"";"SETOR 5 SALA A1";"2014";"1";"2014-09-11";"2014-09-27";"7M2345  56N1234";"";"55";"REGULAR";"f";"2015-05-30 10:35:14.267";"f";"";"24";"CONSOLIDADA";"";"Presencial";
"1228079";"01";"";"97267661";"";"47230";"LATO SENSU";"";"AUDITÓRIO DO DEPARTAMENTO DE FISIOTERAPIA";"2014";"1";"2014-04-11";"2014-04-13";"17M2345  7T2345  6N1234";"";"45";"REGULAR";"f";"2014-08-18 16:00:19.619";"f";"";"0";"CONSOLIDADA";"";"Presencial";
"1228080";"01";"5752480";"";"";"53828";"LATO SENSU";"";"UFRN - NUCLEO DE PÓS-GRADUAÇÃO EM DIREITO - SL 01";"2014";"1";"2014-04-07";"2014-04-11";"7M1234  3456N1234";"";"55";"REGULAR";"f";"2014-04-27 21:34:19.742";"f";"";"0";"CONSOLIDADA";"";"Presencial";
"1228082";"01";"5752176";"";"Residentes";"55957";"RESIDÊNCIA";"";"HUAB";"2014";"1";"2014-03-04";"2014-05-20";"3T234";"";"4";"REGULAR";"f";"2014-07-31 09:43:15.758";"f";"";"33";"CONSOLIDADA";"";"Presencial";
"1228083";"01";"5753047";"";"residentes";"55958";"RESIDÊNCIA";"";"HUAB";"2014";"1";"2014-03-04";"2014-05-20";"2T56  2N1";"";"4";"REGULAR";"f";"2014-06-21 11:48:13.84";"f";"";"30";"CONSOLIDADA";"";"Presencial";
"1228084";"01";"5752185";"";"Residentes";"55959";"RESIDÊNCIA";"";"HUAB";"2014";"1";"2014-04-04";"2014-05-30";"6T456";"";"4";"REGULAR";"f";"2014-07-22 07:54:05.807";"f";"";"24";"CONSOLIDADA";"";"Presencial";
"1228085";"01";"5756373";"";"";"43771";"RESIDÊNCIA";"";"Sala de Aula da Farmácia HUOL";"2014";"1";"2014-04-09";"2014-07-30";"4T23456";"";"15";"REGULAR";"f";"2014-07-31 16:09:14.942";"f";"";"85";"CONSOLIDADA";"";"Presencial";
"1228086";"01";"";"104177381";"";"55960";"FORMAÇÃO COMPLEMENTAR";"";"Turma Virtual do SIGAA";"2014";"1";"2014-04-15";"2014-05-08";"35N3";"";"60";"REGULAR";"f";"2014-05-12 19:40:32.937";"f";"";"6";"CONSOLIDADA";"";"Presencial";
"1228087";"01";"";"104177419";"";"55961";"FORMAÇÃO COMPLEMENTAR";"";"Turma Virtual do SIGAA";"2014";"1";"2014-04-15";"2014-05-14";"45T2";"";"50";"REGULAR";"f";"";"f";"";"";"ABERTA";"";"Presencial";
"1228088";"01";"5751852";"";"";"55131";"LATO SENSU";"";"Departamento de Fonoaudiologia";"2014";"1";"2014-04-25";"2014-05-16";"67M12345  67T23456";"";"15";"REGULAR";"f";"2014-09-01 09:09:01.463";"f";"";"30";"CONSOLIDADA";"";"Presencial";
"1228088";"01";"";"101703323";"";"55131";"LATO SENSU";"";"Departamento de Fonoaudiologia";"2014";"1";"2014-04-25";"2014-05-16";"67M12345  67T23456";"";"15";"REGULAR";"f";"2014-09-01 09:09:01.463";"f";"";"30";"CONSOLIDADA";"";"Presencial";
"1228088";"01";"5753653";"";"";"55131";"LATO SENSU";"";"Departamento de Fonoaudiologia";"2014";"1";"2014-04-25";"2014-05-16";"67M12345  67T23456";"";"15";"REGULAR";"f";"2014-09-01 09:09:01.463";"f";"";"30";"CONSOLIDADA";"";"Presencial";
"1228089";"01";"5756406";"";"";"55121";"LATO SENSU";"";"Departamento de Fonoaudiologia";"2014";"1";"2014-05-17";"2014-06-07";"67M12345  67T23456";"";"15";"REGULAR";"f";"2014-09-23 17:54:06.66";"f";"";"30";"CONSOLIDADA";"";"Presencial";
"1228090";"01";"5753653";"";"";"55114";"LATO SENSU";"";"Departamento de Fonoaudiologia e LAIS/ HUOL";"2014";"1";"2014-04-22";"2015-09-26";"3N12345";"";"15";"REGULAR";"f";"2015-08-18 20:34:25.66";"f";"";"105";"CONSOLIDADA";"";"Presencial";
"1228090";"01";"";"101680592";"";"55114";"LATO SENSU";"";"Departamento de Fonoaudiologia e LAIS/ HUOL";"2014";"1";"2014-04-22";"2015-09-26";"3N12345";"";"15";"REGULAR";"f";"2015-08-18 20:34:25.66";"f";"";"105";"CONSOLIDADA";"";"Presencial";
"1228091";"01";"24352";"";"";"54035";"LATO SENSU";"";"Setor II  Bloco F Sala 3";"2014";"1";"2014-03-29";"2014-04-26";"7M2345  7T2345";"";"50";"REGULAR";"f";"2014-10-28 10:11:26.671";"f";"";"40";"CONSOLIDADA";"";"Presencial";
"1228093";"02";"5756254";"";"";"42254";"STRICTO SENSU";"";"A definir";"2014";"1";"2014-05-05";"2014-06-12";"5M2345  2N1234";"2";"10";"REGULAR";"f";"";"f";"";"";"EXCLUÍDA";"";"Presencial";
"1228094";"01";"5752480";"";"";"42899";"LATO SENSU";"";"Setor de Aulas V, Sala F5";"2014";"1";"2014-04-22";"2014-04-30";"345N234";"";"50";"REGULAR";"f";"2014-06-29 22:33:27.504";"f";"";"15";"CONSOLIDADA";"";"Presencial";
"1228095";"01";"4274563";"";"";"42895";"LATO SENSU";"";"Setor de Aulas V, Sala F5";"2014";"1";"2014-05-05";"2014-05-14";"234N234";"";"50";"REGULAR";"f";"2014-06-17 09:31:11.408";"f";"";"18";"CONSOLIDADA";"";"Presencial";
"1228096";"04";"5755100";"";"";"55100";"GRADUAÇÃO";"Campus Santa Cruz";"A definir";"2014";"1";"2014-03-18";"2014-04-29";"35M456 6M4 (18/03/2014 - 29/04/2014)";"";"13";"REGULAR";"f";"2014-06-27 23:44:22.039";"f";"";"41";"CONSOLIDADA";"";"Presencial";
"1228097";"05";"5755100";"";"";"55100";"GRADUAÇÃO";"Campus Santa Cruz";"A definir";"2014";"1";"2014-05-06";"2014-06-14";"35M456 6M4 (06/05/2014 - 14/06/2014)";"";"13";"REGULAR";"f";"2014-06-27 23:53:57.381";"f";"";"42";"CONSOLIDADA";"";"Presencial";
"1228098";"01";"5753860";"";"residentes em saude materno infantil";"55979";"RESIDÊNCIA";"";"huab";"2014";"1";"2014-03-06";"2014-06-14";"3T1234";"";"3";"REGULAR";"f";"2014-06-11 18:22:23.19";"f";"";"52";"CONSOLIDADA";"";"Presencial";
"1228099";"01";"5754764";"";"residentes do huab";"54489";"RESIDÊNCIA";"";"HUAB";"2014";"1";"2014-03-06";"2014-04-15";"3M123456  3N1";"";"1";"REGULAR";"f";"2014-04-15 10:48:47.006";"f";"";"42";"CONSOLIDADA";"";"Presencial";
"1228099";"01";"5753860";"";"residentes do huab";"54489";"RESIDÊNCIA";"";"HUAB";"2014";"1";"2014-03-06";"2014-04-15";"3M123456  3N1";"";"1";"REGULAR";"f";"2014-04-15 10:48:47.006";"f";"";"42";"CONSOLIDADA";"";"Presencial";
"1228100";"01";"23833";"";"";"56039";"RESIDÊNCIA";"";"Departamento de Pediatria";"2014";"1";"2014-04-24";"2014-12-18";"34M5  5T4";"";"10";"REGULAR";"f";"";"f";"";"";"ABERTA";"";"Presencial";
"1228101";"02";"";"100115724";"";"54421";"LATO SENSU";"";"Santa Cruz";"2014";"1";"2014-04-26";"2014-05-24";"7M2345  7T23456";"";"40";"REGULAR";"f";"2014-12-27 15:56:51.591";"f";"";"45";"CONSOLIDADA";"";"Presencial";
"1228102";"02";"18133";"";"";"54422";"LATO SENSU";"";"São Paulo do Potengi";"2014";"1";"2014-04-26";"2014-05-24";"7M2345  7T23456";"";"44";"REGULAR";"f";"2014-06-21 20:57:54.242";"f";"";"45";"CONSOLIDADA";"";"Presencial";
"1228103";"02";"23205";"";"";"37679";"STRICTO SENSU";"";"Sala do Orientador";"2014";"1";"2014-02-03";"2014-06-14";"4N342";"1";"1";"REGULAR";"f";"2014-10-30 14:43:04.084";"f";"";"54";"CONSOLIDADA";"";"Presencial";
"1228104";"01";"";"104284956";"De 22 a a 25/04, das 14:30h às 18h.";"37580";"STRICTO SENSU";"";"SETOR II - SALA G1";"2014";"1";"2014-02-03";"2014-06-14";"3N4";"1";"30";"REGULAR";"f";"2015-08-13 17:50:32.082";"f";"";"18";"CONSOLIDADA";"";"Presencial";
"1228105";"01";"";"104284956";"22 a 25/04, das 14:30h às 18h.";"40325";"STRICTO SENSU";"";"SETOR II - SALA G1";"2014";"1";"2014-02-03";"2014-06-14";"3N3";"3";"30";"REGULAR";"f";"2015-08-13 17:47:16.948";"f";"";"18";"CONSOLIDADA";"";"Presencial";
"1228107";"11";"5752704";"";"";"38184";"STRICTO SENSU";"";"Sala de Aula do PPGG";"2014";"1";"2014-03-10";"2014-07-31";"6T3456";"1";"1";"REGULAR";"f";"2014-08-25 09:21:33.645";"f";"";"68";"CONSOLIDADA";"";"Presencial";
"1228109";"01";"";"104302613";"";"2055888";"STRICTO SENSU";"";"UESC - Ilhéus/BA";"2014";"1";"2014-02-10";"2014-06-11";"3M456";"";"5";"REGULAR";"f";"";"f";"";"";"ABERTA";"";"Presencial";
"1228109";"01";"";"104302669";"";"2055888";"STRICTO SENSU";"";"UESC - Ilhéus/BA";"2014";"1";"2014-02-10";"2014-06-11";"3M456";"";"5";"REGULAR";"f";"";"f";"";"";"ABERTA";"";"Presencial";
"1228109";"01";"";"104302520";"";"2055888";"STRICTO SENSU";"";"UESC - Ilhéus/BA";"2014";"1";"2014-02-10";"2014-06-11";"3M456";"";"5";"REGULAR";"f";"";"f";"";"";"ABERTA";"";"Presencial";
"1228110";"01";"5752255";"";"Residentes Multiprofissionais de Farmácia";"56060";"RESIDÊNCIA";"";"Unidade Básica de Saúde da Família Monte Líbano";"2014";"1";"2014-05-06";"2014-12-30";"5T123456";"";"20";"REGULAR";"f";"";"f";"";"";"ABERTA";"";"Presencial";
"1228111";"01";"5753653";"";"";"55111";"LATO SENSU";"";"Departamento de Fonoaudiologia e SUVAG";"2014";"1";"2014-04-22";"2015-03-28";"1N1234 7N12345";"";"15";"REGULAR";"f";"2015-09-27 09:47:57.766";"f";"";"111";"CONSOLIDADA";"";"Presencial";
"1228111";"01";"5753680";"";"";"55111";"LATO SENSU";"";"Departamento de Fonoaudiologia e SUVAG";"2014";"1";"2014-04-22";"2015-03-28";"1N1234 7N12345";"";"15";"REGULAR";"f";"2015-09-27 09:47:57.766";"f";"";"111";"CONSOLIDADA";"";"Presencial";
"1228111";"01";"5752739";"";"";"55111";"LATO SENSU";"";"Departamento de Fonoaudiologia e SUVAG";"2014";"1";"2014-04-22";"2015-03-28";"1N1234 7N12345";"";"15";"REGULAR";"f";"2015-09-27 09:47:57.766";"f";"";"111";"CONSOLIDADA";"";"Presencial";
"1228112";"01";"";"101660608";"";"55124";"LATO SENSU";"";"Departamento de Fonoaudiologia";"2014";"1";"2014-04-22";"2014-12-13";"5N1234";"";"15";"REGULAR";"f";"2015-08-27 07:56:22.509";"f";"";"96";"CONSOLIDADA";"";"Presencial";
"1228112";"01";"5753707";"";"";"55124";"LATO SENSU";"";"Departamento de Fonoaudiologia";"2014";"1";"2014-04-22";"2014-12-13";"5N1234";"";"15";"REGULAR";"f";"2015-08-27 07:56:22.509";"f";"";"96";"CONSOLIDADA";"";"Presencial";
"1228112";"01";"5753653";"";"";"55124";"LATO SENSU";"";"Departamento de Fonoaudiologia";"2014";"1";"2014-04-22";"2014-12-13";"5N1234";"";"15";"REGULAR";"f";"2015-08-27 07:56:22.509";"f";"";"96";"CONSOLIDADA";"";"Presencial";
"1228113";"01";"5753653";"";"";"55113";"LATO SENSU";"";"Departamento de Fonoaudiologia";"2014";"1";"2014-04-22";"2014-09-27";"2N12345";"";"15";"REGULAR";"f";"2015-08-18 20:49:46.012";"f";"";"105";"CONSOLIDADA";"";"Presencial";
"1228113";"01";"";"101680554";"";"55113";"LATO SENSU";"";"Departamento de Fonoaudiologia";"2014";"1";"2014-04-22";"2014-09-27";"2N12345";"";"15";"REGULAR";"f";"2015-08-18 20:49:46.012";"f";"";"105";"CONSOLIDADA";"";"Presencial";
"1228113";"01";"5753707";"";"";"55113";"LATO SENSU";"";"Departamento de Fonoaudiologia";"2014";"1";"2014-04-22";"2014-09-27";"2N12345";"";"15";"REGULAR";"f";"2015-08-18 20:49:46.012";"f";"";"105";"CONSOLIDADA";"";"Presencial";
"1228113";"01";"5753680";"";"";"55113";"LATO SENSU";"";"Departamento de Fonoaudiologia";"2014";"1";"2014-04-22";"2014-09-27";"2N12345";"";"15";"REGULAR";"f";"2015-08-18 20:49:46.012";"f";"";"105";"CONSOLIDADA";"";"Presencial";
"1228114";"01";"";"101660232";"";"55123";"LATO SENSU";"";"Departamento de Fonoaudiologia";"2014";"1";"2014-04-22";"2015-06-27";"4N1234";"";"15";"REGULAR";"f";"2015-09-27 09:38:12.665";"f";"";"96";"CONSOLIDADA";"";"Presencial";
"1228114";"01";"5753653";"";"";"55123";"LATO SENSU";"";"Departamento de Fonoaudiologia";"2014";"1";"2014-04-22";"2015-06-27";"4N1234";"";"15";"REGULAR";"f";"2015-09-27 09:38:12.665";"f";"";"96";"CONSOLIDADA";"";"Presencial";
"1228114";"01";"5753680";"";"";"55123";"LATO SENSU";"";"Departamento de Fonoaudiologia";"2014";"1";"2014-04-22";"2015-06-27";"4N1234";"";"15";"REGULAR";"f";"2015-09-27 09:38:12.665";"f";"";"96";"CONSOLIDADA";"";"Presencial";
"1228115";"01";"";"90276087";"";"49854";"LATO SENSU";"";"VD2";"2014";"1";"2014-04-22";"2014-05-08";"345N1234";"";"30";"REGULAR";"f";"2014-08-08 17:12:05.156";"f";"";"24";"CONSOLIDADA";"";"Presencial";
"1228116";"01";"5752183";"";"";"53033";"LATO SENSU";"";"VD3";"2014";"1";"2014-04-23";"2014-04-26";"7M1234  456N1234";"";"40";"REGULAR";"f";"2015-12-10 17:06:19.202";"f";"";"16";"CONSOLIDADA";"";"Presencial";
"1228117";"12";"2289732";"";"AULA  MINISTRADA CAMPI SANTA CRUZ";"47323";"FORMAÇÃO COMPLEMENTAR";"";"SANTA CRUZ";"2014";"1";"2014-02-10";"2014-06-14";"36N12";"";"20";"REGULAR";"f";"";"f";"";"";"EXCLUÍDA";"";"Presencial";
"1228118";"01";"22948";"";"";"55213";"LATO SENSU";"";"NATAL";"2014";"1";"2014-05-09";"2014-05-24";"7M2345  7T23456  6N2345";"";"55";"REGULAR";"f";"2014-12-21 16:15:08.61";"f";"";"39";"CONSOLIDADA";"";"Presencial";
"1228119";"06";"2289732";"";"AULA MINISTRADA CAMPI SANTA CRUZ";"47325";"FORMAÇÃO COMPLEMENTAR";"";"SANTA CRUZ";"2014";"1";"2014-02-10";"2014-06-14";"3T2345";"";"20";"REGULAR";"f";"2014-06-19 14:37:57.011";"f";"";"0";"CONSOLIDADA";"";"Presencial";
"1228120";"05";"23849";"";"";"38358";"STRICTO SENSU";"";"CCET - Sala 89";"2014";"1";"2014-02-10";"2014-06-13";"4T34";"1";"1";"REGULAR";"f";"2014-08-10 06:17:55.345";"f";"";"36";"CONSOLIDADA";"";"Presencial";
"1228121";"01";"5753034";"";"";"53554";"LATO SENSU";"";"sala D3 setor V";"2014";"1";"2014-04-25";"2014-05-10";"7M2345  7T3456  6N2345";"";"40";"REGULAR";"f";"2015-01-26 12:01:54.174";"f";"";"24";"CONSOLIDADA";"";"Presencial";
"1228122";"01";"";"96024627";"";"52938";"LATO SENSU";"";"Auditório - LABPSI";"2014";"1";"2014-04-17";"2014-04-19";"567M2345  56T3456";"";"45";"REGULAR";"f";"";"f";"";"";"ABERTA";"";"Presencial";
"1228123";"01";"23831";"";"";"54517";"LATO SENSU";"";"Auditório - LABPSI";"2014";"1";"2014-04-24";"2014-04-27";"";"";"45";"REGULAR";"f";"2014-07-18 12:24:22.152";"f";"";"0";"CONSOLIDADA";"";"Presencial";
"1228124";"01";"20842";"";"";"54815";"LATO SENSU";"";"NATAL";"2014";"1";"2014-05-03";"2014-05-24";"7M12345  7T12345";"";"54";"REGULAR";"f";"2014-12-08 22:01:20.192";"f";"";"40";"CONSOLIDADA";"";"Presencial";
"1228125";"01";"22944";"";"";"54810";"LATO SENSU";"";"NOVA CRUZ";"2014";"1";"2014-05-03";"2014-05-24";"7M12345  7T12345";"";"52";"REGULAR";"f";"2014-07-14 11:42:13.485";"f";"";"0";"CONSOLIDADA";"";"Presencial";
"1228126";"01";"5755580";"";"";"54805";"LATO SENSU";"";"Currais Novos";"2014";"1";"2014-05-03";"2014-05-24";"7M12345  7T12345";"";"49";"REGULAR";"f";"2014-12-16 00:32:01.431";"f";"";"40";"CONSOLIDADA";"";"Presencial";
"1228127";"01";"5756384";"";"";"54819";"LATO SENSU";"";"CAICÓ";"2014";"1";"2014-05-03";"2014-05-24";"7M12345  7T12345";"";"42";"REGULAR";"f";"2014-06-25 18:04:27.961";"f";"";"40";"CONSOLIDADA";"";"Presencial";
"1228128";"01";"";"97376079";"";"47232";"LATO SENSU";"";"AUDITÓRIO DO DEPARTAMENTO DE FISIOTERAPIA";"2014";"1";"2014-04-25";"2014-04-27";"17M2345  7T23456  6N1234";"";"45";"REGULAR";"f";"2014-07-26 19:04:48.399";"f";"";"0";"CONSOLIDADA";"";"Presencial";
"1228129";"01";"24896";"";"";"51952";"LATO SENSU";"";"Sala D3 Setor V";"2014";"1";"2014-04-25";"2014-05-10";"7M2345  7T12  6N1234";"";"35";"REGULAR";"f";"2016-04-06 21:08:25.108";"f";"";"30";"CONSOLIDADA";"";"Presencial";
"1228130";"01";"5753634";"";"";"53396";"LATO SENSU";"";"2h7";"2014";"1";"2014-04-26";"2014-05-17";"7M2345  7T2345";"";"80";"REGULAR";"f";"2014-07-25 14:32:07.581";"f";"";"32";"CONSOLIDADA";"";"Presencial";
"1228131";"01";"5753540";"";"";"53491";"LATO SENSU";"";"SETOR V SALA A1";"2014";"1";"2014-05-08";"2014-05-24";"7M2345  7T23456  5N1234";"";"56";"REGULAR";"f";"2014-06-03 18:10:31.757";"f";"";"39";"CONSOLIDADA";"";"Presencial";
"1228132";"01";"2264213";"";"";"53495";"LATO SENSU";"";"SETOR V SALA A1";"2014";"1";"2014-06-05";"2014-06-28";"7M2345  6T3456 7T23456";"";"56";"REGULAR";"f";"2015-05-20 07:34:08.537";"f";"";"0";"CONSOLIDADA";"";"Presencial";
"1228133";"05";"5756239";"";"";"42247";"STRICTO SENSU";"";"Instituto do Cérebro";"2014";"1";"2014-05-05";"2014-06-04";"24N123";"";"2";"REGULAR";"f";"";"f";"";"";"EXCLUÍDA";"";"Presencial";
"1228134";"01";"5755939";"";"";"54758";"LATO SENSU";"";"CERES-DCSH-Campus de Currais Novos";"2014";"1";"2014-05-03";"2014-06-07";"7M12345  7T23456";"";"40";"REGULAR";"f";"2014-09-20 02:28:00.058";"f";"";"60";"CONSOLIDADA";"";"Presencial";
"1228134";"01";"5753093";"";"";"54758";"LATO SENSU";"";"CERES-DCSH-Campus de Currais Novos";"2014";"1";"2014-05-03";"2014-06-07";"7M12345  7T23456";"";"40";"REGULAR";"f";"2014-09-20 02:28:00.058";"f";"";"60";"CONSOLIDADA";"";"Presencial";
"1228135";"01";"";"104376411";"";"53834";"LATO SENSU";"";"Ministério da Previdência Social";"2014";"1";"2014-05-05";"2014-05-09";"23456M2345  23456T3456";"";"30";"REGULAR";"f";"2014-07-01 14:23:06.308";"f";"";"40";"CONSOLIDADA";"";"Presencial";
"1228135";"01";"25982";"";"";"53834";"LATO SENSU";"";"Ministério da Previdência Social";"2014";"1";"2014-05-05";"2014-05-09";"23456M2345  23456T3456";"";"30";"REGULAR";"f";"2014-07-01 14:23:06.308";"f";"";"40";"CONSOLIDADA";"";"Presencial";
"1228136";"01";"21788";"";"";"53835";"LATO SENSU";"";"Ministério da Previdência Social";"2014";"1";"2014-06-02";"2014-06-06";"23456M2345  23456T3456";"";"30";"REGULAR";"f";"2014-08-27 16:37:10.551";"f";"";"40";"CONSOLIDADA";"";"Presencial";
"1228137";"01";"23664";"";"";"54195";"STRICTO SENSU";"";"ESMARN - ESCOLA DA MAGISTRATURA DO ESTADO DO RN";"2014";"1";"2014-01-27";"2014-06-02";"6T2345";"15";"15";"REGULAR";"f";"2015-02-23 12:27:18.796";"f";"";"52";"CONSOLIDADA";"";"Presencial";
"1228138";"01";"5752605";"";"";"54203";"STRICTO SENSU";"";"ESMARN - ESCOLA DA MAGISTRATURA DO ESTADO DO RN";"2014";"1";"2014-01-27";"2014-06-02";"5T2345";"15";"15";"REGULAR";"f";"2014-08-18 16:40:15.561";"f";"";"96";"CONSOLIDADA";"";"Presencial";
"1228139";"01";"3028953";"";"";"54192";"STRICTO SENSU";"";"ESMARN - ESCOLA DA MAGISTRATURA DO ESTADO DO RN";"2014";"1";"2014-01-27";"2014-06-02";"5N1234";"15";"15";"REGULAR";"f";"2015-01-21 13:10:06.977";"f";"";"60";"CONSOLIDADA";"";"Presencial";
"1228140";"01";"5752570";"";"";"54037";"LATO SENSU";"";"Setor II Bloco F sala 4";"2014";"1";"2014-05-03";"2014-05-31";"7M2345  7T2345";"";"45";"REGULAR";"f";"2014-12-09 17:39:06.263";"f";"";"40";"CONSOLIDADA";"";"Presencial";
"1228141";"01";"2306614";"";"Imunoquímica Aplicada à Biotecnologia";"36975";"STRICTO SENSU";"";"Sala 1 do PPgCF";"2014";"1";"2014-05-05";"2014-05-16";"2356N34";"15";"21";"REGULAR";"f";"2014-06-30 12:10:20.945";"f";"";"14";"CONSOLIDADA";"";"Presencial";
"1228142";"01";"5752682";"";"";"37253";"STRICTO SENSU";"";"Sala Carl Peter von Dietrich";"2014";"1";"2014-05-07";"2014-06-13";"23456M2345";"6";"20";"REGULAR";"f";"2014-08-07 09:26:04.393";"f";"";"56";"CONSOLIDADA";"";"Presencial";
"1228142";"01";"25470";"";"";"37253";"STRICTO SENSU";"";"Sala Carl Peter von Dietrich";"2014";"1";"2014-05-07";"2014-06-13";"23456M2345";"6";"20";"REGULAR";"f";"2014-08-07 09:26:04.393";"f";"";"56";"CONSOLIDADA";"";"Presencial";
"1228142";"01";"21744";"";"";"37253";"STRICTO SENSU";"";"Sala Carl Peter von Dietrich";"2014";"1";"2014-05-07";"2014-06-13";"23456M2345";"6";"20";"REGULAR";"f";"2014-08-07 09:26:04.393";"f";"";"56";"CONSOLIDADA";"";"Presencial";
"1228142";"01";"23677";"";"";"37253";"STRICTO SENSU";"";"Sala Carl Peter von Dietrich";"2014";"1";"2014-05-07";"2014-06-13";"23456M2345";"6";"20";"REGULAR";"f";"2014-08-07 09:26:04.393";"f";"";"56";"CONSOLIDADA";"";"Presencial";
"1228142";"01";"5751853";"";"";"37253";"STRICTO SENSU";"";"Sala Carl Peter von Dietrich";"2014";"1";"2014-05-07";"2014-06-13";"23456M2345";"6";"20";"REGULAR";"f";"2014-08-07 09:26:04.393";"f";"";"56";"CONSOLIDADA";"";"Presencial";
"1228143";"06";"5756239";"";"";"42247";"STRICTO SENSU";"";"Instituto do Cérebro";"2014";"1";"2014-05-06";"2014-06-05";"35N123";"1";"1";"REGULAR";"f";"2014-06-10 20:25:51.171";"f";"";"0";"CONSOLIDADA";"";"Presencial";
"1228144";"01";"20251";"";"";"52198";"LATO SENSU";"";"FIERN";"2014";"1";"2014-05-05";"2014-05-21";"234M2345";"";"39";"REGULAR";"f";"2014-10-27 00:57:37.572";"f";"";"24";"CONSOLIDADA";"";"Presencial";
"1228145";"01";"";"103321592";"POLÍTICA TERRITORIAL E AMBIENTAL";"2056014";"STRICTO SENSU";"";"Laboratório II de Antropologia";"2014";"1";"2014-05-14";"2014-06-14";"4T3456";"7";"20";"REGULAR";"f";"2014-10-15 22:59:14.988";"f";"";"20";"CONSOLIDADA";"";"Presencial";
"1228146";"01";"";"96092367";"";"53034";"LATO SENSU";"";"VD3";"2014";"1";"2014-05-07";"2014-05-10";"7M2345  456N1234";"";"40";"REGULAR";"f";"2015-12-10 17:14:16.818";"f";"";"16";"CONSOLIDADA";"";"Presencial";
"1228147";"01";"24897";"";"";"39193";"STRICTO SENSU";"";"A definir";"2014";"1";"2014-02-10";"2014-06-11";"4T4563";"9";"30";"REGULAR";"f";"2014-06-12 13:27:27.827";"f";"";"68";"CONSOLIDADA";"";"Presencial";
"1228148";"01";"5752484";"";"";"53434";"LATO SENSU";"";"setor V Sala A1";"2014";"1";"2014-05-06";"2014-05-23";"356N2341";"";"55";"REGULAR";"f";"2015-11-20 15:43:17.743";"f";"";"36";"CONSOLIDADA";"";"Presencial";
"1228149";"01";"5751926";"";"";"55712";"STRICTO SENSU";"";"A definir";"2014";"1";"2014-02-06";"2014-06-14";"7T23";"1";"1";"REGULAR";"f";"2014-06-21 20:32:26.282";"f";"";"38";"CONSOLIDADA";"";"Presencial";
"1228150";"02";"5755544";"";"";"55712";"STRICTO SENSU";"";"A definir";"2014";"1";"2014-02-06";"2014-06-14";"7T23";"2";"2";"REGULAR";"f";"2014-06-15 00:12:48.515";"f";"";"34";"CONSOLIDADA";"";"Presencial";
"1228151";"01";"5752195";"";"Alunos da residencia";"56171";"RESIDÊNCIA";"";"huab";"2014";"1";"2014-04-28";"2014-06-02";"2T123456";"";"2";"REGULAR";"f";"2014-06-25 14:45:17.326";"f";"";"36";"CONSOLIDADA";"";"Presencial";
"1228153";"01";"5752193";"";"residentes do huab";"56172";"RESIDÊNCIA";"";"HUAB";"2014";"1";"2014-05-07";"2014-06-11";"4T123456";"";"4";"REGULAR";"f";"";"f";"";"";"ABERTA";"";"Presencial";
"1228154";"01";"5752241";"";"";"56173";"LATO SENSU";"";"SUPERINTENDÊNCIA DE INFORMÁTICA";"2014";"1";"2014-05-07";"2014-05-24";"46M345 5M45 7M1  5N234 7N345";"";"50";"REGULAR";"f";"2015-12-02 09:17:54.12";"f";"";"30";"CONSOLIDADA";"";"Presencial";
"1228154";"01";"";"104515389";"";"56173";"LATO SENSU";"";"SUPERINTENDÊNCIA DE INFORMÁTICA";"2014";"1";"2014-05-07";"2014-05-24";"46M345 5M45 7M1  5N234 7N345";"";"50";"REGULAR";"f";"2015-12-02 09:17:54.12";"f";"";"30";"CONSOLIDADA";"";"Presencial";
"1228155";"09";"2289732";"";"AULA MINISTRADAS NO CAMPI DE CAICÓ";"47324";"FORMAÇÃO COMPLEMENTAR";"";"CAICÓ";"2014";"1";"2014-02-10";"2014-06-14";"3T2345";"";"20";"REGULAR";"f";"2014-06-21 23:21:28.159";"f";"";"52";"CONSOLIDADA";"";"Presencial";
"1228156";"10";"37428";"";"";"39109";"STRICTO SENSU";"";"A definir";"2014";"1";"2014-01-27";"2014-08-02";"7M1";"1";"2";"REGULAR";"f";"2015-01-15 08:31:12.088";"f";"";"27";"CONSOLIDADA";"";"Presencial";
"1228157";"02";"5755991";"";"";"55213";"LATO SENSU";"";"CURRAIS NOVOS";"2014";"1";"2014-05-09";"2014-05-24";"7M2345  7T23456";"";"55";"REGULAR";"f";"2015-05-26 09:38:46.056";"f";"";"27";"CONSOLIDADA";"";"Presencial";
"1228158";"01";"4274563";"";"";"53850";"LATO SENSU";"";"UFRN - NUCLEO DE PÓS-GRADUAÇÃO EM DIREITO - SL 01";"2014";"1";"2014-05-05";"2014-05-09";"24T3456  356N1234";"";"55";"REGULAR";"f";"2015-03-31 14:51:38.52";"f";"";"20";"CONSOLIDADA";"";"Presencial";
"1228159";"01";"";"97267237";"";"53409";"LATO SENSU";"";"SALA DE AULA";"2014";"1";"2014-05-09";"2014-05-10";"7M2345  6T6 7T23456  6N1234";"";"45";"REGULAR";"f";"2014-08-18 16:50:45.125";"f";"";"0";"CONSOLIDADA";"";"Presencial";
"1228160";"01";"";"100938656";"";"44038";"LATO SENSU";"";"AUDITÓRIO DO DEPTO DE FISIOTERAPIA";"2014";"1";"2014-05-07";"2014-05-10";"7M2345  7T2345  456N1234";"";"50";"REGULAR";"f";"2015-05-25 16:13:02.781";"f";"";"0";"CONSOLIDADA";"";"Presencial";
"1228161";"01";"";"90436798";"";"50410";"LATO SENSU";"";"D4 SETOR V";"2014";"1";"2014-05-09";"2014-05-24";"7M2345  6T23456 7T1  6N1";"";"36";"REGULAR";"f";"2014-12-17 08:31:00.4";"f";"";"33";"CONSOLIDADA";"";"Presencial";
"1228162";"07";"5756239";"";"";"45097";"STRICTO SENSU";"";"ECT";"2014";"1";"2014-05-12";"2014-06-11";"24N123";"1";"1";"REGULAR";"f";"2014-06-10 20:25:06.137";"f";"";"0";"CONSOLIDADA";"";"Presencial";
"1228163";"01";"5752796";"";"";"54906";"LATO SENSU";"";"SETOR V BLOCO F";"2014";"1";"2014-05-17";"2014-06-07";"7M12345  7T123456";"";"70";"REGULAR";"f";"2015-06-09 23:50:00.856";"f";"";"0";"CONSOLIDADA";"";"Presencial";
"1228164";"01";"";"94644000";"";"51941";"LATO SENSU";"";"Setor V";"2014";"1";"2014-05-23";"2014-05-31";"7M2345  7T12  6N1234";"";"35";"REGULAR";"f";"2016-04-06 21:16:02.367";"f";"";"20";"CONSOLIDADA";"";"Presencial";
"1228170";"01";"5752679";"";"";"51668";"LATO SENSU";"";"Cabo de Santo Agostinho";"2014";"1";"2014-05-15";"2014-05-24";"5T62345 6T6 7T23456  6N1234";"";"22";"REGULAR";"f";"2014-09-03 11:29:39.923";"f";"";"30";"CONSOLIDADA";"";"Presencial";
"1228170";"01";"5753702";"";"";"51668";"LATO SENSU";"";"Cabo de Santo Agostinho";"2014";"1";"2014-05-15";"2014-05-24";"5T62345 6T6 7T23456  6N1234";"";"22";"REGULAR";"f";"2014-09-03 11:29:39.923";"f";"";"30";"CONSOLIDADA";"";"Presencial";
"1228171";"01";"";"96920741";"";"53288";"LATO SENSU";"";"DEF";"2014";"1";"2014-05-23";"2014-05-24";"7M12345  7T23456  6N12345";"";"50";"REGULAR";"f";"2014-11-13 16:24:12.103";"f";"";"0";"CONSOLIDADA";"";"Presencial";
"1228262";"01";"5751830";"";"EM FARMACOTÉCNICA";"37966";"STRICTO SENSU";"";"DFAR";"2014";"1";"2014-01-27";"2014-06-14";"35M1";"1";"1";"REGULAR";"f";"2014-06-24 19:27:16.726";"f";"";"37";"CONSOLIDADA";"";"Presencial";
"1228263";"02";"26212";"";"EM BIOQUÍMICA CLÍNICA";"37966";"STRICTO SENSU";"";"DACT";"2014";"1";"2014-01-27";"2014-06-14";"36N1";"1";"1";"REGULAR";"f";"2014-06-27 18:31:19.831";"f";"";"37";"CONSOLIDADA";"";"Presencial";
"1228264";"01";"23108";"";"Disciplina em módulo de 9 a 17/6/2014 com foco em aplicações práticas de GPR em sistemas eólicos";"38219";"STRICTO SENSU";"";"LAE/PPGG";"2014";"1";"2014-03-10";"2014-07-31";"24M34";"1";"2";"REGULAR";"f";"2014-08-06 14:02:21.643";"f";"";"74";"CONSOLIDADA";"";"Presencial";
"1228265";"03";"5753585";"";"EM IMUNOLOGIA CLÍNICA";"37966";"STRICTO SENSU";"";"DACT";"2014";"1";"2014-01-27";"2014-06-14";"35N4";"1";"1";"REGULAR";"f";"2014-06-21 11:53:02.323";"f";"";"37";"CONSOLIDADA";"";"Presencial";
"1228266";"04";"5753059";"";"EM TOXICOLOGIA";"37966";"STRICTO SENSU";"";"DACT";"2014";"1";"2014-01-27";"2014-06-14";"26M1";"1";"1";"REGULAR";"f";"2014-06-14 21:27:18.635";"f";"";"34";"CONSOLIDADA";"";"Presencial";
"1228267";"05";"5752698";"";"EM MICOLOGIA CLÍNICA";"37966";"STRICTO SENSU";"";"DACT";"2014";"1";"2014-01-27";"2014-06-14";"24M1";"1";"1";"REGULAR";"f";"2014-06-16 19:39:01.938";"f";"";"37";"CONSOLIDADA";"";"Presencial";
"1228268";"06";"5753064";"";"EM FARMACOGNOSIA";"37966";"STRICTO SENSU";"";"DFAR";"2014";"1";"2014-01-27";"2014-06-14";"36N4";"1";"1";"REGULAR";"f";"2014-06-21 23:42:51.517";"f";"";"38";"CONSOLIDADA";"";"Presencial";
"1228269";"02";"5752255";"";"Residentes multiprofissionais de farmácia.";"56060";"RESIDÊNCIA";"";"Unidade de Saúde Monte Líbano - SMS/Natal";"2014";"1";"2014-05-05";"2014-12-31";"4T12345";"";"40";"REGULAR";"f";"";"f";"";"";"EXCLUÍDA";"";"Presencial";
"1228270";"07";"5754300";"";"EM FARMACOGNOSIA";"37966";"STRICTO SENSU";"";"DFAR";"2014";"1";"2014-01-27";"2014-06-14";"46M1";"1";"1";"REGULAR";"f";"2014-07-23 23:45:32.127";"f";"";"38";"CONSOLIDADA";"";"Presencial";
"1228271";"03";"";"104578175";"";"55213";"LATO SENSU";"";"NATAL";"2014";"1";"2014-05-09";"2014-05-24";"7M234  7T23456  6N2345";"";"55";"REGULAR";"f";"2015-05-23 15:17:09.273";"f";"";"24";"CONSOLIDADA";"";"Presencial";
"1228272";"04";"";"104578100";"";"55213";"LATO SENSU";"";"MOSSORÓ";"2014";"1";"2014-05-09";"2014-05-24";"7M2345  7T2345  6N2345";"";"55";"REGULAR";"f";"2015-04-23 15:01:39.645";"f";"";"0";"CONSOLIDADA";"";"Presencial";
"1228273";"08";"23839";"";"EM TOXICOLOGIA";"37966";"STRICTO SENSU";"";"DACT";"2014";"1";"2014-01-27";"2014-06-14";"56M1";"1";"1";"REGULAR";"f";"2014-06-13 08:35:20.419";"f";"";"34";"CONSOLIDADA";"";"Presencial";
"1228274";"09";"5752255";"";"EM FARMACOLOGIA APLICADA";"37966";"STRICTO SENSU";"";"DFAR";"2014";"1";"2014-01-27";"2014-06-14";"24N1";"1";"1";"REGULAR";"f";"2015-01-05 02:50:13.285";"f";"";"0";"CONSOLIDADA";"";"Presencial";
"1228275";"10";"5752195";"";"EM FARMACOTÉCNICA";"37966";"STRICTO SENSU";"";"DFAR";"2014";"1";"2014-01-27";"2014-06-14";"35T6";"1";"1";"REGULAR";"f";"2014-06-25 14:35:26.886";"f";"";"37";"CONSOLIDADA";"";"Presencial";
"1228276";"11";"2306614";"";"EM ENZIMOLOGIA";"37966";"STRICTO SENSU";"";"DFAR";"2014";"1";"2014-01-27";"2014-06-14";"24M1";"1";"1";"REGULAR";"f";"2014-06-30 12:08:27.785";"f";"";"37";"CONSOLIDADA";"";"Presencial";
"1228277";"12";"5751830";"";"EM FARMACOTÉCNICA";"37966";"STRICTO SENSU";"";"DFAR";"2014";"1";"2014-01-27";"2014-06-14";"45M6";"1";"1";"REGULAR";"f";"2014-06-24 19:31:07.661";"f";"";"37";"CONSOLIDADA";"";"Presencial";
"1228278";"13";"5753064";"";"EM FARMACOGNOSIA";"37966";"STRICTO SENSU";"";"DFAR";"2014";"1";"2014-01-27";"2014-06-14";"25M6";"1";"1";"REGULAR";"f";"2014-06-21 23:58:50.598";"f";"";"36";"CONSOLIDADA";"";"Presencial";
"1228279";"01";"5755033";"";"";"55163";"LATO SENSU";"";"AUDITÓRIO DEF";"2014";"1";"2014-05-31";"2014-06-01";"17M2345  17T3456";"";"80";"REGULAR";"f";"";"f";"";"";"EXCLUÍDA";"";"Presencial";
"1228280";"01";"22824";"";"";"37548";"STRICTO SENSU";"";"SETOR II - SALA B2";"2014";"1";"2014-02-03";"2014-06-14";"2N1";"1";"30";"REGULAR";"f";"2014-09-01 09:04:34.108";"f";"";"14";"CONSOLIDADA";"";"Presencial";
"1228281";"01";"22824";"";"";"37551";"STRICTO SENSU";"";"SETOR II";"2014";"1";"2014-02-03";"2014-06-14";"2N2";"2";"30";"REGULAR";"f";"2014-09-01 09:11:32.096";"f";"";"14";"CONSOLIDADA";"";"Presencial";
"1228282";"01";"3031948";"";"";"54297";"LATO SENSU";"";"Auditório  B CCHLA";"2014";"1";"2014-05-24";"2014-06-21";"7M2345  7T23456";"";"100";"REGULAR";"f";"2014-11-23 23:15:36.363";"f";"";"45";"CONSOLIDADA";"";"Presencial";
"1228283";"01";"";"96026577";"";"52947";"LATO SENSU";"";"Auditório - LABPSI";"2014";"1";"2014-05-16";"2014-05-18";"167M2345  67T3456";"";"45";"REGULAR";"f";"";"f";"";"";"ABERTA";"";"Presencial";
"1228284";"01";"";"96024679";"";"52941";"LATO SENSU";"";"Auditório - LABPSI";"2014";"1";"2014-06-06";"2014-06-08";"167M2345  67T3456";"";"45";"REGULAR";"f";"";"f";"";"";"ABERTA";"";"Presencial";
"1228285";"01";"22739";"";"";"54546";"LATO SENSU";"";"SUPERINTENDENCIA DE INFORMÁTICA";"2014";"1";"2014-05-28";"2014-06-14";"7M345  456N234";"";"50";"REGULAR";"f";"2014-10-05 10:09:16.602";"f";"";"0";"CONSOLIDADA";"";"Presencial";
"1228286";"01";"5753617";"";"";"37099";"STRICTO SENSU";"";"Sala de Aula do PPGCEM";"2014";"1";"2014-01-20";"2014-07-31";"3T56  3N12";"";"5";"REGULAR";"f";"2014-06-29 08:25:18.219";"f";"";"88";"CONSOLIDADA";"";"Presencial";
"1228287";"01";"5752699";"";"Geoprocessamento aplicado à saúde";"54892";"STRICTO SENSU";"";"Sala de Reuniões do CB-UFRN";"2014";"1";"2014-02-03";"2014-06-13";"7M23";"4";"20";"REGULAR";"f";"";"f";"";"";"EXCLUÍDA";"";"Presencial";
"1228288";"01";"5754613";"";"";"52413";"LATO SENSU";"";"CIVT-IMD";"2014";"1";"2014-05-19";"2014-05-24";"45M12 67M123  7T23456";"";"26";"REGULAR";"f";"2014-07-09 11:15:13.628";"f";"";"15";"CONSOLIDADA";"";"Presencial";
"1228288";"01";"5755108";"";"";"52413";"LATO SENSU";"";"CIVT-IMD";"2014";"1";"2014-05-19";"2014-05-24";"45M12 67M123  7T23456";"";"26";"REGULAR";"f";"2014-07-09 11:15:13.628";"f";"";"15";"CONSOLIDADA";"";"Presencial";
"1228289";"01";"5752699";"";"";"54893";"STRICTO SENSU";"";"Sala de Reuniões do CB-UFRN";"2014";"1";"2014-02-03";"2014-06-13";"7M3";"13";"15";"REGULAR";"f";"2014-07-05 10:49:48.602";"f";"";"18";"CONSOLIDADA";"";"Presencial";
"1228292";"01";"23115";"";"";"53632";"LATO SENSU";"";"Caicó";"2014";"1";"2014-03-14";"2014-04-05";"7M2345  7T2345  6N234";"";"45";"REGULAR";"f";"2014-12-24 10:46:21.359";"f";"";"0";"CONSOLIDADA";"";"Presencial";
"1228292";"01";"2292412";"";"";"53632";"LATO SENSU";"";"Caicó";"2014";"1";"2014-03-14";"2014-04-05";"7M2345  7T2345  6N234";"";"45";"REGULAR";"f";"2014-12-24 10:46:21.359";"f";"";"0";"CONSOLIDADA";"";"Presencial";
"1228293";"01";"64721";"";"";"56236";"FORMAÇÃO COMPLEMENTAR";"";"Turma Virtual do SIGAA";"2014";"1";"2014-05-20";"2014-06-14";"3M1";"";"101";"REGULAR";"f";"2014-07-07 20:20:59.036";"f";"";"4";"CONSOLIDADA";"";"Presencial";
"1228294";"01";"5752505";"";"";"56235";"LATO SENSU";"";"Setor de Aulas V, Sala F5";"2014";"1";"2014-05-19";"2014-06-05";"234N234";"";"50";"REGULAR";"f";"2014-06-16 12:03:50.06";"f";"";"0";"CONSOLIDADA";"";"Presencial";
"1228295";"01";"";"99317631";"";"50229";"LATO SENSU";"";"Setor de Aulas V, Sala F5";"2014";"1";"2014-06-09";"2014-07-16";"234N234";"";"50";"REGULAR";"f";"2014-08-05 06:48:39.434";"f";"";"18";"CONSOLIDADA";"";"Presencial";
"1228296";"01";"5753018";"";"";"53829";"LATO SENSU";"";"NUCLEO DE PÓS-GRADUAÇÃO EM DIREITO - SALA 01";"2014";"1";"2014-05-19";"2014-05-23";"2N2345 3456N1234";"";"55";"REGULAR";"f";"2014-12-18 10:19:52.91";"f";"";"0";"CONSOLIDADA";"";"Presencial";
"1228299";"01";"";"90276062";"";"49855";"LATO SENSU";"";"VD2";"2014";"1";"2014-05-20";"2014-06-05";"345N1234";"";"30";"REGULAR";"f";"2015-06-18 15:41:45.965";"f";"";"0";"CONSOLIDADA";"";"Presencial";
"1228299";"01";"5753595";"";"";"49855";"LATO SENSU";"";"VD2";"2014";"1";"2014-05-20";"2014-06-05";"345N1234";"";"30";"REGULAR";"f";"2015-06-18 15:41:45.965";"f";"";"0";"CONSOLIDADA";"";"Presencial";
"1228302";"01";"";"104682610";"";"56255";"FORMAÇÃO COMPLEMENTAR";"";"Turma Virtual do SIGAA";"2014";"1";"2014-05-20";"2014-06-19";"3T2";"";"101";"REGULAR";"f";"2014-06-20 15:42:15.896";"f";"";"5";"CONSOLIDADA";"";"Presencial";
"1228305";"01";"5753607";"";"";"53634";"LATO SENSU";"";"Natal";"2014";"1";"2014-04-11";"2014-04-26";"7M2345  7T2345  6N234";"";"45";"REGULAR";"f";"2015-01-27 12:57:41.013";"f";"";"0";"CONSOLIDADA";"";"Presencial";
"1228306";"02";"5756459";"";"";"53634";"LATO SENSU";"";"Natal";"2014";"1";"2014-04-11";"2014-04-26";"7M2345  7T2345  6N234";"";"45";"REGULAR";"f";"2015-01-30 16:38:53.6";"f";"";"30";"CONSOLIDADA";"";"Presencial";
"1228307";"03";"5753607";"";"";"53634";"LATO SENSU";"";"Caicó";"2014";"1";"2014-01-24";"2014-02-08";"7M2345  7T2345  6N234";"";"45";"REGULAR";"f";"2015-01-27 13:09:05.339";"f";"";"0";"CONSOLIDADA";"";"Presencial";
"1228308";"01";"22874";"";"";"53637";"LATO SENSU";"";"Natal";"2014";"1";"2014-03-14";"2014-03-26";"7M2345  7T2345  6N234";"";"45";"REGULAR";"f";"2015-01-27 14:22:26.219";"f";"";"22";"CONSOLIDADA";"";"Presencial";
"1228309";"01";"";"96092346";"";"53035";"LATO SENSU";"";"VD3";"2014";"1";"2014-07-30";"2014-08-02";"7M2345  456N1234";"";"40";"REGULAR";"f";"2015-12-10 17:17:24.62";"f";"";"16";"CONSOLIDADA";"";"Presencial";
"1228310";"02";"2263697";"";"";"53637";"LATO SENSU";"";"Caicó";"2014";"1";"2014-02-21";"2014-03-08";"7M2345  7T2345  6N234";"";"45";"REGULAR";"f";"2014-12-23 12:30:40.203";"f";"";"0";"CONSOLIDADA";"";"Presencial";
"1228311";"01";"";"104873897";"";"53635";"LATO SENSU";"";"Natal";"2014";"1";"2014-05-15";"2014-08-02";"7M2345  7T2345  6N234";"";"45";"REGULAR";"f";"2015-01-27 14:05:50.134";"f";"";"0";"CONSOLIDADA";"";"Presencial";
"1228312";"02";"5754349";"";"";"42452";"GRADUAÇÃO";"Campus Macaíba";"A definir";"2014";"1";"2014-01-27";"2014-06-14";"3M45  3T12";"";"12";"REGULAR";"f";"2014-06-11 15:32:46.544";"f";"";"74";"CONSOLIDADA";"";"Presencial";
"1228313";"01";"22941";"";"";"55215";"LATO SENSU";"";"NATAL";"2014";"1";"2014-07-18";"2014-07-26";"7M2345  7T2345  6N2345";"";"55";"REGULAR";"f";"2015-05-12 15:15:43.1";"f";"";"24";"CONSOLIDADA";"";"Presencial";
"1228314";"01";"21732";"";"";"54737";"LATO SENSU";"";"AUDITÓRIO DO DEPARTAMENTO DE FISIOTERAPIA";"2014";"1";"2014-05-22";"2014-06-07";"7M2345  7T23456  56N234";"";"50";"REGULAR";"f";"2015-05-25 17:49:02.079";"f";"";"0";"CONSOLIDADA";"";"Presencial";
"1228315";"02";"";"103459546";"";"55215";"LATO SENSU";"";"NATAL";"2014";"1";"2014-07-18";"2014-07-26";"7M2345  7T23456  6N2345";"";"55";"REGULAR";"f";"2015-05-26 13:45:41.362";"f";"";"26";"CONSOLIDADA";"";"Presencial";
"1228316";"03";"";"104682610";"";"55215";"LATO SENSU";"";"CURRAIS NOVOS";"2014";"1";"2014-07-18";"2014-07-26";"7M2345  7T23456  6N2345";"";"55";"REGULAR";"f";"2015-05-21 15:00:31.351";"f";"";"26";"CONSOLIDADA";"";"Presencial";
"1228317";"01";"";"100302167";"";"52410";"LATO SENSU";"";"CIVT/IMD";"2014";"1";"2014-05-26";"2014-05-31";"246M12 7M345  7T123456";"";"25";"REGULAR";"f";"2014-07-02 07:10:53.041";"f";"";"15";"CONSOLIDADA";"";"Presencial";
"1228318";"01";"";"104733606";"Estratégias para identificação de genes de interesse em animais domésticos ";"51601";"STRICTO SENSU";"";"PPGPA - Macaíba";"2014";"1";"2014-03-17";"2014-07-11";"6T12";"7";"20";"REGULAR";"f";"2015-03-02 15:56:47.989";"f";"";"0";"CONSOLIDADA";"";"Presencial";
"1228319";"01";"";"104733631";"Formulação de rações - Modular de  07 a 12/07/2014";"51602";"STRICTO SENSU";"";"PPGPA - Macaíba - Lab. de informática";"2014";"1";"2014-07-07";"2014-07-10";"6T345";"21";"20";"REGULAR";"f";"2015-01-05 01:12:58.481";"f";"";"0";"CONSOLIDADA";"";"Presencial";
"1228319";"01";"5752846";"";"Formulação de rações - Modular de  07 a 12/07/2014";"51602";"STRICTO SENSU";"";"PPGPA - Macaíba - Lab. de informática";"2014";"1";"2014-07-07";"2014-07-10";"6T345";"21";"20";"REGULAR";"f";"2015-01-05 01:12:58.481";"f";"";"0";"CONSOLIDADA";"";"Presencial";
"1228320";"05";"3030265";"";"";"37270";"STRICTO SENSU";"";"A definir";"2014";"1";"2014-02-10";"2014-06-14";"2N12";"1";"1";"REGULAR";"f";"2014-06-03 14:52:14.559";"f";"";"0";"CONSOLIDADA";"";"Presencial";
"1228321";"05";"5753011";"";"";"2053804";"STRICTO SENSU";"";"A Definir";"2014";"1";"2014-02-03";"2014-06-14";"7M3";"1";"1";"REGULAR";"f";"2014-05-24 11:36:20.549";"f";"";"16";"CONSOLIDADA";"";"Presencial";
"1228322";"01";"5753616";"";"";"54542";"LATO SENSU";"";"Superintendência de Informática";"2014";"1";"2014-06-04";"2014-07-19";"7M345  3T3456  23N1234";"";"50";"REGULAR";"f";"2015-06-08 22:25:24.389";"f";"";"8";"CONSOLIDADA";"";"Presencial";
"1228323";"02";"22944";"";"";"54810";"LATO SENSU";"";"NATAL";"2014";"1";"2014-05-31";"2014-06-28";"7M12345  7T12345";"";"55";"REGULAR";"f";"2015-10-21 18:59:59.695";"f";"";"40";"CONSOLIDADA";"";"Presencial";
"1228324";"01";"5755926";"";"Residentes Multiprofissionais de farmácia";"54418";"RESIDÊNCIA";"";"Sala de Farmácia Clínica - HUOL";"2014";"1";"2014-10-07";"2014-11-25";"3M123456";"";"15";"REGULAR";"f";"2015-04-10 09:20:18.254";"f";"";"42";"CONSOLIDADA";"";"Presencial";
"1228546";"01";"5752264";"";"";"52416";"LATO SENSU";"";"CIVT/IMD - Sala A305";"2014";"1";"2014-06-02";"2014-06-07";"24M12 6M1 7M2345  7T234561";"";"25";"REGULAR";"f";"2014-11-20 09:38:25.342";"f";"";"15";"CONSOLIDADA";"";"Presencial";
"1228571";"01";"5753860";"";"";"51944";"LATO SENSU";"";"Sala D3 Setor V";"2014";"1";"2014-04-04";"2014-04-13";"1M2345  1T12  7N1234";"";"35";"REGULAR";"f";"2016-04-06 21:12:51.81";"f";"";"20";"CONSOLIDADA";"";"Presencial";
"1228583";"01";"20873";"";"Electron Microscopy";"55435";"STRICTO SENSU";"";"Nuprar";"2014";"1";"2014-05-26";"2014-07-31";"7M123456  4T56 6T456  2456N1234";"";"50";"REGULAR";"f";"2014-07-07 23:02:21.259";"f";"";"61";"CONSOLIDADA";"";"Presencial";
"1228583";"01";"";"104786828";"Electron Microscopy";"55435";"STRICTO SENSU";"";"Nuprar";"2014";"1";"2014-05-26";"2014-07-31";"7M123456  4T56 6T456  2456N1234";"";"50";"REGULAR";"f";"2014-07-07 23:02:21.259";"f";"";"61";"CONSOLIDADA";"";"Presencial";
"1229171";"01";"5752469";"";"";"53169";"LATO SENSU";"";"setor V Sala A1";"2014";"1";"2014-06-02";"2014-06-16";"246N1234";"";"55";"REGULAR";"f";"2015-11-20 16:47:46.403";"f";"";"0";"CONSOLIDADA";"";"Presencial";
"1229183";"01";"5752589";"";"";"53308";"LATO SENSU";"";"Setor V - Sala D3";"2014";"1";"2014-05-30";"2014-06-07";"7M2345  7T2345  6N1234";"";"55";"REGULAR";"f";"2016-02-23 09:53:36.693";"f";"";"0";"CONSOLIDADA";"";"Presencial";
"1229338";"01";"24386";"";"";"53449";"LATO SENSU";"";"Sala 7B5";"2014";"1";"2014-05-31";"2014-06-01";"17M12345  17T23456";"";"45";"REGULAR";"f";"2015-03-18 13:58:13.982";"f";"";"0";"CONSOLIDADA";"";"Presencial";
"1229339";"01";"24386";"";"";"53456";"LATO SENSU";"";"Sala 7B5";"2014";"1";"2014-04-26";"2014-04-27";"17M12345  17T23456";"";"45";"REGULAR";"f";"2015-03-18 14:14:40.134";"f";"";"20";"CONSOLIDADA";"";"Presencial";
"1229340";"01";"22887";"";"";"53457";"LATO SENSU";"";"Sala 7B5";"2014";"1";"2014-06-28";"2014-06-29";"17M12345  17T23456";"";"45";"REGULAR";"f";"2015-03-23 10:03:07.083";"f";"";"0";"CONSOLIDADA";"";"Presencial";
"1229341";"01";"5752698";"";"";"53458";"LATO SENSU";"";"Sala 7B5";"2014";"1";"2014-07-26";"2014-07-27";"17M12345  17T23456";"";"45";"REGULAR";"f";"2015-03-12 20:33:58.885";"f";"";"0";"CONSOLIDADA";"";"Presencial";
"1229342";"01";"24386";"";"";"53462";"LATO SENSU";"";"Sala 7B5";"2014";"1";"2014-08-30";"2014-08-31";"17M12345  17T23456";"";"45";"REGULAR";"f";"2015-03-13 16:03:36.67";"f";"";"0";"CONSOLIDADA";"";"Presencial";
"1229379";"01";"5753407";"";"";"52157";"LATO SENSU";"";"casa da indústria";"2014";"1";"2014-06-02";"2014-10-01";"3M1234  24N2345";"";"38";"REGULAR";"f";"2014-10-29 11:58:40.417";"f";"";"8";"CONSOLIDADA";"";"Presencial";
"1229790";"01";"26135";"";"";"53817";"LATO SENSU";"";"NUCLEO DE PÓS-GRADUAÇÃO EM DIREITO - SALA 01";"2014";"1";"2014-06-02";"2014-06-06";"35T3456  246N1234";"";"55";"REGULAR";"f";"2014-12-11 18:48:53.212";"f";"";"20";"CONSOLIDADA";"";"Presencial";
"1229951";"01";"26028";"";"";"54423";"LATO SENSU";"";"Santa Cruz";"2014";"1";"2014-06-07";"2014-08-02";"7M2345  7T23456";"";"41";"REGULAR";"f";"2015-06-09 20:24:02.413";"f";"";"89";"CONSOLIDADA";"";"Presencial";
"1229952";"01";"5753539";"";"";"53171";"LATO SENSU";"";"sala A1 setor 5";"2014";"1";"2014-06-25";"2014-07-10";"3456N1234";"";"55";"REGULAR";"f";"2015-07-01 16:13:37.907";"f";"";"24";"CONSOLIDADA";"";"Presencial";
"1229968";"01";"3020005";"";"";"54738";"LATO SENSU";"";"AUDITÓRIO DO DEPARTAMENTO DE FISIOTERAPIA";"2014";"1";"2014-07-17";"2014-08-02";"7M2345  7T2345  56N1234";"";"50";"REGULAR";"f";"2015-05-31 12:27:18.606";"f";"";"0";"CONSOLIDADA";"";"Presencial";
"1230066";"01";"26013";"";"";"2037652";"STRICTO SENSU";"";"A definir";"2014";"1";"2014-02-10";"2014-06-14";"2N34";"1";"1";"REGULAR";"f";"2014-07-08 19:40:07.902";"f";"";"30";"CONSOLIDADA";"";"Presencial";
"1230139";"03";"";"104874042";"";"53637";"LATO SENSU";"";"Natal";"2014";"1";"2014-03-14";"2014-03-29";"7M2345  7T2345  6N234";"";"45";"REGULAR";"f";"2015-01-28 13:21:35.371";"f";"";"0";"CONSOLIDADA";"";"Presencial";
"1230170";"02";"23115";"";"";"53635";"LATO SENSU";"";"Natal";"2014";"1";"2014-05-15";"2014-08-02";"7M2345  7T2345  6N234";"";"45";"REGULAR";"f";"2014-12-29 07:22:34.279";"f";"";"0";"CONSOLIDADA";"";"Presencial";
"1230232";"03";"";"104873972";"";"53635";"LATO SENSU";"";"Caicó";"2014";"1";"2014-04-11";"2014-04-26";"7M2345  7T2345  6N234";"";"45";"REGULAR";"f";"2014-12-10 12:53:48.139";"f";"";"0";"CONSOLIDADA";"";"Presencial";
"1230232";"03";"";"104873897";"";"53635";"LATO SENSU";"";"Caicó";"2014";"1";"2014-04-11";"2014-04-26";"7M2345  7T2345  6N234";"";"45";"REGULAR";"f";"2014-12-10 12:53:48.139";"f";"";"0";"CONSOLIDADA";"";"Presencial";
"1230261";"01";"5753060";"";"";"56819";"STRICTO SENSU";"";"D4 Setor V";"2014";"1";"2014-02-24";"2014-06-13";"5T234";"12";"20";"REGULAR";"f";"2014-11-05 19:11:58.475";"f";"";"30";"CONSOLIDADA";"";"Presencial";
"1230263";"01";"5756275";"";"- Planejamento na Gestão Pública";"56836";"STRICTO SENSU";"";"D4 Setor V";"2014";"1";"2014-02-24";"2014-06-13";"6M345";"5";"20";"REGULAR";"f";"2014-07-03 12:31:16.712";"f";"";"45";"CONSOLIDADA";"";"Presencial";
"1230264";"01";"16991";"";"- Ética no Serviço Publico";"56835";"STRICTO SENSU";"";"D4 Setor V";"2014";"1";"2014-02-24";"2014-06-13";"3N123";"8";"25";"REGULAR";"f";"2014-07-03 10:46:21.196";"f";"";"30";"CONSOLIDADA";"";"Presencial";
"1230265";"01";"18098";"";"";"56817";"STRICTO SENSU";"";"D4 Setor V";"2014";"1";"2014-02-24";"2014-06-13";"3M345";"9";"20";"REGULAR";"f";"2014-06-15 11:37:50.296";"f";"";"30";"CONSOLIDADA";"";"Presencial";
"1230266";"01";"21599";"";"";"56812";"STRICTO SENSU";"";"D4 Setor V";"2014";"1";"2014-02-24";"2014-06-13";"6N123";"2";"20";"REGULAR";"f";"";"f";"";"";"EXCLUÍDA";"";"Presencial";
"1230267";"01";"20831";"";"";"56809";"STRICTO SENSU";"";"D4 Setor V";"2014";"1";"2014-02-24";"2014-06-13";"5M345";"17";"20";"REGULAR";"f";"2014-09-20 09:50:32.58";"f";"";"30";"CONSOLIDADA";"";"Presencial";
"1230455";"02";"21599";"";"";"56812";"STRICTO SENSU";"";"SETOR V - SALA D4";"2014";"1";"2014-03-10";"2014-06-13";"6T234";"16";"20";"REGULAR";"f";"2014-08-06 23:06:27.763";"f";"";"30";"CONSOLIDADA";"";"Presencial";
"1230624";"02";"18150";"";"";"41163";"STRICTO SENSU";"";"sala de aula";"2014";"1";"2014-02-13";"2014-06-13";"6M12";"2";"3";"REGULAR";"f";"2014-06-15 15:51:04.511";"f";"";"34";"CONSOLIDADA";"";"Presencial";
"1230640";"03";"";"99513492";"";"41163";"STRICTO SENSU";"";"sala de aula";"2014";"1";"2014-02-13";"2014-06-13";"6M12";"1";"1";"REGULAR";"f";"2014-07-21 15:00:55.998";"f";"";"30";"CONSOLIDADA";"";"Presencial";
"1230641";"04";"2301545";"";"";"41163";"STRICTO SENSU";"";"sala de aula";"2014";"1";"2014-02-13";"2014-06-13";"5N34";"1";"1";"REGULAR";"f";"2014-06-13 10:11:31.438";"f";"";"30";"CONSOLIDADA";"";"Presencial";
"1230659";"01";"18150";"";"";"41164";"STRICTO SENSU";"";"sala de aula";"2014";"1";"2014-02-13";"2014-06-13";"6M34";"1";"1";"REGULAR";"f";"2014-06-15 16:01:21.34";"f";"";"34";"CONSOLIDADA";"";"Presencial";
"1230694";"01";"5755772";"";"";"54814";"LATO SENSU";"";"Nova Cruz";"2014";"1";"2014-06-07";"2014-07-26";"7M12345  7T12345";"";"52";"REGULAR";"f";"2015-02-01 10:13:31.991";"f";"";"80";"CONSOLIDADA";"";"Presencial";
"1231000";"01";"5753508";"";"";"48454";"TÉCNICO";"";"SALA AQ";"2014";"1";"2014-01-27";"2014-06-14";"3T45";"";"30";"REGULAR";"f";"2014-06-11 11:02:43.346";"f";"";"0";"CONSOLIDADA";"";"Presencial";
"1231076";"02";"";"104873383";"";"54423";"LATO SENSU";"";"São Paulo do Potengi";"2014";"1";"2014-06-07";"2014-08-02";"7M2345  7T23456";"";"43";"REGULAR";"f";"2014-12-15 22:23:54.185";"f";"";"27";"CONSOLIDADA";"";"Presencial";
"1231152";"02";"5756384";"";"";"54819";"LATO SENSU";"";"Currais Novos";"2014";"1";"2014-06-07";"2014-07-26";"7M12345  7T12345";"";"50";"REGULAR";"f";"2014-11-05 00:11:11.938";"f";"";"40";"CONSOLIDADA";"";"Presencial";
"1231155";"02";"5755580";"";"";"54805";"LATO SENSU";"";"CAICÓ";"2014";"1";"2014-06-07";"2014-07-26";"7M12345  7T12345";"";"50";"REGULAR";"f";"2015-01-24 10:34:16.854";"f";"";"10";"CONSOLIDADA";"";"Presencial";
"1231430";"01";"5754320";"";"";"52420";"LATO SENSU";"";"CIVT/IMD - Sala A305";"2014";"1";"2014-06-09";"2014-07-19";"245M12 7M2345  7T23456";"";"25";"REGULAR";"f";"2015-04-08 11:21:11.159";"f";"";"15";"CONSOLIDADA";"";"Presencial";
"1232010";"14";"5752675";"";"";"2042272";"GRADUAÇÃO";"";"CAICÓ/RN";"2014";"1";"2014-01-27";"2014-06-14";"";"";"";"REGULAR";"t";"";"f";"";"";"EXCLUÍDA";"";"A Distância";
"1232011";"02";"5752675";"";"";"2042272";"GRADUAÇÃO";"";"CURRAIS NOVOS/RN";"2014";"1";"2014-01-27";"2014-06-14";"";"";"";"REGULAR";"t";"";"f";"";"";"EXCLUÍDA";"";"A Distância";
"1232012";"11";"5752675";"";"";"2042272";"GRADUAÇÃO";"";"EXTREMOZ/RN";"2014";"1";"2014-01-27";"2014-06-14";"";"";"";"REGULAR";"t";"";"f";"";"";"EXCLUÍDA";"";"A Distância";
"1232013";"22";"5752675";"";"";"2042272";"GRADUAÇÃO";"";"GUAMARÉ/RN";"2014";"1";"2014-01-27";"2014-06-14";"";"";"";"REGULAR";"t";"";"f";"";"";"EXCLUÍDA";"";"A Distância";
"1232014";"15";"5752675";"";"";"2042272";"GRADUAÇÃO";"";"LAJES/RN";"2014";"1";"2014-01-27";"2014-06-14";"";"";"";"REGULAR";"t";"";"f";"";"";"EXCLUÍDA";"";"A Distância";
"1232015";"12";"5752675";"";"";"2042272";"GRADUAÇÃO";"";"LUÍS GOMES/RN";"2014";"1";"2014-01-27";"2014-06-14";"";"";"";"REGULAR";"t";"";"f";"";"";"EXCLUÍDA";"";"A Distância";
"1232016";"01";"5752675";"";"";"2042272";"GRADUAÇÃO";"";"MACAU/RN";"2014";"1";"2014-01-27";"2014-06-14";"";"";"";"REGULAR";"t";"";"f";"";"";"EXCLUÍDA";"";"A Distância";
"1232017";"13";"5752675";"";"";"2042272";"GRADUAÇÃO";"";"MARTINS/RN";"2014";"1";"2014-01-27";"2014-06-14";"";"";"";"REGULAR";"t";"";"f";"";"";"EXCLUÍDA";"";"A Distância";
"1232018";"03";"5752675";"";"";"2042272";"GRADUAÇÃO";"";"NOVA CRUZ/RN";"2014";"1";"2014-01-27";"2014-06-14";"";"";"";"REGULAR";"t";"";"f";"";"";"EXCLUÍDA";"";"A Distância";
"1232290";"14B";"5753625";"";"";"45856";"GRADUAÇÃO";"";"CAICÓ/RN";"2014";"1";"2014-01-27";"2014-06-14";"";"";"";"REGULAR";"t";"";"f";"";"";"EXCLUÍDA";"";"A Distância";
"1232291";"11B";"5753625";"";"";"45856";"GRADUAÇÃO";"";"EXTREMOZ/RN";"2014";"1";"2014-01-27";"2014-06-14";"";"";"";"REGULAR";"t";"";"f";"";"";"EXCLUÍDA";"";"A Distância";
"1232292";"15";"5753625";"";"";"45856";"GRADUAÇÃO";"";"LAJES/RN";"2014";"1";"2014-01-27";"2014-06-14";"";"";"";"REGULAR";"t";"";"f";"";"";"EXCLUÍDA";"";"A Distância";
"1232293";"12";"5753625";"";"";"45856";"GRADUAÇÃO";"";"LUÍS GOMES/RN";"2014";"1";"2014-01-27";"2014-06-14";"";"";"";"REGULAR";"t";"";"f";"";"";"EXCLUÍDA";"";"A Distância";
"1232294";"01";"5753625";"";"";"45856";"GRADUAÇÃO";"";"MACAU/RN";"2014";"1";"2014-01-27";"2014-06-14";"";"";"";"REGULAR";"t";"";"f";"";"";"EXCLUÍDA";"";"A Distância";
"1232295";"16B";"5753625";"";"";"45856";"GRADUAÇÃO";"";"MARCELINO VIEIRA/RN";"2014";"1";"2014-01-27";"2014-06-14";"";"";"";"REGULAR";"t";"";"f";"";"";"EXCLUÍDA";"";"A Distância";
"1232296";"13";"5753625";"";"";"45856";"GRADUAÇÃO";"";"MARTINS/RN";"2014";"1";"2014-01-27";"2014-06-14";"";"";"";"REGULAR";"t";"";"f";"";"";"EXCLUÍDA";"";"A Distância";
"1232297";"03B";"5753625";"";"";"45856";"GRADUAÇÃO";"";"NOVA CRUZ/RN";"2014";"1";"2014-01-27";"2014-06-14";"";"";"";"REGULAR";"t";"";"f";"";"";"EXCLUÍDA";"";"A Distância";
"1232410";"14";"21931";"";"";"52068";"GRADUAÇÃO";"";"CAICÓ/RN";"2014";"1";"2014-01-27";"2014-06-14";"";"";"";"REGULAR";"t";"";"f";"";"";"EXCLUÍDA";"";"A Distância";
"1232411";"02";"21931";"";"";"52068";"GRADUAÇÃO";"";"CURRAIS NOVOS/RN";"2014";"1";"2014-01-27";"2014-06-14";"";"";"";"REGULAR";"t";"";"f";"";"";"EXCLUÍDA";"";"A Distância";
"1232412";"17";"21931";"";"";"52068";"GRADUAÇÃO";"";"MOSSORÓ/RN";"2014";"1";"2014-01-27";"2014-06-14";"";"";"";"REGULAR";"t";"";"f";"";"";"EXCLUÍDA";"";"A Distância";
"1232413";"25";"21931";"";"";"52068";"GRADUAÇÃO";"";"NATAL/RN";"2014";"1";"2014-01-27";"2014-06-14";"";"";"";"REGULAR";"t";"";"f";"";"";"EXCLUÍDA";"";"A Distância";
"1232414";"24";"21931";"";"";"52068";"GRADUAÇÃO";"";"NATAL/RN";"2014";"1";"2014-01-27";"2014-06-14";"";"";"";"REGULAR";"t";"";"f";"";"";"EXCLUÍDA";"";"A Distância";
"1232528";"02";"5756347";"";"";"42991";"GRADUAÇÃO";"";"CURRAIS NOVOS/RN";"2014";"1";"2014-01-27";"2014-06-14";"";"";"";"REGULAR";"t";"";"f";"";"";"EXCLUÍDA";"";"A Distância";
"1232529";"01";"5756347";"";"";"42991";"GRADUAÇÃO";"";"MACAU/RN";"2014";"1";"2014-01-27";"2014-06-14";"";"";"";"REGULAR";"t";"";"f";"";"";"EXCLUÍDA";"";"A Distância";
"1232530";"16";"5756347";"";"";"42991";"GRADUAÇÃO";"";"MARCELINO VIEIRA/RN";"2014";"1";"2014-01-27";"2014-06-14";"";"";"";"REGULAR";"t";"";"f";"";"";"EXCLUÍDA";"";"A Distância";
"1232531";"24";"5756347";"";"";"42991";"GRADUAÇÃO";"";"NATAL/RN";"2014";"1";"2014-01-27";"2014-06-14";"";"";"";"REGULAR";"t";"";"f";"";"";"EXCLUÍDA";"";"A Distância";
"1232532";"03";"5756347";"";"";"42991";"GRADUAÇÃO";"";"NOVA CRUZ/RN";"2014";"1";"2014-01-27";"2014-06-14";"";"";"";"REGULAR";"t";"";"f";"";"";"EXCLUÍDA";"";"A Distância";
"1232840";"30";"22889";"";"";"18812";"TÉCNICO";"";"Sala 8";"2014";"1";"2014-01-27";"2014-06-14";"6T123";"";"1";"REGULAR";"f";"2014-06-21 20:29:38.057";"f";"";"57";"CONSOLIDADA";"";"Presencial";
"1232841";"27";"22889";"";"";"18716";"TÉCNICO";"";"Sala 08";"2014";"1";"2014-01-27";"2014-06-14";"6T456";"";"1";"REGULAR";"f";"2014-06-21 20:31:49.615";"f";"";"57";"CONSOLIDADA";"";"Presencial";
"1232969";"18";"5753103";"";"Turma destinada ao aluno Rudah Marques Maniçoba.";"37173";"STRICTO SENSU";"";"SALA DE AULA DO PREDIO DO LARHISA";"2014";"1";"2014-02-03";"2014-08-03";"4M123";"1";"1";"REGULAR";"f";"2014-07-09 07:29:20.051";"f";"";"57";"CONSOLIDADA";"";"Presencial";
"1234256";"01";"";"104626332";"";"56185";"LATO SENSU";"";"Escola de Ciência e Tecnologia (ECT)";"2014";"1";"2014-06-21";"2014-06-22";"17M2345  17T3456";"";"80";"REGULAR";"f";"2015-10-23 09:48:12.504";"f";"";"0";"CONSOLIDADA";"";"Presencial";
"1234265";"01";"5755812";"";"";"56184";"LATO SENSU";"";"AUDITÓRIO DEF";"2014";"1";"2014-05-31";"2014-06-20";"17M2345  17T3456";"";"80";"REGULAR";"f";"2016-05-18 19:07:29.801";"f";"";"0";"CONSOLIDADA";"";"Presencial";
"1234625";"01";"3031948";"";"";"54292";"LATO SENSU";"";"Auditório B CCHLA";"2014";"1";"2014-07-05";"2014-07-26";"7M2345  7T23456";"";"100";"REGULAR";"f";"2014-11-24 13:51:04.977";"f";"";"36";"CONSOLIDADA";"";"Presencial";
"1234723";"14B";"5756342";"";"";"2046783";"GRADUAÇÃO";"";"CAICÓ/RN";"2014";"1";"2014-01-27";"2014-06-14";"";"";"";"REGULAR";"t";"";"f";"";"";"EXCLUÍDA";"";"A Distância";
"1234724";"02B";"5756342";"";"";"2046783";"GRADUAÇÃO";"";"CURRAIS NOVOS/RN";"2014";"1";"2014-01-27";"2014-06-14";"";"";"";"REGULAR";"t";"";"f";"";"";"EXCLUÍDA";"";"A Distância";
"1234725";"11B";"5756342";"";"";"2046783";"GRADUAÇÃO";"";"EXTREMOZ/RN";"2014";"1";"2014-01-27";"2014-06-14";"";"";"";"REGULAR";"t";"";"f";"";"";"EXCLUÍDA";"";"A Distância";
"1234726";"20B";"5756342";"";"";"2046783";"GRADUAÇÃO";"";"GROSSOS/RN";"2014";"1";"2014-01-27";"2014-06-14";"";"";"";"REGULAR";"t";"";"f";"";"";"EXCLUÍDA";"";"A Distância";
"1234727";"15B";"5756342";"";"";"2046783";"GRADUAÇÃO";"";"LAJES/RN";"2014";"1";"2014-01-27";"2014-06-14";"";"";"";"REGULAR";"t";"";"f";"";"";"EXCLUÍDA";"";"A Distância";
"1234728";"12B";"5756342";"";"";"2046783";"GRADUAÇÃO";"";"LUÍS GOMES/RN";"2014";"1";"2014-01-27";"2014-06-14";"";"";"";"REGULAR";"t";"";"f";"";"";"EXCLUÍDA";"";"A Distância";
"1234729";"01B";"5756342";"";"";"2046783";"GRADUAÇÃO";"";"MACAU/RN";"2014";"1";"2014-01-27";"2014-06-14";"";"";"";"REGULAR";"t";"";"f";"";"";"EXCLUÍDA";"";"A Distância";
"1234730";"16B";"5756342";"";"";"2046783";"GRADUAÇÃO";"";"MARCELINO VIEIRA/RN";"2014";"1";"2014-01-27";"2014-06-14";"";"";"";"REGULAR";"t";"";"f";"";"";"EXCLUÍDA";"";"A Distância";
"1234731";"13B";"5756342";"";"";"2046783";"GRADUAÇÃO";"";"MARTINS/RN";"2014";"1";"2014-01-27";"2014-06-14";"";"";"";"REGULAR";"t";"";"f";"";"";"EXCLUÍDA";"";"A Distância";
"1234732";"18B";"5756342";"";"";"2046783";"GRADUAÇÃO";"";"NATAL/RN";"2014";"1";"2014-01-27";"2014-06-14";"";"";"";"REGULAR";"t";"";"f";"";"";"EXCLUÍDA";"";"A Distância";
"1234733";"03B";"5756342";"";"";"2046783";"GRADUAÇÃO";"";"NOVA CRUZ/RN";"2014";"1";"2014-01-27";"2014-06-14";"";"";"";"REGULAR";"t";"";"f";"";"";"EXCLUÍDA";"";"A Distância";
"1234734";"21B";"5756342";"";"";"2046783";"GRADUAÇÃO";"";"PARNAMIRIM/RN";"2014";"1";"2014-01-27";"2014-06-14";"";"";"";"REGULAR";"t";"";"f";"";"";"EXCLUÍDA";"";"A Distância";
"1234768";"14";"25988";"";"";"2046756";"GRADUAÇÃO";"";"CAICÓ/RN";"2014";"1";"2014-01-27";"2014-06-14";"";"";"";"REGULAR";"t";"";"f";"";"";"EXCLUÍDA";"";"A Distância";
"1234769";"02";"25988";"";"";"2046756";"GRADUAÇÃO";"";"CURRAIS NOVOS/RN";"2014";"1";"2014-01-27";"2014-06-14";"";"";"";"REGULAR";"t";"";"f";"";"";"EXCLUÍDA";"";"A Distância";
"1234770";"11";"25988";"";"";"2046756";"GRADUAÇÃO";"";"EXTREMOZ/RN";"2014";"1";"2014-01-27";"2014-06-14";"";"";"";"REGULAR";"t";"";"f";"";"";"EXCLUÍDA";"";"A Distância";
"1234771";"20";"25988";"";"";"2046756";"GRADUAÇÃO";"";"GROSSOS/RN";"2014";"1";"2014-01-27";"2014-06-14";"";"";"";"REGULAR";"t";"";"f";"";"";"EXCLUÍDA";"";"A Distância";
"1234772";"15";"25988";"";"";"2046756";"GRADUAÇÃO";"";"LAJES/RN";"2014";"1";"2014-01-27";"2014-06-14";"";"";"";"REGULAR";"t";"";"f";"";"";"EXCLUÍDA";"";"A Distância";
"1234773";"12";"25988";"";"";"2046756";"GRADUAÇÃO";"";"LUÍS GOMES/RN";"2014";"1";"2014-01-27";"2014-06-14";"";"";"";"REGULAR";"t";"";"f";"";"";"EXCLUÍDA";"";"A Distância";
"1234774";"01";"25988";"";"";"2046756";"GRADUAÇÃO";"";"MACAU/RN";"2014";"1";"2014-01-27";"2014-06-14";"";"";"";"REGULAR";"t";"";"f";"";"";"EXCLUÍDA";"";"A Distância";
"1234775";"16";"25988";"";"";"2046756";"GRADUAÇÃO";"";"MARCELINO VIEIRA/RN";"2014";"1";"2014-01-27";"2014-06-14";"";"";"";"REGULAR";"t";"";"f";"";"";"EXCLUÍDA";"";"A Distância";
"1234776";"13";"25988";"";"";"2046756";"GRADUAÇÃO";"";"MARTINS/RN";"2014";"1";"2014-01-27";"2014-06-14";"";"";"";"REGULAR";"t";"";"f";"";"";"EXCLUÍDA";"";"A Distância";
"1234777";"18";"25988";"";"";"2046756";"GRADUAÇÃO";"";"NATAL/RN";"2014";"1";"2014-01-27";"2014-06-14";"";"";"";"REGULAR";"t";"";"f";"";"";"EXCLUÍDA";"";"A Distância";
"1234778";"03";"25988";"";"";"2046756";"GRADUAÇÃO";"";"NOVA CRUZ/RN";"2014";"1";"2014-01-27";"2014-06-14";"";"";"";"REGULAR";"t";"";"f";"";"";"EXCLUÍDA";"";"A Distância";
"1234779";"21";"25988";"";"";"2046756";"GRADUAÇÃO";"";"PARNAMIRIM/RN";"2014";"1";"2014-01-27";"2014-06-14";"";"";"";"REGULAR";"t";"";"f";"";"";"EXCLUÍDA";"";"A Distância";
"1235176";"01";"";"89409172";"";"48979";"LATO SENSU";"";"laboratório de psicologia";"2014";"1";"2012-10-19";"2012-10-21";"167M2345  67T3456";"";"42";"REGULAR";"f";"2014-06-27 15:17:42.8";"f";"";"0";"CONSOLIDADA";"";"Presencial";
"1235178";"01";"18150";"";"";"48982";"LATO SENSU";"";"laboratório de psicologia";"2014";"1";"2013-01-12";"2013-01-14";"167M2345  67T3456";"";"42";"REGULAR";"f";"2014-07-01 16:15:07.03";"f";"";"0";"CONSOLIDADA";"";"Presencial";
"1235179";"01";"22923";"";"";"51452";"LATO SENSU";"";"laboratório de psicologia";"2014";"1";"2014-03-15";"2014-03-17";"167M2345  67T3456";"";"42";"REGULAR";"f";"2014-07-01 13:20:03.415";"f";"";"0";"CONSOLIDADA";"";"Presencial";
"1235270";"14";"26271";"";"";"52074";"GRADUAÇÃO";"";"CAICÓ/RN";"2014";"1";"2014-01-27";"2014-06-14";"";"";"";"REGULAR";"t";"";"f";"";"";"EXCLUÍDA";"";"A Distância";
"1235271";"26";"26271";"";"";"52074";"GRADUAÇÃO";"";"CURRAIS NOVOS/RN";"2014";"1";"2014-01-27";"2014-06-14";"";"";"";"REGULAR";"t";"";"f";"";"";"EXCLUÍDA";"";"A Distância";
"1235272";"17";"26271";"";"";"52074";"GRADUAÇÃO";"";"MOSSORÓ/RN";"2014";"1";"2014-01-27";"2014-06-14";"";"";"";"REGULAR";"t";"";"f";"";"";"EXCLUÍDA";"";"A Distância";
"1235273";"25";"26271";"";"";"52074";"GRADUAÇÃO";"";"NATAL/RN";"2014";"1";"2014-01-27";"2014-06-14";"";"";"";"REGULAR";"t";"";"f";"";"";"EXCLUÍDA";"";"A Distância";
"1235274";"24";"26271";"";"";"52074";"GRADUAÇÃO";"";"NATAL/RN";"2014";"1";"2014-01-27";"2014-06-14";"";"";"";"REGULAR";"t";"";"f";"";"";"EXCLUÍDA";"";"A Distância";
"1235772";"01";"";"105114184";"";"56397";"TÉCNICO";"";"Escola Agrícola de Jundiaí (UFRN)";"2014";"1";"2014-05-19";"2014-08-30";"35N1234";"";"60";"REGULAR";"f";"2014-09-05 14:17:53.601";"f";"";"88";"CONSOLIDADA";"";"Presencial";
"1235775";"01";"";"105114189";"";"56398";"TÉCNICO";"";"Escola Agrícola de Jundiaí (UFRN)";"2014";"1";"2014-05-19";"2014-07-16";"24N1234";"";"60";"REGULAR";"f";"2014-12-30 14:48:22.702";"f";"";"0";"CONSOLIDADA";"";"Presencial";
"1235777";"01";"";"105114232";"";"56399";"TÉCNICO";"";"Escola Agrícola de Jundiaí (UFRN)";"2014";"1";"2014-05-19";"2014-09-05";"6N1234";"";"60";"REGULAR";"f";"2014-11-17 15:11:44.049";"f";"";"60";"CONSOLIDADA";"";"Presencial";
"1235782";"01";"";"105114274";"";"56755";"TÉCNICO";"";"Escola Estadual Desembargador Floriano Cavalcanti";"2014";"1";"2014-05-19";"2014-08-05";"2N1234";"";"60";"REGULAR";"f";"2014-12-15 18:31:39.397";"f";"";"65";"CONSOLIDADA";"";"Presencial";
"1235804";"01";"";"105114283";"";"56757";"TÉCNICO";"";"Escola Estadual Desembargador Floriano Cavalcanti";"2014";"1";"2014-05-19";"2014-12-02";"3N1234";"";"60";"REGULAR";"f";"2014-12-26 09:35:27.826";"f";"";"96";"CONSOLIDADA";"";"Presencial";
"1235810";"01";"";"105114277";"";"56758";"TÉCNICO";"";"Escola Estadual Desembargador Floriano Cavalcanti";"2014";"1";"2014-05-19";"2014-10-30";"5N1234";"";"60";"REGULAR";"f";"2014-11-13 23:32:59.36";"f";"";"80";"CONSOLIDADA";"";"Presencial";
"1235813";"01";"";"105114303";"";"56759";"TÉCNICO";"";"Escola Estadual Desembargador Floriano Cavalcanti";"2014";"1";"2014-05-19";"2014-06-14";"4N1234";"";"60";"REGULAR";"f";"";"f";"";"";"EXCLUÍDA";"";"Presencial";
"1235814";"01";"";"105114277";"";"56760";"TÉCNICO";"";"Escola Estadual Desembargador Floriano Cavalcanti";"2014";"1";"2014-05-23";"2014-10-31";"6N1234";"";"60";"REGULAR";"f";"2014-11-13 23:43:45.594";"f";"";"80";"CONSOLIDADA";"";"Presencial";
"1235815";"01";"";"105115666";"";"56334";"TÉCNICO";"";"Escola Agrícola de Jundiaí";"2014";"1";"2014-05-19";"2014-08-19";"2N1234";"";"60";"REGULAR";"f";"2015-01-22 10:14:07.803";"f";"";"0";"CONSOLIDADA";"";"Presencial";
"1235816";"01";"";"105114390";"";"56335";"TÉCNICO";"";"Escola Agrícola de Jundiaí (UFRN)";"2014";"1";"2014-05-19";"2014-08-05";"4N1234";"";"60";"REGULAR";"f";"2014-12-12 08:09:17.481";"f";"";"59";"CONSOLIDADA";"";"Presencial";
"1235817";"01";"";"105114404";"";"56337";"TÉCNICO";"";"Escola Agrícola de Jundiaí (UFRN)";"2014";"1";"2014-05-19";"2014-08-05";"5N1234";"";"60";"REGULAR";"f";"2014-09-22 22:26:30.451";"f";"";"0";"CONSOLIDADA";"";"Presencial";
"1235818";"01";"";"105114409";"";"56338";"TÉCNICO";"";"Escola Agrícola de Jundiaí (UFRN)";"2014";"1";"2014-05-19";"2014-08-05";"36N1234";"";"60";"REGULAR";"f";"2014-09-08 22:46:35.611";"f";"";"84";"CONSOLIDADA";"";"Presencial";
"1235842";"05";"";"102370754";"";"42156";"STRICTO SENSU";"";"A definir";"2014";"1";"2014-02-03";"2014-06-14";"7N1234";"";"3";"REGULAR";"f";"";"f";"";"";"EXCLUÍDA";"";"Presencial";
"1235843";"06";"23859";"";"";"42156";"STRICTO SENSU";"";"A definir";"2014";"1";"2014-02-03";"2014-06-14";"7N1234";"";"3";"REGULAR";"f";"";"f";"";"";"EXCLUÍDA";"";"Presencial";
"1235866";"01";"";"105135343";"";"56926";"TÉCNICO";"";"Escola Agrícola de Jundiaí";"2014";"1";"2014-05-19";"2014-07-14";"26N1234";"";"60";"REGULAR";"f";"2014-12-19 17:32:16.857";"f";"";"60";"CONSOLIDADA";"";"Presencial";
"1235867";"01";"";"105135429";"";"56427";"TÉCNICO";"";"Escola Agrícola de Jundiaí (UFRN)";"2014";"1";"2014-05-19";"2014-07-24";"4N1234";"";"60";"REGULAR";"f";"2015-07-16 13:20:38.542";"f";"";"0";"CONSOLIDADA";"";"Presencial";
"1235868";"01";"";"105135477";"";"56430";"TÉCNICO";"";"Escola Agrícola de Jundiaí (UFRN)";"2014";"1";"2014-05-19";"2014-07-10";"35N1234";"";"60";"REGULAR";"f";"2014-12-14 15:49:48.695";"f";"";"56";"CONSOLIDADA";"";"Presencial";
"1235869";"01";"";"105135770";"";"56491";"TÉCNICO";"";"Centro do Biociências, Capus Universitário";"2014";"1";"2014-05-19";"2014-09-10";"4N1234";"";"60";"REGULAR";"f";"2015-01-22 10:47:58.038";"f";"";"0";"CONSOLIDADA";"";"Presencial";
"1235870";"01";"";"105135863";"";"56500";"TÉCNICO";"";"Centro do Biociências, Capus Universitário";"2014";"1";"2014-05-19";"2014-08-05";"35N1234";"";"60";"REGULAR";"f";"2015-01-22 09:58:55.091";"f";"";"84";"CONSOLIDADA";"";"Presencial";
"1235871";"01";"";"105115593";"";"56515";"TÉCNICO";"";"ESCOLA AGRÍCOLA DE JUNDIAÍ - EAJ";"2014";"1";"2014-05-19";"2014-08-05";"46N12";"1";"60";"REGULAR";"f";"2015-07-11 10:34:59.21";"f";"";"0";"CONSOLIDADA";"";"Presencial";
"1235872";"02";"";"105135988";"";"56515";"TÉCNICO";"";"ESCOLA AGRÍCOLA DE JUNDIAÍ - EAJ";"2014";"1";"2014-05-19";"2014-06-14";"2N12 46N34";"";"60";"REGULAR";"f";"";"f";"";"";"EXCLUÍDA";"";"Presencial";
"1235873";"01";"";"105136041";"";"56517";"TÉCNICO";"";"Escola Agrícola de Jundiaí (UFRN)";"2014";"1";"2014-05-19";"2014-08-05";"3N12 5N34";"1";"60";"REGULAR";"f";"2015-01-22 10:11:45.199";"f";"";"28";"CONSOLIDADA";"";"Presencial";
"1235874";"01";"";"105136182";"";"56518";"TÉCNICO";"";"Escola Agrícola de Jundiaí (UFRN)";"2014";"1";"2014-05-19";"2014-12-19";"3N34";"1";"60";"REGULAR";"f";"2015-08-07 08:23:15.482";"f";"";"0";"CONSOLIDADA";"";"Presencial";
"1235875";"01";"";"105136256";"";"56774";"TÉCNICO";"";"Escola Agrícola de Jundiaí - EAJ";"2014";"1";"2014-05-22";"2014-10-09";"5N1234";"";"60";"REGULAR";"f";"2016-10-19 16:33:46.08";"f";"";"78";"CONSOLIDADA";"";"Presencial";
"1235876";"01";"";"105136407";"";"56775";"TÉCNICO";"";"Escola Agrícola de Jundiaí (UFRN)";"2014";"1";"2014-05-19";"2014-10-06";"2N1234";"";"60";"REGULAR";"f";"2014-12-09 12:51:24.203";"f";"";"72";"CONSOLIDADA";"";"Presencial";
"1235877";"01";"";"105136182";"";"56777";"TÉCNICO";"";"Escola Agrícola de Jundiaí (UFRN)";"2014";"1";"2014-05-19";"2014-10-07";"3N12";"";"60";"REGULAR";"f";"2015-08-07 08:31:05.047";"f";"";"12";"CONSOLIDADA";"";"Presencial";
"1235878";"01";"";"105136541";"";"56778";"TÉCNICO";"";"Escola Agrícola de Jundiaí (UFRN)";"2014";"1";"2014-05-21";"2014-09-03";"4N1234";"";"60";"REGULAR";"f";"2015-01-22 10:01:00.96";"f";"";"72";"CONSOLIDADA";"";"Presencial";
"1235879";"01";"";"105115552";"";"56781";"TÉCNICO";"";"Escola Agrícola de Jundiaí (UFRN)";"2014";"1";"2014-05-23";"2014-10-10";"6N1234";"";"60";"REGULAR";"f";"2015-08-07 08:44:39.803";"f";"";"0";"CONSOLIDADA";"";"Presencial";
"1235880";"01";"";"105135770";"";"56605";"TÉCNICO";"";"Estadual Desembargador Floriano Cavalcanti";"2014";"1";"2014-05-19";"2014-10-14";"3N1234";"";"60";"REGULAR";"f";"2015-01-22 10:53:19.586";"f";"";"80";"CONSOLIDADA";"";"Presencial";
"1235881";"01";"";"105115425";"";"56606";"TÉCNICO";"";"Estadual Desembargador Floriano Cavalcanti";"2014";"1";"2014-05-19";"2014-08-05";"4N1234";"";"60";"REGULAR";"f";"2014-10-29 09:50:36.328";"f";"";"80";"CONSOLIDADA";"";"Presencial";
"1235882";"01";"";"105136832";"";"56608";"TÉCNICO";"";"Estadual Desembargador Floriano Cavalcanti";"2014";"1";"2014-05-19";"2014-08-28";"5N1234";"";"60";"REGULAR";"f";"2014-10-28 15:15:37.118";"f";"";"0";"CONSOLIDADA";"";"Presencial";
"1235883";"01";"";"105135770";"";"56539";"TÉCNICO";"";"Escola Estadual Desembargador Floriano Cavalcanti";"2014";"1";"2014-05-19";"2014-10-23";"5N123";"";"60";"REGULAR";"f";"2015-01-22 10:50:39.855";"f";"";"60";"CONSOLIDADA";"";"Presencial";
"1235884";"01";"";"105136796";"";"56540";"TÉCNICO";"";"Escola Estadual Desembargador Floriano Cavalcanti";"2014";"1";"2014-05-19";"2014-10-22";"4N123";"";"60";"REGULAR";"f";"2014-11-07 07:41:14.147";"f";"";"69";"CONSOLIDADA";"";"Presencial";
"1235885";"01";"";"105115425";"";"56541";"TÉCNICO";"";"Escola Estadual Desembargador Floriano Cavalcanti";"2014";"1";"2014-05-19";"2014-10-31";"6N123";"";"60";"REGULAR";"f";"2014-10-29 09:29:57.705";"f";"";"84";"CONSOLIDADA";"";"Presencial";
"1235886";"01";"";"105136909";"";"56542";"TÉCNICO";"";"Escola Estadual Desembargador Floriano Cavalcanti";"2014";"1";"2014-05-19";"2014-10-27";"2N123";"";"60";"REGULAR";"f";"2015-03-09 08:13:46.459";"f";"";"0";"CONSOLIDADA";"";"Presencial";
"1235887";"01";"";"105137006";"";"56544";"TÉCNICO";"";"Escola Estadual Desembargador Floriano Cavalcanti";"2014";"1";"2014-05-19";"2014-10-21";"3N123";"";"60";"REGULAR";"f";"2014-10-29 10:46:35.777";"f";"";"66";"CONSOLIDADA";"";"Presencial";
"1235889";"01";"";"105137060";"";"56591";"TÉCNICO";"";"Escola Estadual Desembargador Floriano Cavalcanti";"2014";"1";"2014-05-19";"2014-08-05";"2N123";"";"60";"REGULAR";"f";"";"f";"";"";"EXCLUÍDA";"";"Presencial";
"1235891";"01";"";"105137191";"";"56586";"TÉCNICO";"";"Escola Agrícola de Jundiaí (UFRN)";"2014";"1";"2014-05-19";"2014-08-05";"2N3 4N12";"";"60";"REGULAR";"f";"2014-12-12 11:10:07.019";"f";"";"0";"EXCLUÍDA";"";"Presencial";
"1235893";"01";"";"105137283";"";"56587";"TÉCNICO";"";"Escola Estadual Desembargador Floriano Cavalcanti";"2014";"1";"2014-05-19";"2014-08-05";"35N12";"";"60";"REGULAR";"f";"2014-12-19 08:03:55.169";"f";"";"0";"CONSOLIDADA";"";"Presencial";
"1235894";"01";"";"105137240";"";"56592";"TÉCNICO";"";"Escola Estadual Desembargador Floriano Cavalcanti";"2014";"1";"2014-05-19";"2014-08-05";"2N4";"";"60";"REGULAR";"f";"";"f";"";"";"EXCLUÍDA";"";"Presencial";
"1235895";"01";"";"105137283";"";"56595";"TÉCNICO";"";"Escola Agrícola de Jundiaí (UFRN)";"2014";"1";"2014-05-19";"2014-08-05";"6N12";"0";"60";"REGULAR";"f";"";"f";"";"";"EXCLUÍDA";"";"Presencial";
"1235897";"01";"";"105115425";"";"56885";"TÉCNICO";"";"Estadual Desembargador Floriano Cavalcanti";"2014";"1";"2014-05-26";"2014-11-27";"2N1234";"";"60";"REGULAR";"f";"2014-12-09 13:44:41.436";"f";"";"100";"CONSOLIDADA";"";"Presencial";
"1235898";"01";"";"105137438";"";"56886";"TÉCNICO";"";"Escola Estadual Desembargador Floriano Cavalcanti";"2014";"1";"2014-05-20";"2014-11-11";"3N1234";"";"60";"REGULAR";"f";"2014-11-11 18:02:49.077";"f";"";"98";"CONSOLIDADA";"";"Presencial";
"1235899";"01";"";"105137746";"";"56883";"TÉCNICO";"";"Escola Estadual Desembargador Floriano Cavalcanti";"2014";"1";"2014-05-21";"2014-09-24";"4N1234";"";"60";"REGULAR";"f";"2014-10-01 16:03:33.732";"f";"";"68";"CONSOLIDADA";"";"Presencial";
"1235900";"01";"";"105115593";"";"56881";"TÉCNICO";"";"Escola Estadual Desembargador Floriano Cavalcanti";"2014";"1";"2014-05-22";"2014-11-06";"5N1234";"";"60";"REGULAR";"f";"2017-05-18 15:35:38.143";"f";"";"96";"CONSOLIDADA";"";"Presencial";
"1235901";"01";"";"105138006";"";"56884";"TÉCNICO";"";"Escola Estadual Desembargador Floriano Cavalcanti";"2014";"1";"2014-05-23";"2014-11-21";"6N1234";"";"60";"REGULAR";"f";"2014-12-10 11:45:15.709";"f";"";"88";"CONSOLIDADA";"";"Presencial";
"1235902";"01";"";"105135770";"";"56635";"TÉCNICO";"";"Escola Agrícola de Jundiaí (UFRN)";"2014";"1";"2014-05-19";"2014-10-24";"2N1234";"";"60";"REGULAR";"f";"2015-06-05 07:49:23.464";"f";"";"83";"CONSOLIDADA";"";"Presencial";
"1235904";"01";"";"105138950";"";"56639";"TÉCNICO";"";"Escola Agrícola de Jundiaí (UFRN)";"2014";"1";"2014-05-19";"2014-10-28";"3N1234";"";"60";"REGULAR";"f";"2014-10-17 15:35:34.732";"f";"";"90";"CONSOLIDADA";"";"Presencial";
"1235905";"01";"";"105139126";"";"56638";"TÉCNICO";"";"Escola Agrícola de Jundiaí (UFRN)";"2014";"1";"2014-05-19";"2014-10-22";"4N1234";"";"60";"REGULAR";"f";"2014-11-03 10:53:35.941";"f";"";"80";"CONSOLIDADA";"";"Presencial";
"1235908";"01";"";"105115425";"";"56636";"TÉCNICO";"";"Escola Agrícola de Jundiaí (UFRN)";"2014";"1";"2014-05-19";"2014-08-05";"5N1234";"";"60";"REGULAR";"f";"2014-10-29 10:04:17.493";"f";"";"68";"CONSOLIDADA";"";"Presencial";
"1235910";"01";"";"105139251";"";"56640";"TÉCNICO";"";"Escola Agrícola de Jundiaí (UFRN)";"2014";"1";"2014-05-19";"2014-10-24";"6N1234";"";"60";"REGULAR";"f";"2014-10-29 00:52:20.834";"f";"";"84";"CONSOLIDADA";"";"Presencial";
"1235912";"01";"";"105136796";"";"56567";"TÉCNICO";"";"Escola Estadual Desembargador Floriano Cavalcanti";"2014";"1";"2014-05-19";"2014-10-20";"2N123";"";"60";"REGULAR";"f";"2014-11-07 07:44:46.278";"f";"";"66";"CONSOLIDADA";"";"Presencial";
"1235914";"01";"";"105115425";"";"56566";"TÉCNICO";"";"Escola Estadual Desembargador Floriano Cavalcanti";"2014";"1";"2014-05-19";"2014-10-28";"3N123";"";"60";"REGULAR";"f";"2014-10-29 09:35:07.282";"f";"";"66";"CONSOLIDADA";"";"Presencial";
"1235915";"01";"";"105138950";"";"56569";"TÉCNICO";"";"Escola Estadual Desembargador Floriano Cavalcanti";"2014";"1";"2014-05-19";"2014-10-22";"4N1234";"";"60";"REGULAR";"f";"2014-10-28 07:26:05.579";"f";"";"92";"CONSOLIDADA";"";"Presencial";
"1235916";"01";"";"105139358";"";"56904";"TÉCNICO";"";"Escola Estadual Desembargador Floriano Cavalcanti";"2014";"1";"2014-05-22";"2014-10-23";"5N123";"";"60";"REGULAR";"f";"2014-11-10 06:21:40.809";"f";"";"63";"CONSOLIDADA";"";"Presencial";
"1235917";"01";"";"105135770";"";"56565";"TÉCNICO";"";"Escola Estadual Desembargador Floriano Cavalcanti";"2014";"1";"2014-05-19";"2014-10-24";"6N123";"";"60";"REGULAR";"f";"2015-03-24 20:45:36.001";"f";"";"60";"CONSOLIDADA";"";"Presencial";
"1235918";"01";"";"105114434";"";"56733";"TÉCNICO";"";"IMD";"2014";"1";"2014-05-19";"2014-11-07";"5M34";"1";"60";"REGULAR";"f";"2015-10-23 18:23:52.797";"f";"";"0";"CONSOLIDADA";"";"Presencial";
"1235919";"01";"";"105115374";"";"56734";"TÉCNICO";"";"IMD";"2014";"1";"2014-05-19";"2014-11-07";"3M34";"1";"60";"REGULAR";"f";"2015-10-23 16:56:54.253";"f";"";"0";"CONSOLIDADA";"";"Presencial";
"1235920";"01";"";"105115387";"";"56735";"TÉCNICO";"";"IMD";"2014";"1";"2014-05-19";"2014-06-20";"2356M12";"1";"60";"REGULAR";"f";"2015-10-23 17:15:15.085";"f";"";"0";"CONSOLIDADA";"";"Presencial";
"1235921";"01";"";"105115403";"";"56740";"TÉCNICO";"";"IMD";"2014";"1";"2014-05-19";"2014-07-28";"2M34";"1";"60";"REGULAR";"f";"2015-10-23 17:58:56.536";"f";"";"0";"CONSOLIDADA";"";"Presencial";
"1235924";"01";"";"105115374";"";"56661";"TÉCNICO";"";"IMD";"2014";"1";"2014-05-19";"2014-10-29";"3T34";"";"60";"REGULAR";"f";"2015-10-22 18:25:50.071";"f";"";"0";"CONSOLIDADA";"";"Presencial";
"1235925";"01";"";"105114434";"";"56660";"TÉCNICO";"";"IMD";"2014";"1";"2014-05-19";"2014-12-01";"5T34";"";"60";"REGULAR";"f";"2015-10-22 20:47:46.836";"f";"";"0";"CONSOLIDADA";"";"Presencial";
"1235927";"01";"";"105114434";"";"56663";"TÉCNICO";"";"IMD";"2014";"1";"2014-06-23";"2014-09-03";"2356T12";"";"60";"REGULAR";"f";"2015-10-22 19:38:56.204";"f";"";"0";"EXCLUÍDA";"";"Presencial";
"1235928";"01";"";"105115466";"";"56668";"TÉCNICO";"";"IMD";"2014";"1";"2014-05-19";"2014-07-28";"2T34";"";"60";"REGULAR";"f";"2015-10-22 20:24:35.108";"f";"";"0";"CONSOLIDADA";"";"Presencial";
"1235930";"01";"";"105115466";"";"56662";"TÉCNICO";"";"IMD";"2014";"1";"2014-05-19";"2014-08-29";"4T345";"";"60";"REGULAR";"f";"2015-10-28 18:38:49.513";"f";"";"0";"EXCLUÍDA";"";"Presencial";
"1235931";"01";"";"105115454";"";"56702";"TÉCNICO";"";"IMD";"2014";"1";"2014-05-19";"2014-06-14";"5T34";"";"60";"REGULAR";"f";"2015-10-21 19:45:16.885";"f";"";"8";"CONSOLIDADA";"";"Presencial";
"1235932";"01";"";"105115466";"";"56697";"TÉCNICO";"";"IMD";"2014";"1";"2014-06-24";"2014-08-29";"56T12";"";"60";"REGULAR";"f";"2015-10-21 19:17:06.724";"f";"";"0";"CONSOLIDADA";"";"Presencial";
"1235933";"01";"";"105115441";"";"56695";"TÉCNICO";"";"IMD";"2014";"1";"2014-05-19";"2014-08-05";"23T12";"";"60";"REGULAR";"f";"2015-10-21 19:11:58.391";"f";"";"0";"CONSOLIDADA";"";"Presencial";
"1235935";"01";"";"105115425";"";"56701";"TÉCNICO";"";"IMD";"2014";"1";"2014-05-19";"2014-08-05";"2T34";"";"60";"REGULAR";"f";"2015-10-21 19:32:50.53";"f";"";"22";"CONSOLIDADA";"";"Presencial";
"1235937";"01";"";"105115509";"";"56694";"TÉCNICO";"";"IMD";"2014";"1";"2014-05-19";"2014-10-29";"3T34";"";"60";"REGULAR";"f";"2015-10-21 20:41:44.559";"f";"";"0";"CONSOLIDADA";"";"Presencial";
"1235944";"01";"";"105115525";"";"56723";"TÉCNICO";"";"IMD";"2014";"1";"2014-05-19";"2014-07-21";"2M34";"";"60";"REGULAR";"f";"2015-10-26 19:38:14.841";"f";"";"0";"CONSOLIDADA";"";"Presencial";
"1235946";"01";"";"105115538";"";"56717";"TÉCNICO";"";"IMD";"2014";"1";"2014-05-19";"2014-07-10";"23M12";"";"60";"REGULAR";"f";"2015-10-26 19:03:05.702";"f";"";"0";"CONSOLIDADA";"";"Presencial";
"1235947";"01";"";"105115509";"";"56716";"TÉCNICO";"";"IMD";"2014";"1";"2014-05-19";"2014-10-07";"3M34";"";"60";"REGULAR";"f";"2015-10-26 18:52:23.665";"f";"";"0";"CONSOLIDADA";"";"Presencial";
"1235950";"01";"";"105115552";"";"56683";"TÉCNICO";"";"IMD";"2014";"1";"2014-05-19";"2014-08-27";"2N34";"";"60";"REGULAR";"f";"2015-06-05 07:41:58.383";"f";"";"0";"CONSOLIDADA";"";"Presencial";
"1235951";"01";"";"105115586";"";"56684";"TÉCNICO";"";"IMD";"2014";"1";"2014-05-19";"2014-12-23";"5N34";"";"60";"REGULAR";"f";"2015-06-05 08:01:18.486";"f";"";"0";"CONSOLIDADA";"";"Presencial";
"1235952";"01";"";"105115466";"";"56679";"TÉCNICO";"";"IMD";"2014";"1";"2014-06-23";"2014-09-03";"56N12";"";"60";"REGULAR";"f";"2015-01-13 16:56:03.675";"f";"";"0";"CONSOLIDADA";"";"Presencial";
"1235953";"01";"";"105115441";"";"56678";"TÉCNICO";"";"IMD";"2014";"1";"2014-05-19";"2014-08-05";"23N12";"";"60";"REGULAR";"f";"2015-03-26 07:54:37.258";"f";"";"0";"CONSOLIDADA";"";"Presencial";
"1235954";"01";"";"105115593";"";"56677";"TÉCNICO";"";"IMD";"2014";"1";"2014-05-19";"2014-10-29";"3N34";"";"60";"REGULAR";"f";"2014-11-12 15:33:54.703";"f";"";"44";"CONSOLIDADA";"";"Presencial";
"1235991";"01";"";"105135494";"";"56382";"TÉCNICO";"";"Escola Agrícola de Jundiaí (UFRN)";"2014";"1";"2014-05-19";"2014-09-12";"2N1234";"";"60";"REGULAR";"f";"2014-12-11 11:54:52.482";"f";"";"64";"CONSOLIDADA";"";"Presencial";
"1235992";"01";"";"105135549";"";"56380";"TÉCNICO";"";"Escola Agrícola de Jundiaí (UFRN)";"2014";"1";"2014-05-19";"2014-09-09";"3N1234";"";"60";"REGULAR";"f";"2014-12-29 14:41:33.7";"f";"";"64";"CONSOLIDADA";"";"Presencial";
"1235993";"01";"";"105157872";"";"56383";"TÉCNICO";"";"Escola Agrícola de Jundiaí (UFRN)";"2014";"1";"2014-05-19";"2014-09-03";"4N1234";"";"60";"REGULAR";"f";"2015-01-22 10:07:24.611";"f";"";"0";"CONSOLIDADA";"";"Presencial";
"1235994";"01";"";"105135494";"";"56376";"TÉCNICO";"";"Escola Agrícola de Jundiaí (UFRN)";"2014";"1";"2014-05-19";"2014-11-23";"5N1234";"";"60";"REGULAR";"f";"2015-07-25 21:30:52.342";"f";"";"96";"CONSOLIDADA";"";"Presencial";
"1235995";"01";"";"105114315";"";"56374";"TÉCNICO";"";"Escola Agrícola de Jundiaí (UFRN)";"2014";"1";"2014-05-19";"2014-08-05";"6N1234";"";"60";"REGULAR";"f";"2014-09-23 21:15:15.274";"f";"";"67";"CONSOLIDADA";"";"Presencial";
"1236000";"01";"";"105114303";"";"56761";"TÉCNICO";"";"Escola Estadual Desembargador Floriano Cavalcanti";"2014";"1";"2014-05-19";"2014-11-04";"4N1234";"";"60";"REGULAR";"f";"2014-11-15 11:58:01.448";"f";"";"96";"CONSOLIDADA";"";"Presencial";
"1236020";"01";"";"105135988";"";"56516";"TÉCNICO";"";"Escola Agrícola de Jundiaí (UFRN)";"2014";"1";"2014-05-19";"2014-08-05";"46N34";"1";"60";"REGULAR";"f";"2015-11-20 09:51:52.272";"f";"";"0";"CONSOLIDADA";"";"Presencial";
"1236379";"22";"35188";"";"";"37503";"STRICTO SENSU";"";"a definir";"2014";"1";"2014-02-03";"2014-06-14";"7T1234";"";"2";"REGULAR";"f";"";"f";"";"";"EXCLUÍDA";"";"Presencial";
"1236473";"01";"26045";"";"";"51298";"LATO SENSU";"";"";"2014";"1";"2014-03-10";"2014-04-06";"";"";"";"REGULAR";"t";"2015-01-28 16:10:49.283";"f";"";"0";"CONSOLIDADA";"";"A Distância";
"1236473";"01";"5755794";"";"";"51298";"LATO SENSU";"";"";"2014";"1";"2014-03-10";"2014-04-06";"";"";"";"REGULAR";"t";"2015-01-28 16:10:49.283";"f";"";"0";"CONSOLIDADA";"";"A Distância";
"1236475";"02";"5755794";"";"";"51298";"LATO SENSU";"";"";"2014";"1";"2014-03-10";"2014-04-06";"";"";"";"REGULAR";"t";"2015-01-28 16:17:02.882";"f";"";"0";"CONSOLIDADA";"";"A Distância";
"1236475";"02";"26045";"";"";"51298";"LATO SENSU";"";"";"2014";"1";"2014-03-10";"2014-04-06";"";"";"";"REGULAR";"t";"2015-01-28 16:17:02.882";"f";"";"0";"CONSOLIDADA";"";"A Distância";
"1236478";"03";"26045";"";"";"51298";"LATO SENSU";"";"";"2014";"1";"2014-03-10";"2014-04-06";"";"";"";"REGULAR";"t";"2015-01-28 16:23:25.077";"f";"";"0";"CONSOLIDADA";"";"A Distância";
"1236478";"03";"5755794";"";"";"51298";"LATO SENSU";"";"";"2014";"1";"2014-03-10";"2014-04-06";"";"";"";"REGULAR";"t";"2015-01-28 16:23:25.077";"f";"";"0";"CONSOLIDADA";"";"A Distância";
"1236480";"04";"5755794";"";"";"51298";"LATO SENSU";"";"";"2014";"1";"2014-03-10";"2014-04-06";"";"";"";"REGULAR";"t";"2015-01-28 16:29:49.208";"f";"";"0";"CONSOLIDADA";"";"A Distância";
"1236480";"04";"26045";"";"";"51298";"LATO SENSU";"";"";"2014";"1";"2014-03-10";"2014-04-06";"";"";"";"REGULAR";"t";"2015-01-28 16:29:49.208";"f";"";"0";"CONSOLIDADA";"";"A Distância";
"1236482";"05";"5755794";"";"";"51298";"LATO SENSU";"";"";"2014";"1";"2014-03-10";"2014-04-06";"";"";"";"REGULAR";"t";"2015-01-28 16:33:54.321";"f";"";"0";"CONSOLIDADA";"";"A Distância";
"1236482";"05";"26045";"";"";"51298";"LATO SENSU";"";"";"2014";"1";"2014-03-10";"2014-04-06";"";"";"";"REGULAR";"t";"2015-01-28 16:33:54.321";"f";"";"0";"CONSOLIDADA";"";"A Distância";
"1236483";"06";"26045";"";"";"51298";"LATO SENSU";"";"";"2014";"1";"2014-03-10";"2014-04-06";"";"";"";"REGULAR";"t";"2015-01-28 16:38:20.003";"f";"";"0";"CONSOLIDADA";"";"A Distância";
"1236483";"06";"5755794";"";"";"51298";"LATO SENSU";"";"";"2014";"1";"2014-03-10";"2014-04-06";"";"";"";"REGULAR";"t";"2015-01-28 16:38:20.003";"f";"";"0";"CONSOLIDADA";"";"A Distância";
"1236484";"07";"5755794";"";"";"51298";"LATO SENSU";"";"";"2014";"1";"2014-03-10";"2014-04-06";"";"";"";"REGULAR";"t";"2015-01-28 16:44:00.748";"f";"";"0";"CONSOLIDADA";"";"A Distância";
"1236484";"07";"26045";"";"";"51298";"LATO SENSU";"";"";"2014";"1";"2014-03-10";"2014-04-06";"";"";"";"REGULAR";"t";"2015-01-28 16:44:00.748";"f";"";"0";"CONSOLIDADA";"";"A Distância";
"1236485";"08";"26045";"";"";"51298";"LATO SENSU";"";"";"2014";"1";"2014-03-10";"2014-04-06";"";"";"";"REGULAR";"t";"2015-01-28 16:51:36.014";"f";"";"0";"CONSOLIDADA";"";"A Distância";
"1236485";"08";"5755794";"";"";"51298";"LATO SENSU";"";"";"2014";"1";"2014-03-10";"2014-04-06";"";"";"";"REGULAR";"t";"2015-01-28 16:51:36.014";"f";"";"0";"CONSOLIDADA";"";"A Distância";
"1236486";"01";"5755734";"";"";"51299";"LATO SENSU";"";"";"2014";"1";"2014-04-14";"2014-06-08";"";"";"";"REGULAR";"t";"2015-01-26 19:30:14.685";"f";"";"0";"CONSOLIDADA";"";"A Distância";
"1236486";"01";"5752648";"";"";"51299";"LATO SENSU";"";"";"2014";"1";"2014-04-14";"2014-06-08";"";"";"";"REGULAR";"t";"2015-01-26 19:30:14.685";"f";"";"0";"CONSOLIDADA";"";"A Distância";
"1236487";"02";"5752648";"";"";"51299";"LATO SENSU";"";"";"2014";"1";"2014-04-14";"2014-06-08";"";"";"";"REGULAR";"t";"2015-01-26 19:58:21.437";"f";"";"0";"CONSOLIDADA";"";"A Distância";
"1236487";"02";"5755734";"";"";"51299";"LATO SENSU";"";"";"2014";"1";"2014-04-14";"2014-06-08";"";"";"";"REGULAR";"t";"2015-01-26 19:58:21.437";"f";"";"0";"CONSOLIDADA";"";"A Distância";
"1236488";"03";"5755734";"";"";"51299";"LATO SENSU";"";"";"2014";"1";"2014-04-14";"2014-06-08";"";"";"";"REGULAR";"t";"2015-01-26 20:42:38.355";"f";"";"0";"CONSOLIDADA";"";"A Distância";
"1236488";"03";"5752648";"";"";"51299";"LATO SENSU";"";"";"2014";"1";"2014-04-14";"2014-06-08";"";"";"";"REGULAR";"t";"2015-01-26 20:42:38.355";"f";"";"0";"CONSOLIDADA";"";"A Distância";
"1236490";"04";"5752648";"";"";"51299";"LATO SENSU";"";"";"2014";"1";"2014-04-14";"2014-06-08";"";"";"";"REGULAR";"t";"2015-01-26 21:12:50.504";"f";"";"0";"CONSOLIDADA";"";"A Distância";
"1236490";"04";"5755734";"";"";"51299";"LATO SENSU";"";"";"2014";"1";"2014-04-14";"2014-06-08";"";"";"";"REGULAR";"t";"2015-01-26 21:12:50.504";"f";"";"0";"CONSOLIDADA";"";"A Distância";
"1236491";"05";"5752648";"";"";"51299";"LATO SENSU";"";"";"2014";"1";"2014-04-14";"2014-06-08";"";"";"";"REGULAR";"t";"2015-01-26 21:40:49.028";"f";"";"0";"CONSOLIDADA";"";"A Distância";
"1236491";"05";"5755734";"";"";"51299";"LATO SENSU";"";"";"2014";"1";"2014-04-14";"2014-06-08";"";"";"";"REGULAR";"t";"2015-01-26 21:40:49.028";"f";"";"0";"CONSOLIDADA";"";"A Distância";
"1236492";"06";"5752648";"";"";"51299";"LATO SENSU";"";"";"2014";"1";"2014-04-14";"2014-06-08";"";"";"";"REGULAR";"t";"2015-01-26 22:20:26.303";"f";"";"0";"CONSOLIDADA";"";"A Distância";
"1236492";"06";"5755734";"";"";"51299";"LATO SENSU";"";"";"2014";"1";"2014-04-14";"2014-06-08";"";"";"";"REGULAR";"t";"2015-01-26 22:20:26.303";"f";"";"0";"CONSOLIDADA";"";"A Distância";
"1236493";"07";"5752648";"";"";"51299";"LATO SENSU";"";"";"2014";"1";"2014-04-14";"2014-06-08";"";"";"";"REGULAR";"t";"2015-01-26 22:45:59.494";"f";"";"0";"CONSOLIDADA";"";"A Distância";
"1236493";"07";"5755734";"";"";"51299";"LATO SENSU";"";"";"2014";"1";"2014-04-14";"2014-06-08";"";"";"";"REGULAR";"t";"2015-01-26 22:45:59.494";"f";"";"0";"CONSOLIDADA";"";"A Distância";
"1236494";"08";"5752648";"";"";"51299";"LATO SENSU";"";"";"2014";"1";"2014-04-14";"2014-06-08";"";"";"";"REGULAR";"t";"2015-01-26 23:08:11.477";"f";"";"0";"CONSOLIDADA";"";"A Distância";
"1236494";"08";"5755734";"";"";"51299";"LATO SENSU";"";"";"2014";"1";"2014-04-14";"2014-06-08";"";"";"";"REGULAR";"t";"2015-01-26 23:08:11.477";"f";"";"0";"CONSOLIDADA";"";"A Distância";
"1236550";"01";"22099";"";"";"38339";"STRICTO SENSU";"";"sala de seminários de Estatística";"2014";"1";"2014-02-10";"2014-06-13";"4M34 6M345";"";"15";"REGULAR";"f";"";"f";"";"";"EXCLUÍDA";"";"Presencial";
"1236551";"02";"5755031";"";"";"38340";"STRICTO SENSU";"";"Setor 3H3";"2014";"1";"2014-02-10";"2014-06-13";"24T56";"";"15";"REGULAR";"f";"";"f";"";"";"EXCLUÍDA";"";"Presencial";
"1236552";"01";"23835";"";"";"38342";"STRICTO SENSU";"";"sala de seminários de Estatística";"2014";"1";"2014-02-10";"2014-06-13";"24M12";"";"15";"REGULAR";"f";"";"f";"";"";"EXCLUÍDA";"";"Presencial";
"1236553";"01";"5756325";"";"Lógica";"41131";"STRICTO SENSU";"";"Setor 3H3";"2014";"1";"2014-02-10";"2014-06-13";"46T12";"";"15";"REGULAR";"f";"";"f";"";"";"EXCLUÍDA";"";"Presencial";
"1236678";"01";"5755030";"";"";"40482";"STRICTO SENSU";"";"SALA 25 - Departamento de Artes da UFRN";"2014";"1";"2014-02-12";"2014-06-13";"4T3456";"";"16";"REGULAR";"f";"";"f";"";"";"EXCLUÍDA";"";"Presencial";
"1236678";"01";"26027";"";"";"40482";"STRICTO SENSU";"";"SALA 25 - Departamento de Artes da UFRN";"2014";"1";"2014-02-12";"2014-06-13";"4T3456";"";"16";"REGULAR";"f";"";"f";"";"";"EXCLUÍDA";"";"Presencial";
"1237252";"07";"22944";"";"";"42156";"STRICTO SENSU";"";"A definir";"2014";"1";"2014-02-03";"2014-06-14";"7N1234";"";"3";"REGULAR";"f";"";"f";"";"";"EXCLUÍDA";"";"Presencial";
"1238488";"02";"";"106329715";"";"56500";"TÉCNICO";"";"Centro do Biociências, Campus Universitário";"2014";"1";"2014-05-19";"2014-10-05";"6N1234";"";"40";"REGULAR";"f";"";"f";"";"";"EXCLUÍDA";"";"Presencial";
"1238657";"01";"";"106553488";"";"56419";"TÉCNICO";"";"JOÃO CÂMARA";"2014";"1";"2014-02-13";"2014-03-26";"6N1234";"";"35";"REGULAR";"f";"2014-09-30 08:04:41.705";"f";"";"0";"CONSOLIDADA";"";"Presencial";
"1238701";"01";"";"105115403";"";"56739";"TÉCNICO";"";"IMD";"2014";"1";"2014-05-19";"2014-11-10";"4M345";"";"40";"REGULAR";"f";"2015-10-23 18:11:04.367";"f";"";"0";"CONSOLIDADA";"";"Presencial";
"1238704";"02";"";"105115454";"";"56702";"TÉCNICO";"";"IMD";"2014";"1";"2014-05-22";"2014-10-22";"5T5";"";"40";"REGULAR";"f";"";"f";"";"";"EXCLUÍDA";"";"Presencial";
"1238948";"01";"";"106579893";"";"56519";"TÉCNICO";"";"ESCOLA AGRÍCOLA DE JUNDIAÍ - EAJ";"2014";"1";"2014-02-17";"2014-03-24";"35N1234";"";"20";"REGULAR";"f";"2015-01-22 10:20:29.486";"f";"";"0";"CONSOLIDADA";"";"Presencial";
"1239058";"01";"";"105137746";"";"56593";"TÉCNICO";"";"FLOCA";"2014";"1";"2014-05-23";"2014-09-26";"6N1234";"";"40";"REGULAR";"f";"2014-10-28 19:58:56.355";"f";"";"84";"CONSOLIDADA";"";"Presencial";
"1239071";"01";"";"106579893";"";"57262";"TÉCNICO";"";"eaj";"2014";"1";"2014-04-02";"2014-05-23";"4N123";"";"30";"REGULAR";"f";"2014-12-23 16:42:19.148";"f";"";"51";"CONSOLIDADA";"";"Presencial";
"1239072";"01";"";"106579893";"";"57254";"TÉCNICO";"";"eaj";"2014";"1";"2014-06-04";"2014-07-30";"46N123";"";"30";"REGULAR";"f";"2014-12-23 10:13:16.114";"f";"";"39";"CONSOLIDADA";"";"Presencial";
"1239073";"01";"";"105137191";"";"57255";"TÉCNICO";"";"eaj";"2014";"1";"2014-01-27";"2014-03-18";"";"";"30";"REGULAR";"f";"2014-12-26 15:18:04.242";"f";"";"0";"CONSOLIDADA";"";"Presencial";
"1239219";"01";"";"106551993";"";"57340";"TÉCNICO";"";"UERN - UNIVERSIDADE ESTADUAL DO RIO GRANDE DO NORT";"2014";"1";"2014-06-09";"2014-10-13";"5N1234";"";"40";"REGULAR";"f";"2017-05-24 14:38:10.822";"f";"";"0";"CONSOLIDADA";"";"Presencial";
"1239248";"01";"";"106551326";"";"57359";"TÉCNICO";"";"ESCOLA ESTADUAL MONSENHOR PAIVA";"2014";"1";"2014-06-27";"2014-09-06";"6N1234";"";"40";"REGULAR";"f";"2015-12-15 07:25:16.017";"f";"";"0";"CONSOLIDADA";"";"Presencial";
"1239249";"01";"";"106551145";"";"57366";"TÉCNICO";"";"ESCOLA ESTADUAL MONSENHOR PAIVA";"2014";"1";"2014-06-18";"2014-09-04";"5N12";"";"40";"REGULAR";"f";"2015-11-18 14:23:29.927";"f";"";"22";"CONSOLIDADA";"";"Presencial";
"1239250";"02";"";"106551595";"";"57365";"TÉCNICO";"";"ESCOLA ESTADUAL MONSENHOR PAIVA";"2014";"1";"2014-06-16";"2014-09-20";"2N1234";"";"40";"REGULAR";"f";"";"f";"";"";"EXCLUÍDA";"";"Presencial";
"1239256";"01";"";"106550841";"";"56528";"TÉCNICO";"";"ESCOLA AGRÍCOLA DE JUNDIAÍ";"2014";"1";"2014-06-03";"2014-10-20";"35N1234";"";"40";"REGULAR";"f";"2015-05-07 23:36:32.372";"f";"";"152";"CONSOLIDADA";"";"Presencial";
"1239263";"02";"";"106549410";"";"57302";"TÉCNICO";"";"ESCOLA ESTADUAL JOSÉ FERNANDES DE MELO";"2014";"1";"2014-05-28";"2014-09-30";"45N1234";"";"40";"REGULAR";"f";"2015-09-08 16:23:31.013";"f";"";"0";"CONSOLIDADA";"";"Presencial";
"1239264";"01";"";"106549529";"";"57300";"TÉCNICO";"";"ESCOLA ESTADUAL JOSÉ FERNANDES DE MELO";"2014";"1";"2014-06-02";"2014-09-26";"6N1234";"";"40";"REGULAR";"f";"2015-09-08 15:23:29.811";"f";"";"0";"CONSOLIDADA";"";"Presencial";
"1244240";"01";"";"105137191";"";"58439";"TÉCNICO";"";"ESCOLA AGRÍCOLA DE JUNDIAÍ - EAJ";"2014";"1";"2014-05-19";"2014-07-02";"2N12 4N45";"";"40";"REGULAR";"f";"2014-12-12 10:55:49.227";"f";"";"0";"CONSOLIDADA";"";"Presencial";
"1244924";"01";"";"106549646";"";"58511";"TÉCNICO";"";"ESCOLA ESTADUAL JOSÉ FERNANDES DE MELO";"2014";"1";"2014-05-19";"2014-08-19";"6N1234";"";"40";"REGULAR";"f";"2015-09-08 09:06:12.235";"f";"";"0";"CONSOLIDADA";"";"Presencial";
"1244927";"01";"";"106553543";"";"58516";"TÉCNICO";"";"TOUROS";"2014";"1";"2014-03-19";"2014-06-15";"56N12";"";"40";"REGULAR";"f";"2014-12-15 14:16:15.504";"f";"";"0";"CONSOLIDADA";"";"Presencial";
"1245620";"03";"";"106551993";"";"57372";"TÉCNICO";"";"TOUROS";"2014";"1";"2014-02-19";"2014-05-15";"";"";"40";"REGULAR";"f";"2017-05-24 14:41:14.553";"f";"";"0";"CONSOLIDADA";"";"Presencial";
"1245988";"02";"";"105137191";"";"57255";"TÉCNICO";"";"EAJ";"2014";"1";"2014-05-19";"2014-08-04";"2N3 4N12";"";"60";"REGULAR";"f";"2014-12-30 17:31:36.711";"f";"";"0";"CONSOLIDADA";"";"Presencial";
"57558705";"01";"5753855";"";"Módulo relacionado as atividades desenvolvidas no eixo teórico 2 no 1º e 2º semestre de 2014";"55858";"RESIDÊNCIA";"";"Hospital Universitário Onofre Lopes";"2014";"1";"2014-04-02";"2014-12-17";"5T23456";"";"25";"REGULAR";"f";"";"f";"";"";"EXCLUÍDA";"";"Presencial";
"57561756";"01";"26156";"";"";"57324";"RESIDÊNCIA";"";"HOSPITAL UNIVERSITÁRIO ONOFRE LOPES";"2014";"1";"2014-01-27";"2014-06-14";"6M123456  6T123456";"";"12";"REGULAR";"f";"";"f";"";"";"ABERTA";"";"Presencial";
"57561756";"01";"18250";"";"";"57324";"RESIDÊNCIA";"";"HOSPITAL UNIVERSITÁRIO ONOFRE LOPES";"2014";"1";"2014-01-27";"2014-06-14";"6M123456  6T123456";"";"12";"REGULAR";"f";"";"f";"";"";"ABERTA";"";"Presencial";
"57561964";"01";"";"105137310";"";"58445";"TÉCNICO";"";"Escola Agrícola de Jundiaí (UFRN)";"2014";"1";"2014-05-20";"2014-08-22";"35N234";"";"40";"REGULAR";"f";"2015-05-14 08:00:43.956";"f";"";"0";"CONSOLIDADA";"";"Presencial";
"57561976";"01";"5753559";"";"";"59264";"LATO SENSU";"";"";"2014";"1";"2014-05-05";"2014-06-08";"";"";"";"REGULAR";"t";"2015-03-11 14:17:52.498";"f";"";"0";"CONSOLIDADA";"";"A Distância";
"57561976";"01";"74509";"";"";"59264";"LATO SENSU";"";"";"2014";"1";"2014-05-05";"2014-06-08";"";"";"";"REGULAR";"t";"2015-03-11 14:17:52.498";"f";"";"0";"CONSOLIDADA";"";"A Distância";
"57561977";"02";"74509";"";"";"59264";"LATO SENSU";"";"";"2014";"1";"2014-05-05";"2014-06-08";"";"";"";"REGULAR";"t";"2015-03-11 14:23:06.768";"f";"";"0";"CONSOLIDADA";"";"A Distância";
"57561977";"02";"5753559";"";"";"59264";"LATO SENSU";"";"";"2014";"1";"2014-05-05";"2014-06-08";"";"";"";"REGULAR";"t";"2015-03-11 14:23:06.768";"f";"";"0";"CONSOLIDADA";"";"A Distância";
"57561978";"03";"5753559";"";"";"59264";"LATO SENSU";"";"";"2014";"1";"2014-05-05";"2014-06-08";"";"";"";"REGULAR";"t";"2015-03-11 14:27:10.979";"f";"";"0";"CONSOLIDADA";"";"A Distância";
"57561978";"03";"74509";"";"";"59264";"LATO SENSU";"";"";"2014";"1";"2014-05-05";"2014-06-08";"";"";"";"REGULAR";"t";"2015-03-11 14:27:10.979";"f";"";"0";"CONSOLIDADA";"";"A Distância";
"57561979";"04";"5753559";"";"";"59264";"LATO SENSU";"";"";"2014";"1";"2014-05-05";"2014-06-08";"";"";"";"REGULAR";"t";"2015-03-11 14:30:56.866";"f";"";"0";"CONSOLIDADA";"";"A Distância";
"57561979";"04";"74509";"";"";"59264";"LATO SENSU";"";"";"2014";"1";"2014-05-05";"2014-06-08";"";"";"";"REGULAR";"t";"2015-03-11 14:30:56.866";"f";"";"0";"CONSOLIDADA";"";"A Distância";
"57561980";"05";"74509";"";"";"59264";"LATO SENSU";"";"";"2014";"1";"2014-05-05";"2014-06-08";"";"";"";"REGULAR";"t";"2015-03-11 14:35:17.348";"f";"";"0";"CONSOLIDADA";"";"A Distância";
"57561980";"05";"5753559";"";"";"59264";"LATO SENSU";"";"";"2014";"1";"2014-05-05";"2014-06-08";"";"";"";"REGULAR";"t";"2015-03-11 14:35:17.348";"f";"";"0";"CONSOLIDADA";"";"A Distância";
"57561981";"06";"5753559";"";"";"59264";"LATO SENSU";"";"";"2014";"1";"2014-05-05";"2014-06-08";"";"";"";"REGULAR";"t";"2015-03-11 14:38:42.912";"f";"";"0";"CONSOLIDADA";"";"A Distância";
"57561981";"06";"74509";"";"";"59264";"LATO SENSU";"";"";"2014";"1";"2014-05-05";"2014-06-08";"";"";"";"REGULAR";"t";"2015-03-11 14:38:42.912";"f";"";"0";"CONSOLIDADA";"";"A Distância";
"57561982";"07";"74509";"";"";"59264";"LATO SENSU";"";"";"2014";"1";"2014-05-05";"2014-06-08";"";"";"";"REGULAR";"t";"2015-03-11 14:41:56.528";"f";"";"0";"CONSOLIDADA";"";"A Distância";
"57561982";"07";"5753559";"";"";"59264";"LATO SENSU";"";"";"2014";"1";"2014-05-05";"2014-06-08";"";"";"";"REGULAR";"t";"2015-03-11 14:41:56.528";"f";"";"0";"CONSOLIDADA";"";"A Distância";
"57561983";"08";"5753559";"";"";"59264";"LATO SENSU";"";"";"2014";"1";"2014-05-05";"2014-06-08";"";"";"";"REGULAR";"t";"2015-03-11 14:47:16.869";"f";"";"0";"CONSOLIDADA";"";"A Distância";
"57561983";"08";"74509";"";"";"59264";"LATO SENSU";"";"";"2014";"1";"2014-05-05";"2014-06-08";"";"";"";"REGULAR";"t";"2015-03-11 14:47:16.869";"f";"";"0";"CONSOLIDADA";"";"A Distância";
"57563504";"01";"";"105137060";"";"57266";"TÉCNICO";"";"ESCOLA AGRÍCOLA DE JUNDIAÍ";"2014";"1";"2014-04-01";"2014-09-01";"2N234";"";"40";"REGULAR";"f";"2015-12-17 07:19:07.301";"f";"";"0";"CONSOLIDADA";"";"Presencial";
"57564667";"01";"24386";"";"";"53444";"LATO SENSU";"";"Departamento de Análises Clínicas e Toxicológicas";"2014";"1";"2014-06-14";"2014-06-15";"17M12345  17T123456";"";"50";"REGULAR";"f";"2015-06-11 16:04:23.912";"f";"";"0";"CONSOLIDADA";"";"Presencial";
"57564711";"01";"24386";"";"";"53446";"LATO SENSU";"";"Departamento de Análises Clínicas e Toxicológicas";"2014";"1";"2014-03-15";"2014-03-16";"17M12345  17T123456";"";"46";"REGULAR";"f";"2015-06-11 15:52:40.517";"f";"";"0";"CONSOLIDADA";"";"Presencial";
"57571599";"27";"25991";"";"";"39171";"STRICTO SENSU";"";"setor v";"2014";"1";"2014-02-10";"2014-06-11";"3M6";"";"1";"REGULAR";"f";"";"f";"";"";"EXCLUÍDA";"";"Presencial";
"57572870";"01";"";"106552116";"";"60033";"TÉCNICO";"";"UERN";"2014";"1";"2014-02-14";"2014-05-05";"5N234";"";"40";"REGULAR";"f";"2015-09-09 16:18:30.81";"f";"";"0";"CONSOLIDADA";"";"Presencial";
"57572871";"01";"";"106552116";"";"60035";"TÉCNICO";"";"UERN";"2014";"1";"2014-02-17";"2014-04-28";"6N234";"";"40";"REGULAR";"f";"2015-09-09 16:23:24.952";"f";"";"0";"CONSOLIDADA";"";"Presencial";
"57572872";"01";"";"106552116";"";"60034";"TÉCNICO";"";"UERN";"2014";"1";"2014-06-04";"2014-09-24";"3N234";"";"40";"REGULAR";"f";"2015-10-19 14:00:21.953";"f";"";"0";"CONSOLIDADA";"";"Presencial";
"57572873";"01";"";"106552736";"";"60032";"TÉCNICO";"";"UERN";"2014";"1";"2014-06-05";"2014-09-25";"4N234";"";"40";"REGULAR";"f";"2015-10-19 13:53:52.278";"f";"";"0";"CONSOLIDADA";"";"Presencial";
"57573110";"01";"5752470";"";"";"53721";"LATO SENSU";"";"DOD";"2014";"1";"2014-09-04";"2015-02-27";"5M2345";"";"12";"REGULAR";"f";"2015-11-01 10:05:16.306";"f";"";"96";"CONSOLIDADA";"";"Presencial";
"57581497";"01";"";"105115466";"";"58817";"TÉCNICO";"";"IMD";"2014";"1";"2014-05-19";"2014-08-29";"4T345";"";"40";"REGULAR";"f";"2016-02-03 16:14:33.146";"f";"";"0";"CONSOLIDADA";"";"Presencial";
"57581498";"02";"";"105114434";"";"56663";"TÉCNICO";"";"IMD";"2014";"1";"2014-06-23";"2014-09-03";"2356T12";"";"40";"REGULAR";"f";"2016-02-03 16:07:32.646";"f";"";"0";"CONSOLIDADA";"";"Presencial";
"57587745";"01";"5753857";"";"";"61996";"RESIDÊNCIA";"";"huab";"2014";"1";"2014-02-01";"2014-06-18";"6M123";"";"50";"REGULAR";"f";"2016-06-18 19:41:00.143";"f";"";"0";"CONSOLIDADA";"";"Presencial";
"57592862";"01";"2301545";"";"";"54518";"LATO SENSU";"";"AUDITORIO DE PSICOLOGIA";"2014";"1";"2014-05-30";"2014-06-01";"16M2345 7M234  67T3456";"";"50";"REGULAR";"f";"2016-08-19 23:28:36.075";"f";"";"0";"CONSOLIDADA";"";"Presencial";
"57592875";"01";"26227";"";"";"63332";"LATO SENSU";"";"auditório de psicologia";"2014";"1";"2014-06-27";"2014-06-29";"167M2345  67T3456";"";"50";"REGULAR";"f";"2016-08-22 12:16:51.345";"f";"";"0";"CONSOLIDADA";"";"Presencial";
